7.294232705703094006e+08
6.556894112866265774e+08
5.894189275418176651e+08
5.298563698299093246e+08
4.763227564526538849e+08
4.282078374913418293e+08
3.849631277342538834e+08
3.460956585240724683e+08
3.111623682114953995e+08
2.797650325054318309e+08
2.515449930375261903e+08
2.261805248359483480e+08
2.033820841312017441e+08
1.828901072621815801e+08
1.644716087152856290e+08
1.479160480999552608e+08
1.330354098795569688e+08
1.196599850986585319e+08
1.076372284423904568e+08
9.683083791636228561e+07
8.711588767524126172e+07
7.838395113653685153e+07
7.053409841989998519e+07
6.347625644840107858e+07
5.713269658474893123e+07
5.142935603970433027e+07
4.630273444147933275e+07
4.169428335359381139e+07
3.755162608566664159e+07
3.382739619767960161e+07
3.047811158037445694e+07
2.746853147617816180e+07
2.476224877579460666e+07
2.232845534255563840e+07
2.014160800417329744e+07
1.817315492004732788e+07
1.640229140753095597e+07
1.481103472448710538e+07
1.338139390295992233e+07
1.209483652140315995e+07
1.093616026982813515e+07
9.896007788597095758e+06
8.958997451947599649e+06
8.116520471530485898e+06
7.359553322166664526e+06
6.676632327143381350e+06
6.063929656943277456e+06
5.508021340038426220e+06
5.007567383939567953e+06
4.555411941282804124e+06
4.150121973597670905e+06
3.786545856991281267e+06
3.457348198996719904e+06
3.158757880151976831e+06
2.892079248705364764e+06
2.648974937281928025e+06
2.431903317843842786e+06
2.237155366329904646e+06
2.059408847344190115e+06
1.900498348055919632e+06
1.755315280708942562e+06
1.626151763828446390e+06
1.508145107169480296e+06
1.400687383491973160e+06
1.303121383456975454e+06
1.216201085173123050e+06
1.135839297899927013e+06
1.064551972263016040e+06
9.987782716479445808e+05
9.395625629544918193e+05
8.865709217249429785e+05
8.396978762652769219e+05
7.958972528418067377e+05
7.567551702699613525e+05
7.176025008069733158e+05
6.848721884320478421e+05
6.538560390774606494e+05
6.270031394535389263e+05
6.018529708528611809e+05
5.785965698045108002e+05
5.578504269294850528e+05
5.395175491286993492e+05
5.195826040398717159e+05
5.030203611725789378e+05
4.885207120085785282e+05
4.737785348762542708e+05
4.608079971498273080e+05
4.490378757758442080e+05
4.357430203350667725e+05
4.255777478799718665e+05
4.167564780691597844e+05
4.083302009106472833e+05
4.013954354024764616e+05
3.938761789601873024e+05
3.849731261690057581e+05
3.782752062044682098e+05
3.723272953625101363e+05
3.659533534535326762e+05
3.610972607279196382e+05
3.562490638000770705e+05
3.511983382114088745e+05
3.469798362979929079e+05
3.417049686374289449e+05
3.382407717320676311e+05
3.335357484857854433e+05
3.294634412119821063e+05
3.259811636556775193e+05
3.218587867657461320e+05
3.189372920265072607e+05
3.155986513482719311e+05
3.121555811036929954e+05
3.090094814745952608e+05
3.066381550081637688e+05
3.037351639309687307e+05
3.010614061973192147e+05
2.973634375641000224e+05
2.953385424032199080e+05
2.926497575335335569e+05
2.905929092336150352e+05
2.881398825226962799e+05
2.854797843242788222e+05
2.821711408407007111e+05
2.797203210466914461e+05
2.773672375151477172e+05
2.743113834695033147e+05
2.704211941181475413e+05
2.679195869414478075e+05
2.645235491301272414e+05
2.615057979760539893e+05
2.586719821241550671e+05
2.561397551724934310e+05
2.538939332207312691e+05
2.508313824566291587e+05
2.478101509113232605e+05
2.459332123677184281e+05
2.440078390396435279e+05
2.413256761455043452e+05
2.390041367535756144e+05
2.368290669045303075e+05
2.353928425480017613e+05
2.340473418441963731e+05
2.318044350169975078e+05
2.300125720511269174e+05
2.284126241977857426e+05
2.264683308022205310e+05
2.248735411253301136e+05
2.229457336095846840e+05
2.214084480796000280e+05
2.196520542026055628e+05
2.182044555773128523e+05
2.164093662948441051e+05
2.145717028238714265e+05
2.131649348732718499e+05
2.115504198988947028e+05
2.102395649890764325e+05
2.090372742188782140e+05
2.077068814684291428e+05
2.069807972848588543e+05
2.056601534188362421e+05
2.045515659099080658e+05
2.034150959632802114e+05
2.023002411671409500e+05
2.013051028053874325e+05
1.998944055003848916e+05
1.989995010871454724e+05
1.984734307907015318e+05
1.973793022701496375e+05
1.962784895768724964e+05
1.950203082274858025e+05
1.937404894527601427e+05
1.926891393578275456e+05
1.916307021042106790e+05
1.904134904699895415e+05
1.892146209484243300e+05
1.881055291480967135e+05
1.867494019534559629e+05
1.856933462990401022e+05
1.847839066563394445e+05
1.837136431063929631e+05
1.829062341133978043e+05
1.816594807819098351e+05
1.804995686542684271e+05
1.795748150717651879e+05
1.784842562804570480e+05
1.775971870442260988e+05
1.769835016323759628e+05
1.760323221377800510e+05
1.750923615435251559e+05
1.739795736936757748e+05
1.730732696068697842e+05
1.719040680326213478e+05
1.712001690488500462e+05
1.699292596418533649e+05
1.691432593038272171e+05
1.680980849137631885e+05
1.668727908614764165e+05
1.655930338356701250e+05
1.649268882001210586e+05
1.639769081557027239e+05
