7.167386113018524647e+08
6.442910681084790230e+08
5.791758629489499331e+08
5.206508977241250277e+08
4.680491792460942864e+08
4.207712208390120268e+08
3.782782117386372685e+08
3.400858684733420610e+08
3.057589247896978855e+08
2.749061683691295981e+08
2.471757277097797692e+08
2.222513426893216968e+08
1.998491324428834617e+08
1.797130509976309538e+08
1.616146539700944424e+08
1.453466181572471559e+08
1.307244543913080543e+08
1.175811753529134840e+08
1.057676750002373904e+08
9.514962734171682596e+07
8.560534463365796208e+07
7.702538755479879677e+07
6.931219002364382148e+07
6.238011170888624340e+07
5.614794756902224571e+07
5.054545021939411759e+07
4.550891807583592832e+07
4.098083683063437790e+07
3.690936800579901040e+07
3.324874431257838383e+07
2.995843797771026939e+07
2.700107728258030489e+07
2.434018672673175484e+07
2.194962443589914963e+07
1.979977581584531069e+07
1.786434269446850568e+07
1.612410811333739571e+07
1.456068298313334212e+07
1.315268229368756898e+07
1.188756000733094476e+07
1.074914650781550631e+07
9.725304644472276792e+06
8.804920565711427480e+06
7.975158512935332954e+06
7.228278750478701666e+06
6.557552091926762834e+06
5.945058684433479793e+06
5.400343033728609793e+06
4.904957841363932937e+06
4.459964213148738258e+06
4.058222282811490353e+06
3.697230406801472884e+06
3.371532138343164232e+06
3.077757749138730578e+06
2.814012247206978500e+06
2.576330089339941274e+06
2.361245162899549119e+06
2.167883106449742801e+06
1.994922708453386556e+06
1.836730646970156580e+06
1.694479094388382975e+06
1.566521143971224781e+06
1.450177654888446676e+06
1.345272158574102912e+06
1.251139406126533868e+06
1.165280088121543638e+06
1.088296594329295214e+06
1.018762072619967861e+06
9.552649447648059577e+05
8.973207548885534052e+05
8.441493578933326062e+05
7.967059871804793365e+05
7.528143117611329071e+05
7.136675430921987863e+05
6.774114373035483295e+05
6.449475541161855217e+05
6.154850621081588324e+05
5.885555092814342352e+05
5.636111296491166577e+05
5.418027349473119248e+05
5.211065886905680527e+05
5.024263948926401790e+05
4.857466855245347251e+05
4.683848192691736040e+05
4.519780245687970892e+05
4.392347992693273118e+05
4.267517567191866110e+05
4.159223256118834834e+05
4.053695841429695138e+05
3.956938105786857777e+05
3.860866765969353146e+05
3.764249838274979265e+05
3.687519805679328856e+05
3.615978412088323967e+05
3.549564698725282797e+05
3.477753548967782990e+05
3.418514574932024116e+05
3.364948096798163606e+05
3.310492875244666939e+05
3.255757802955984371e+05
3.194523694948424236e+05
3.148156335901946877e+05
3.105481934024849907e+05
3.066528442419290077e+05
3.025943940399024868e+05
2.975429177602565032e+05
2.947507308290029177e+05
2.914154304767187568e+05
2.884320537148559815e+05
2.850949788409596076e+05
2.826844443472988205e+05
2.795543706723515061e+05
2.772032715432362165e+05
2.735547851338923210e+05
2.706689854906133842e+05
2.668948007135998341e+05
2.642472986469292082e+05
2.620333226729629969e+05
2.596020958696252201e+05
2.559688104638019286e+05
2.526514083712234860e+05
2.489106207603377698e+05
2.468925852886163921e+05
2.443709702754761092e+05
2.417532553616685618e+05
2.386790007320897712e+05
2.369938387123957509e+05
2.344262373997664545e+05
2.319532275611972436e+05
2.296785489801008953e+05
2.273482847166552965e+05
2.250081131413677358e+05
2.230075903335718322e+05
2.208857110116197728e+05
2.187106271899280546e+05
2.164472390344927553e+05
2.142435315954949765e+05
2.127312310446638730e+05
2.106661151921427518e+05
