5.248536958608864546e+08
3.442835754707228541e+08
2.259126403855326176e+08
1.483025658859068453e+08
9.742390955834290385e+07
6.405818522223845124e+07
4.218385660793516785e+07
2.783972685985881463e+07
1.843487844543330744e+07
1.226745478078144044e+07
8.220912005666037090e+06
5.523064304803806357e+06
3.778419631948725320e+06
2.611285715482412837e+06
1.841500160253974376e+06
1.331183469800896710e+06
9.951385188506745035e+05
7.650709769288012758e+05
6.138024338701836532e+05
5.180603776618754491e+05
4.430906681653900887e+05
3.921788566279620281e+05
3.523530294702508254e+05
3.255970019805489574e+05
3.025283037313903915e+05
2.863124328027433949e+05
2.742372095015578088e+05
2.631162863937770599e+05
2.533514708532745426e+05
2.450051653420654475e+05
2.385541626021329430e+05
2.286215037786548492e+05
2.199282911500957562e+05
2.142670865503638051e+05
2.096742884566780413e+05
2.055018077590511239e+05
2.010023142007537826e+05
1.971192125456163194e+05
1.913667330015175976e+05
1.877816795753661427e+05
1.836214371260616172e+05
1.799422894507192250e+05
1.733306097409075883e+05
1.689312972143258958e+05
1.655219122669500357e+05
1.604389523442406789e+05
1.565310031588368292e+05
1.512381768857020943e+05
1.486223592148552707e+05
1.459556522694363666e+05
1.447169679810724920e+05
1.425149012165624881e+05
1.408334427204077947e+05
1.377805053151299071e+05
1.360789474762456666e+05
1.334340976535198570e+05
1.304622010838585265e+05
1.288471297084667167e+05
