7.512366467083673477e+08
6.752782280823864937e+08
6.070097801521712542e+08
5.456527798511919975e+08
4.905075125679662228e+08
4.409451065322894454e+08
3.964003540652745962e+08
3.563652734248256683e+08
3.203833100811824203e+08
2.880441251128948927e+08
2.589780667825292945e+08
2.328540950989162326e+08
2.093739864184766412e+08
1.882705249279064536e+08
1.693019190240558982e+08
1.522535337598497570e+08
1.369294622356852293e+08
1.231558534738755226e+08
1.107769069844044298e+08
9.964888985620963573e+07
8.964651651095055044e+07
8.065380710901592672e+07
7.257235469231913984e+07
6.530652917368064821e+07
5.877512037792523205e+07
5.290489797515975684e+07
4.762679925763819367e+07
4.288211791845114529e+07
3.861823861323530972e+07
3.478191848968628049e+07
3.133533632846787199e+07
2.823421746190708876e+07
2.544649187613008916e+07
2.294304103508748859e+07
2.069141261693091691e+07
1.866777607149686664e+07
1.684477174153738096e+07
1.520588645684836805e+07
1.373224028623135388e+07
1.240755343848974817e+07
1.121466336232245713e+07
1.014277106793564186e+07
9.178637004729444161e+06
8.310931877443320118e+06
7.530501128753302619e+06
6.825877005129047669e+06
6.195584135553075932e+06
5.626235870748806745e+06
5.114267006342424080e+06
4.654169844396570697e+06
4.239735350361608900e+06
3.866498852983387653e+06
3.525658438624145463e+06
3.219422018665833399e+06
2.943032503177565057e+06
2.694348806532995310e+06
2.468567838145220652e+06
2.267739980821432546e+06
2.084207746178522939e+06
1.918953341474804794e+06
1.770111715917606140e+06
1.635533366902301321e+06
1.516079378849077504e+06
1.404457908574832138e+06
1.304197217702687252e+06
1.213355750714011258e+06
1.134876952473578975e+06
1.062496564166361233e+06
9.956296396616281709e+05
9.363436850134823471e+05
8.833714222897653235e+05
8.346184250203985721e+05
7.896781200076547684e+05
7.489980307855166029e+05
7.121654847197941272e+05
6.792329168103627162e+05
6.480407934675990837e+05
6.206096408566982718e+05
5.949949854544816772e+05
5.709474710986415157e+05
5.498940505843568826e+05
5.302403538718343480e+05
5.116033726781725418e+05
4.941861161908755894e+05
4.789453906954731210e+05
4.656145207474081544e+05
4.525847133966911351e+05
4.403350300705390400e+05
4.288542734543785919e+05
4.195258818874286953e+05
4.104360054810522706e+05
4.005583599723040825e+05
3.921484070927660796e+05
3.838490712622414576e+05
3.755182548344318056e+05
3.690520172231288743e+05
3.628844215154266567e+05
3.566883055690876790e+05
3.517261967978887842e+05
3.462410288713134360e+05
3.410357034783440758e+05
3.357175611432492151e+05
3.308158832046071766e+05
3.264951026386838639e+05
3.223348739623749279e+05
3.180296537298742915e+05
3.136563771241660579e+05
3.103677856372524984e+05
3.071898766608143924e+05
3.037559013066844782e+05
3.011641949238043744e+05
2.983694473750672187e+05
2.961878630465130555e+05
2.934933477741073002e+05
2.900552800526109640e+05
2.878848388501543668e+05
2.850516675713664736e+05
2.832305393144572154e+05
2.810522732594844420e+05
2.780928628276242525e+05
2.755932165026618750e+05
2.730794907185480115e+05
2.707505547066887375e+05
2.685826953782005003e+05
2.661684490725665819e+05
2.638345229286140529e+05
2.617764811046533578e+05
2.593104262882434414e+05
2.572674045534541947e+05
2.550682421952819568e+05
2.530626994820012187e+05
2.510502506771577755e+05
2.481030014720376348e+05
2.463003499404956528e+05
2.443916151204026537e+05
2.430374439812466153e+05
2.410478668603999540e+05
2.395995040291715122e+05
2.374386713720348780e+05
2.357940466290490876e+05
2.338664334064176946e+05
2.325966426560168620e+05
2.303692300004458521e+05
2.286912855647135875e+05
2.258387024314794980e+05
2.246273439857622143e+05
2.222291666921058204e+05
2.208219558266716776e+05
2.189857826721915917e+05
2.176845438919008884e+05
2.160414657426717749e+05
2.148846159535379556e+05
2.138718534668775392e+05
2.128494445603748900e+05
2.103850387833607965e+05
2.087970436353568512e+05
2.068908866969473311e+05
2.058995081116974761e+05
2.050752287969632307e+05
2.034412491186338011e+05
2.022793084789310524e+05
2.015504289890826331e+05
2.002520829593510425e+05
1.983895330858698580e+05
1.962619138316526369e+05
1.950032219142440590e+05
1.929445222551222250e+05
1.914119883808844315e+05
1.907974123773523897e+05
1.892032909023546090e+05
1.872779433581555204e+05
1.856815206473220314e+05
1.851971461790176400e+05
1.839926956365181250e+05
1.825409841300893459e+05
1.815740595040549524e+05
1.806718526341459947e+05
1.793286928364651976e+05
1.783324042774032569e+05
1.769360891026812023e+05
1.754385296758170298e+05
1.744696667905357317e+05
1.729430976089913747e+05
1.720539839183397708e+05
1.708233579219134990e+05
1.690546413194339257e+05
1.678985535265296057e+05
1.664877141550261877e+05
1.655483400242961361e+05
1.643530013346639171e+05
1.635857313522610639e+05
1.628513662083300587e+05
1.621782406773313123e+05
1.611905400703895139e+05
1.599926422661838878e+05
1.589372098362514807e+05
1.578274134137194778e+05
1.573230454584867985e+05
1.562138767577384715e+05
1.553358708281732106e+05
1.545439405079268035e+05
1.529506394461198070e+05
1.525135379989242647e+05
1.518978945004961861e+05
1.509999149220544205e+05
1.494483640036313445e+05
1.485245925331555190e+05
1.475890011545289017e+05
1.468193898484829988e+05
1.458806487980193924e+05
1.447894628661596798e+05
1.439490129049121751e+05
1.433222247431332653e+05
1.424082547676511749e+05
1.422200584579974238e+05
1.417220585888731875e+05
1.409141448993418016e+05
1.399564550188241701e+05
1.391422261698536749e+05
1.379535473294601543e+05
1.370471035831457702e+05
