4.094532966613769531e+00
4.093797206878662109e+00
4.092491626739501953e+00
4.082339286804199219e+00
3.968801736831665039e+00
3.966479778289794922e+00
4.013206005096435547e+00
3.966331243515014648e+00
3.872581243515014648e+00
3.935081243515014648e+00
3.888206243515014648e+00
3.903831243515014648e+00
3.888206243515014648e+00
3.981956243515014648e+00
3.919456243515014648e+00
3.888206243515014648e+00
3.888206243515014648e+00
3.950706243515014648e+00
3.950706243515014648e+00
3.997581243515014648e+00
3.950706243515014648e+00
3.981956243515014648e+00
3.919456243515014648e+00
3.841331243515014648e+00
3.966331243515014648e+00
3.903831243515014648e+00
3.903831243515014648e+00
3.888206243515014648e+00
3.950706243515014648e+00
3.950706243515014648e+00
3.888206243515014648e+00
3.888206243515014648e+00
3.935081243515014648e+00
3.888206243515014648e+00
3.935081243515014648e+00
3.950706243515014648e+00
3.888206243515014648e+00
3.903831243515014648e+00
4.013206005096435547e+00
3.935081243515014648e+00
3.856956243515014648e+00
3.903831005096435547e+00
3.935081243515014648e+00
3.903831243515014648e+00
3.981956243515014648e+00
3.935081243515014648e+00
3.903831243515014648e+00
3.856956243515014648e+00
3.872581243515014648e+00
3.903831243515014648e+00
3.950706005096435547e+00
3.950706243515014648e+00
3.950706243515014648e+00
3.903831243515014648e+00
3.872581243515014648e+00
3.966331243515014648e+00
3.950706243515014648e+00
3.966331243515014648e+00
3.950706243515014648e+00
3.872581243515014648e+00
3.872581243515014648e+00
3.950706243515014648e+00
3.903831243515014648e+00
3.888206243515014648e+00
3.935081243515014648e+00
3.919456243515014648e+00
3.919456243515014648e+00
3.997581243515014648e+00
3.919456243515014648e+00
3.872581243515014648e+00
3.950706243515014648e+00
3.856956243515014648e+00
3.935081243515014648e+00
3.888206243515014648e+00
3.856956243515014648e+00
3.935081243515014648e+00
3.935081243515014648e+00
3.935081243515014648e+00
3.903831243515014648e+00
3.872581243515014648e+00
3.935081243515014648e+00
3.935081243515014648e+00
4.013206005096435547e+00
3.903831243515014648e+00
3.919456243515014648e+00
3.950706243515014648e+00
3.950706243515014648e+00
3.935081243515014648e+00
3.888206243515014648e+00
3.966331243515014648e+00
3.935081243515014648e+00
3.825706243515014648e+00
3.919456243515014648e+00
3.888206243515014648e+00
3.919456243515014648e+00
3.903831243515014648e+00
3.966331243515014648e+00
3.950706243515014648e+00
3.872581243515014648e+00
3.856956243515014648e+00
3.825706243515014648e+00
3.919456243515014648e+00
3.935081243515014648e+00
3.966331243515014648e+00
3.966331243515014648e+00
3.903831243515014648e+00
3.966331243515014648e+00
3.903831243515014648e+00
3.935081243515014648e+00
3.966331243515014648e+00
3.981956243515014648e+00
3.888206243515014648e+00
3.919456243515014648e+00
3.966331243515014648e+00
3.919456243515014648e+00
3.966331243515014648e+00
3.856956243515014648e+00
3.903831243515014648e+00
3.903831243515014648e+00
3.950706243515014648e+00
3.841331243515014648e+00
3.903831243515014648e+00
3.966331243515014648e+00
3.966331243515014648e+00
3.888206243515014648e+00
3.981956243515014648e+00
3.935081243515014648e+00
3.981956243515014648e+00
3.935081243515014648e+00
3.903831243515014648e+00
3.841331243515014648e+00
3.856956243515014648e+00
3.966331243515014648e+00
3.950706243515014648e+00
3.919456243515014648e+00
3.950706243515014648e+00
3.888206243515014648e+00
3.903831243515014648e+00
3.919456243515014648e+00
3.935081243515014648e+00
3.856956243515014648e+00
3.997581243515014648e+00
3.888206243515014648e+00
3.981956243515014648e+00
3.935081243515014648e+00
3.919456243515014648e+00
3.856956243515014648e+00
3.950706243515014648e+00
3.888206243515014648e+00
3.872581243515014648e+00
3.919456243515014648e+00
3.919456243515014648e+00
3.966331243515014648e+00
3.935081243515014648e+00
3.950706243515014648e+00
3.950706243515014648e+00
3.872581243515014648e+00
4.028831005096435547e+00
3.950706243515014648e+00
3.950706243515014648e+00
3.935081243515014648e+00
3.825706243515014648e+00
3.841331243515014648e+00
3.856956243515014648e+00
3.950706243515014648e+00
3.950706243515014648e+00
3.950706243515014648e+00
3.903831243515014648e+00
3.919456243515014648e+00
3.903831243515014648e+00
4.013206005096435547e+00
3.966331243515014648e+00
3.841331243515014648e+00
3.950706243515014648e+00
3.950706243515014648e+00
3.950706243515014648e+00
3.872581243515014648e+00
3.903831243515014648e+00
3.903831243515014648e+00
3.966331243515014648e+00
3.950706243515014648e+00
3.825706243515014648e+00
3.903831243515014648e+00
3.997581243515014648e+00
3.903831243515014648e+00
3.935081243515014648e+00
3.872581243515014648e+00
3.903831243515014648e+00
3.919456243515014648e+00
3.966331243515014648e+00
3.919456243515014648e+00
3.794456243515014648e+00
3.935081243515014648e+00
3.935081243515014648e+00
3.950706243515014648e+00
3.966331243515014648e+00
3.919456243515014648e+00
3.950706243515014648e+00
3.981956243515014648e+00
3.950706243515014648e+00
3.903831243515014648e+00
3.903831243515014648e+00
3.888206243515014648e+00
3.903831243515014648e+00
3.872581243515014648e+00
3.935081243515014648e+00
3.919456243515014648e+00
3.950706243515014648e+00
3.950706243515014648e+00
3.872581243515014648e+00
3.856956243515014648e+00
3.903831243515014648e+00
3.856956243515014648e+00
3.950706243515014648e+00
3.888206243515014648e+00
4.044456005096435547e+00
3.856956243515014648e+00
3.997581243515014648e+00
3.935081243515014648e+00
3.919456243515014648e+00
3.981956243515014648e+00
3.903831243515014648e+00
3.966331243515014648e+00
3.888206243515014648e+00
3.935081243515014648e+00
3.888206243515014648e+00
3.919456243515014648e+00
3.935081243515014648e+00
3.966331243515014648e+00
3.903831243515014648e+00
3.950706243515014648e+00
3.841331243515014648e+00
3.981956243515014648e+00
3.903831243515014648e+00
3.856956243515014648e+00
3.950706243515014648e+00
3.919456243515014648e+00
4.013206005096435547e+00
3.810081243515014648e+00
3.919456243515014648e+00
3.950706243515014648e+00
3.872581243515014648e+00
3.981956243515014648e+00
3.935081243515014648e+00
3.950706243515014648e+00
3.950706243515014648e+00
3.903831243515014648e+00
3.919456243515014648e+00
3.981956243515014648e+00
3.919456005096435547e+00
3.856956243515014648e+00
3.950706243515014648e+00
3.950706243515014648e+00
3.935081243515014648e+00
3.903831243515014648e+00
3.888206243515014648e+00
3.856956243515014648e+00
4.013206005096435547e+00
3.888206243515014648e+00
3.888206243515014648e+00
3.856956243515014648e+00
3.919456243515014648e+00
3.997581243515014648e+00
3.950706243515014648e+00
3.935081243515014648e+00
3.919456243515014648e+00
3.919456243515014648e+00
3.950706243515014648e+00
3.950706243515014648e+00
3.981956243515014648e+00
3.950706243515014648e+00
3.810081243515014648e+00
3.841331243515014648e+00
3.919456243515014648e+00
3.966331243515014648e+00
3.950706243515014648e+00
3.935081243515014648e+00
3.919456243515014648e+00
3.950706243515014648e+00
3.825706243515014648e+00
3.778831243515014648e+00
3.981956243515014648e+00
3.919456243515014648e+00
3.966331243515014648e+00
3.888206243515014648e+00
3.903831243515014648e+00
3.981956243515014648e+00
3.919456243515014648e+00
3.981956243515014648e+00
3.919456243515014648e+00
3.981956243515014648e+00
3.903831243515014648e+00
3.903831243515014648e+00
3.872581243515014648e+00
3.966331243515014648e+00
3.919456243515014648e+00
3.919456243515014648e+00
3.919456243515014648e+00
3.856956243515014648e+00
3.841331243515014648e+00
3.950706243515014648e+00
3.919456243515014648e+00
3.919456243515014648e+00
3.966331243515014648e+00
3.950706243515014648e+00
3.935081243515014648e+00
3.981956243515014648e+00
3.919456243515014648e+00
