3.177416259765625000e+03
1.943047607421875000e+03
9.942212524414062500e+02
1.645049560546875000e+03
1.773044799804687500e+03
2.581059326171875000e+03
1.404564331054687500e+03
1.050349975585937500e+03
2.517317626953125000e+03
2.154299804687500000e+03
2.043735351562500000e+03
2.259811279296875000e+03
2.161044189453125000e+03
9.661148071289062500e+02
3.197916992187500000e+03
1.006048828125000000e+03
1.752822509765625000e+03
2.113875732421875000e+03
2.004995605468750000e+03
1.588877441406250000e+03
1.312221313476562500e+03
1.721212768554687500e+03
2.053907470703125000e+03
2.662587646484375000e+03
1.070286621093750000e+03
1.207696044921875000e+03
1.742863647460937500e+03
1.259192871093750000e+03
1.615333496093750000e+03
9.993309936523437500e+02
7.222369995117187500e+02
1.927879272460937500e+03
1.759663208007812500e+03
1.603170654296875000e+03
1.864924804687500000e+03
2.222007080078125000e+03
1.308896972656250000e+03
1.282514770507812500e+03
1.510506958007812500e+03
1.670225341796875000e+03
4.431434631347656250e+02
8.330258178710937500e+02
1.394190429687500000e+03
1.580206420898437500e+03
1.084724243164062500e+03
7.961911621093750000e+02
7.539757080078125000e+02
3.636705017089843750e+02
1.708445800781250000e+03
1.300010253906250000e+03
8.220206298828125000e+02
5.445734863281250000e+02
1.303608032226562500e+03
4.625292358398437500e+02
2.120057373046875000e+03
1.049590332031250000e+03
2.025096435546875000e+03
9.583834228515625000e+02
1.124493286132812500e+03
6.992436523437500000e+02
9.162805786132812500e+02
5.353011474609375000e+02
1.781992553710937500e+03
1.273156982421875000e+03
1.968720703125000000e+03
2.746337280273437500e+02
1.489410034179687500e+03
6.627292480468750000e+02
1.101573730468750000e+03
9.428382568359375000e+02
5.136873168945312500e+02
6.546818237304687500e+02
1.312426025390625000e+03
5.548203125000000000e+02
1.042888183593750000e+03
1.774451293945312500e+03
1.375600830078125000e+03
9.103369140625000000e+02
7.717597656250000000e+02
1.610467041015625000e+03
8.473874511718750000e+02
1.900729980468750000e+03
1.200814208984375000e+03
4.823451843261718750e+02
3.696646728515625000e+02
8.497093505859375000e+02
8.066843872070312500e+02
1.482004028320312500e+03
7.422038574218750000e+02
2.326564453125000000e+03
1.092259033203125000e+03
9.646382446289062500e+02
1.765010620117187500e+03
5.004368286132812500e+02
7.445393676757812500e+02
1.178480712890625000e+03
8.214977416992187500e+02
1.511079467773437500e+03
1.949459350585937500e+03
1.862163452148437500e+03
1.198750000000000000e+03
8.024352416992187500e+02
6.260494384765625000e+02
4.783500976562500000e+02
6.604726562500000000e+02
1.542625000000000000e+03
8.505826416015625000e+02
1.975853027343750000e+03
4.773644409179687500e+02
9.853225708007812500e+02
9.709865722656250000e+02
4.397300415039062500e+02
5.389454345703125000e+02
1.069748046875000000e+03
6.951444702148437500e+02
2.413526916503906250e+02
2.184359130859375000e+03
1.171089233398437500e+03
7.801951293945312500e+02
6.216942138671875000e+02
8.851236572265625000e+02
8.577484741210937500e+02
1.024014892578125000e+03
7.650239257812500000e+02
1.692566650390625000e+03
1.291182373046875000e+03
7.099179687500000000e+02
8.743563232421875000e+02
5.377121582031250000e+02
1.198395874023437500e+03
8.444482421875000000e+02
1.054167968750000000e+03
1.993380371093750000e+03
8.709408569335937500e+02
1.532303222656250000e+03
4.633140258789062500e+02
1.234173461914062500e+03
1.412469604492187500e+03
9.228414916992187500e+02
7.562951660156250000e+02
1.286500488281250000e+03
1.194998168945312500e+03
1.046757080078125000e+03
4.306069946289062500e+02
1.576499389648437500e+03
7.143059082031250000e+02
3.659132690429687500e+02
9.776489257812500000e+02
8.727342529296875000e+02
4.605667724609375000e+02
1.276350585937500000e+03
2.171485839843750000e+03
7.278922729492187500e+02
4.794484252929687500e+02
1.344370483398437500e+03
1.062095703125000000e+03
1.064572021484375000e+03
8.482691040039062500e+02
1.170240478515625000e+03
7.934371337890625000e+02
5.564888305664062500e+02
9.125012817382812500e+02
1.210300537109375000e+03
1.264100219726562500e+03
2.848952941894531250e+02
6.067072143554687500e+02
8.011135253906250000e+02
1.224079101562500000e+03
4.415509033203125000e+02
1.469720947265625000e+03
6.803065795898437500e+02
1.259739624023437500e+03
9.418756713867187500e+02
1.246504882812500000e+03
6.503281250000000000e+02
1.371893066406250000e+03
7.128647460937500000e+02
7.353455200195312500e+02
9.398140869140625000e+02
1.105763427734375000e+03
1.399332763671875000e+03
4.641816406250000000e+02
5.136658935546875000e+02
9.853233642578125000e+02
8.342937011718750000e+02
1.099600341796875000e+03
1.492882690429687500e+03
1.039228027343750000e+03
5.772623291015625000e+02
8.231234741210937500e+02
9.431597900390625000e+02
9.965982055664062500e+02
2.756660461425781250e+02
7.658547363281250000e+02
9.600973510742187500e+02
1.123968750000000000e+03
9.379244384765625000e+02
8.665429687500000000e+02
1.607445312500000000e+03
9.088128662109375000e+02
4.911681823730468750e+02
8.689571533203125000e+02
6.722401733398437500e+02
8.512993164062500000e+02
9.062315673828125000e+02
6.418696289062500000e+02
8.398914794921875000e+02
5.758041381835937500e+02
1.010659851074218750e+03
1.328000732421875000e+03
1.958033569335937500e+03
6.693480834960937500e+02
3.640256958007812500e+02
1.087435302734375000e+03
4.584399414062500000e+02
8.720139160156250000e+02
6.996815185546875000e+02
7.274410400390625000e+02
2.852735290527343750e+02
1.008881652832031250e+03
1.424753295898437500e+03
9.067153930664062500e+02
7.532849121093750000e+02
6.264398193359375000e+02
6.848224487304687500e+02
7.765341186523437500e+02
6.997074584960937500e+02
7.027857666015625000e+02
8.641550292968750000e+02
8.731160888671875000e+02
1.000481201171875000e+03
1.034850463867187500e+03
6.043382568359375000e+02
1.169154785156250000e+03
6.009443359375000000e+02
9.521204833984375000e+02
3.683062133789062500e+02
7.306446533203125000e+02
5.860815429687500000e+02
7.488516235351562500e+02
1.003343078613281250e+03
1.261648925781250000e+03
2.897048950195312500e+02
8.098314208984375000e+02
8.618845214843750000e+02
3.526559448242187500e+02
6.044759521484375000e+02
1.193819702148437500e+03
7.821240234375000000e+02
9.174152221679687500e+02
2.507745666503906250e+02
7.010587768554687500e+02
4.390114440917968750e+02
4.772799682617187500e+02
3.432410888671875000e+02
8.738178710937500000e+02
1.110844116210937500e+03
1.030352661132812500e+03
6.241982421875000000e+02
9.003454589843750000e+02
4.141514587402343750e+02
1.280376708984375000e+03
3.463473815917968750e+02
3.532532348632812500e+02
8.447927246093750000e+02
3.107895202636718750e+02
5.462578125000000000e+02
2.515390014648437500e+02
3.254819641113281250e+02
8.256829833984375000e+02
8.494982910156250000e+02
1.135305053710937500e+03
6.806158447265625000e+02
7.861862792968750000e+02
1.122107910156250000e+03
3.403726501464843750e+02
7.768507690429687500e+02
9.793658447265625000e+02
2.742847595214843750e+02
7.229961547851562500e+02
6.533940429687500000e+02
1.378425781250000000e+03
3.502910766601562500e+02
3.224539184570312500e+02
2.993384094238281250e+02
8.496043701171875000e+02
1.159868896484375000e+03
3.651520690917968750e+02
1.229458862304687500e+03
6.099234008789062500e+02
5.441657104492187500e+02
3.791107177734375000e+02
4.723587646484375000e+02
1.551859375000000000e+03
1.251012939453125000e+03
8.567652587890625000e+02
7.331052246093750000e+02
4.838616638183593750e+02
4.103566284179687500e+02
6.174634399414062500e+02
7.632417602539062500e+02
3.998334045410156250e+02
6.644797973632812500e+02
9.234592285156250000e+02
8.329529418945312500e+02
3.443616027832031250e+02
7.101649780273437500e+02
1.013314147949218750e+03
8.281307983398437500e+02
5.207968139648437500e+02
7.307454833984375000e+02
9.463949584960937500e+02
5.787311401367187500e+02
4.177258911132812500e+02
4.993549804687500000e+02
3.127326049804687500e+02
3.619559020996093750e+02
4.103622436523437500e+02
1.021437744140625000e+03
5.573646850585937500e+02
1.303823608398437500e+03
5.319603271484375000e+02
6.410394287109375000e+02
7.540457153320312500e+02
1.061926269531250000e+03
7.576785888671875000e+02
6.857430419921875000e+02
3.472327575683593750e+02
3.400159912109375000e+02
3.757806701660156250e+02
4.230039062500000000e+02
1.017951965332031250e+03
4.093603515625000000e+02
8.294146118164062500e+02
2.609184570312500000e+02
1.263057617187500000e+03
5.441551513671875000e+02
4.625487670898437500e+02
7.022915039062500000e+02
5.700784912109375000e+02
8.423408813476562500e+02
7.908284912109375000e+02
3.661865234375000000e+02
3.765882263183593750e+02
6.549821166992187500e+02
3.763230285644531250e+02
8.709816894531250000e+02
5.302906494140625000e+02
5.388825683593750000e+02
1.417252075195312500e+03
5.090090637207031250e+02
4.922558593750000000e+02
4.504035339355468750e+02
1.063229614257812500e+03
6.596842041015625000e+02
5.032305908203125000e+02
6.010932006835937500e+02
4.932859802246093750e+02
5.946439208984375000e+02
8.791877441406250000e+02
3.083120727539062500e+02
1.148228271484375000e+03
1.887602539062500000e+02
3.470753479003906250e+02
3.932592163085937500e+02
2.897492675781250000e+02
1.043129516601562500e+03
2.434344787597656250e+02
3.142109375000000000e+02
5.869087524414062500e+02
7.461555786132812500e+02
5.527340087890625000e+02
4.876153869628906250e+02
2.889888610839843750e+02
3.095890502929687500e+02
8.445622558593750000e+02
3.920510559082031250e+02
9.723097534179687500e+02
5.699664306640625000e+02
3.766766357421875000e+02
6.516950073242187500e+02
3.340155639648437500e+02
6.461029663085937500e+02
6.574413452148437500e+02
4.455914611816406250e+02
4.877887573242187500e+02
6.042736816406250000e+02
2.650139160156250000e+02
4.355198974609375000e+02
2.973760986328125000e+02
4.196981506347656250e+02
1.000419311523437500e+03
4.856081542968750000e+02
4.181914672851562500e+02
4.571261596679687500e+02
9.266789550781250000e+02
7.122685546875000000e+02
3.227706298828125000e+02
3.324234008789062500e+02
2.386327209472656250e+02
7.462578125000000000e+02
4.564747619628906250e+02
6.402827148437500000e+02
5.838776855468750000e+02
5.316179199218750000e+02
3.527650756835937500e+02
5.188356323242187500e+02
4.636845703125000000e+02
3.395469055175781250e+02
6.352503662109375000e+02
5.081291503906250000e+02
5.159558105468750000e+02
3.192379150390625000e+02
3.375399780273437500e+02
5.623538208007812500e+02
3.896968994140625000e+02
4.924848632812500000e+02
5.187603759765625000e+02
5.177913818359375000e+02
5.138677368164062500e+02
3.682268066406250000e+02
4.144697265625000000e+02
4.685956726074218750e+02
4.649110717773437500e+02
5.631206054687500000e+02
6.892588500976562500e+02
4.833742675781250000e+02
4.400920104980468750e+02
7.461532592773437500e+02
3.700332641601562500e+02
3.185524597167968750e+02
5.675170898437500000e+02
3.138333129882812500e+02
4.909751281738281250e+02
3.009131469726562500e+02
2.868680114746093750e+02
6.922984008789062500e+02
4.528784179687500000e+02
2.955223388671875000e+02
3.705075378417968750e+02
9.261878051757812500e+02
3.563491210937500000e+02
5.145492553710937500e+02
4.686768188476562500e+02
6.444106445312500000e+02
4.971636657714843750e+02
4.107649536132812500e+02
3.705107421875000000e+02
7.030285034179687500e+02
5.371317749023437500e+02
2.804692382812500000e+02
6.538597412109375000e+02
5.060161132812500000e+02
1.897215270996093750e+02
3.211836853027343750e+02
2.192960815429687500e+02
6.568190917968750000e+02
3.822331237792968750e+02
4.442963256835937500e+02
6.180813598632812500e+02
4.253453369140625000e+02
4.703837890625000000e+02
3.994364624023437500e+02
4.825150756835937500e+02
3.627876281738281250e+02
3.695043945312500000e+02
9.057487792968750000e+02
6.544923095703125000e+02
1.849533996582031250e+02
7.654443359375000000e+02
5.742986450195312500e+02
2.270147094726562500e+02
3.021948242187500000e+02
3.122799072265625000e+02
3.095632019042968750e+02
6.460035400390625000e+02
6.212443237304687500e+02
3.109244384765625000e+02
3.116007995605468750e+02
3.670820312500000000e+02
5.247034912109375000e+02
5.838337402343750000e+02
3.716311340332031250e+02
4.842757263183593750e+02
4.014106750488281250e+02
7.358281250000000000e+02
3.201339111328125000e+02
2.969700317382812500e+02
3.836584472656250000e+02
7.424600830078125000e+02
2.271687622070312500e+02
3.449136352539062500e+02
6.751585083007812500e+02
4.442080688476562500e+02
2.448312377929687500e+02
4.741427612304687500e+02
4.357482604980468750e+02
2.243069610595703125e+02
4.993031921386718750e+02
4.585047302246093750e+02
3.572587280273437500e+02
2.422239990234375000e+02
3.913830566406250000e+02
5.565758056640625000e+02
2.936220092773437500e+02
2.923516235351562500e+02
4.366554565429687500e+02
3.161294555664062500e+02
5.542515869140625000e+02
3.091508178710937500e+02
3.378063964843750000e+02
9.083313598632812500e+02
4.545188293457031250e+02
4.479407958984375000e+02
2.320399475097656250e+02
2.722243652343750000e+02
3.659995422363281250e+02
5.760349121093750000e+02
1.290987396240234375e+02
4.976215515136718750e+02
1.010570739746093750e+03
1.855901947021484375e+02
3.881799316406250000e+02
4.980021362304687500e+02
2.884049987792968750e+02
1.787714080810546875e+02
4.919247436523437500e+02
4.130509948730468750e+02
3.802103576660156250e+02
3.201308593750000000e+02
4.887311706542968750e+02
6.720265502929687500e+02
2.152538757324218750e+02
3.186636962890625000e+02
4.671326293945312500e+02
4.258636779785156250e+02
5.015742797851562500e+02
5.516968383789062500e+02
3.831967468261718750e+02
2.839500122070312500e+02
2.848727416992187500e+02
9.792785644531250000e+02
3.750987548828125000e+02
5.227050170898437500e+02
3.314913940429687500e+02
2.922198791503906250e+02
3.639216613769531250e+02
3.415816040039062500e+02
2.441367950439453125e+02
4.333169250488281250e+02
4.622756958007812500e+02
4.089021606445312500e+02
2.593191528320312500e+02
4.385025634765625000e+02
4.672092285156250000e+02
3.939417724609375000e+02
2.930292358398437500e+02
2.456648712158203125e+02
3.386191406250000000e+02
4.962508239746093750e+02
4.733869628906250000e+02
2.803751220703125000e+02
5.068965759277343750e+02
2.387587127685546875e+02
5.115934753417968750e+02
4.118119506835937500e+02
1.482968444824218750e+02
6.015332031250000000e+02
4.199072265625000000e+02
4.903969726562500000e+02
2.331906433105468750e+02
2.227267456054687500e+02
2.906319885253906250e+02
2.596146240234375000e+02
2.380752410888671875e+02
2.999485168457031250e+02
4.191926879882812500e+02
4.626482238769531250e+02
2.124992675781250000e+02
5.476816406250000000e+02
4.502334899902343750e+02
3.961730651855468750e+02
3.238799438476562500e+02
2.629329223632812500e+02
4.663527221679687500e+02
4.191157836914062500e+02
3.662972412109375000e+02
1.891990051269531250e+02
4.121415405273437500e+02
4.014119262695312500e+02
4.702769775390625000e+02
3.808331298828125000e+02
2.892728576660156250e+02
2.249227905273437500e+02
2.568315124511718750e+02
3.456209106445312500e+02
5.236119995117187500e+02
1.933226165771484375e+02
3.531846313476562500e+02
4.671773071289062500e+02
4.140540771484375000e+02
2.652414245605468750e+02
3.024361877441406250e+02
1.981599273681640625e+02
4.824011230468750000e+02
2.362681884765625000e+02
3.317835388183593750e+02
5.160373535156250000e+02
3.489445800781250000e+02
3.674009399414062500e+02
3.810191040039062500e+02
2.872037963867187500e+02
4.050915222167968750e+02
2.901764526367187500e+02
3.506792907714843750e+02
2.424972381591796875e+02
4.537881469726562500e+02
2.236625366210937500e+02
2.649348449707031250e+02
3.449644775390625000e+02
3.649722290039062500e+02
2.075830383300781250e+02
2.886686096191406250e+02
4.970240478515625000e+02
3.760210571289062500e+02
4.542270812988281250e+02
2.526325378417968750e+02
3.902918090820312500e+02
3.167133178710937500e+02
2.796958007812500000e+02
2.840066528320312500e+02
2.748846435546875000e+02
4.186934814453125000e+02
2.165449523925781250e+02
1.439284820556640625e+02
4.402277526855468750e+02
3.789137268066406250e+02
4.194773864746093750e+02
4.304099121093750000e+02
1.672555084228515625e+02
3.563871459960937500e+02
2.548975524902343750e+02
1.694658203125000000e+02
3.634763793945312500e+02
2.441106262207031250e+02
1.987047424316406250e+02
4.040367126464843750e+02
3.505323486328125000e+02
4.033710937500000000e+02
4.219138488769531250e+02
2.200001831054687500e+02
1.635865631103515625e+02
2.147867736816406250e+02
2.386925506591796875e+02
8.076752319335937500e+02
4.965724792480468750e+02
2.285723876953125000e+02
2.219012451171875000e+02
5.648636474609375000e+02
3.263461303710937500e+02
5.293874511718750000e+02
3.391784362792968750e+02
1.859137725830078125e+02
3.282883300781250000e+02
2.766477661132812500e+02
3.418052368164062500e+02
5.123369140625000000e+02
2.357482604980468750e+02
2.194374694824218750e+02
4.097603149414062500e+02
3.286330566406250000e+02
2.433346252441406250e+02
3.059071960449218750e+02
1.572496948242187500e+02
2.443500213623046875e+02
3.304181518554687500e+02
2.881089477539062500e+02
5.151892089843750000e+02
2.823333435058593750e+02
2.977625732421875000e+02
1.894498596191406250e+02
5.323743286132812500e+02
2.106948547363281250e+02
4.078270263671875000e+02
2.523001708984375000e+02
7.524510498046875000e+02
3.462743225097656250e+02
2.688047485351562500e+02
3.843057861328125000e+02
4.884365234375000000e+02
6.729588623046875000e+02
4.820402832031250000e+02
2.566067810058593750e+02
1.016593994140625000e+03
4.521594543457031250e+02
3.909835510253906250e+02
7.292329101562500000e+02
1.918980407714843750e+02
4.723390808105468750e+02
7.759210815429687500e+02
4.012867431640625000e+02
2.497024841308593750e+02
2.289664001464843750e+02
3.100631103515625000e+02
8.057610473632812500e+02
4.128745422363281250e+02
3.592846069335937500e+02
4.117636413574218750e+02
5.764141845703125000e+02
3.698333129882812500e+02
3.028014526367187500e+02
3.158601074218750000e+02
2.396459350585937500e+02
3.791594848632812500e+02
3.015390930175781250e+02
2.056695556640625000e+02
5.451969604492187500e+02
2.194161987304687500e+02
3.497952880859375000e+02
2.583407592773437500e+02
3.698930053710937500e+02
1.362574310302734375e+02
2.367652435302734375e+02
2.304353027343750000e+02
3.578307800292968750e+02
2.247629394531250000e+02
5.704526367187500000e+02
2.642296752929687500e+02
2.261683654785156250e+02
2.897421264648437500e+02
3.866491699218750000e+02
2.940301818847656250e+02
2.818594360351562500e+02
4.068352050781250000e+02
2.414657135009765625e+02
2.893506469726562500e+02
3.642649230957031250e+02
1.456654357910156250e+02
2.755086669921875000e+02
4.912826843261718750e+02
2.167926025390625000e+02
1.597744750976562500e+02
3.515227050781250000e+02
1.866336212158203125e+02
2.673558349609375000e+02
2.324114074707031250e+02
2.009421844482421875e+02
2.274047546386718750e+02
4.889483642578125000e+02
2.834663696289062500e+02
2.290476837158203125e+02
4.378273315429687500e+02
1.893006439208984375e+02
3.346358032226562500e+02
1.931744689941406250e+02
2.488502349853515625e+02
3.523892517089843750e+02
2.424147644042968750e+02
2.486311035156250000e+02
3.016923217773437500e+02
2.933186035156250000e+02
2.145617370605468750e+02
3.579023132324218750e+02
2.117907562255859375e+02
2.099234008789062500e+02
3.056631469726562500e+02
3.358487548828125000e+02
1.468671417236328125e+02
5.169230957031250000e+02
2.617088623046875000e+02
2.923071289062500000e+02
4.254979248046875000e+02
1.588678588867187500e+02
1.691250000000000000e+02
3.346331176757812500e+02
2.898787231445312500e+02
2.933640136718750000e+02
3.897758789062500000e+02
1.922682495117187500e+02
2.620731811523437500e+02
2.674665222167968750e+02
2.756918640136718750e+02
3.492045593261718750e+02
2.259709014892578125e+02
4.554655456542968750e+02
1.896878967285156250e+02
2.303282165527343750e+02
2.050560302734375000e+02
3.971693725585937500e+02
2.212091064453125000e+02
4.950540466308593750e+02
5.174793701171875000e+02
2.809888000488281250e+02
2.714546203613281250e+02
4.301992797851562500e+02
3.262103881835937500e+02
2.384915161132812500e+02
2.294155578613281250e+02
2.792214050292968750e+02
3.932111816406250000e+02
2.914182128906250000e+02
2.195794219970703125e+02
2.327149505615234375e+02
3.861019592285156250e+02
3.353076782226562500e+02
4.649459228515625000e+02
4.662142333984375000e+02
2.896181030273437500e+02
1.248705902099609375e+02
2.944832153320312500e+02
2.614500732421875000e+02
2.396460113525390625e+02
1.490226135253906250e+02
3.667215270996093750e+02
2.209284057617187500e+02
4.147388610839843750e+02
4.328419799804687500e+02
1.885080108642578125e+02
2.334460144042968750e+02
2.647452392578125000e+02
3.723184509277343750e+02
2.687437133789062500e+02
3.273348388671875000e+02
1.348088989257812500e+02
2.519621734619140625e+02
3.960537414550781250e+02
3.529102478027343750e+02
2.700798950195312500e+02
2.650045471191406250e+02
3.607410888671875000e+02
1.725609436035156250e+02
2.074658355712890625e+02
1.903213653564453125e+02
3.728709716796875000e+02
4.017378540039062500e+02
3.499405212402343750e+02
2.920086669921875000e+02
1.939594116210937500e+02
2.098688659667968750e+02
1.246276397705078125e+02
4.744364929199218750e+02
1.921385040283203125e+02
1.196781311035156250e+02
1.405574035644531250e+02
2.016678771972656250e+02
3.141292114257812500e+02
2.117138671875000000e+02
