4.189837932586669922e+00
4.189195632934570312e+00
4.186527252197265625e+00
4.170070171356201172e+00
3.952786445617675781e+00
4.059106349945068359e+00
3.949730396270751953e+00
4.027855396270751953e+00
4.027855396270751953e+00
4.012230396270751953e+00
4.027855396270751953e+00
4.074730396270751953e+00
3.996605396270751953e+00
4.074730396270751953e+00
4.043480396270751953e+00
3.996605396270751953e+00
3.980980396270751953e+00
4.059105396270751953e+00
4.059105396270751953e+00
3.980980396270751953e+00
3.965355396270751953e+00
4.090355396270751953e+00
3.996605396270751953e+00
4.012230396270751953e+00
3.887230396270751953e+00
3.934105396270751953e+00
4.121605396270751953e+00
3.980980396270751953e+00
3.980980396270751953e+00
3.980980396270751953e+00
4.027855396270751953e+00
4.059105396270751953e+00
4.012230396270751953e+00
3.980980396270751953e+00
3.996605396270751953e+00
3.949730396270751953e+00
4.059105396270751953e+00
4.012230396270751953e+00
4.012230396270751953e+00
4.090355396270751953e+00
4.027855396270751953e+00
3.965355396270751953e+00
4.090355396270751953e+00
4.137230873107910156e+00
3.949730396270751953e+00
3.965355396270751953e+00
4.012230396270751953e+00
3.980980396270751953e+00
3.980980396270751953e+00
4.027855396270751953e+00
4.043480396270751953e+00
3.918480396270751953e+00
4.027855396270751953e+00
3.918480396270751953e+00
4.090355396270751953e+00
3.980980396270751953e+00
4.027855396270751953e+00
3.996605396270751953e+00
3.965355396270751953e+00
4.105980396270751953e+00
3.887230396270751953e+00
3.996605396270751953e+00
3.996605396270751953e+00
3.934105396270751953e+00
3.980980396270751953e+00
3.965355396270751953e+00
4.090355396270751953e+00
4.074730396270751953e+00
3.980980396270751953e+00
4.105980396270751953e+00
4.074730396270751953e+00
3.980980396270751953e+00
3.996605396270751953e+00
3.965355396270751953e+00
3.996605396270751953e+00
3.949730396270751953e+00
4.012230396270751953e+00
4.012230396270751953e+00
3.996605396270751953e+00
4.012230396270751953e+00
4.012230396270751953e+00
4.105980396270751953e+00
3.965355396270751953e+00
3.996605396270751953e+00
4.043480396270751953e+00
4.090355396270751953e+00
3.980980396270751953e+00
4.027855396270751953e+00
3.996605396270751953e+00
3.949730396270751953e+00
3.965355396270751953e+00
3.996605396270751953e+00
4.074730396270751953e+00
3.980980396270751953e+00
3.996605396270751953e+00
4.043480396270751953e+00
3.965355396270751953e+00
3.996605396270751953e+00
3.980980396270751953e+00
3.949730396270751953e+00
4.090355396270751953e+00
4.090355396270751953e+00
4.090355396270751953e+00
3.949730396270751953e+00
3.980980396270751953e+00
3.965355396270751953e+00
4.027855396270751953e+00
4.043480396270751953e+00
3.980980396270751953e+00
4.043480396270751953e+00
3.871605396270751953e+00
4.027855396270751953e+00
4.043480396270751953e+00
3.980980396270751953e+00
3.965355396270751953e+00
4.074730396270751953e+00
4.012230396270751953e+00
3.965355396270751953e+00
4.027855396270751953e+00
4.012230396270751953e+00
4.059105396270751953e+00
3.949730396270751953e+00
4.043480396270751953e+00
4.012230396270751953e+00
3.934105396270751953e+00
4.059105396270751953e+00
3.965355396270751953e+00
4.012230396270751953e+00
4.105980396270751953e+00
4.043480396270751953e+00
4.027855396270751953e+00
3.980980396270751953e+00
3.980980396270751953e+00
3.949730396270751953e+00
4.105980396270751953e+00
4.043480396270751953e+00
3.996605396270751953e+00
3.871605396270751953e+00
4.059105396270751953e+00
3.996605396270751953e+00
3.934105396270751953e+00
3.980980396270751953e+00
4.027855396270751953e+00
4.027855396270751953e+00
4.074730396270751953e+00
4.090355396270751953e+00
3.980980396270751953e+00
3.980980396270751953e+00
4.043480396270751953e+00
3.949730396270751953e+00
3.871605396270751953e+00
4.012230396270751953e+00
3.980980396270751953e+00
4.121605396270751953e+00
3.980980396270751953e+00
3.996605396270751953e+00
4.012230396270751953e+00
4.043480396270751953e+00
4.027855396270751953e+00
3.934105396270751953e+00
4.027855396270751953e+00
3.949730396270751953e+00
3.996605396270751953e+00
4.074730396270751953e+00
4.027855396270751953e+00
4.012230396270751953e+00
4.043480396270751953e+00
3.996605396270751953e+00
3.980980396270751953e+00
4.043480396270751953e+00
3.949730396270751953e+00
3.996605396270751953e+00
4.074730396270751953e+00
4.027855396270751953e+00
4.027855396270751953e+00
3.918480396270751953e+00
4.027855396270751953e+00
4.012230396270751953e+00
4.012230396270751953e+00
3.949730396270751953e+00
4.090355396270751953e+00
4.012230396270751953e+00
4.012230396270751953e+00
4.012230396270751953e+00
3.934105396270751953e+00
4.074730396270751953e+00
4.043480396270751953e+00
4.027855396270751953e+00
4.012230396270751953e+00
4.027855396270751953e+00
3.965355396270751953e+00
4.012230396270751953e+00
3.980980396270751953e+00
3.996605396270751953e+00
4.027855396270751953e+00
4.027855396270751953e+00
4.121605396270751953e+00
3.996605396270751953e+00
4.027855396270751953e+00
4.027855396270751953e+00
3.996605396270751953e+00
3.996605396270751953e+00
3.934105396270751953e+00
4.027855396270751953e+00
4.074730396270751953e+00
4.012230396270751953e+00
4.027855396270751953e+00
3.996605396270751953e+00
3.965355396270751953e+00
3.949730396270751953e+00
3.980980396270751953e+00
3.965355396270751953e+00
3.965355396270751953e+00
4.059105396270751953e+00
3.965355396270751953e+00
3.980980396270751953e+00
3.902855396270751953e+00
4.012230396270751953e+00
4.043480396270751953e+00
4.027855396270751953e+00
4.027855396270751953e+00
4.121605396270751953e+00
4.090355396270751953e+00
4.027855396270751953e+00
3.980980396270751953e+00
4.059105396270751953e+00
4.043480396270751953e+00
3.980980396270751953e+00
3.980980396270751953e+00
3.965355396270751953e+00
3.996605396270751953e+00
4.090355396270751953e+00
4.137230873107910156e+00
4.027855396270751953e+00
4.059105396270751953e+00
3.934105396270751953e+00
3.949730396270751953e+00
3.934105396270751953e+00
3.855980396270751953e+00
4.027855396270751953e+00
3.980980396270751953e+00
4.059105396270751953e+00
4.043480396270751953e+00
4.012230396270751953e+00
4.043480396270751953e+00
4.074730396270751953e+00
4.012230396270751953e+00
4.059105396270751953e+00
4.012230396270751953e+00
4.027855396270751953e+00
3.965355396270751953e+00
3.934105396270751953e+00
3.980980396270751953e+00
4.043480396270751953e+00
3.996605396270751953e+00
4.090355396270751953e+00
4.027855396270751953e+00
3.980980396270751953e+00
3.902855396270751953e+00
4.043480396270751953e+00
4.012230396270751953e+00
3.965355396270751953e+00
4.105980396270751953e+00
4.043480396270751953e+00
3.996605396270751953e+00
3.996605396270751953e+00
3.918480396270751953e+00
3.996605396270751953e+00
3.996605396270751953e+00
3.996605396270751953e+00
4.074730396270751953e+00
4.027855396270751953e+00
4.121605396270751953e+00
4.027855396270751953e+00
3.965355396270751953e+00
3.965355396270751953e+00
3.980980396270751953e+00
4.027855396270751953e+00
4.090355396270751953e+00
3.918480396270751953e+00
4.027855396270751953e+00
4.043480396270751953e+00
4.027855396270751953e+00
3.996605396270751953e+00
3.871605396270751953e+00
3.949730396270751953e+00
3.980980396270751953e+00
4.090355396270751953e+00
4.074730396270751953e+00
3.980980396270751953e+00
4.012230396270751953e+00
4.090355396270751953e+00
4.027855396270751953e+00
3.980980396270751953e+00
4.027855396270751953e+00
4.043480396270751953e+00
3.965355396270751953e+00
3.980980396270751953e+00
4.012230396270751953e+00
3.949730396270751953e+00
3.980980396270751953e+00
3.996605396270751953e+00
4.074730396270751953e+00
4.043480396270751953e+00
3.996605396270751953e+00
3.965355396270751953e+00
4.027855396270751953e+00
4.027855396270751953e+00
