2.232823974609375000e+03
1.325267211914062500e+03
9.601804199218750000e+02
1.130899291992187500e+03
2.645957031250000000e+03
1.399848632812500000e+03
4.190816406250000000e+03
2.199711914062500000e+03
1.500946777343750000e+03
1.413827636718750000e+03
1.674522827148437500e+03
4.564187500000000000e+03
1.105078491210937500e+03
1.381134643554687500e+03
7.221167602539062500e+02
2.492401123046875000e+03
2.615263183593750000e+03
2.381300781250000000e+03
1.532715087890625000e+03
2.032953735351562500e+03
2.037981689453125000e+03
1.636480957031250000e+03
3.861114501953125000e+03
1.955113891601562500e+03
1.697870605468750000e+03
1.465507812500000000e+03
1.344327636718750000e+03
8.108051757812500000e+02
1.556936767578125000e+03
1.491978027343750000e+03
2.975035888671875000e+03
1.786479248046875000e+03
1.006639770507812500e+03
6.022844238281250000e+02
2.161445556640625000e+03
2.641120605468750000e+03
1.109427368164062500e+03
1.041804077148437500e+03
2.299544189453125000e+03
1.340636352539062500e+03
8.321100463867187500e+02
1.227334228515625000e+03
1.072625000000000000e+03
7.584217529296875000e+02
7.415848388671875000e+02
2.379128417968750000e+03
1.737220214843750000e+03
1.088220092773437500e+03
8.375712280273437500e+02
1.204000366210937500e+03
8.067176513671875000e+02
8.369427490234375000e+02
5.411669311523437500e+02
9.992490234375000000e+02
6.664986572265625000e+02
1.331973388671875000e+03
8.049025878906250000e+02
4.802616882324218750e+02
1.181064941406250000e+03
7.193174438476562500e+02
9.895589599609375000e+02
6.284653320312500000e+02
4.121838378906250000e+03
4.340786743164062500e+02
1.423940551757812500e+03
4.974216613769531250e+02
9.721641845703125000e+02
1.775412109375000000e+03
1.755659667968750000e+03
3.866264648437500000e+02
6.846029663085937500e+02
1.201833862304687500e+03
5.244598999023437500e+02
9.033963012695312500e+02
1.991393066406250000e+03
5.619960937500000000e+02
1.341080200195312500e+03
8.615740966796875000e+02
9.706317749023437500e+02
9.077141723632812500e+02
5.828676757812500000e+02
1.611356079101562500e+03
1.728999511718750000e+03
5.134299926757812500e+02
4.464695129394531250e+02
1.065059448242187500e+03
1.103144531250000000e+03
1.023876403808593750e+03
8.345283203125000000e+02
1.077101562500000000e+03
6.167105712890625000e+02
6.037458496093750000e+02
1.033822509765625000e+03
8.837784423828125000e+02
9.121326904296875000e+02
1.639358154296875000e+03
7.060377807617187500e+02
6.335421142578125000e+02
1.556745483398437500e+03
8.408736572265625000e+02
1.238784179687500000e+03
1.735554199218750000e+03
6.705771484375000000e+02
4.770029296875000000e+02
4.305542297363281250e+02
5.480380859375000000e+02
1.231609863281250000e+03
4.443677978515625000e+02
1.478364013671875000e+03
5.215525512695312500e+02
1.810294921875000000e+03
8.555948486328125000e+02
5.914650878906250000e+02
1.733894287109375000e+03
1.023079040527343750e+03
6.014309082031250000e+02
8.403154296875000000e+02
3.529006958007812500e+02
1.369323242187500000e+03
8.032050781250000000e+02
1.414506958007812500e+03
7.125802612304687500e+02
6.997055664062500000e+02
9.193852539062500000e+02
8.273209838867187500e+02
1.191848632812500000e+03
4.969545593261718750e+02
6.848112792968750000e+02
1.704075683593750000e+03
7.710564575195312500e+02
8.520659179687500000e+02
6.306979980468750000e+02
1.182921142578125000e+03
1.465150146484375000e+03
4.032955932617187500e+02
2.096797485351562500e+02
6.869082031250000000e+02
3.331246643066406250e+02
1.013581909179687500e+03
7.462669067382812500e+02
8.284812011718750000e+02
6.025917358398437500e+02
4.921029052734375000e+02
1.250813476562500000e+03
8.405257568359375000e+02
9.713964233398437500e+02
1.046048339843750000e+03
1.033106811523437500e+03
7.925141601562500000e+02
1.385031494140625000e+03
1.994132934570312500e+03
2.562791442871093750e+02
2.142451782226562500e+02
8.026896362304687500e+02
8.543385620117187500e+02
1.599248535156250000e+03
9.938729248046875000e+02
7.194568481445312500e+02
7.701036376953125000e+02
4.010276794433593750e+02
5.490321655273437500e+02
9.046029052734375000e+02
8.307333984375000000e+02
1.185371582031250000e+03
1.262068115234375000e+03
2.796739196777343750e+02
3.196112670898437500e+02
1.169453979492187500e+03
6.528046875000000000e+02
6.302316284179687500e+02
3.492329711914062500e+02
8.391959838867187500e+02
4.952958374023437500e+02
9.027736206054687500e+02
2.043797607421875000e+03
4.327616577148437500e+02
4.543894042968750000e+02
9.062017211914062500e+02
2.109691925048828125e+02
9.867264404296875000e+02
1.329957641601562500e+03
1.585308349609375000e+03
3.446895446777343750e+02
1.203295776367187500e+03
1.564242919921875000e+03
5.109140014648437500e+02
6.722238159179687500e+02
8.618294067382812500e+02
6.500195922851562500e+02
2.746517333984375000e+02
6.955808715820312500e+02
1.140320068359375000e+03
6.642070922851562500e+02
8.683712768554687500e+02
4.768106079101562500e+02
1.443490844726562500e+03
7.035305786132812500e+02
9.817250976562500000e+02
5.605952758789062500e+02
3.865895996093750000e+02
1.452598510742187500e+03
1.350176757812500000e+03
3.842761840820312500e+02
1.067912597656250000e+03
4.358861083984375000e+02
6.376807861328125000e+02
7.890311889648437500e+02
9.495213623046875000e+02
3.696855163574218750e+02
1.331548217773437500e+03
2.976447143554687500e+02
6.251749267578125000e+02
4.336147155761718750e+02
9.829125976562500000e+02
1.072366455078125000e+03
9.440782470703125000e+02
1.059343750000000000e+03
9.744794921875000000e+02
5.262573242187500000e+02
9.144279785156250000e+02
5.810443115234375000e+02
5.318895263671875000e+02
9.776960449218750000e+02
1.000437622070312500e+03
2.264083862304687500e+02
3.653793640136718750e+02
4.095254516601562500e+02
3.180011596679687500e+02
1.100149902343750000e+03
1.726517578125000000e+03
6.892521972656250000e+02
4.636747436523437500e+02
8.065468750000000000e+02
6.113991088867187500e+02
9.139073486328125000e+02
5.673148193359375000e+02
1.032277832031250000e+03
8.211759033203125000e+02
9.142612304687500000e+02
3.780527343750000000e+02
5.217597656250000000e+02
9.212783813476562500e+02
5.477244262695312500e+02
9.935050048828125000e+02
8.421680908203125000e+02
8.252944335937500000e+02
7.225914306640625000e+02
5.440473632812500000e+02
4.416767578125000000e+02
6.201281738281250000e+02
1.217790039062500000e+03
3.317728576660156250e+02
1.041227294921875000e+03
5.890694580078125000e+02
2.448789062500000000e+02
6.549358520507812500e+02
8.104685668945312500e+02
4.813474121093750000e+02
9.996323242187500000e+02
8.060725708007812500e+02
4.336622924804687500e+02
1.213415039062500000e+03
7.596296386718750000e+02
4.710822753906250000e+02
5.478217773437500000e+02
7.863640747070312500e+02
2.835765380859375000e+02
8.577275390625000000e+02
9.550525512695312500e+02
4.110887756347656250e+02
9.011737060546875000e+02
9.354492187500000000e+02
5.206959838867187500e+02
7.867569580078125000e+02
8.030713500976562500e+02
8.547850341796875000e+02
6.199986572265625000e+02
5.104273681640625000e+02
4.872541503906250000e+02
4.669402465820312500e+02
2.841160583496093750e+02
8.836641845703125000e+02
3.961015014648437500e+02
5.918497924804687500e+02
8.347070312500000000e+02
8.944704589843750000e+02
4.407733764648437500e+02
9.535046997070312500e+02
4.178623046875000000e+02
8.368255615234375000e+02
3.841132812500000000e+02
1.001582763671875000e+03
2.961716613769531250e+02
4.892077026367187500e+02
3.470614318847656250e+02
4.175471801757812500e+02
1.175503173828125000e+03
2.573853454589843750e+02
5.691959838867187500e+02
4.702525329589843750e+02
1.092648803710937500e+03
5.580676269531250000e+02
2.871057434082031250e+02
5.556037597656250000e+02
4.722787475585937500e+02
5.992092285156250000e+02
2.464059143066406250e+02
9.431935424804687500e+02
4.223410949707031250e+02
1.047611694335937500e+03
5.890975341796875000e+02
7.866066894531250000e+02
2.425200653076171875e+02
4.698589782714843750e+02
4.777846374511718750e+02
7.377072753906250000e+02
5.345397338867187500e+02
3.480098266601562500e+02
7.156422729492187500e+02
4.011951293945312500e+02
8.828966674804687500e+02
3.657157287597656250e+02
7.431609497070312500e+02
5.293178710937500000e+02
4.809483642578125000e+02
4.915103759765625000e+02
4.430783081054687500e+02
7.014436035156250000e+02
4.252016906738281250e+02
5.935665283203125000e+02
6.915745239257812500e+02
2.735995483398437500e+02
1.895752868652343750e+02
7.248606567382812500e+02
4.976858520507812500e+02
6.500799560546875000e+02
4.269234619140625000e+02
2.116177062988281250e+02
3.124657592773437500e+02
4.182185058593750000e+02
7.222712402343750000e+02
5.038527221679687500e+02
6.911276855468750000e+02
5.764161987304687500e+02
5.286133422851562500e+02
6.504787597656250000e+02
3.811508483886718750e+02
1.717472839355468750e+02
4.711081542968750000e+02
8.869599609375000000e+02
5.579708862304687500e+02
4.447832641601562500e+02
1.005529235839843750e+03
2.310706481933593750e+02
2.157501678466796875e+02
7.107484130859375000e+02
4.770752563476562500e+02
7.132060546875000000e+02
1.179758605957031250e+02
9.241062622070312500e+02
7.015972900390625000e+02
4.072577514648437500e+02
3.293026123046875000e+02
4.416972961425781250e+02
8.764769287109375000e+02
2.740091552734375000e+02
3.020803833007812500e+02
7.568204345703125000e+02
2.740391845703125000e+02
6.311544189453125000e+02
5.412080078125000000e+02
5.953569335937500000e+02
3.707116088867187500e+02
4.934545593261718750e+02
2.415745697021484375e+02
5.153354492187500000e+02
4.206055908203125000e+02
6.697676391601562500e+02
6.870834350585937500e+02
2.494089050292968750e+02
4.080501708984375000e+02
4.515128784179687500e+02
8.344927368164062500e+02
2.967568054199218750e+02
4.579536743164062500e+02
3.619030151367187500e+02
3.066951904296875000e+02
4.411383056640625000e+02
2.497027587890625000e+02
1.034833007812500000e+03
4.090809326171875000e+02
3.862982788085937500e+02
4.314598999023437500e+02
4.301729736328125000e+02
4.120954284667968750e+02
3.521336364746093750e+02
4.035563354492187500e+02
4.124535217285156250e+02
5.253358154296875000e+02
4.427199096679687500e+02
3.286795043945312500e+02
5.332151489257812500e+02
2.870885925292968750e+02
3.721783447265625000e+02
7.272025146484375000e+02
3.632084045410156250e+02
4.894917907714843750e+02
3.409777221679687500e+02
4.187950134277343750e+02
3.686245117187500000e+02
5.339185180664062500e+02
3.160849304199218750e+02
3.216694946289062500e+02
5.286154785156250000e+02
2.490064392089843750e+02
2.774172058105468750e+02
2.786715393066406250e+02
4.913423461914062500e+02
5.840225830078125000e+02
5.521800537109375000e+02
2.330270996093750000e+02
2.289973602294921875e+02
4.382727661132812500e+02
9.524323730468750000e+02
5.430223388671875000e+02
2.071789703369140625e+02
4.497177429199218750e+02
6.665582275390625000e+02
1.887756500244140625e+02
5.958485107421875000e+02
4.831114501953125000e+02
3.020852661132812500e+02
4.449793701171875000e+02
2.616429138183593750e+02
2.973660278320312500e+02
2.756979675292968750e+02
6.145475463867187500e+02
3.768554382324218750e+02
2.969715881347656250e+02
7.391577148437500000e+02
3.038794250488281250e+02
3.908908691406250000e+02
4.873795166015625000e+02
5.567385253906250000e+02
3.744832763671875000e+02
6.012291259765625000e+02
5.650395507812500000e+02
1.348153533935546875e+02
3.559118041992187500e+02
4.650461425781250000e+02
5.352870483398437500e+02
3.350177001953125000e+02
3.677932739257812500e+02
2.922319335937500000e+02
2.203782653808593750e+02
3.957301940917968750e+02
6.681974487304687500e+02
5.940148925781250000e+02
4.219156799316406250e+02
3.522787475585937500e+02
2.550385437011718750e+02
1.915455627441406250e+02
3.660228881835937500e+02
4.865035400390625000e+02
4.623488769531250000e+02
3.851186523437500000e+02
6.826677246093750000e+02
1.790803070068359375e+02
2.416505737304687500e+02
3.806032104492187500e+02
5.706022949218750000e+02
2.397718353271484375e+02
4.189542846679687500e+02
3.743474731445312500e+02
3.134137573242187500e+02
4.602045288085937500e+02
2.893775634765625000e+02
3.175654296875000000e+02
3.669928588867187500e+02
3.880913085937500000e+02
5.036228637695312500e+02
2.717597961425781250e+02
5.409338378906250000e+02
5.669771118164062500e+02
2.271603088378906250e+02
2.209832458496093750e+02
3.264586791992187500e+02
3.891875610351562500e+02
2.377661132812500000e+02
5.036980285644531250e+02
3.750524291992187500e+02
4.034221191406250000e+02
3.159224243164062500e+02
2.046608581542968750e+02
2.951892700195312500e+02
8.452360839843750000e+02
2.206624145507812500e+02
3.296801147460937500e+02
7.033966064453125000e+02
3.949802551269531250e+02
7.024635009765625000e+02
3.380037231445312500e+02
3.046831054687500000e+02
2.538617248535156250e+02
5.986699829101562500e+02
1.965013580322265625e+02
2.764787292480468750e+02
5.098480834960937500e+02
4.568909606933593750e+02
3.666489868164062500e+02
4.473100891113281250e+02
2.457674255371093750e+02
5.247078857421875000e+02
4.169120483398437500e+02
4.468164978027343750e+02
2.873390502929687500e+02
4.008176269531250000e+02
6.644306030273437500e+02
5.954620361328125000e+02
5.595883789062500000e+02
3.504779663085937500e+02
2.773051757812500000e+02
5.134422607421875000e+02
6.092473144531250000e+02
1.879745483398437500e+02
4.643855590820312500e+02
4.054646606445312500e+02
3.963757324218750000e+02
5.330992431640625000e+02
4.209282531738281250e+02
6.964173583984375000e+02
2.791304931640625000e+02
4.015314941406250000e+02
3.978742675781250000e+02
1.027291137695312500e+03
3.516946411132812500e+02
3.557206115722656250e+02
7.173884887695312500e+02
4.822917480468750000e+02
7.932452392578125000e+02
2.055193176269531250e+02
5.440385742187500000e+02
4.098706665039062500e+02
3.525683593750000000e+02
4.176781616210937500e+02
4.657117004394531250e+02
2.779798583984375000e+02
3.569847717285156250e+02
4.777598876953125000e+02
6.140167236328125000e+02
3.101677246093750000e+02
3.432050781250000000e+02
6.999506835937500000e+02
3.213150939941406250e+02
3.826998291015625000e+02
2.965514221191406250e+02
7.477708740234375000e+02
4.169049072265625000e+02
4.510802001953125000e+02
2.539248504638671875e+02
2.502762603759765625e+02
2.581121826171875000e+02
6.553460693359375000e+02
5.748386230468750000e+02
5.934219970703125000e+02
2.934313964843750000e+02
3.593378295898437500e+02
3.090910339355468750e+02
6.100700683593750000e+02
1.541766357421875000e+02
4.005227050781250000e+02
2.421977539062500000e+02
5.051811828613281250e+02
1.779679260253906250e+02
4.920824279785156250e+02
1.808012084960937500e+02
5.240496215820312500e+02
3.502707519531250000e+02
3.670924987792968750e+02
2.808011779785156250e+02
3.187952880859375000e+02
3.065604248046875000e+02
4.545816955566406250e+02
1.997569885253906250e+02
2.226730041503906250e+02
3.678068847656250000e+02
4.628363647460937500e+02
3.319498291015625000e+02
1.499763488769531250e+02
4.548413085937500000e+02
1.010022705078125000e+03
2.484374084472656250e+02
2.827819824218750000e+02
2.662191772460937500e+02
1.923608093261718750e+02
4.419607543945312500e+02
1.582565155029296875e+02
5.893033447265625000e+02
2.171567993164062500e+02
2.291742248535156250e+02
3.560628662109375000e+02
5.499259643554687500e+02
2.538765869140625000e+02
3.471754760742187500e+02
3.196523132324218750e+02
4.209665527343750000e+02
5.923839111328125000e+02
2.499069671630859375e+02
3.515985107421875000e+02
6.159717407226562500e+02
4.178281860351562500e+02
2.481848602294921875e+02
2.625391235351562500e+02
2.833897094726562500e+02
4.209443969726562500e+02
3.776583251953125000e+02
3.759636230468750000e+02
4.606491699218750000e+02
3.442846679687500000e+02
5.765245361328125000e+02
3.400431823730468750e+02
3.024791870117187500e+02
1.248929901123046875e+02
2.140967407226562500e+02
4.598276367187500000e+02
1.593328399658203125e+02
3.965553283691406250e+02
2.338759155273437500e+02
4.558751831054687500e+02
3.953152465820312500e+02
2.760969848632812500e+02
2.773986816406250000e+02
4.217537841796875000e+02
2.885327148437500000e+02
4.171230468750000000e+02
4.854046020507812500e+02
2.044380035400390625e+02
3.109510498046875000e+02
2.702777709960937500e+02
6.438200683593750000e+02
2.319649353027343750e+02
3.601440429687500000e+02
3.434007568359375000e+02
2.493014221191406250e+02
5.674062500000000000e+02
2.852411499023437500e+02
2.269443664550781250e+02
2.203680725097656250e+02
4.860216064453125000e+02
3.654700927734375000e+02
3.314021301269531250e+02
3.469191589355468750e+02
4.380652465820312500e+02
3.603437805175781250e+02
2.043191375732421875e+02
5.178355712890625000e+02
3.040059204101562500e+02
3.333655700683593750e+02
3.526463012695312500e+02
2.354338989257812500e+02
2.033387451171875000e+02
4.350099182128906250e+02
3.611549072265625000e+02
6.013183593750000000e+02
1.785412292480468750e+02
2.565435485839843750e+02
2.581581420898437500e+02
4.807238159179687500e+02
3.065511779785156250e+02
2.256278686523437500e+02
5.613837890625000000e+02
2.713016967773437500e+02
3.852391052246093750e+02
3.394366760253906250e+02
4.604561767578125000e+02
1.671199951171875000e+02
2.229877319335937500e+02
2.100957336425781250e+02
5.414947509765625000e+02
4.392733764648437500e+02
2.629065551757812500e+02
1.989254760742187500e+02
5.338776855468750000e+02
3.337575683593750000e+02
3.406989746093750000e+02
1.927541198730468750e+02
4.365220947265625000e+02
2.602061157226562500e+02
4.077529602050781250e+02
4.246977844238281250e+02
4.037341918945312500e+02
2.922052307128906250e+02
2.223792724609375000e+02
2.384540100097656250e+02
5.438203735351562500e+02
3.568450012207031250e+02
2.589830017089843750e+02
4.540761108398437500e+02
3.512303466796875000e+02
3.749613037109375000e+02
