2.280587264255061373e+07
2.044927460222855583e+07
1.861274442665088922e+07
1.718155511974990368e+07
1.606397188858264126e+07
1.518021019835125096e+07
1.449415797108404897e+07
1.394923919193083234e+07
1.351985277552644722e+07
1.318115828772828355e+07
1.290294649903458729e+07
1.268192068476249650e+07
1.250778245112648793e+07
1.236512848570307158e+07
1.225117257444278896e+07
1.215601927304671891e+07
1.207860036329566129e+07
1.201147988538748957e+07
1.195693019512438029e+07
1.190136580414735340e+07
1.186155235616580397e+07
1.181216721065497585e+07
1.178132542274312675e+07
1.175316365859051608e+07
1.170199664307908900e+07
1.167654815558457002e+07
1.163556341479567438e+07
1.160720210135517828e+07
1.157778890116430633e+07
1.155602279049690627e+07
1.152446027285762131e+07
1.149880308657463640e+07
1.146310437082987279e+07
1.144645503329461627e+07
1.143256040402919613e+07
1.140618653553395346e+07
1.139269548911972158e+07
1.135436619746872224e+07
1.133078201421703026e+07
1.131729086028967053e+07
1.130699355905326828e+07
1.129557940629404597e+07
1.128202678401251882e+07
1.126820201084031351e+07
1.125206100522873364e+07
1.124183644453390688e+07
1.123439208486267366e+07
1.120849213241453096e+07
1.119677447353601269e+07
1.118489502662174404e+07
1.115991310219948553e+07
1.114176896273287758e+07
1.112006637013739347e+07
1.110565457183567062e+07
1.109069576152648404e+07
1.108321812476521172e+07
1.107136008177998848e+07
1.105224247839639336e+07
1.103551846441147104e+07
1.101975620635072514e+07
1.100683061449986137e+07
1.098845057437943481e+07
1.097845576910711452e+07
1.096530867594030499e+07
1.095623971550454572e+07
1.094630737698566169e+07
1.093066213092155941e+07
1.091893253993118554e+07
1.090949858304856531e+07
1.090069927627336979e+07
1.089114916341828927e+07
1.087783404495411180e+07
1.086754350289336778e+07
1.086081817453493550e+07
1.085351077765574865e+07
1.084401370721576363e+07
1.083395737308034860e+07
1.082564213287250325e+07
1.081635001969412155e+07
1.080036536635109782e+07
1.078687209306672961e+07
1.078351363356497698e+07
1.076982948298997246e+07
1.075630902612958476e+07
1.074471244923381880e+07
1.073560130639412068e+07
1.072739667432449944e+07
1.071490529082500003e+07
1.070519061035910062e+07
1.069706686074765213e+07
1.068984658650061861e+07
1.068035925319765322e+07
1.066857901689165458e+07
1.065832380697016977e+07
1.064895670481134951e+07
1.064293605726592615e+07
1.063531716951368190e+07
1.062912034277602471e+07
1.062175756156806089e+07
1.061579186580550857e+07
