4.941506250000000000e+05
5.040726875000000000e+05
5.178352187500000000e+05
5.235328750000000000e+05
5.139260000000000000e+05
5.247291250000000000e+05
4.992780625000000000e+05
4.951352812500000000e+05
5.315715625000000000e+05
5.426620000000000000e+05
5.209108125000000000e+05
5.477805000000000000e+05
5.260778750000000000e+05
5.276721875000000000e+05
5.134826875000000000e+05
4.977333750000000000e+05
4.944283750000000000e+05
5.260866250000000000e+05
5.472151875000000000e+05
5.054867187500000000e+05
5.440850000000000000e+05
5.311617500000000000e+05
5.108782500000000000e+05
5.311678125000000000e+05
5.036983750000000000e+05
4.952595000000000000e+05
4.805409062500000000e+05
4.860277187500000000e+05
4.799179375000000000e+05
4.872330625000000000e+05
4.616974375000000000e+05
4.275655000000000000e+05
4.534424687500000000e+05
4.438663437500000000e+05
4.192304062500000000e+05
3.909015312500000000e+05
3.512231875000000000e+05
3.673897500000000000e+05
2.895664687500000000e+05
2.800912812500000000e+05
2.245167812500000000e+05
1.875070000000000000e+05
1.486643437500000000e+05
1.294539609375000000e+05
9.532157031250000000e+04
6.203188281250000000e+04
3.697949609375000000e+04
7.587647656250000000e+04
1.090185703125000000e+05
1.158383359375000000e+05
9.194536718750000000e+04
9.862174218750000000e+04
7.014553125000000000e+04
4.297999609375000000e+04
3.571251562500000000e+04
2.242823632812500000e+04
2.666806445312500000e+04
2.524392773437500000e+04
2.550178906250000000e+04
2.196342382812500000e+04
2.862173046875000000e+04
3.366525000000000000e+04
3.502361718750000000e+04
2.927058203125000000e+04
2.585145117187500000e+04
1.968116992187500000e+04
1.519456933593750000e+04
8.312383789062500000e+03
1.055436035156250000e+04
8.639275390625000000e+03
8.414328125000000000e+03
9.334130859375000000e+03
1.140961328125000000e+04
1.273754101562500000e+04
1.348464648437500000e+04
1.177296777343750000e+04
1.080549609375000000e+04
1.069382519531250000e+04
8.141492187500000000e+03
7.033902343750000000e+03
6.386534179687500000e+03
7.481029296875000000e+03
6.863981445312500000e+03
8.382294921875000000e+03
8.901992187500000000e+03
8.492008789062500000e+03
6.104238281250000000e+03
6.899041015625000000e+03
8.065653808593750000e+03
5.574987304687500000e+03
5.782702148437500000e+03
8.034584472656250000e+03
6.125052734375000000e+03
5.950531250000000000e+03
6.086385742187500000e+03
6.936489257812500000e+03
6.154091796875000000e+03
7.778943359375000000e+03
3.753917724609375000e+03
6.514174804687500000e+03
6.160426269531250000e+03
6.672217773437500000e+03
5.170556640625000000e+03
3.939059814453125000e+03
6.531157714843750000e+03
5.787877929687500000e+03
5.863636718750000000e+03
5.130876953125000000e+03
5.664883789062500000e+03
6.474860351562500000e+03
6.045443847656250000e+03
5.177864257812500000e+03
4.463651367187500000e+03
4.232037109375000000e+03
4.522698242187500000e+03
4.241038085937500000e+03
6.021370117187500000e+03
5.470794921875000000e+03
5.908929199218750000e+03
5.868258789062500000e+03
5.853096679687500000e+03
5.387178710937500000e+03
4.961522949218750000e+03
4.736884277343750000e+03
4.642549804687500000e+03
6.151391601562500000e+03
5.013810058593750000e+03
5.102350097656250000e+03
5.098617187500000000e+03
5.480626953125000000e+03
6.985250976562500000e+03
4.868773437500000000e+03
6.633284179687500000e+03
5.366401855468750000e+03
5.305323242187500000e+03
5.008973632812500000e+03
4.115928222656250000e+03
5.222035644531250000e+03
4.796112304687500000e+03
3.201493652343750000e+03
4.828465820312500000e+03
5.538469726562500000e+03
6.112670410156250000e+03
4.783793945312500000e+03
4.403616210937500000e+03
3.942952148437500000e+03
5.072708007812500000e+03
6.125791015625000000e+03
5.275811523437500000e+03
5.399143554687500000e+03
5.266721191406250000e+03
4.420961914062500000e+03
6.591045898437500000e+03
4.749012695312500000e+03
5.625761230468750000e+03
4.773606933593750000e+03
4.558121582031250000e+03
4.150297851562500000e+03
5.286523437500000000e+03
5.357513671875000000e+03
4.632413085937500000e+03
5.457126953125000000e+03
4.518369140625000000e+03
4.284283203125000000e+03
4.715979003906250000e+03
5.387427734375000000e+03
5.610364257812500000e+03
3.486847900390625000e+03
4.834916503906250000e+03
4.908205566406250000e+03
3.617537597656250000e+03
4.839821289062500000e+03
4.071926269531250000e+03
5.390654296875000000e+03
4.169803222656250000e+03
4.553774414062500000e+03
5.398020507812500000e+03
3.971441894531250000e+03
4.757102050781250000e+03
4.187933105468750000e+03
4.378140625000000000e+03
4.886156250000000000e+03
5.607800781250000000e+03
3.995876708984375000e+03
4.912756347656250000e+03
4.560507812500000000e+03
3.650018798828125000e+03
4.582758789062500000e+03
4.224123046875000000e+03
3.626521972656250000e+03
4.446815429687500000e+03
5.464772460937500000e+03
3.479229003906250000e+03
4.166543945312500000e+03
4.436164550781250000e+03
3.944530517578125000e+03
4.546200195312500000e+03
3.889171875000000000e+03
3.563958496093750000e+03
3.428483886718750000e+03
5.919633789062500000e+03
4.636886718750000000e+03
4.137291015625000000e+03
3.995706787109375000e+03
5.049361816406250000e+03
5.100479980468750000e+03
3.429592773437500000e+03
4.878464355468750000e+03
4.933676757812500000e+03
4.900806640625000000e+03
4.284415039062500000e+03
4.035118652343750000e+03
3.056163330078125000e+03
4.036193847656250000e+03
4.099234375000000000e+03
3.997962890625000000e+03
4.327054687500000000e+03
3.549270019531250000e+03
4.328407226562500000e+03
4.371999023437500000e+03
3.018315917968750000e+03
4.309606445312500000e+03
5.128728027343750000e+03
4.265118164062500000e+03
3.949851806640625000e+03
5.283839843750000000e+03
3.215769042968750000e+03
4.792750000000000000e+03
3.145429199218750000e+03
3.480800292968750000e+03
3.762707031250000000e+03
5.803427734375000000e+03
3.875883789062500000e+03
3.882212402343750000e+03
3.560251953125000000e+03
4.156544921875000000e+03
3.760785644531250000e+03
4.035226318359375000e+03
3.817992675781250000e+03
4.873037597656250000e+03
3.996686767578125000e+03
3.786889648437500000e+03
3.275441162109375000e+03
4.112970214843750000e+03
4.519788085937500000e+03
3.773675537109375000e+03
4.538897460937500000e+03
3.122176269531250000e+03
4.729513671875000000e+03
4.667949218750000000e+03
2.890173828125000000e+03
3.103185546875000000e+03
5.229820800781250000e+03
4.057610839843750000e+03
4.925178710937500000e+03
3.716666015625000000e+03
3.876326171875000000e+03
2.868550781250000000e+03
3.655563232421875000e+03
3.239900634765625000e+03
4.769279785156250000e+03
4.389469726562500000e+03
3.812468505859375000e+03
4.046666015625000000e+03
4.268540527343750000e+03
3.984073242187500000e+03
4.339557617187500000e+03
3.610445556640625000e+03
5.338693359375000000e+03
3.889431152343750000e+03
3.095581542968750000e+03
4.045900390625000000e+03
3.617699462890625000e+03
3.201048339843750000e+03
2.927608154296875000e+03
5.542314453125000000e+03
4.042024414062500000e+03
3.628060302734375000e+03
3.362803955078125000e+03
3.866895751953125000e+03
2.975692382812500000e+03
5.113212890625000000e+03
3.630945800781250000e+03
4.638716308593750000e+03
3.772998291015625000e+03
3.516138427734375000e+03
4.012610351562500000e+03
3.768976318359375000e+03
4.017322021484375000e+03
3.554075927734375000e+03
3.496220214843750000e+03
3.858878417968750000e+03
3.430907714843750000e+03
5.109407714843750000e+03
4.173818359375000000e+03
4.373039550781250000e+03
2.629524414062500000e+03
3.945761718750000000e+03
3.727627441406250000e+03
3.390701660156250000e+03
4.242585937500000000e+03
4.201008300781250000e+03
3.326007324218750000e+03
3.145859130859375000e+03
3.546236328125000000e+03
3.811364257812500000e+03
3.642937744140625000e+03
3.720103515625000000e+03
3.036833984375000000e+03
3.247265136718750000e+03
4.529234863281250000e+03
3.676980468750000000e+03
4.157854980468750000e+03
3.458329833984375000e+03
3.869048828125000000e+03
3.067012695312500000e+03
3.890808593750000000e+03
3.749813476562500000e+03
3.651109863281250000e+03
3.746512695312500000e+03
3.551961914062500000e+03
2.852234863281250000e+03
3.806744628906250000e+03
3.464364501953125000e+03
4.177287597656250000e+03
3.179049316406250000e+03
3.135175781250000000e+03
3.389310302734375000e+03
3.950558593750000000e+03
4.127318359375000000e+03
3.930216064453125000e+03
3.020245849609375000e+03
3.942851562500000000e+03
3.569849609375000000e+03
3.941159179687500000e+03
3.362528076171875000e+03
2.803817871093750000e+03
3.707625976562500000e+03
3.136599365234375000e+03
3.693363037109375000e+03
3.811722656250000000e+03
3.364971191406250000e+03
3.457318359375000000e+03
2.725676757812500000e+03
3.407390136718750000e+03
4.211728027343750000e+03
4.132014648437500000e+03
3.063313232421875000e+03
4.041986328125000000e+03
3.840551025390625000e+03
3.048940429687500000e+03
3.862770996093750000e+03
2.727480957031250000e+03
3.798662841796875000e+03
3.015040527343750000e+03
3.644461181640625000e+03
3.918147705078125000e+03
3.687825927734375000e+03
3.400359619140625000e+03
3.029333251953125000e+03
3.047341064453125000e+03
3.146115478515625000e+03
3.684716552734375000e+03
3.849777099609375000e+03
4.081484375000000000e+03
3.688777343750000000e+03
3.322213867187500000e+03
3.362778808593750000e+03
3.697753417968750000e+03
3.409713134765625000e+03
3.413525878906250000e+03
3.007210693359375000e+03
3.559133789062500000e+03
3.466713378906250000e+03
3.711749023437500000e+03
2.737355957031250000e+03
2.297735595703125000e+03
3.594988037109375000e+03
3.440933105468750000e+03
4.028601074218750000e+03
3.626318359375000000e+03
4.086860839843750000e+03
3.388931640625000000e+03
2.697826171875000000e+03
3.058072265625000000e+03
3.128394287109375000e+03
3.575594970703125000e+03
3.395328613281250000e+03
3.172882324218750000e+03
2.953747558593750000e+03
3.182238281250000000e+03
2.923480957031250000e+03
2.754550781250000000e+03
2.104326416015625000e+03
2.664984619140625000e+03
3.447685058593750000e+03
2.887491210937500000e+03
3.613138671875000000e+03
2.540452148437500000e+03
2.959283203125000000e+03
3.173247070312500000e+03
3.417430664062500000e+03
2.403120117187500000e+03
2.690342773437500000e+03
2.701969238281250000e+03
2.253544921875000000e+03
3.470763183593750000e+03
3.329871826171875000e+03
2.839267333984375000e+03
3.068843750000000000e+03
3.298442382812500000e+03
3.106450683593750000e+03
2.693803466796875000e+03
3.065335449218750000e+03
3.039427001953125000e+03
2.694379882812500000e+03
3.201065917968750000e+03
3.154990722656250000e+03
2.648034912109375000e+03
2.770292236328125000e+03
3.904825683593750000e+03
2.800174804687500000e+03
3.370870849609375000e+03
3.117600341796875000e+03
2.968817382812500000e+03
2.212003906250000000e+03
3.117642089843750000e+03
3.171618164062500000e+03
3.736858642578125000e+03
2.073196777343750000e+03
3.451318115234375000e+03
2.405617675781250000e+03
3.544248535156250000e+03
2.555910400390625000e+03
4.079955566406250000e+03
2.370483154296875000e+03
3.300745849609375000e+03
2.977452636718750000e+03
2.726656250000000000e+03
3.679512207031250000e+03
2.505144531250000000e+03
3.431044433593750000e+03
2.336573242187500000e+03
2.671935058593750000e+03
2.691031250000000000e+03
2.434096679687500000e+03
2.633652587890625000e+03
2.574686035156250000e+03
2.809490478515625000e+03
2.741620117187500000e+03
3.252947998046875000e+03
2.635412597656250000e+03
2.549502929687500000e+03
2.960584960937500000e+03
2.748290527343750000e+03
3.070921386718750000e+03
3.080896484375000000e+03
2.951631835937500000e+03
2.403793212890625000e+03
2.806624755859375000e+03
1.951260864257812500e+03
2.960783203125000000e+03
2.790596191406250000e+03
2.732031738281250000e+03
2.295482910156250000e+03
2.472317382812500000e+03
2.915727294921875000e+03
2.616893554687500000e+03
2.685564453125000000e+03
2.438690917968750000e+03
3.097998046875000000e+03
3.098122558593750000e+03
3.330054687500000000e+03
2.891315917968750000e+03
2.116571777343750000e+03
3.136185791015625000e+03
2.868627929687500000e+03
2.464499511718750000e+03
2.938682128906250000e+03
2.709972900390625000e+03
2.972187011718750000e+03
3.502652832031250000e+03
3.075855468750000000e+03
3.058098632812500000e+03
2.816754394531250000e+03
2.380485595703125000e+03
2.162787353515625000e+03
2.080426269531250000e+03
2.508112548828125000e+03
2.038425292968750000e+03
2.535152832031250000e+03
2.551086425781250000e+03
3.034890136718750000e+03
2.772379394531250000e+03
2.222566406250000000e+03
3.003281005859375000e+03
2.150421630859375000e+03
2.795226562500000000e+03
2.403923095703125000e+03
2.667480957031250000e+03
3.633111816406250000e+03
2.902417236328125000e+03
2.055755371093750000e+03
2.171254394531250000e+03
2.229262207031250000e+03
2.557687744140625000e+03
2.030328369140625000e+03
2.606118408203125000e+03
3.158077880859375000e+03
2.298991699218750000e+03
2.427965332031250000e+03
2.521772949218750000e+03
2.914004882812500000e+03
2.654376953125000000e+03
3.420576171875000000e+03
2.097985839843750000e+03
2.457371093750000000e+03
2.444108642578125000e+03
2.209184082031250000e+03
2.205221679687500000e+03
2.392932128906250000e+03
2.349550781250000000e+03
2.242796630859375000e+03
3.260363769531250000e+03
2.571877929687500000e+03
2.197281005859375000e+03
2.732386962890625000e+03
2.020554687500000000e+03
2.161411132812500000e+03
2.517939453125000000e+03
2.372727539062500000e+03
3.061707031250000000e+03
2.272033203125000000e+03
2.285189941406250000e+03
2.015049194335937500e+03
3.013313720703125000e+03
2.444098632812500000e+03
2.535750244140625000e+03
2.367698486328125000e+03
2.688375732421875000e+03
2.232647460937500000e+03
1.931921997070312500e+03
2.467229492187500000e+03
2.197969238281250000e+03
2.141536621093750000e+03
2.211067871093750000e+03
2.722026367187500000e+03
1.777971069335937500e+03
2.493557617187500000e+03
2.329012207031250000e+03
2.670828369140625000e+03
2.380161132812500000e+03
1.860618408203125000e+03
2.174065917968750000e+03
2.384911132812500000e+03
2.098429199218750000e+03
2.118093994140625000e+03
2.465566162109375000e+03
1.660165527343750000e+03
2.297223144531250000e+03
1.952917480468750000e+03
2.029921264648437500e+03
2.571171875000000000e+03
2.129543457031250000e+03
1.981194091796875000e+03
2.473557128906250000e+03
2.062733886718750000e+03
1.926721801757812500e+03
2.399544433593750000e+03
2.712427734375000000e+03
2.141595214843750000e+03
2.467911132812500000e+03
2.371499755859375000e+03
2.205842529296875000e+03
2.362300781250000000e+03
2.343329833984375000e+03
1.819140136718750000e+03
2.103126464843750000e+03
2.462867675781250000e+03
2.182887451171875000e+03
1.974546386718750000e+03
2.101832519531250000e+03
1.904038330078125000e+03
1.690868896484375000e+03
2.378039794921875000e+03
2.017683105468750000e+03
2.041753540039062500e+03
2.547178222656250000e+03
2.161454589843750000e+03
2.366979736328125000e+03
2.478821777343750000e+03
2.237173583984375000e+03
2.210617675781250000e+03
2.395836914062500000e+03
2.049871582031250000e+03
1.756974731445312500e+03
2.120052734375000000e+03
1.603482421875000000e+03
1.934107421875000000e+03
1.977903808593750000e+03
2.007391845703125000e+03
2.101099853515625000e+03
2.282844238281250000e+03
1.846940673828125000e+03
1.808151367187500000e+03
2.502202636718750000e+03
1.528071289062500000e+03
2.380796630859375000e+03
2.466356445312500000e+03
2.055483886718750000e+03
1.868640380859375000e+03
2.038760864257812500e+03
1.928580810546875000e+03
2.130979492187500000e+03
1.264965942382812500e+03
1.856125976562500000e+03
1.919319824218750000e+03
1.835633056640625000e+03
1.507049316406250000e+03
2.252775390625000000e+03
2.086015625000000000e+03
1.639863159179687500e+03
1.615817626953125000e+03
2.060476074218750000e+03
1.767198486328125000e+03
2.260552978515625000e+03
1.914591064453125000e+03
1.974013549804687500e+03
1.820730834960937500e+03
1.778409423828125000e+03
1.829004272460937500e+03
2.167511230468750000e+03
1.779393798828125000e+03
1.896819213867187500e+03
1.453232788085937500e+03
2.229548339843750000e+03
2.170615722656250000e+03
1.609562500000000000e+03
1.692134765625000000e+03
1.914587524414062500e+03
2.064650878906250000e+03
1.831531738281250000e+03
1.828113403320312500e+03
2.292382812500000000e+03
1.568238281250000000e+03
1.881606689453125000e+03
1.821519287109375000e+03
1.839387695312500000e+03
1.597365966796875000e+03
1.728784912109375000e+03
1.718157226562500000e+03
1.709929077148437500e+03
1.598189208984375000e+03
2.052649414062500000e+03
1.577915039062500000e+03
1.549722656250000000e+03
2.204297851562500000e+03
1.639776855468750000e+03
1.842241455078125000e+03
2.092640136718750000e+03
1.607802246093750000e+03
2.010470947265625000e+03
1.555402587890625000e+03
1.902586181640625000e+03
1.498187255859375000e+03
1.793862060546875000e+03
1.566518310546875000e+03
1.798251708984375000e+03
1.683743652343750000e+03
1.843321411132812500e+03
1.530704833984375000e+03
1.826500244140625000e+03
1.686247314453125000e+03
1.259947631835937500e+03
1.881502197265625000e+03
1.442377929687500000e+03
1.732222045898437500e+03
1.920137084960937500e+03
1.783656127929687500e+03
1.484473876953125000e+03
1.549104492187500000e+03
1.364123657226562500e+03
1.709119384765625000e+03
1.664208984375000000e+03
1.828634277343750000e+03
1.891619140625000000e+03
1.393687500000000000e+03
1.659108886718750000e+03
1.570003784179687500e+03
1.693254394531250000e+03
1.252369384765625000e+03
1.714194824218750000e+03
1.795787841796875000e+03
2.057031494140625000e+03
1.591477050781250000e+03
1.492026123046875000e+03
1.676087402343750000e+03
1.730493652343750000e+03
1.484527587890625000e+03
1.640287109375000000e+03
1.925228271484375000e+03
1.479665405273437500e+03
1.672715576171875000e+03
1.642927001953125000e+03
1.530036987304687500e+03
1.160457031250000000e+03
1.463724121093750000e+03
1.700934570312500000e+03
2.003371337890625000e+03
1.532918701171875000e+03
1.651870849609375000e+03
1.659559692382812500e+03
1.183609375000000000e+03
1.878109497070312500e+03
1.653457885742187500e+03
1.578672363281250000e+03
1.410967651367187500e+03
1.805021362304687500e+03
1.544533203125000000e+03
1.585883300781250000e+03
1.669763671875000000e+03
1.644802734375000000e+03
1.533961914062500000e+03
1.473938110351562500e+03
1.533370117187500000e+03
1.395785888671875000e+03
1.666163574218750000e+03
1.343103515625000000e+03
1.247704101562500000e+03
1.151266601562500000e+03
1.444046997070312500e+03
1.502163330078125000e+03
1.334285400390625000e+03
1.705400878906250000e+03
1.614075683593750000e+03
1.516179443359375000e+03
1.737690917968750000e+03
1.496177246093750000e+03
1.469556396484375000e+03
1.379994140625000000e+03
1.324727905273437500e+03
1.454305419921875000e+03
1.527626220703125000e+03
1.349578369140625000e+03
1.573761962890625000e+03
1.538976074218750000e+03
1.494112304687500000e+03
1.348030761718750000e+03
1.443396606445312500e+03
1.499243896484375000e+03
1.343104248046875000e+03
1.356927978515625000e+03
1.391553344726562500e+03
1.031794555664062500e+03
1.360620605468750000e+03
2.047569580078125000e+03
1.634822021484375000e+03
1.061388183593750000e+03
1.318601074218750000e+03
1.532041381835937500e+03
1.439896972656250000e+03
1.815728027343750000e+03
1.310169921875000000e+03
1.568867919921875000e+03
1.298711547851562500e+03
1.264787475585937500e+03
1.229925048828125000e+03
1.587982177734375000e+03
1.541681152343750000e+03
1.656105590820312500e+03
1.373489257812500000e+03
1.213993164062500000e+03
1.543845947265625000e+03
1.350637695312500000e+03
1.321842041015625000e+03
1.182899414062500000e+03
1.842770751953125000e+03
1.656247314453125000e+03
1.824732666015625000e+03
1.140703979492187500e+03
1.856799316406250000e+03
1.513855468750000000e+03
1.491134521484375000e+03
1.265570068359375000e+03
1.454304199218750000e+03
1.483061523437500000e+03
1.388948730468750000e+03
1.368417236328125000e+03
1.224039916992187500e+03
1.681804443359375000e+03
1.193033935546875000e+03
1.433423828125000000e+03
1.177421142578125000e+03
1.266987304687500000e+03
1.670065551757812500e+03
1.235839721679687500e+03
1.399711791992187500e+03
1.370689941406250000e+03
1.443701660156250000e+03
1.130190185546875000e+03
1.018957519531250000e+03
1.280054565429687500e+03
1.259967407226562500e+03
1.092021118164062500e+03
1.328968261718750000e+03
1.468400390625000000e+03
1.468437744140625000e+03
1.179643066406250000e+03
1.071312255859375000e+03
1.281519042968750000e+03
1.289789916992187500e+03
1.215147949218750000e+03
1.347535400390625000e+03
1.124603149414062500e+03
1.457531982421875000e+03
1.304257080078125000e+03
1.331883056640625000e+03
1.140698364257812500e+03
1.265076660156250000e+03
1.161191162109375000e+03
1.250275390625000000e+03
1.139244628906250000e+03
1.653636474609375000e+03
1.279548583984375000e+03
1.065826293945312500e+03
1.324290893554687500e+03
1.162014160156250000e+03
1.204510009765625000e+03
1.283928222656250000e+03
1.365357666015625000e+03
1.383994873046875000e+03
1.251291870117187500e+03
1.317646240234375000e+03
1.250127441406250000e+03
1.391534423828125000e+03
1.290120117187500000e+03
1.235272949218750000e+03
1.270156982421875000e+03
1.321546386718750000e+03
1.047357788085937500e+03
1.301195068359375000e+03
1.022875549316406250e+03
1.378287475585937500e+03
1.586451660156250000e+03
1.182193115234375000e+03
1.042215820312500000e+03
1.624506591796875000e+03
1.100008666992187500e+03
1.555888305664062500e+03
1.426200683593750000e+03
1.225437622070312500e+03
1.287674316406250000e+03
1.145791992187500000e+03
8.599709472656250000e+02
1.003233642578125000e+03
1.330869384765625000e+03
1.082562500000000000e+03
1.218284790039062500e+03
1.228474975585937500e+03
1.198396484375000000e+03
1.140090087890625000e+03
1.175861206054687500e+03
8.805358886718750000e+02
1.263995117187500000e+03
1.167557006835937500e+03
1.352239013671875000e+03
1.165679687500000000e+03
1.233475830078125000e+03
1.253215332031250000e+03
1.202499267578125000e+03
9.440687255859375000e+02
1.327790405273437500e+03
1.489859863281250000e+03
1.080404296875000000e+03
1.216027343750000000e+03
1.036838012695312500e+03
1.245016967773437500e+03
1.345750488281250000e+03
1.057715332031250000e+03
1.093527221679687500e+03
1.360917358398437500e+03
1.254162353515625000e+03
1.058233520507812500e+03
1.189469360351562500e+03
1.131432250976562500e+03
1.089123657226562500e+03
1.272697265625000000e+03
1.144732421875000000e+03
1.263724365234375000e+03
1.262024780273437500e+03
1.671857299804687500e+03
1.087558593750000000e+03
1.407523681640625000e+03
1.249309326171875000e+03
9.971152343750000000e+02
1.257499023437500000e+03
1.070850708007812500e+03
1.034220458984375000e+03
1.142112426757812500e+03
1.241371093750000000e+03
9.209022216796875000e+02
1.333542602539062500e+03
9.028745727539062500e+02
1.364137573242187500e+03
1.069317138671875000e+03
1.266650878906250000e+03
1.162076416015625000e+03
1.047804931640625000e+03
1.274931274414062500e+03
1.238656738281250000e+03
1.498032714843750000e+03
1.450334716796875000e+03
1.316159667968750000e+03
1.135531005859375000e+03
1.352286865234375000e+03
1.298764038085937500e+03
1.154074584960937500e+03
1.348049804687500000e+03
1.184490234375000000e+03
1.124737182617187500e+03
1.496512695312500000e+03
1.061248535156250000e+03
1.276927734375000000e+03
1.111327392578125000e+03
1.056436035156250000e+03
1.050150024414062500e+03
9.131737670898437500e+02
1.004143737792968750e+03
1.153376953125000000e+03
1.145910156250000000e+03
1.103932739257812500e+03
1.097842163085937500e+03
1.093741699218750000e+03
1.090939453125000000e+03
1.279562377929687500e+03
1.155457519531250000e+03
1.230209106445312500e+03
1.247579101562500000e+03
1.151480468750000000e+03
1.112130859375000000e+03
1.145082031250000000e+03
1.090071166992187500e+03
1.123351928710937500e+03
9.172432861328125000e+02
1.296817871093750000e+03
1.016269531250000000e+03
1.072561157226562500e+03
9.094851074218750000e+02
1.115298095703125000e+03
1.195395751953125000e+03
1.132985961914062500e+03
9.202459716796875000e+02
1.070362304687500000e+03
1.420464599609375000e+03
9.857796020507812500e+02
1.127967285156250000e+03
1.636820800781250000e+03
1.306916015625000000e+03
1.250339843750000000e+03
1.211035156250000000e+03
1.065535766601562500e+03
1.204761474609375000e+03
1.151532958984375000e+03
1.221399414062500000e+03
1.247747558593750000e+03
1.043691162109375000e+03
1.155421508789062500e+03
1.110659301757812500e+03
9.961072998046875000e+02
1.266516601562500000e+03
1.068412231445312500e+03
1.018558410644531250e+03
1.246856445312500000e+03
1.123969970703125000e+03
1.109045410156250000e+03
8.911218261718750000e+02
9.295090332031250000e+02
9.747462158203125000e+02
1.135986694335937500e+03
1.028485107421875000e+03
8.348370361328125000e+02
1.278750976562500000e+03
1.361772460937500000e+03
1.155571044921875000e+03
1.078152832031250000e+03
1.155479614257812500e+03
1.125232788085937500e+03
1.107307495117187500e+03
1.309512084960937500e+03
1.265175292968750000e+03
1.052408935546875000e+03
7.981408691406250000e+02
1.063987670898437500e+03
1.321850830078125000e+03
1.306435546875000000e+03
1.217262939453125000e+03
1.126914062500000000e+03
9.398988037109375000e+02
8.872386474609375000e+02
1.062341430664062500e+03
1.192906372070312500e+03
1.061763183593750000e+03
9.934427490234375000e+02
1.212546875000000000e+03
8.860927124023437500e+02
1.130578369140625000e+03
1.053108276367187500e+03
1.018854492187500000e+03
1.180840209960937500e+03
1.074795898437500000e+03
1.072721313476562500e+03
1.085661987304687500e+03
9.473507080078125000e+02
1.269843383789062500e+03
1.120998291015625000e+03
1.007514404296875000e+03
1.164770629882812500e+03
1.096082397460937500e+03
1.284986816406250000e+03
1.118860473632812500e+03
1.078071289062500000e+03
1.190118530273437500e+03
1.029454956054687500e+03
8.920076293945312500e+02
1.318584472656250000e+03
1.050273315429687500e+03
1.195454345703125000e+03
1.325930908203125000e+03
7.901402587890625000e+02
1.075237304687500000e+03
9.954692993164062500e+02
1.200017944335937500e+03
8.338461914062500000e+02
9.837999267578125000e+02
1.057448120117187500e+03
9.698585815429687500e+02
1.103755615234375000e+03
9.791408691406250000e+02
9.780958251953125000e+02
1.126364013671875000e+03
8.937509765625000000e+02
9.876765136718750000e+02
1.157905761718750000e+03
9.970144042968750000e+02
1.014690917968750000e+03
1.070464477539062500e+03
1.074304809570312500e+03
1.030674438476562500e+03
1.029012207031250000e+03
9.131550292968750000e+02
1.063084106445312500e+03
1.065850219726562500e+03
9.604812011718750000e+02
1.210122802734375000e+03
1.057630249023437500e+03
9.116423339843750000e+02
1.164419433593750000e+03
1.092478759765625000e+03
1.013044555664062500e+03
1.056506713867187500e+03
9.295905761718750000e+02
6.476989746093750000e+02
1.262276367187500000e+03
1.057479003906250000e+03
1.091702148437500000e+03
9.980678710937500000e+02
9.631637573242187500e+02
1.115825683593750000e+03
1.083154174804687500e+03
8.276975097656250000e+02
1.077693969726562500e+03
9.732996215820312500e+02
9.107941894531250000e+02
8.995224609375000000e+02
1.083403930664062500e+03
8.731397094726562500e+02
1.058064208984375000e+03
1.225732910156250000e+03
8.968701171875000000e+02
9.641352539062500000e+02
8.860479125976562500e+02
9.960302734375000000e+02
1.035061035156250000e+03
1.193194458007812500e+03
7.477150878906250000e+02
9.940872802734375000e+02
1.159175781250000000e+03
1.080106445312500000e+03
1.237219238281250000e+03
1.242257202148437500e+03
9.937922363281250000e+02
1.047112426757812500e+03
1.294244873046875000e+03
1.129147949218750000e+03
9.651597290039062500e+02
1.309723144531250000e+03
8.743237915039062500e+02
1.286935546875000000e+03
9.318836059570312500e+02
9.631188964843750000e+02
9.978447875976562500e+02
8.305618896484375000e+02
9.741696777343750000e+02
8.868304443359375000e+02
1.139724731445312500e+03
1.138360839843750000e+03
9.816752929687500000e+02
1.178377075195312500e+03
8.523426513671875000e+02
8.563316040039062500e+02
1.141853515625000000e+03
9.696077880859375000e+02
7.921686401367187500e+02
9.923388671875000000e+02
9.736264648437500000e+02
7.752833251953125000e+02
1.014445068359375000e+03
1.202707275390625000e+03
1.110566406250000000e+03
1.057252441406250000e+03
1.111471435546875000e+03
1.121922851562500000e+03
1.148724121093750000e+03
7.997254028320312500e+02
8.637222900390625000e+02
8.657210693359375000e+02
1.091111816406250000e+03
7.552064208984375000e+02
1.021431640625000000e+03
1.326037597656250000e+03
9.421021118164062500e+02
8.797504882812500000e+02
1.020485046386718750e+03
9.602081298828125000e+02
1.110679443359375000e+03
1.036264648437500000e+03
7.450598144531250000e+02
7.136075439453125000e+02
1.063065429687500000e+03
9.376689453125000000e+02
1.031630371093750000e+03
9.319399414062500000e+02
1.044588378906250000e+03
1.034413330078125000e+03
1.279550781250000000e+03
1.191084594726562500e+03
8.577987060546875000e+02
9.412053222656250000e+02
1.302623657226562500e+03
1.009531982421875000e+03
1.034396606445312500e+03
1.095713867187500000e+03
1.028394042968750000e+03
1.018016784667968750e+03
1.081550048828125000e+03
1.119713012695312500e+03
8.730148925781250000e+02
1.035159057617187500e+03
7.707593994140625000e+02
1.002638122558593750e+03
1.195787353515625000e+03
9.451712646484375000e+02
1.011435058593750000e+03
9.557983398437500000e+02
9.158843994140625000e+02
1.095565917968750000e+03
8.991679687500000000e+02
1.056997802734375000e+03
9.666031494140625000e+02
8.594640502929687500e+02
8.109303588867187500e+02
9.912800292968750000e+02
1.268246093750000000e+03
8.830349121093750000e+02
9.159785156250000000e+02
8.706994628906250000e+02
1.147736450195312500e+03
9.210529785156250000e+02
9.265784301757812500e+02
1.201110107421875000e+03
1.069263916015625000e+03
8.379223022460937500e+02
1.208452758789062500e+03
8.108837890625000000e+02
1.260862182617187500e+03
9.396713867187500000e+02
6.784095458984375000e+02
9.481762695312500000e+02
7.988811035156250000e+02
8.347031250000000000e+02
1.190093383789062500e+03
7.871259765625000000e+02
9.125141601562500000e+02
9.774859619140625000e+02
1.030637695312500000e+03
1.131177490234375000e+03
8.948438110351562500e+02
1.205938842773437500e+03
1.175622192382812500e+03
8.063190917968750000e+02
9.022567138671875000e+02
1.046985839843750000e+03
9.160230712890625000e+02
8.933430175781250000e+02
1.029633544921875000e+03
9.489653930664062500e+02
1.103054199218750000e+03
9.262133789062500000e+02
1.158303588867187500e+03
1.077447753906250000e+03
7.582874145507812500e+02
9.383428955078125000e+02
1.182613281250000000e+03
1.002413330078125000e+03
1.248561157226562500e+03
1.260027832031250000e+03
7.729200439453125000e+02
8.053211669921875000e+02
9.272991943359375000e+02
8.627617187500000000e+02
1.106138793945312500e+03
9.587297973632812500e+02
1.256827758789062500e+03
1.043902099609375000e+03
1.215838989257812500e+03
6.819475097656250000e+02
9.399577636718750000e+02
1.158004882812500000e+03
8.662301025390625000e+02
9.278627929687500000e+02
7.978497924804687500e+02
8.484425048828125000e+02
9.131489257812500000e+02
9.946212158203125000e+02
8.549629516601562500e+02
9.124679565429687500e+02
1.235787597656250000e+03
8.714135131835937500e+02
8.831634521484375000e+02
8.806687011718750000e+02
1.128001464843750000e+03
1.256657836914062500e+03
7.093817138671875000e+02
1.069496582031250000e+03
1.162813110351562500e+03
9.540402832031250000e+02
8.801424560546875000e+02
8.459075927734375000e+02
9.795958251953125000e+02
7.269794921875000000e+02
8.426492919921875000e+02
9.824477539062500000e+02
1.117583007812500000e+03
1.303403930664062500e+03
9.398045654296875000e+02
1.208929809570312500e+03
1.310207763671875000e+03
9.753404541015625000e+02
9.194709472656250000e+02
1.149028320312500000e+03
1.208797729492187500e+03
8.715182495117187500e+02
1.060748779296875000e+03
1.263770996093750000e+03
9.456871337890625000e+02
9.372871093750000000e+02
9.735466308593750000e+02
1.079550048828125000e+03
1.005731140136718750e+03
6.753663940429687500e+02
1.102265136718750000e+03
1.034311523437500000e+03
8.101563720703125000e+02
1.079973510742187500e+03
9.723317871093750000e+02
8.156034545898437500e+02
9.297243652343750000e+02
1.102612792968750000e+03
9.079100341796875000e+02
8.300877685546875000e+02
1.038128906250000000e+03
7.678611450195312500e+02
9.772863769531250000e+02
1.006851928710937500e+03
9.810819091796875000e+02
8.724406127929687500e+02
1.021427734375000000e+03
9.609357910156250000e+02
8.813827514648437500e+02
1.040692504882812500e+03
9.964907226562500000e+02
7.676662597656250000e+02
9.473410034179687500e+02
1.030453491210937500e+03
1.100889282226562500e+03
8.695103759765625000e+02
9.742202148437500000e+02
1.058647827148437500e+03
1.030013427734375000e+03
1.027336914062500000e+03
1.051067871093750000e+03
9.424695434570312500e+02
8.741105346679687500e+02
9.235941772460937500e+02
1.019334716796875000e+03
9.212153320312500000e+02
9.294698486328125000e+02
8.389600830078125000e+02
9.984669189453125000e+02
1.153994873046875000e+03
6.862550048828125000e+02
1.113983398437500000e+03
9.276857910156250000e+02
9.423472900390625000e+02
8.775667114257812500e+02
9.945448608398437500e+02
1.200822998046875000e+03
9.273823242187500000e+02
8.234609375000000000e+02
8.420057373046875000e+02
9.862214355468750000e+02
1.071580932617187500e+03
7.317553710937500000e+02
7.761809082031250000e+02
9.885592041015625000e+02
6.755438232421875000e+02
1.044557739257812500e+03
6.942744750976562500e+02
1.046493164062500000e+03
9.368086547851562500e+02
5.723400268554687500e+02
9.063365478515625000e+02
1.033475952148437500e+03
1.220335693359375000e+03
9.248159179687500000e+02
9.440666503906250000e+02
7.354969482421875000e+02
7.410921020507812500e+02
1.029257202148437500e+03
8.163752441406250000e+02
1.054087402343750000e+03
6.741021728515625000e+02
7.483547363281250000e+02
8.758038330078125000e+02
9.312178955078125000e+02
8.947489624023437500e+02
1.047515625000000000e+03
8.778515625000000000e+02
7.066770629882812500e+02
7.773097534179687500e+02
7.197023925781250000e+02
6.800834960937500000e+02
1.030200561523437500e+03
7.948546142578125000e+02
8.380589599609375000e+02
9.991668701171875000e+02
8.463258056640625000e+02
7.787902832031250000e+02
7.426242675781250000e+02
9.622106933593750000e+02
8.962305908203125000e+02
1.176175537109375000e+03
7.833200073242187500e+02
1.085896240234375000e+03
8.578243408203125000e+02
9.381029663085937500e+02
1.101009033203125000e+03
1.164986206054687500e+03
7.559301147460937500e+02
7.753931274414062500e+02
8.655523071289062500e+02
7.315966186523437500e+02
9.730325927734375000e+02
9.625280151367187500e+02
9.789541015625000000e+02
9.622883300781250000e+02
9.214242553710937500e+02
1.076059204101562500e+03
1.068370117187500000e+03
8.532078857421875000e+02
9.266542968750000000e+02
9.216795654296875000e+02
1.082832031250000000e+03
7.720417480468750000e+02
9.111967773437500000e+02
1.111834106445312500e+03
1.072070312500000000e+03
8.610988159179687500e+02
9.893713378906250000e+02
1.162259887695312500e+03
1.107109741210937500e+03
9.346657714843750000e+02
9.217374267578125000e+02
1.008093444824218750e+03
7.989980468750000000e+02
7.884351806640625000e+02
8.236951904296875000e+02
1.155175048828125000e+03
9.913204956054687500e+02
9.464909667968750000e+02
7.673936157226562500e+02
1.165996093750000000e+03
9.090530395507812500e+02
1.021911865234375000e+03
1.086709716796875000e+03
6.776692504882812500e+02
1.039217285156250000e+03
1.036721679687500000e+03
7.515085449218750000e+02
9.660664672851562500e+02
9.742068481445312500e+02
6.807381591796875000e+02
6.505144653320312500e+02
9.024597167968750000e+02
7.369864501953125000e+02
8.883859252929687500e+02
1.038855224609375000e+03
9.725755615234375000e+02
7.869844360351562500e+02
6.818260498046875000e+02
1.025059448242187500e+03
9.346403808593750000e+02
1.013308349609375000e+03
9.794663085937500000e+02
8.238102416992187500e+02
1.088716552734375000e+03
7.842117919921875000e+02
7.860179443359375000e+02
1.014924926757812500e+03
9.869718017578125000e+02
8.645245361328125000e+02
8.289432373046875000e+02
1.105771850585937500e+03
9.263811035156250000e+02
9.516307373046875000e+02
9.372862548828125000e+02
8.062044677734375000e+02
9.241358642578125000e+02
8.660458984375000000e+02
7.682382812500000000e+02
1.124341918945312500e+03
1.036358764648437500e+03
7.444291992187500000e+02
1.039654296875000000e+03
8.573388671875000000e+02
1.056859497070312500e+03
8.266866455078125000e+02
8.543386840820312500e+02
7.956547241210937500e+02
7.870433349609375000e+02
7.028494262695312500e+02
7.891455078125000000e+02
7.822001953125000000e+02
9.501033325195312500e+02
8.507196655273437500e+02
8.597691650390625000e+02
8.495943603515625000e+02
8.258236083984375000e+02
8.325560302734375000e+02
9.894698486328125000e+02
8.425773925781250000e+02
9.547598266601562500e+02
8.885714111328125000e+02
8.725568237304687500e+02
8.193453979492187500e+02
8.764107055664062500e+02
8.658868408203125000e+02
9.339837646484375000e+02
1.088104370117187500e+03
8.542365722656250000e+02
9.438916625976562500e+02
1.033832031250000000e+03
1.044634277343750000e+03
9.434835205078125000e+02
7.460140380859375000e+02
1.087601806640625000e+03
9.477458496093750000e+02
9.773648681640625000e+02
8.451618652343750000e+02
1.104487548828125000e+03
1.150292358398437500e+03
7.633846435546875000e+02
7.778672485351562500e+02
8.595661621093750000e+02
9.590662231445312500e+02
8.906955566406250000e+02
9.941609497070312500e+02
9.453500366210937500e+02
7.926986083984375000e+02
9.095753173828125000e+02
9.312432861328125000e+02
8.776494750976562500e+02
8.172156982421875000e+02
9.062690429687500000e+02
9.973685302734375000e+02
9.682227172851562500e+02
8.798038330078125000e+02
8.670772705078125000e+02
1.038285888671875000e+03
7.706289062500000000e+02
