5.396508125000000000e+05
5.295288750000000000e+05
5.122331562500000000e+05
4.994955625000000000e+05
5.434230000000000000e+05
4.773719375000000000e+05
5.006140625000000000e+05
5.372605000000000000e+05
5.167619062500000000e+05
5.343972500000000000e+05
5.378160625000000000e+05
5.360216250000000000e+05
5.088510312500000000e+05
5.047061250000000000e+05
5.109195625000000000e+05
5.332122500000000000e+05
5.137551875000000000e+05
5.419847500000000000e+05
4.945046250000000000e+05
5.192663750000000000e+05
5.253101250000000000e+05
5.299008125000000000e+05
4.689451562500000000e+05
5.164190000000000000e+05
5.127116562500000000e+05
5.075223750000000000e+05
5.218682500000000000e+05
5.113519062500000000e+05
4.945599687500000000e+05
4.993218125000000000e+05
4.977213125000000000e+05
4.654027187500000000e+05
4.639497187500000000e+05
4.724315937500000000e+05
5.127159375000000000e+05
4.307032187500000000e+05
4.598693437500000000e+05
4.115318125000000000e+05
4.007452187500000000e+05
3.443791562500000000e+05
3.334422500000000000e+05
3.051245000000000000e+05
2.653119375000000000e+05
2.210187343750000000e+05
1.819016718750000000e+05
1.511210156250000000e+05
1.122761093750000000e+05
7.743319531250000000e+04
5.558242968750000000e+04
2.653156640625000000e+04
2.639095117187500000e+04
4.239915234375000000e+04
4.877385937500000000e+04
8.316775781250000000e+04
8.517600781250000000e+04
6.079489062500000000e+04
5.990271875000000000e+04
3.862955859375000000e+04
2.208115039062500000e+04
1.243142871093750000e+04
1.158115332031250000e+04
1.207645703125000000e+04
2.092550585937500000e+04
2.679544921875000000e+04
2.147056640625000000e+04
3.025355859375000000e+04
2.797929687500000000e+04
2.726201953125000000e+04
2.152000390625000000e+04
2.197333984375000000e+04
1.880970703125000000e+04
1.223852636718750000e+04
7.966444335937500000e+03
7.371718750000000000e+03
7.114687500000000000e+03
8.412437500000000000e+03
7.022227539062500000e+03
9.751362304687500000e+03
1.195826269531250000e+04
1.176942187500000000e+04
1.044703320312500000e+04
1.083501953125000000e+04
9.709436523437500000e+03
9.044642578125000000e+03
7.326686523437500000e+03
6.612884765625000000e+03
4.489711914062500000e+03
7.451103027343750000e+03
5.585057617187500000e+03
6.820324218750000000e+03
7.099459472656250000e+03
8.454519531250000000e+03
6.795568359375000000e+03
8.340573242187500000e+03
6.410278320312500000e+03
6.844080078125000000e+03
4.657337402343750000e+03
6.118954101562500000e+03
6.645681640625000000e+03
5.393568359375000000e+03
5.900843750000000000e+03
6.187738281250000000e+03
5.986373046875000000e+03
7.133061523437500000e+03
7.237414062500000000e+03
5.666651367187500000e+03
5.161804199218750000e+03
5.236631835937500000e+03
5.697749023437500000e+03
5.930344726562500000e+03
5.723230957031250000e+03
6.101723632812500000e+03
4.779973144531250000e+03
4.853833007812500000e+03
4.654402343750000000e+03
5.274353027343750000e+03
4.316818359375000000e+03
4.936540039062500000e+03
5.742381347656250000e+03
4.985355957031250000e+03
5.140207519531250000e+03
6.572266601562500000e+03
5.971081054687500000e+03
4.867943359375000000e+03
5.134806640625000000e+03
5.205535156250000000e+03
6.324412109375000000e+03
4.623666992187500000e+03
5.733767578125000000e+03
4.344258300781250000e+03
4.136341796875000000e+03
5.138934570312500000e+03
5.156296875000000000e+03
4.878269531250000000e+03
5.120379882812500000e+03
5.524065917968750000e+03
4.885993652343750000e+03
4.229005859375000000e+03
4.986128906250000000e+03
3.745670410156250000e+03
5.244208984375000000e+03
5.381903320312500000e+03
4.649886718750000000e+03
4.584749023437500000e+03
4.549564453125000000e+03
4.726201171875000000e+03
4.460428222656250000e+03
3.529661865234375000e+03
5.428533203125000000e+03
4.546770507812500000e+03
6.493520019531250000e+03
4.688412109375000000e+03
4.424989257812500000e+03
4.043162841796875000e+03
5.564453125000000000e+03
5.938018554687500000e+03
4.802040039062500000e+03
5.086210937500000000e+03
4.130181152343750000e+03
4.874085937500000000e+03
4.246304687500000000e+03
5.521458496093750000e+03
5.442232910156250000e+03
4.589012695312500000e+03
4.331887695312500000e+03
3.534215576171875000e+03
4.006454589843750000e+03
4.770727539062500000e+03
3.974583984375000000e+03
4.856379882812500000e+03
3.978169677734375000e+03
4.124323730468750000e+03
4.696505859375000000e+03
4.648537597656250000e+03
3.647603515625000000e+03
4.812896484375000000e+03
5.204331054687500000e+03
4.433335937500000000e+03
3.449896484375000000e+03
4.665765625000000000e+03
4.414411132812500000e+03
3.535413085937500000e+03
4.755226074218750000e+03
4.314149414062500000e+03
4.287041503906250000e+03
4.849908203125000000e+03
3.883823242187500000e+03
4.154949218750000000e+03
3.947558105468750000e+03
4.252488769531250000e+03
4.842792480468750000e+03
4.391527343750000000e+03
4.159777832031250000e+03
4.112105957031250000e+03
4.508398925781250000e+03
4.161363281250000000e+03
4.089518554687500000e+03
4.458930664062500000e+03
4.823143554687500000e+03
4.426347167968750000e+03
3.039354736328125000e+03
3.721144775390625000e+03
4.243957031250000000e+03
4.211678710937500000e+03
4.685106445312500000e+03
3.575866699218750000e+03
4.438351562500000000e+03
3.650077148437500000e+03
4.301818847656250000e+03
5.236968750000000000e+03
4.997549804687500000e+03
3.962330078125000000e+03
4.099821777343750000e+03
3.351463378906250000e+03
4.679951171875000000e+03
3.927845703125000000e+03
3.943582275390625000e+03
3.975226074218750000e+03
4.957899414062500000e+03
4.101173339843750000e+03
3.088018554687500000e+03
3.879292480468750000e+03
3.865035644531250000e+03
3.982565429687500000e+03
3.388936279296875000e+03
4.250214355468750000e+03
3.639880859375000000e+03
3.794338867187500000e+03
4.143916992187500000e+03
4.919408203125000000e+03
4.567884765625000000e+03
4.359954101562500000e+03
3.872228027343750000e+03
4.235075195312500000e+03
4.152591796875000000e+03
4.309087890625000000e+03
4.714947265625000000e+03
4.498467285156250000e+03
3.336463378906250000e+03
3.221438476562500000e+03
3.991559082031250000e+03
3.964020507812500000e+03
3.522478515625000000e+03
3.696072265625000000e+03
4.500568359375000000e+03
3.320592285156250000e+03
4.251529785156250000e+03
4.677199218750000000e+03
3.595945800781250000e+03
3.544005126953125000e+03
3.383832519531250000e+03
4.379603515625000000e+03
4.076488525390625000e+03
4.199720703125000000e+03
3.657502441406250000e+03
3.590338378906250000e+03
4.464878906250000000e+03
3.491896728515625000e+03
3.242561279296875000e+03
3.615096679687500000e+03
4.483353515625000000e+03
3.438493652343750000e+03
3.510272460937500000e+03
3.642188476562500000e+03
4.302897460937500000e+03
3.802376464843750000e+03
3.581093261718750000e+03
5.886076660156250000e+03
4.462546875000000000e+03
3.195289550781250000e+03
2.923341796875000000e+03
4.372399902343750000e+03
4.291412109375000000e+03
3.630091552734375000e+03
4.140622070312500000e+03
4.021813964843750000e+03
4.458413574218750000e+03
4.610580078125000000e+03
3.799625488281250000e+03
3.182969970703125000e+03
4.172012207031250000e+03
4.262582031250000000e+03
3.505548095703125000e+03
3.337991699218750000e+03
3.568164306640625000e+03
3.688325683593750000e+03
3.866022949218750000e+03
3.720478271484375000e+03
3.577193847656250000e+03
4.547595703125000000e+03
3.005145019531250000e+03
3.669143066406250000e+03
4.312422851562500000e+03
3.883211669921875000e+03
4.221642578125000000e+03
3.106710937500000000e+03
3.488539794921875000e+03
3.032434082031250000e+03
4.516319335937500000e+03
3.805975097656250000e+03
3.087818603515625000e+03
3.995652832031250000e+03
3.974757568359375000e+03
4.220039062500000000e+03
2.342695800781250000e+03
3.568132812500000000e+03
3.558192138671875000e+03
4.093675537109375000e+03
4.066455078125000000e+03
4.267628417968750000e+03
3.074867919921875000e+03
2.939270507812500000e+03
3.708711425781250000e+03
3.174685791015625000e+03
2.942829101562500000e+03
3.515536621093750000e+03
3.638385986328125000e+03
4.361750976562500000e+03
3.631278808593750000e+03
4.027228027343750000e+03
2.789033691406250000e+03
3.857404296875000000e+03
3.539233886718750000e+03
2.616871093750000000e+03
2.927955566406250000e+03
3.494940917968750000e+03
3.342490966796875000e+03
3.384870361328125000e+03
2.772406738281250000e+03
3.698780273437500000e+03
3.764115966796875000e+03
4.634503417968750000e+03
4.532074218750000000e+03
3.645512207031250000e+03
3.639103759765625000e+03
2.881625976562500000e+03
4.217125488281250000e+03
2.639253906250000000e+03
3.630829589843750000e+03
3.204414550781250000e+03
3.003982910156250000e+03
2.706639648437500000e+03
2.949522949218750000e+03
4.057935058593750000e+03
3.866579101562500000e+03
4.057942382812500000e+03
3.315935058593750000e+03
3.852683593750000000e+03
4.103628906250000000e+03
3.187532470703125000e+03
2.599389892578125000e+03
3.204215332031250000e+03
3.741762207031250000e+03
3.778553955078125000e+03
3.360795410156250000e+03
2.707295410156250000e+03
3.497638427734375000e+03
2.656648437500000000e+03
3.082561035156250000e+03
3.074446777343750000e+03
3.498137207031250000e+03
3.423506591796875000e+03
3.121036132812500000e+03
3.449507812500000000e+03
3.593282226562500000e+03
2.895235351562500000e+03
3.165106445312500000e+03
3.767067382812500000e+03
3.151407226562500000e+03
2.768520996093750000e+03
2.748233154296875000e+03
4.288536621093750000e+03
3.160274902343750000e+03
3.156017822265625000e+03
2.631559570312500000e+03
3.682077880859375000e+03
4.938684570312500000e+03
2.813368652343750000e+03
4.176688964843750000e+03
2.658263427734375000e+03
3.623793457031250000e+03
3.157243652343750000e+03
3.180671875000000000e+03
3.044658203125000000e+03
2.975249511718750000e+03
4.517253906250000000e+03
2.872541992187500000e+03
3.153308105468750000e+03
2.168663085937500000e+03
2.814135742187500000e+03
3.040121826171875000e+03
2.684858398437500000e+03
3.444576171875000000e+03
2.763169921875000000e+03
3.651214355468750000e+03
3.461675781250000000e+03
3.414228759765625000e+03
3.388459960937500000e+03
2.836274902343750000e+03
3.314815429687500000e+03
3.706322753906250000e+03
3.034472900390625000e+03
3.059487792968750000e+03
2.733147949218750000e+03
3.005479003906250000e+03
2.667940917968750000e+03
2.702995361328125000e+03
2.516475097656250000e+03
3.761196289062500000e+03
2.961904052734375000e+03
3.340705566406250000e+03
2.714786621093750000e+03
2.625363769531250000e+03
2.809623779296875000e+03
3.346290527343750000e+03
3.352827636718750000e+03
2.903035400390625000e+03
3.488396240234375000e+03
3.095491210937500000e+03
2.393666259765625000e+03
3.034026367187500000e+03
2.954987060546875000e+03
2.791795898437500000e+03
2.414821289062500000e+03
3.727843017578125000e+03
2.602243896484375000e+03
3.214728027343750000e+03
2.843173828125000000e+03
3.084101074218750000e+03
4.273984375000000000e+03
2.972130859375000000e+03
2.746132812500000000e+03
2.288468017578125000e+03
2.706263671875000000e+03
2.734688964843750000e+03
2.181926269531250000e+03
3.744561035156250000e+03
2.381250488281250000e+03
2.881041259765625000e+03
2.863447265625000000e+03
4.139665527343750000e+03
3.107964355468750000e+03
2.750701416015625000e+03
2.265790039062500000e+03
3.486594482421875000e+03
3.218319335937500000e+03
2.965773925781250000e+03
2.928637207031250000e+03
2.749723632812500000e+03
3.370331542968750000e+03
2.767778808593750000e+03
2.416955566406250000e+03
3.346199707031250000e+03
2.898748535156250000e+03
3.577033203125000000e+03
2.505454101562500000e+03
2.542305175781250000e+03
2.585263671875000000e+03
3.041811035156250000e+03
2.772424560546875000e+03
2.337291748046875000e+03
3.248665283203125000e+03
2.947818847656250000e+03
2.476722656250000000e+03
2.589506103515625000e+03
2.958644531250000000e+03
3.178954101562500000e+03
2.565772705078125000e+03
2.485751464843750000e+03
2.471420898437500000e+03
2.503007324218750000e+03
2.104438964843750000e+03
2.585864257812500000e+03
3.137981445312500000e+03
2.645461914062500000e+03
2.711910644531250000e+03
2.471904296875000000e+03
2.870768798828125000e+03
2.233967041015625000e+03
2.711725585937500000e+03
2.663833251953125000e+03
1.914838623046875000e+03
2.673787597656250000e+03
2.384837646484375000e+03
2.441078613281250000e+03
2.388282226562500000e+03
2.727875000000000000e+03
2.901748535156250000e+03
2.608967529296875000e+03
2.328871337890625000e+03
2.747508056640625000e+03
2.840264648437500000e+03
2.399365722656250000e+03
2.555911621093750000e+03
2.668690429687500000e+03
2.734490722656250000e+03
2.739120849609375000e+03
2.849614990234375000e+03
2.559099121093750000e+03
2.357699218750000000e+03
2.401157226562500000e+03
2.752117431640625000e+03
2.443917968750000000e+03
2.192469482421875000e+03
2.892814453125000000e+03
2.596379394531250000e+03
2.419978515625000000e+03
2.572562744140625000e+03
2.216311767578125000e+03
2.605145507812500000e+03
3.102332519531250000e+03
2.016380615234375000e+03
2.517432617187500000e+03
2.628666259765625000e+03
2.582711914062500000e+03
2.565193359375000000e+03
3.052691162109375000e+03
2.455671142578125000e+03
2.283099853515625000e+03
2.435497558593750000e+03
2.400210449218750000e+03
2.345554931640625000e+03
2.279737792968750000e+03
2.610643554687500000e+03
2.099028320312500000e+03
2.362977783203125000e+03
2.467154785156250000e+03
2.448243408203125000e+03
2.598777832031250000e+03
2.477141845703125000e+03
2.516618164062500000e+03
2.231925781250000000e+03
2.028794067382812500e+03
2.304103515625000000e+03
2.707031982421875000e+03
2.425979980468750000e+03
2.219518310546875000e+03
2.430434570312500000e+03
1.984017822265625000e+03
2.840978515625000000e+03
2.452517333984375000e+03
2.445448730468750000e+03
2.520012695312500000e+03
1.736463378906250000e+03
2.510649169921875000e+03
2.241068359375000000e+03
2.521063964843750000e+03
2.151980957031250000e+03
1.920318847656250000e+03
2.958787841796875000e+03
2.093734863281250000e+03
2.118424072265625000e+03
2.504410644531250000e+03
2.134702148437500000e+03
3.053188720703125000e+03
2.352818603515625000e+03
2.169540527343750000e+03
2.198141601562500000e+03
2.090091064453125000e+03
2.489906250000000000e+03
2.275596191406250000e+03
2.045150146484375000e+03
2.337433593750000000e+03
2.248167236328125000e+03
1.846345458984375000e+03
2.248567871093750000e+03
2.246336181640625000e+03
2.172464111328125000e+03
1.914911499023437500e+03
2.549866455078125000e+03
1.985308471679687500e+03
2.547644531250000000e+03
1.896333129882812500e+03
1.931950683593750000e+03
1.906124023437500000e+03
2.099440429687500000e+03
2.544820800781250000e+03
2.018580078125000000e+03
1.569969604492187500e+03
1.978836181640625000e+03
1.862486816406250000e+03
2.461473876953125000e+03
2.065069580078125000e+03
2.066846191406250000e+03
2.221157470703125000e+03
1.761646972656250000e+03
1.944020507812500000e+03
2.119689453125000000e+03
2.070283691406250000e+03
2.358208007812500000e+03
2.427961914062500000e+03
1.623530395507812500e+03
1.988909545898437500e+03
1.860304443359375000e+03
2.418262207031250000e+03
1.789520263671875000e+03
2.117511718750000000e+03
1.768186523437500000e+03
2.083594482421875000e+03
2.254131347656250000e+03
2.427807861328125000e+03
1.621151733398437500e+03
1.771143432617187500e+03
2.027147460937500000e+03
2.252639892578125000e+03
2.333020019531250000e+03
1.957156738281250000e+03
2.399461425781250000e+03
2.090781982421875000e+03
2.098205322265625000e+03
1.667571533203125000e+03
1.361332275390625000e+03
2.266933593750000000e+03
1.699281616210937500e+03
1.629212768554687500e+03
2.005492431640625000e+03
2.087370605468750000e+03
1.189617675781250000e+03
2.076932128906250000e+03
2.128387451171875000e+03
1.944233032226562500e+03
1.903244384765625000e+03
2.216510253906250000e+03
1.875093017578125000e+03
2.134404541015625000e+03
2.149511718750000000e+03
2.010698242187500000e+03
1.692447875976562500e+03
2.023493896484375000e+03
1.474204956054687500e+03
1.382634521484375000e+03
1.634896362304687500e+03
1.647166625976562500e+03
1.804955566406250000e+03
1.893091552734375000e+03
1.875361450195312500e+03
1.897446777343750000e+03
1.682180419921875000e+03
1.781658203125000000e+03
2.256958496093750000e+03
1.532868896484375000e+03
2.060496582031250000e+03
1.916957031250000000e+03
2.169247070312500000e+03
1.671698242187500000e+03
1.977637451171875000e+03
1.812308349609375000e+03
2.098047363281250000e+03
1.624157104492187500e+03
1.993817016601562500e+03
1.743345458984375000e+03
1.525317504882812500e+03
1.702155029296875000e+03
1.418447143554687500e+03
1.704126708984375000e+03
1.467596801757812500e+03
1.787676513671875000e+03
1.449416259765625000e+03
2.004346069335937500e+03
2.113143310546875000e+03
1.411720947265625000e+03
1.514666015625000000e+03
1.773390625000000000e+03
1.392158203125000000e+03
1.620659423828125000e+03
1.640832519531250000e+03
1.532614257812500000e+03
2.206303710937500000e+03
2.172741943359375000e+03
1.636407592773437500e+03
1.470950195312500000e+03
1.697957763671875000e+03
1.717020751953125000e+03
1.914183959960937500e+03
1.482165039062500000e+03
1.892917968750000000e+03
1.771055419921875000e+03
1.843146972656250000e+03
1.620176757812500000e+03
1.736536865234375000e+03
1.754547851562500000e+03
1.873632812500000000e+03
1.369823974609375000e+03
1.646136474609375000e+03
1.864830078125000000e+03
1.493179443359375000e+03
1.463724365234375000e+03
2.119233154296875000e+03
1.704534057617187500e+03
1.322753906250000000e+03
1.498951416015625000e+03
1.577550537109375000e+03
1.900910644531250000e+03
1.368721679687500000e+03
1.528891357421875000e+03
1.478032470703125000e+03
1.883114257812500000e+03
1.411547851562500000e+03
1.322618408203125000e+03
1.486023803710937500e+03
1.456556762695312500e+03
1.207447631835937500e+03
1.767658691406250000e+03
1.509852050781250000e+03
1.540753784179687500e+03
1.471462524414062500e+03
1.296800292968750000e+03
1.507277343750000000e+03
1.807489501953125000e+03
1.469497680664062500e+03
1.677288330078125000e+03
1.910932128906250000e+03
1.253086669921875000e+03
1.544749267578125000e+03
1.540309082031250000e+03
1.558095703125000000e+03
1.357182739257812500e+03
1.577052368164062500e+03
1.402362426757812500e+03
1.414703613281250000e+03
1.199089965820312500e+03
1.580171752929687500e+03
1.560370117187500000e+03
1.954631835937500000e+03
1.420173950195312500e+03
1.632984130859375000e+03
1.347857421875000000e+03
1.461650268554687500e+03
1.844125122070312500e+03
1.221898803710937500e+03
1.058535278320312500e+03
1.277608032226562500e+03
1.337230224609375000e+03
1.936745849609375000e+03
1.424478515625000000e+03
1.381306640625000000e+03
1.117828125000000000e+03
1.515559326171875000e+03
1.573441406250000000e+03
1.390778564453125000e+03
1.611814208984375000e+03
1.867463012695312500e+03
1.229055175781250000e+03
1.192157592773437500e+03
1.200890380859375000e+03
1.801440917968750000e+03
1.222315307617187500e+03
1.448375122070312500e+03
1.247838256835937500e+03
1.363856445312500000e+03
1.278978515625000000e+03
1.675924316406250000e+03
1.169049682617187500e+03
1.195568603515625000e+03
1.492430664062500000e+03
1.266803466796875000e+03
1.148588500976562500e+03
1.596055664062500000e+03
1.663656005859375000e+03
1.103422119140625000e+03
1.681992919921875000e+03
1.326266967773437500e+03
1.334587036132812500e+03
1.550410156250000000e+03
1.599394775390625000e+03
1.509173583984375000e+03
1.459779907226562500e+03
1.120668579101562500e+03
1.026230102539062500e+03
1.155218505859375000e+03
1.525985229492187500e+03
1.495261840820312500e+03
1.159365600585937500e+03
9.161240844726562500e+02
1.222903564453125000e+03
1.253587402343750000e+03
1.314844238281250000e+03
1.277763916015625000e+03
1.133465454101562500e+03
1.359033203125000000e+03
9.969100341796875000e+02
1.340494140625000000e+03
1.432641357421875000e+03
1.354208618164062500e+03
1.079510986328125000e+03
1.492201538085937500e+03
1.182187255859375000e+03
1.128891601562500000e+03
1.160261230468750000e+03
1.173664550781250000e+03
1.159753173828125000e+03
1.567868408203125000e+03
1.325990234375000000e+03
1.351137207031250000e+03
1.108281738281250000e+03
1.324966918945312500e+03
1.540907470703125000e+03
1.196044311523437500e+03
1.255363281250000000e+03
1.064668701171875000e+03
1.310977539062500000e+03
1.038097290039062500e+03
1.029215209960937500e+03
1.069108886718750000e+03
1.230229492187500000e+03
1.265102050781250000e+03
1.206223876953125000e+03
1.127305786132812500e+03
1.277685791015625000e+03
9.715531005859375000e+02
1.084222778320312500e+03
1.332846923828125000e+03
9.322060546875000000e+02
1.278053222656250000e+03
1.088860839843750000e+03
1.450874023437500000e+03
1.061897949218750000e+03
1.362729980468750000e+03
1.220233642578125000e+03
1.039311889648437500e+03
1.284510253906250000e+03
1.314968017578125000e+03
1.048470825195312500e+03
1.054633300781250000e+03
1.060584716796875000e+03
1.030871093750000000e+03
1.300528564453125000e+03
1.025422119140625000e+03
1.162513427734375000e+03
1.275707519531250000e+03
1.304488769531250000e+03
1.078563232421875000e+03
9.235333251953125000e+02
9.957407226562500000e+02
1.245759887695312500e+03
9.964386596679687500e+02
1.258629760742187500e+03
1.246709350585937500e+03
9.533940429687500000e+02
1.157714477539062500e+03
1.032306396484375000e+03
1.026716918945312500e+03
9.276823730468750000e+02
1.184797119140625000e+03
1.008583312988281250e+03
1.131167480468750000e+03
1.130171875000000000e+03
1.042598876953125000e+03
1.349408081054687500e+03
1.346803100585937500e+03
1.154181152343750000e+03
1.313297607421875000e+03
1.056842041015625000e+03
1.254041259765625000e+03
9.013422851562500000e+02
1.133127807617187500e+03
1.285343994140625000e+03
1.072442260742187500e+03
1.078657226562500000e+03
1.122003784179687500e+03
1.108750488281250000e+03
1.084507934570312500e+03
1.062778198242187500e+03
1.105407592773437500e+03
9.883883056640625000e+02
9.452554931640625000e+02
8.957403564453125000e+02
1.350022949218750000e+03
1.134905517578125000e+03
1.035523925781250000e+03
1.132738891601562500e+03
1.084689697265625000e+03
1.129447998046875000e+03
1.006505004882812500e+03
9.576356201171875000e+02
1.086070678710937500e+03
1.203247802734375000e+03
8.720011596679687500e+02
1.037529174804687500e+03
1.322152099609375000e+03
1.051854492187500000e+03
9.405819091796875000e+02
1.198417724609375000e+03
1.111101562500000000e+03
8.966032714843750000e+02
8.317394409179687500e+02
1.097877685546875000e+03
9.266901855468750000e+02
1.014825866699218750e+03
1.055042968750000000e+03
9.060543823242187500e+02
8.589080810546875000e+02
1.040606445312500000e+03
1.121629638671875000e+03
1.082477783203125000e+03
1.127973266601562500e+03
1.086622314453125000e+03
7.802770385742187500e+02
1.305874755859375000e+03
1.157989746093750000e+03
1.095419677734375000e+03
9.022952270507812500e+02
1.131374755859375000e+03
9.506041259765625000e+02
1.045887084960937500e+03
9.852241821289062500e+02
9.334471435546875000e+02
9.373935546875000000e+02
1.031544921875000000e+03
1.034873413085937500e+03
1.176201782226562500e+03
1.229333007812500000e+03
1.020261108398437500e+03
9.515587158203125000e+02
1.049352905273437500e+03
9.039232177734375000e+02
8.975028076171875000e+02
1.533315185546875000e+03
8.195427856445312500e+02
9.418557128906250000e+02
1.061498779296875000e+03
1.056637695312500000e+03
1.156362548828125000e+03
7.367510375976562500e+02
1.220200561523437500e+03
1.090338500976562500e+03
1.331463867187500000e+03
1.025314819335937500e+03
1.096889404296875000e+03
9.354315185546875000e+02
9.840922851562500000e+02
9.391206054687500000e+02
1.074703613281250000e+03
1.073256347656250000e+03
1.034792480468750000e+03
9.405556640625000000e+02
9.465285644531250000e+02
9.507406005859375000e+02
8.136201782226562500e+02
8.382819824218750000e+02
9.003929443359375000e+02
1.001453125000000000e+03
1.024012939453125000e+03
9.456656494140625000e+02
9.522150268554687500e+02
1.049610839843750000e+03
9.726389160156250000e+02
8.629296875000000000e+02
8.931734619140625000e+02
9.111873779296875000e+02
9.269713134765625000e+02
1.111649658203125000e+03
1.000016235351562500e+03
1.222209350585937500e+03
1.099551513671875000e+03
8.193745117187500000e+02
1.003475830078125000e+03
1.329580810546875000e+03
1.054578735351562500e+03
1.007013427734375000e+03
1.038695190429687500e+03
1.092405883789062500e+03
1.122176025390625000e+03
1.195382446289062500e+03
9.821166992187500000e+02
8.987083740234375000e+02
1.104243896484375000e+03
1.023699218750000000e+03
1.009243408203125000e+03
9.961993408203125000e+02
8.430413208007812500e+02
8.795686035156250000e+02
9.975095825195312500e+02
1.017475830078125000e+03
9.720631103515625000e+02
9.801203613281250000e+02
9.151623535156250000e+02
1.363958007812500000e+03
9.760462646484375000e+02
8.516694946289062500e+02
8.528209228515625000e+02
9.707192382812500000e+02
1.107244018554687500e+03
9.941790771484375000e+02
7.362500000000000000e+02
8.506202392578125000e+02
1.082180419921875000e+03
7.012308349609375000e+02
8.509920654296875000e+02
8.401701049804687500e+02
8.188676757812500000e+02
1.036251708984375000e+03
9.853612060546875000e+02
1.090494506835937500e+03
1.065263549804687500e+03
9.223521728515625000e+02
8.759324951171875000e+02
9.726563720703125000e+02
1.152458862304687500e+03
9.965769653320312500e+02
7.143575439453125000e+02
8.808250732421875000e+02
7.140073242187500000e+02
1.105019409179687500e+03
8.125919799804687500e+02
7.265914306640625000e+02
1.154780273437500000e+03
9.743171386718750000e+02
9.870461425781250000e+02
8.565658569335937500e+02
1.070003417968750000e+03
1.232582397460937500e+03
7.231436767578125000e+02
6.987043457031250000e+02
9.469590454101562500e+02
8.324315185546875000e+02
9.303377685546875000e+02
6.760347900390625000e+02
8.540494995117187500e+02
9.765391845703125000e+02
7.415299072265625000e+02
9.039577636718750000e+02
1.240851196289062500e+03
7.042108154296875000e+02
1.007173461914062500e+03
1.009039428710937500e+03
9.751331787109375000e+02
8.628336791992187500e+02
8.953345947265625000e+02
9.961002197265625000e+02
1.071213867187500000e+03
1.078295166015625000e+03
1.183451416015625000e+03
8.079548339843750000e+02
8.137420654296875000e+02
1.116982177734375000e+03
1.053979492187500000e+03
8.289862060546875000e+02
1.085809082031250000e+03
8.599096679687500000e+02
8.754099121093750000e+02
9.164364013671875000e+02
1.232408203125000000e+03
8.781905517578125000e+02
8.343297119140625000e+02
8.765725097656250000e+02
8.677275390625000000e+02
7.150900878906250000e+02
8.592857666015625000e+02
1.037206298828125000e+03
1.143919555664062500e+03
9.271892089843750000e+02
8.147102661132812500e+02
8.385168457031250000e+02
8.073347167968750000e+02
1.119496948242187500e+03
1.098044189453125000e+03
7.550272216796875000e+02
6.489740600585937500e+02
7.437218017578125000e+02
7.930989990234375000e+02
9.884703369140625000e+02
8.336799926757812500e+02
1.023049560546875000e+03
9.803941650390625000e+02
8.818062744140625000e+02
8.422188720703125000e+02
1.049515991210937500e+03
1.032874633789062500e+03
1.014253295898437500e+03
8.618361816406250000e+02
6.738616333007812500e+02
9.248309326171875000e+02
9.141724243164062500e+02
7.855209350585937500e+02
8.737145996093750000e+02
1.059936523437500000e+03
8.132376708984375000e+02
8.721124267578125000e+02
6.669660644531250000e+02
8.029781494140625000e+02
1.085190673828125000e+03
8.355937500000000000e+02
9.872338867187500000e+02
9.836770629882812500e+02
8.059838867187500000e+02
9.474223632812500000e+02
7.559494018554687500e+02
1.012598266601562500e+03
8.668552246093750000e+02
8.149261474609375000e+02
9.055440673828125000e+02
9.671527099609375000e+02
7.374946289062500000e+02
9.044739990234375000e+02
8.656202392578125000e+02
8.733272705078125000e+02
6.444862670898437500e+02
8.071919555664062500e+02
8.132553710937500000e+02
8.735150146484375000e+02
9.792769775390625000e+02
8.777235107421875000e+02
7.799145507812500000e+02
6.920987548828125000e+02
1.093606079101562500e+03
1.060943359375000000e+03
9.935855102539062500e+02
7.585100708007812500e+02
8.098937988281250000e+02
1.113855834960937500e+03
1.042750244140625000e+03
6.496768188476562500e+02
1.248500732421875000e+03
7.661778564453125000e+02
8.827741088867187500e+02
1.066161254882812500e+03
7.971130371093750000e+02
7.109926757812500000e+02
8.302337646484375000e+02
7.264195556640625000e+02
7.566981201171875000e+02
9.427056274414062500e+02
7.343973388671875000e+02
9.345306396484375000e+02
7.385982666015625000e+02
9.120878906250000000e+02
7.038317260742187500e+02
9.759512939453125000e+02
7.792783203125000000e+02
9.008193359375000000e+02
7.522822265625000000e+02
9.322494506835937500e+02
7.468572387695312500e+02
7.096328125000000000e+02
5.916553955078125000e+02
9.011168212890625000e+02
6.356273803710937500e+02
7.630944213867187500e+02
8.850864868164062500e+02
8.016163330078125000e+02
6.432268066406250000e+02
8.169611816406250000e+02
1.113927734375000000e+03
1.049829589843750000e+03
6.706199951171875000e+02
8.143817138671875000e+02
8.154020996093750000e+02
6.410065307617187500e+02
7.974425048828125000e+02
8.101846923828125000e+02
7.842103271484375000e+02
7.926323242187500000e+02
8.766624755859375000e+02
8.022938232421875000e+02
9.373595581054687500e+02
7.215014648437500000e+02
8.212749023437500000e+02
7.587605590820312500e+02
8.340078125000000000e+02
8.279195556640625000e+02
7.351262207031250000e+02
8.800494384765625000e+02
8.009115600585937500e+02
7.837227172851562500e+02
9.562487182617187500e+02
9.913665771484375000e+02
9.806488037109375000e+02
1.013899169921875000e+03
9.564687500000000000e+02
9.681115112304687500e+02
1.040875000000000000e+03
1.006120239257812500e+03
9.026502685546875000e+02
6.715599365234375000e+02
8.544233398437500000e+02
8.748192138671875000e+02
7.657114257812500000e+02
7.352955322265625000e+02
8.899670410156250000e+02
8.762808837890625000e+02
7.436930541992187500e+02
6.128925170898437500e+02
8.456917724609375000e+02
8.076937255859375000e+02
1.022120849609375000e+03
1.080431396484375000e+03
6.583491821289062500e+02
9.058222656250000000e+02
1.104693603515625000e+03
1.017343627929687500e+03
7.683112182617187500e+02
1.200068115234375000e+03
1.095619262695312500e+03
1.004590759277343750e+03
7.446998291015625000e+02
7.759686279296875000e+02
7.792628173828125000e+02
8.761434936523437500e+02
1.040526245117187500e+03
1.132061645507812500e+03
1.327782226562500000e+03
8.126630859375000000e+02
1.095891113281250000e+03
1.162724365234375000e+03
1.031592895507812500e+03
7.670625000000000000e+02
9.303082275390625000e+02
9.439408569335937500e+02
6.395787353515625000e+02
8.074132690429687500e+02
9.327697753906250000e+02
7.898890991210937500e+02
7.603044433593750000e+02
5.681680297851562500e+02
1.006136352539062500e+03
8.388773193359375000e+02
8.195181274414062500e+02
1.098613281250000000e+03
9.892576904296875000e+02
8.960189208984375000e+02
7.560273437500000000e+02
8.765255737304687500e+02
9.757232666015625000e+02
6.950219116210937500e+02
1.019989624023437500e+03
8.608476562500000000e+02
7.521250000000000000e+02
6.538582153320312500e+02
8.312048950195312500e+02
1.001955688476562500e+03
9.008300170898437500e+02
6.381456909179687500e+02
1.123739746093750000e+03
7.992615966796875000e+02
8.785556030273437500e+02
8.197091674804687500e+02
9.898551025390625000e+02
1.033589355468750000e+03
7.119201049804687500e+02
8.189324951171875000e+02
8.428833007812500000e+02
6.273836059570312500e+02
7.293536987304687500e+02
1.025914550781250000e+03
7.583413085937500000e+02
8.362159423828125000e+02
8.622142333984375000e+02
1.259614257812500000e+03
7.053247680664062500e+02
7.372244873046875000e+02
7.887402343750000000e+02
8.544089965820312500e+02
8.013560791015625000e+02
7.346911621093750000e+02
5.225427246093750000e+02
8.647023925781250000e+02
6.932398071289062500e+02
8.290036621093750000e+02
7.715947265625000000e+02
8.537839355468750000e+02
8.996065673828125000e+02
7.644206542968750000e+02
7.655014648437500000e+02
8.256512451171875000e+02
8.209296875000000000e+02
9.048231201171875000e+02
7.508585205078125000e+02
8.366573486328125000e+02
6.908729248046875000e+02
6.562190551757812500e+02
8.031124267578125000e+02
6.405714111328125000e+02
7.082556152343750000e+02
7.861184082031250000e+02
9.664571533203125000e+02
8.563450317382812500e+02
6.964534912109375000e+02
8.503317260742187500e+02
1.092671386718750000e+03
7.111704101562500000e+02
8.801263427734375000e+02
8.203404541015625000e+02
9.368341064453125000e+02
8.525073242187500000e+02
6.140123901367187500e+02
6.998046264648437500e+02
6.816562500000000000e+02
9.653825683593750000e+02
6.979806518554687500e+02
8.061108398437500000e+02
8.612906494140625000e+02
9.555000000000000000e+02
8.181313476562500000e+02
6.706785888671875000e+02
7.569576416015625000e+02
7.864932861328125000e+02
6.323792724609375000e+02
8.099204711914062500e+02
7.983103027343750000e+02
8.619722900390625000e+02
7.029970703125000000e+02
8.408140869140625000e+02
6.505512695312500000e+02
8.005189208984375000e+02
8.356812744140625000e+02
9.320729980468750000e+02
8.146118164062500000e+02
6.835220336914062500e+02
7.890610961914062500e+02
8.493441162109375000e+02
9.848665771484375000e+02
8.126070556640625000e+02
8.746978759765625000e+02
1.013756835937500000e+03
8.806875610351562500e+02
8.257474365234375000e+02
5.543850708007812500e+02
9.723217773437500000e+02
7.197796630859375000e+02
8.069547729492187500e+02
6.641622924804687500e+02
7.192401123046875000e+02
7.765738525390625000e+02
9.216568603515625000e+02
1.035321289062500000e+03
7.992874755859375000e+02
7.154592895507812500e+02
6.998074951171875000e+02
6.942113037109375000e+02
6.293359375000000000e+02
8.732165527343750000e+02
7.282868041992187500e+02
8.208353271484375000e+02
9.530325927734375000e+02
8.992011718750000000e+02
6.229409179687500000e+02
7.724698486328125000e+02
9.018671875000000000e+02
6.190197753906250000e+02
6.347326660156250000e+02
7.103641967773437500e+02
6.991295776367187500e+02
9.717650146484375000e+02
9.693986816406250000e+02
1.095859375000000000e+03
7.427475585937500000e+02
7.312784423828125000e+02
7.383410644531250000e+02
9.558067016601562500e+02
7.690051269531250000e+02
7.567614746093750000e+02
1.088266357421875000e+03
1.115841308593750000e+03
7.326657104492187500e+02
5.902009277343750000e+02
9.446180419921875000e+02
7.328975830078125000e+02
8.232424316406250000e+02
6.978856201171875000e+02
6.851339111328125000e+02
6.761625976562500000e+02
7.806273803710937500e+02
8.910136718750000000e+02
9.673135986328125000e+02
8.091723632812500000e+02
7.646048583984375000e+02
8.843982543945312500e+02
7.854708251953125000e+02
7.322733154296875000e+02
6.836732788085937500e+02
9.272275390625000000e+02
6.321814575195312500e+02
8.039503173828125000e+02
8.863501586914062500e+02
6.855190429687500000e+02
7.834360961914062500e+02
8.149097900390625000e+02
6.973929443359375000e+02
6.141059570312500000e+02
7.458608398437500000e+02
6.223129882812500000e+02
8.332805175781250000e+02
7.263449096679687500e+02
6.835322875976562500e+02
7.748494873046875000e+02
6.205221557617187500e+02
6.043954467773437500e+02
9.651766967773437500e+02
1.082026733398437500e+03
6.531315307617187500e+02
8.537120971679687500e+02
8.160714111328125000e+02
8.596412353515625000e+02
9.402861328125000000e+02
1.087093261718750000e+03
9.486442871093750000e+02
6.733023681640625000e+02
8.957403564453125000e+02
5.757447509765625000e+02
7.259211425781250000e+02
7.015871582031250000e+02
9.052615966796875000e+02
6.904637451171875000e+02
5.900020751953125000e+02
8.583476562500000000e+02
6.730238037109375000e+02
8.325294189453125000e+02
7.644906005859375000e+02
7.965856323242187500e+02
7.374859619140625000e+02
7.078448486328125000e+02
6.042960205078125000e+02
7.283514404296875000e+02
7.968726806640625000e+02
8.746104125976562500e+02
8.061346435546875000e+02
7.656933593750000000e+02
6.431734619140625000e+02
9.618615112304687500e+02
6.709631347656250000e+02
6.343791503906250000e+02
7.333518066406250000e+02
9.709212646484375000e+02
8.347458496093750000e+02
7.205288085937500000e+02
1.028435546875000000e+03
5.855494384765625000e+02
8.793254394531250000e+02
7.357970581054687500e+02
8.014860839843750000e+02
7.443859863281250000e+02
7.504897460937500000e+02
7.846422729492187500e+02
7.309432373046875000e+02
8.018909912109375000e+02
5.749130859375000000e+02
8.085451660156250000e+02
7.401879272460937500e+02
7.662277221679687500e+02
8.137265014648437500e+02
7.792255859375000000e+02
8.803110351562500000e+02
7.623717041015625000e+02
7.494959106445312500e+02
8.143604125976562500e+02
5.082802124023437500e+02
7.595742187500000000e+02
8.087659912109375000e+02
1.112170288085937500e+03
8.039298095703125000e+02
5.588685302734375000e+02
8.353869628906250000e+02
6.578214111328125000e+02
7.743564453125000000e+02
7.280689697265625000e+02
7.940499267578125000e+02
8.632564697265625000e+02
7.831595458984375000e+02
7.997175903320312500e+02
1.050726318359375000e+03
6.206324462890625000e+02
6.563206176757812500e+02
7.745200195312500000e+02
7.276781616210937500e+02
9.649437255859375000e+02
7.320583496093750000e+02
5.307531738281250000e+02
8.454757080078125000e+02
7.352691650390625000e+02
6.656926269531250000e+02
7.702390136718750000e+02
9.088881835937500000e+02
7.570167236328125000e+02
7.326020507812500000e+02
7.573699951171875000e+02
6.541165161132812500e+02
8.991970214843750000e+02
9.640679931640625000e+02
8.528252563476562500e+02
7.863746337890625000e+02
8.707265625000000000e+02
5.737029418945312500e+02
7.237087402343750000e+02
9.041271972656250000e+02
8.156052246093750000e+02
5.686011962890625000e+02
1.002189331054687500e+03
7.691787109375000000e+02
8.861756591796875000e+02
6.982765502929687500e+02
9.187642211914062500e+02
6.020861206054687500e+02
6.985767822265625000e+02
7.178709716796875000e+02
7.147085571289062500e+02
6.002886352539062500e+02
7.765563354492187500e+02
8.364370727539062500e+02
7.625521850585937500e+02
