1.791888183593750000e+03
3.114147460937500000e+03
1.207724731445312500e+03
1.721789062500000000e+03
2.241816406250000000e+03
7.632427978515625000e+02
2.168505615234375000e+03
1.145517578125000000e+03
9.381062011718750000e+02
3.301274658203125000e+03
2.350982421875000000e+03
1.446625976562500000e+03
2.551361083984375000e+03
1.633371948242187500e+03
7.629548339843750000e+02
1.966439697265625000e+03
1.719284790039062500e+03
2.272953613281250000e+03
2.380445068359375000e+03
2.294408691406250000e+03
1.331599365234375000e+03
1.015569091796875000e+03
2.477799072265625000e+03
2.565300292968750000e+03
7.441169433593750000e+02
2.038829833984375000e+03
1.081607177734375000e+03
1.954447998046875000e+03
1.790703979492187500e+03
1.155945922851562500e+03
2.840668212890625000e+03
7.096597290039062500e+02
2.015598999023437500e+03
1.041893066406250000e+03
6.973065795898437500e+02
1.246346801757812500e+03
1.318098266601562500e+03
1.209067993164062500e+03
2.208056396484375000e+03
4.841813964843750000e+02
8.436386718750000000e+02
1.644891723632812500e+03
1.334795776367187500e+03
6.923530273437500000e+02
1.016832824707031250e+03
6.784285888671875000e+02
1.215534057617187500e+03
1.256128417968750000e+03
1.335875122070312500e+03
8.812010498046875000e+02
1.225113891601562500e+03
1.181033935546875000e+03
4.148417968750000000e+02
1.385892578125000000e+03
8.586988525390625000e+02
3.379733581542968750e+02
3.062468261718750000e+02
6.682713623046875000e+02
1.169345458984375000e+03
1.281017211914062500e+03
1.710569213867187500e+03
5.418812255859375000e+02
8.341716308593750000e+02
7.164889526367187500e+02
1.643361450195312500e+03
8.567532958984375000e+02
6.553355712890625000e+02
7.873118286132812500e+02
1.297161621093750000e+03
4.383568115234375000e+02
1.028327758789062500e+03
1.860264892578125000e+02
3.630791625976562500e+02
2.316182861328125000e+03
6.005557861328125000e+02
1.064603149414062500e+03
6.231194458007812500e+02
1.496941528320312500e+03
3.565759887695312500e+02
3.791771545410156250e+02
8.231699829101562500e+02
1.568499145507812500e+03
4.488737792968750000e+02
1.177065673828125000e+03
1.142517578125000000e+03
2.713916931152343750e+02
1.854198730468750000e+03
5.690172729492187500e+02
4.159267578125000000e+02
1.413192749023437500e+03
6.000714721679687500e+02
5.138120727539062500e+02
7.675536499023437500e+02
6.857977294921875000e+02
6.093399658203125000e+02
2.843368835449218750e+02
1.585975341796875000e+03
8.246342773437500000e+02
8.868090209960937500e+02
4.927168884277343750e+02
1.013488037109375000e+03
2.039173828125000000e+03
7.647727050781250000e+02
3.238469238281250000e+02
5.168648071289062500e+02
3.263117980957031250e+02
9.026963500976562500e+02
7.745701904296875000e+02
1.751431579589843750e+02
1.344957397460937500e+03
1.663721191406250000e+03
8.066344604492187500e+02
5.868718872070312500e+02
1.111517211914062500e+03
9.750103149414062500e+02
4.385236206054687500e+02
4.272377319335937500e+02
8.526622314453125000e+02
1.666709838867187500e+03
1.120840087890625000e+03
6.434483032226562500e+02
1.031746582031250000e+03
9.923367309570312500e+02
4.757089233398437500e+02
9.539163818359375000e+02
3.335874023437500000e+02
9.220370483398437500e+02
8.457611083984375000e+02
6.228554077148437500e+02
1.058897949218750000e+03
7.385119018554687500e+02
5.464899902343750000e+02
1.147944580078125000e+03
6.031524658203125000e+02
8.463766479492187500e+02
8.243196411132812500e+02
2.173610687255859375e+02
6.387957763671875000e+02
1.797743408203125000e+03
8.623160400390625000e+02
1.018856201171875000e+03
9.047283935546875000e+02
1.267903930664062500e+03
5.664218750000000000e+02
1.315085571289062500e+03
5.167124023437500000e+02
2.586796875000000000e+02
5.982592163085937500e+02
3.588765869140625000e+02
6.546977539062500000e+02
8.556311035156250000e+02
1.100246215820312500e+03
9.959376220703125000e+02
1.153615722656250000e+03
5.393167724609375000e+02
7.988359375000000000e+02
3.892034912109375000e+02
6.965950317382812500e+02
7.618061523437500000e+02
9.946812133789062500e+02
1.279880737304687500e+03
1.234304199218750000e+03
3.742525024414062500e+02
7.552205810546875000e+02
4.918383178710937500e+02
1.315195556640625000e+03
4.988449707031250000e+02
8.937748413085937500e+02
6.882610473632812500e+02
1.038660644531250000e+03
9.831223754882812500e+02
3.987948303222656250e+02
8.186373291015625000e+02
9.876573486328125000e+02
6.079063720703125000e+02
3.031936340332031250e+02
9.047740478515625000e+02
1.497819091796875000e+03
7.164763183593750000e+02
5.792373657226562500e+02
7.769655151367187500e+02
5.809920654296875000e+02
1.977726745605468750e+02
5.786309204101562500e+02
6.252359008789062500e+02
3.706023559570312500e+02
1.109944946289062500e+03
6.739392089843750000e+02
1.791606811523437500e+03
6.096165771484375000e+02
3.073475341796875000e+02
2.153689575195312500e+02
2.865356445312500000e+02
1.706304199218750000e+03
6.864019775390625000e+02
1.523076904296875000e+03
2.134248504638671875e+02
3.657809448242187500e+02
9.199234008789062500e+02
4.713847656250000000e+02
9.184051513671875000e+02
1.104338378906250000e+03
9.384591064453125000e+02
2.685379028320312500e+02
1.147265747070312500e+03
6.382297973632812500e+02
4.984457092285156250e+02
1.097044433593750000e+03
3.627896728515625000e+02
8.268089599609375000e+02
5.551506347656250000e+02
1.055012573242187500e+03
5.668523559570312500e+02
6.409625244140625000e+02
6.012578125000000000e+02
3.978170471191406250e+02
1.058259521484375000e+03
6.099882812500000000e+02
7.462738037109375000e+02
5.353196411132812500e+02
1.079233886718750000e+03
7.460050048828125000e+02
1.009457946777343750e+03
3.353776245117187500e+02
4.088694458007812500e+02
8.093018798828125000e+02
6.650963134765625000e+02
6.348884887695312500e+02
9.780859985351562500e+02
2.231987152099609375e+02
8.760996093750000000e+02
3.935838623046875000e+02
1.200281494140625000e+03
6.844337158203125000e+02
6.235991821289062500e+02
2.509812011718750000e+02
6.405266723632812500e+02
1.016217468261718750e+03
1.461278442382812500e+03
4.052005615234375000e+02
3.823836364746093750e+02
4.437586669921875000e+02
8.122882080078125000e+02
2.709573974609375000e+02
4.838700256347656250e+02
4.969356079101562500e+02
9.403262329101562500e+02
1.067657104492187500e+03
3.553834838867187500e+02
5.798808593750000000e+02
3.445899658203125000e+02
6.176225585937500000e+02
9.268863525390625000e+02
3.362015380859375000e+02
4.325364379882812500e+02
6.818937988281250000e+02
3.900508422851562500e+02
1.034392944335937500e+03
3.773678894042968750e+02
6.577644653320312500e+02
4.672452392578125000e+02
6.153293457031250000e+02
1.029307739257812500e+03
3.996141052246093750e+02
7.106096801757812500e+02
3.614776306152343750e+02
4.636522827148437500e+02
8.752404174804687500e+02
7.699813232421875000e+02
4.838311157226562500e+02
2.451586608886718750e+02
6.314688110351562500e+02
7.599970092773437500e+02
4.567210083007812500e+02
5.187380371093750000e+02
9.362402954101562500e+02
3.235846252441406250e+02
1.943760070800781250e+02
8.599485473632812500e+02
8.249478759765625000e+02
5.624986572265625000e+02
3.487509460449218750e+02
9.354013061523437500e+02
6.215424804687500000e+02
1.817074584960937500e+02
4.279166564941406250e+02
9.989893798828125000e+02
7.255661621093750000e+02
5.220428466796875000e+02
2.392085266113281250e+02
6.083978881835937500e+02
7.694729614257812500e+02
7.243447875976562500e+02
4.822114257812500000e+02
4.631535034179687500e+02
6.088932495117187500e+02
8.763986206054687500e+02
4.770008544921875000e+02
4.814726257324218750e+02
2.838782348632812500e+02
6.414927978515625000e+02
3.642301940917968750e+02
3.605850219726562500e+02
7.740928955078125000e+02
5.352132568359375000e+02
3.072876281738281250e+02
3.590141296386718750e+02
9.240895996093750000e+02
5.743309326171875000e+02
3.472175903320312500e+02
3.558906860351562500e+02
3.653992614746093750e+02
3.986026611328125000e+02
3.876953125000000000e+02
1.165216918945312500e+03
3.870538330078125000e+02
7.727237548828125000e+02
4.261791687011718750e+02
3.346948852539062500e+02
4.209232482910156250e+02
5.750300292968750000e+02
6.648516235351562500e+02
3.182839355468750000e+02
3.955519409179687500e+02
1.086719848632812500e+03
2.726028442382812500e+02
5.304652099609375000e+02
3.011122436523437500e+02
6.069235839843750000e+02
3.167978820800781250e+02
4.833428955078125000e+02
6.105279541015625000e+02
2.305047302246093750e+02
7.993679199218750000e+02
6.636434326171875000e+02
3.849579162597656250e+02
2.510315246582031250e+02
4.751543579101562500e+02
4.240736999511718750e+02
2.841962280273437500e+02
6.779353027343750000e+02
4.659467163085937500e+02
5.195034790039062500e+02
4.541560363769531250e+02
6.032895507812500000e+02
6.258678588867187500e+02
4.875581970214843750e+02
2.643819580078125000e+02
4.051605529785156250e+02
4.826477966308593750e+02
5.481375122070312500e+02
2.946149902343750000e+02
4.460601196289062500e+02
4.311848144531250000e+02
5.751032714843750000e+02
5.381706542968750000e+02
3.432805786132812500e+02
4.313186950683593750e+02
5.383983154296875000e+02
4.243451538085937500e+02
2.873163146972656250e+02
5.651755371093750000e+02
4.625306396484375000e+02
3.924159545898437500e+02
2.615423889160156250e+02
9.071746826171875000e+02
1.971658325195312500e+02
2.457054748535156250e+02
2.011077728271484375e+02
7.116002807617187500e+02
5.309736328125000000e+02
3.801480712890625000e+02
3.295782470703125000e+02
6.462736816406250000e+02
3.639046936035156250e+02
2.834487915039062500e+02
4.089132690429687500e+02
5.094143676757812500e+02
4.615474548339843750e+02
3.761405029296875000e+02
5.950935058593750000e+02
3.939085693359375000e+02
3.438673706054687500e+02
7.452319335937500000e+02
3.390402526855468750e+02
2.911663818359375000e+02
4.614217529296875000e+02
5.747352905273437500e+02
3.720945434570312500e+02
2.810183715820312500e+02
5.119189453125000000e+02
4.079572753906250000e+02
2.915842895507812500e+02
4.281846618652343750e+02
5.453281250000000000e+02
4.641148986816406250e+02
3.942417907714843750e+02
5.089627380371093750e+02
2.474942321777343750e+02
3.668111572265625000e+02
4.992072143554687500e+02
3.372368164062500000e+02
1.238427124023437500e+02
7.175443115234375000e+02
7.369912719726562500e+02
3.036522521972656250e+02
4.834402160644531250e+02
5.907935180664062500e+02
4.183239135742187500e+02
4.411608886718750000e+02
4.233979492187500000e+02
5.230740966796875000e+02
5.308734130859375000e+02
4.138010864257812500e+02
7.052761230468750000e+02
3.636481628417968750e+02
5.439202880859375000e+02
1.899930725097656250e+02
4.439723510742187500e+02
5.200181884765625000e+02
5.020024414062500000e+02
2.696944885253906250e+02
6.828152465820312500e+02
2.646620178222656250e+02
5.064860229492187500e+02
3.022369689941406250e+02
2.239886779785156250e+02
4.432458496093750000e+02
1.888086090087890625e+02
5.676367187500000000e+02
2.762260437011718750e+02
2.705626831054687500e+02
6.737516479492187500e+02
3.837651977539062500e+02
3.162135009765625000e+02
4.634890747070312500e+02
3.040693359375000000e+02
3.842608947753906250e+02
4.853010253906250000e+02
3.833847656250000000e+02
3.195493164062500000e+02
3.438228149414062500e+02
3.137921447753906250e+02
3.793920288085937500e+02
5.022155151367187500e+02
3.006872253417968750e+02
4.635661010742187500e+02
4.719456481933593750e+02
2.541047058105468750e+02
3.324509887695312500e+02
6.284248046875000000e+02
4.997339782714843750e+02
3.046712341308593750e+02
6.011156005859375000e+02
4.152708435058593750e+02
6.331029052734375000e+02
2.753387756347656250e+02
4.247346801757812500e+02
3.399902954101562500e+02
5.996962890625000000e+02
2.160400695800781250e+02
2.421260375976562500e+02
4.210560913085937500e+02
4.827440185546875000e+02
3.557251892089843750e+02
3.701200561523437500e+02
4.534331665039062500e+02
3.264699707031250000e+02
5.396538085937500000e+02
4.030017395019531250e+02
4.721557617187500000e+02
3.538226928710937500e+02
3.465509643554687500e+02
3.639821777343750000e+02
5.889679565429687500e+02
3.177993469238281250e+02
2.867788391113281250e+02
5.311048583984375000e+02
3.093033752441406250e+02
4.847541809082031250e+02
2.548955383300781250e+02
6.853334350585937500e+02
3.569168701171875000e+02
4.097553710937500000e+02
2.967764282226562500e+02
2.343711700439453125e+02
3.382359924316406250e+02
5.459733886718750000e+02
5.260106201171875000e+02
4.564382324218750000e+02
2.641720581054687500e+02
4.645042114257812500e+02
2.129506988525390625e+02
5.281734619140625000e+02
2.207844848632812500e+02
3.525844726562500000e+02
5.005319824218750000e+02
3.509102172851562500e+02
5.672500610351562500e+02
1.814754333496093750e+02
3.970667419433593750e+02
3.154542846679687500e+02
4.278333129882812500e+02
3.558891906738281250e+02
4.026300659179687500e+02
4.209055786132812500e+02
4.716546630859375000e+02
2.994499511718750000e+02
2.701162109375000000e+02
3.858676147460937500e+02
3.586315307617187500e+02
3.407430114746093750e+02
2.622835083007812500e+02
3.511376037597656250e+02
4.149194335937500000e+02
4.573613281250000000e+02
3.461671142578125000e+02
4.792464904785156250e+02
3.183499450683593750e+02
2.148415222167968750e+02
3.620843200683593750e+02
3.139002380371093750e+02
5.321879272460937500e+02
2.189893188476562500e+02
5.911105957031250000e+02
2.268169860839843750e+02
5.611218261718750000e+02
1.048780822753906250e+02
7.287581787109375000e+02
3.335817260742187500e+02
3.502273559570312500e+02
2.452037658691406250e+02
3.073988037109375000e+02
3.678229370117187500e+02
4.038875122070312500e+02
3.299121093750000000e+02
3.508638000488281250e+02
4.275733642578125000e+02
3.388389892578125000e+02
2.717653198242187500e+02
6.057219238281250000e+02
2.830829162597656250e+02
3.108109741210937500e+02
4.574035034179687500e+02
3.443089294433593750e+02
3.708258056640625000e+02
3.101204528808593750e+02
5.519397583007812500e+02
2.426929931640625000e+02
2.891157531738281250e+02
2.402047119140625000e+02
7.104561767578125000e+02
3.637238464355468750e+02
2.986553344726562500e+02
4.547986450195312500e+02
2.072042999267578125e+02
1.720009155273437500e+02
3.984204101562500000e+02
2.841938476562500000e+02
4.554297180175781250e+02
2.144884033203125000e+02
2.088244934082031250e+02
4.042606201171875000e+02
3.989294433593750000e+02
3.209427490234375000e+02
3.592724304199218750e+02
4.170805664062500000e+02
2.085019226074218750e+02
3.700038757324218750e+02
4.295411376953125000e+02
2.370685424804687500e+02
4.311156005859375000e+02
3.567557067871093750e+02
4.309493408203125000e+02
2.509962768554687500e+02
4.376771850585937500e+02
3.261572265625000000e+02
4.355573730468750000e+02
2.481386413574218750e+02
4.490873413085937500e+02
2.469233245849609375e+02
2.921566772460937500e+02
5.368472900390625000e+02
3.783189086914062500e+02
3.030105590820312500e+02
1.351806030273437500e+02
2.416668243408203125e+02
3.274430541992187500e+02
1.381830291748046875e+02
3.584678344726562500e+02
2.938113403320312500e+02
4.392910461425781250e+02
6.875272827148437500e+02
2.808546752929687500e+02
3.905227661132812500e+02
2.800684204101562500e+02
2.401844177246093750e+02
5.002212829589843750e+02
2.381389160156250000e+02
5.216199951171875000e+02
3.553089294433593750e+02
4.375400390625000000e+02
2.905003967285156250e+02
1.481245574951171875e+02
4.377470092773437500e+02
5.910625610351562500e+02
3.464830627441406250e+02
3.567528076171875000e+02
2.100494689941406250e+02
4.120609130859375000e+02
6.405729980468750000e+02
2.547465362548828125e+02
3.725366821289062500e+02
2.563403320312500000e+02
4.176918334960937500e+02
1.573555603027343750e+02
3.771356506347656250e+02
1.969580993652343750e+02
3.237063293457031250e+02
2.289315795898437500e+02
5.965999755859375000e+02
4.256199340820312500e+02
3.495101318359375000e+02
3.036670227050781250e+02
4.451921997070312500e+02
3.532925109863281250e+02
1.738974914550781250e+02
3.558943786621093750e+02
3.936847229003906250e+02
4.809270629882812500e+02
2.743129272460937500e+02
5.681850585937500000e+02
3.803168945312500000e+02
1.952959442138671875e+02
2.852290039062500000e+02
2.120014190673828125e+02
3.038593750000000000e+02
5.204709472656250000e+02
3.174430847167968750e+02
2.858475341796875000e+02
2.919341430664062500e+02
2.860217590332031250e+02
2.010942382812500000e+02
3.244189147949218750e+02
2.026798095703125000e+02
2.867091064453125000e+02
3.325696411132812500e+02
4.167621154785156250e+02
2.558893432617187500e+02
5.165755004882812500e+02
4.487782897949218750e+02
1.988076782226562500e+02
4.174096069335937500e+02
7.535179443359375000e+02
1.896791076660156250e+02
4.766401672363281250e+02
2.654483337402343750e+02
2.603664855957031250e+02
2.755310058593750000e+02
1.932026977539062500e+02
2.007922058105468750e+02
3.003971557617187500e+02
6.672058105468750000e+02
3.585014038085937500e+02
5.577739868164062500e+02
2.151681213378906250e+02
6.344276123046875000e+02
3.840919189453125000e+02
3.526846008300781250e+02
3.189652709960937500e+02
3.364149780273437500e+02
3.138134765625000000e+02
4.090266113281250000e+02
3.133384399414062500e+02
2.396044616699218750e+02
2.881891784667968750e+02
2.555693817138671875e+02
6.337771606445312500e+02
3.383374633789062500e+02
3.298390502929687500e+02
5.184556274414062500e+02
5.261587524414062500e+02
4.781958618164062500e+02
4.240912475585937500e+02
1.625406036376953125e+02
2.203496398925781250e+02
3.533656005859375000e+02
3.569839477539062500e+02
4.192350769042968750e+02
2.773142700195312500e+02
3.454941406250000000e+02
5.101781616210937500e+02
2.136757659912109375e+02
4.949612426757812500e+02
4.265893554687500000e+02
3.121409301757812500e+02
2.059768676757812500e+02
3.274035339355468750e+02
3.365430297851562500e+02
1.524289245605468750e+02
