1.427564086914062500e+03
1.780524902343750000e+03
2.447901367187500000e+03
2.198596679687500000e+03
2.208882080078125000e+03
1.140076782226562500e+03
1.578449951171875000e+03
7.858469238281250000e+02
2.016071655273437500e+03
3.051093750000000000e+03
2.903338378906250000e+03
1.112588867187500000e+03
1.257419677734375000e+03
1.480244873046875000e+03
2.475030761718750000e+03
1.219101684570312500e+03
9.310848999023437500e+02
2.055322265625000000e+03
1.647175048828125000e+03
1.427348022460937500e+03
2.353962890625000000e+03
6.943740844726562500e+02
1.003353027343750000e+03
4.017385498046875000e+03
2.047620117187500000e+03
7.743869018554687500e+02
1.167922729492187500e+03
1.377670654296875000e+03
1.939645629882812500e+03
2.062658691406250000e+03
9.593770141601562500e+02
1.236403930664062500e+03
1.490572509765625000e+03
1.247659912109375000e+03
1.221440551757812500e+03
1.010217102050781250e+03
1.560951416015625000e+03
1.489818969726562500e+03
8.095277709960937500e+02
7.645381469726562500e+02
1.234487792968750000e+03
2.064636718750000000e+03
6.635996704101562500e+02
1.723237548828125000e+03
1.604423461914062500e+03
9.158321533203125000e+02
7.789812011718750000e+02
1.036445678710937500e+03
1.215507568359375000e+03
6.495952758789062500e+02
9.218095703125000000e+02
1.137299682617187500e+03
4.510672607421875000e+02
5.874366455078125000e+02
1.617902587890625000e+03
1.415506103515625000e+03
1.150255615234375000e+03
1.506405883789062500e+03
4.114666137695312500e+02
1.454141723632812500e+03
9.134417724609375000e+02
4.171190795898437500e+02
3.370722045898437500e+02
4.151224670410156250e+02
5.976511230468750000e+02
4.906199035644531250e+02
4.489416198730468750e+02
7.780328369140625000e+02
1.084098754882812500e+03
2.223012207031250000e+03
1.100864013671875000e+03
8.302809448242187500e+02
8.004024658203125000e+02
5.825556640625000000e+02
1.424157470703125000e+03
6.791366577148437500e+02
4.299742431640625000e+02
6.289745483398437500e+02
4.544689331054687500e+02
6.063867187500000000e+02
1.179366577148437500e+03
1.059168579101562500e+03
1.180930053710937500e+03
6.931881103515625000e+02
5.758483276367187500e+02
5.943665161132812500e+02
9.253668212890625000e+02
5.044295654296875000e+02
1.147242309570312500e+03
1.209352294921875000e+03
1.059743652343750000e+03
8.910823974609375000e+02
3.613060302734375000e+02
8.366646118164062500e+02
7.660408325195312500e+02
4.387554321289062500e+02
6.042416992187500000e+02
1.846013916015625000e+03
1.404309326171875000e+03
8.073750000000000000e+02
1.137239624023437500e+03
1.053738403320312500e+03
4.486271972656250000e+02
5.968128662109375000e+02
2.640607910156250000e+02
1.299256469726562500e+03
4.272989196777343750e+02
8.186707153320312500e+02
1.844519653320312500e+03
1.925057983398437500e+02
6.180601196289062500e+02
4.582459106445312500e+02
1.022723876953125000e+03
6.306125488281250000e+02
5.748396606445312500e+02
1.499841308593750000e+03
9.273592529296875000e+02
3.400206298828125000e+02
4.340363159179687500e+02
1.246430541992187500e+03
5.436270751953125000e+02
4.813917541503906250e+02
4.696615295410156250e+02
1.210367919921875000e+03
5.100521850585937500e+02
1.114947875976562500e+03
8.478825073242187500e+02
4.377200317382812500e+02
7.245245361328125000e+02
6.380062866210937500e+02
1.414619628906250000e+03
7.932096557617187500e+02
5.606705322265625000e+02
1.037968750000000000e+03
4.879152832031250000e+02
5.233139038085937500e+02
8.461895751953125000e+02
1.426069091796875000e+03
7.017581787109375000e+02
2.128500061035156250e+02
3.223570556640625000e+02
7.914693603515625000e+02
1.081374145507812500e+03
7.187552490234375000e+02
6.714898681640625000e+02
1.280519653320312500e+03
5.553325805664062500e+02
4.203682250976562500e+02
4.146994018554687500e+02
1.278772705078125000e+03
9.431071777343750000e+02
4.762783203125000000e+02
5.084252014160156250e+02
1.123792236328125000e+03
8.729483642578125000e+02
2.064552307128906250e+02
5.445675659179687500e+02
5.632885131835937500e+02
4.155502319335937500e+02
8.379545288085937500e+02
1.562116088867187500e+03
4.360026855468750000e+02
3.835750427246093750e+02
1.180602050781250000e+03
2.462773437500000000e+02
3.334136352539062500e+02
1.148841430664062500e+03
7.206169433593750000e+02
8.723394165039062500e+02
6.406464233398437500e+02
3.935379028320312500e+02
6.662976074218750000e+02
1.005594787597656250e+03
3.178735351562500000e+02
1.228841796875000000e+03
1.715982666015625000e+03
6.688198242187500000e+02
2.630895385742187500e+02
5.183605957031250000e+02
8.239590454101562500e+02
6.110708618164062500e+02
4.380825805664062500e+02
8.117641601562500000e+02
3.752851257324218750e+02
3.199967346191406250e+02
5.648660278320312500e+02
4.494603881835937500e+02
5.808648681640625000e+02
8.726254882812500000e+02
3.512067871093750000e+02
1.391857299804687500e+03
9.534682617187500000e+02
7.402701416015625000e+02
2.070186462402343750e+02
5.322838134765625000e+02
4.785175781250000000e+02
4.386469726562500000e+02
3.489399414062500000e+02
3.403083496093750000e+02
1.017150817871093750e+03
8.350413208007812500e+02
3.444737548828125000e+02
1.183701171875000000e+03
5.070760498046875000e+02
6.066099853515625000e+02
5.407705688476562500e+02
9.395884399414062500e+02
9.883090820312500000e+02
3.348171386718750000e+02
4.030782470703125000e+02
6.981693725585937500e+02
5.483392333984375000e+02
3.211821899414062500e+02
4.889595947265625000e+02
5.043382568359375000e+02
7.243734741210937500e+02
5.325797119140625000e+02
1.174257080078125000e+03
5.714492187500000000e+02
3.580071105957031250e+02
2.596385803222656250e+02
6.116149902343750000e+02
4.958836059570312500e+02
7.324926757812500000e+02
7.035046997070312500e+02
2.902890319824218750e+02
3.054952697753906250e+02
7.532641601562500000e+02
4.577212829589843750e+02
1.178849731445312500e+03
4.132910461425781250e+02
3.870052490234375000e+02
4.929163818359375000e+02
2.845769958496093750e+02
5.355488891601562500e+02
1.164880737304687500e+03
3.059700927734375000e+02
3.763624877929687500e+02
2.613734130859375000e+02
4.011054077148437500e+02
4.019111328125000000e+02
2.177909240722656250e+02
2.616225891113281250e+02
1.194556152343750000e+03
9.564421386718750000e+02
4.865921936035156250e+02
1.177410278320312500e+03
2.368803405761718750e+02
7.498020629882812500e+02
6.442264404296875000e+02
1.455401000976562500e+02
3.404039306640625000e+02
1.222033325195312500e+03
2.437565612792968750e+02
2.765466918945312500e+02
2.712133178710937500e+02
3.252430419921875000e+02
4.140706176757812500e+02
7.752188720703125000e+02
3.124671630859375000e+02
2.414504089355468750e+02
3.562139892578125000e+02
3.857020874023437500e+02
7.855474853515625000e+02
2.592202758789062500e+02
3.958610534667968750e+02
2.561527404785156250e+02
3.593748779296875000e+02
2.950291442871093750e+02
4.646111450195312500e+02
5.188161621093750000e+02
9.092734375000000000e+02
4.592686767578125000e+02
2.241826477050781250e+02
2.387320251464843750e+02
6.600054931640625000e+02
8.381239013671875000e+02
4.551127929687500000e+02
3.717305908203125000e+02
4.707294311523437500e+02
3.672761840820312500e+02
2.651577758789062500e+02
9.505878295898437500e+02
2.755585021972656250e+02
4.906952514648437500e+02
3.100183715820312500e+02
4.771790771484375000e+02
3.534725646972656250e+02
7.811636962890625000e+02
3.260251770019531250e+02
4.434326782226562500e+02
4.659803466796875000e+02
1.889961547851562500e+02
5.806024169921875000e+02
4.430239257812500000e+02
3.182209472656250000e+02
9.499054565429687500e+02
4.238544616699218750e+02
2.088640441894531250e+02
4.391752624511718750e+02
3.421325073242187500e+02
2.339693145751953125e+02
4.542353210449218750e+02
8.033465576171875000e+02
5.867728881835937500e+02
2.596861572265625000e+02
4.935407104492187500e+02
1.830829010009765625e+02
8.028922119140625000e+02
2.437532196044921875e+02
4.021747131347656250e+02
3.671452941894531250e+02
4.598041076660156250e+02
2.984733886718750000e+02
3.505964355468750000e+02
2.450903625488281250e+02
3.597828369140625000e+02
7.810250244140625000e+02
2.164067382812500000e+02
4.633934631347656250e+02
5.672620849609375000e+02
2.621423034667968750e+02
3.881708374023437500e+02
2.470308227539062500e+02
2.582530212402343750e+02
4.257689819335937500e+02
4.203244628906250000e+02
3.966066894531250000e+02
7.127845458984375000e+02
4.099357604980468750e+02
3.782325439453125000e+02
4.397640991210937500e+02
4.496351318359375000e+02
2.628817138671875000e+02
5.345057373046875000e+02
2.625839233398437500e+02
6.119790039062500000e+02
2.427073059082031250e+02
3.517510375976562500e+02
5.878168334960937500e+02
2.232885131835937500e+02
3.254197387695312500e+02
4.030932617187500000e+02
4.018693237304687500e+02
7.384925537109375000e+02
3.999182128906250000e+02
4.345833129882812500e+02
2.022526855468750000e+02
5.086077270507812500e+02
1.686762542724609375e+02
2.322394409179687500e+02
6.022029418945312500e+02
4.095808715820312500e+02
1.786601562500000000e+02
5.744843139648437500e+02
3.593736572265625000e+02
3.724831542968750000e+02
7.051939697265625000e+02
5.312827148437500000e+02
1.544226074218750000e+02
3.420815429687500000e+02
3.457714233398437500e+02
3.117304077148437500e+02
2.890927429199218750e+02
3.266541748046875000e+02
3.404465026855468750e+02
3.464414978027343750e+02
2.020898437500000000e+02
4.369764404296875000e+02
3.233477478027343750e+02
5.999241333007812500e+02
4.148846130371093750e+02
3.541400756835937500e+02
2.629063110351562500e+02
2.983732910156250000e+02
5.174534301757812500e+02
5.320971679687500000e+02
2.395362548828125000e+02
2.325883941650390625e+02
3.332642211914062500e+02
4.947609252929687500e+02
4.363299560546875000e+02
2.278630676269531250e+02
4.514230957031250000e+02
3.073120422363281250e+02
5.113269958496093750e+02
1.497801513671875000e+02
6.071171875000000000e+02
2.300946655273437500e+02
4.305370483398437500e+02
2.548228759765625000e+02
2.603599243164062500e+02
2.600138549804687500e+02
3.533315124511718750e+02
5.361791992187500000e+02
2.875450439453125000e+02
1.937097167968750000e+02
3.167412109375000000e+02
4.563493957519531250e+02
2.949660034179687500e+02
3.586423034667968750e+02
2.117955932617187500e+02
2.260225830078125000e+02
3.278825988769531250e+02
2.910079956054687500e+02
7.146413574218750000e+02
1.899164123535156250e+02
1.469942016601562500e+02
4.350255126953125000e+02
4.042057800292968750e+02
5.713571777343750000e+02
3.969345092773437500e+02
5.478466796875000000e+02
2.794062194824218750e+02
4.744078369140625000e+02
4.212655639648437500e+02
5.954796142578125000e+02
1.670267028808593750e+02
3.721341552734375000e+02
2.616442260742187500e+02
2.214686737060546875e+02
3.651193237304687500e+02
3.097961120605468750e+02
2.107475738525390625e+02
2.917953491210937500e+02
6.753630371093750000e+02
3.487051391601562500e+02
4.325621643066406250e+02
3.190601196289062500e+02
1.779161071777343750e+02
2.042038726806640625e+02
4.308616943359375000e+02
5.547584228515625000e+02
3.019895629882812500e+02
2.507947387695312500e+02
3.190974731445312500e+02
2.423603820800781250e+02
6.228782958984375000e+02
2.659359436035156250e+02
3.771173095703125000e+02
4.692687988281250000e+02
3.352687377929687500e+02
2.126183776855468750e+02
4.166920166015625000e+02
4.118080444335937500e+02
6.054658813476562500e+02
3.455275878906250000e+02
3.626394653320312500e+02
4.597064208984375000e+02
4.341206054687500000e+02
2.496878356933593750e+02
4.160288696289062500e+02
1.780621337890625000e+02
2.735324096679687500e+02
2.604913940429687500e+02
1.682231597900390625e+02
3.634929504394531250e+02
1.825490112304687500e+02
4.183914794921875000e+02
3.181160278320312500e+02
3.942001342773437500e+02
3.612640686035156250e+02
2.553104858398437500e+02
3.782122192382812500e+02
1.780421447753906250e+02
4.385053100585937500e+02
5.601866455078125000e+02
1.870402526855468750e+02
3.019208068847656250e+02
3.324355163574218750e+02
2.677179565429687500e+02
3.404631347656250000e+02
4.104841308593750000e+02
3.525079345703125000e+02
3.004045410156250000e+02
3.140286560058593750e+02
3.343869628906250000e+02
3.430893554687500000e+02
2.454436340332031250e+02
1.323033447265625000e+02
6.465512695312500000e+02
2.833617553710937500e+02
2.554149017333984375e+02
2.650447998046875000e+02
2.776549682617187500e+02
3.511911621093750000e+02
5.010587158203125000e+02
3.707805786132812500e+02
3.258139343261718750e+02
1.680134887695312500e+02
2.116858520507812500e+02
4.881068420410156250e+02
5.155558471679687500e+02
1.942184143066406250e+02
2.212397308349609375e+02
3.514879760742187500e+02
3.651616516113281250e+02
3.931562500000000000e+02
2.204315490722656250e+02
4.071910400390625000e+02
2.358944854736328125e+02
5.051248168945312500e+02
2.770866088867187500e+02
2.466887664794921875e+02
2.364850463867187500e+02
2.149338836669921875e+02
4.508809204101562500e+02
4.617976074218750000e+02
3.542891540527343750e+02
2.909763793945312500e+02
2.712843627929687500e+02
3.769165039062500000e+02
2.976441040039062500e+02
1.735385742187500000e+02
5.454439697265625000e+02
2.228460083007812500e+02
3.389898986816406250e+02
1.815218048095703125e+02
2.796265258789062500e+02
2.324513092041015625e+02
3.698817443847656250e+02
2.981538085937500000e+02
5.292271118164062500e+02
2.388229370117187500e+02
2.141109466552734375e+02
2.434852447509765625e+02
2.637726440429687500e+02
3.446978759765625000e+02
3.846275024414062500e+02
3.466703491210937500e+02
2.945330505371093750e+02
1.857211151123046875e+02
4.468988647460937500e+02
5.322817993164062500e+02
1.782344665527343750e+02
1.804130249023437500e+02
3.224095764160156250e+02
2.356820678710937500e+02
2.709644165039062500e+02
6.031043701171875000e+02
1.293664703369140625e+02
3.536019897460937500e+02
3.367979125976562500e+02
2.851546936035156250e+02
2.264472351074218750e+02
1.508178405761718750e+02
1.446345977783203125e+02
2.966099243164062500e+02
1.632988281250000000e+02
3.265787048339843750e+02
3.481520690917968750e+02
3.785354614257812500e+02
3.713530883789062500e+02
1.975885772705078125e+02
2.363387603759765625e+02
2.449907379150390625e+02
5.760604248046875000e+02
3.592545776367187500e+02
2.953597106933593750e+02
1.164160766601562500e+02
4.298764953613281250e+02
3.728067016601562500e+02
2.401941375732421875e+02
4.331331787109375000e+02
3.231973876953125000e+02
1.383972015380859375e+02
2.138749084472656250e+02
1.784910583496093750e+02
3.009313354492187500e+02
2.663355407714843750e+02
3.200285644531250000e+02
2.838944091796875000e+02
2.982593383789062500e+02
3.252590942382812500e+02
5.131195068359375000e+02
2.425203247070312500e+02
2.342414855957031250e+02
1.435767211914062500e+02
3.635195922851562500e+02
2.557098846435546875e+02
2.744063415527343750e+02
2.638055419921875000e+02
2.559530639648437500e+02
2.238240051269531250e+02
2.118367309570312500e+02
2.102685089111328125e+02
2.524646301269531250e+02
4.258411865234375000e+02
1.676945190429687500e+02
4.305280151367187500e+02
3.373314819335937500e+02
3.802322387695312500e+02
4.036953430175781250e+02
2.175148620605468750e+02
2.176381225585937500e+02
2.139301452636718750e+02
4.696758117675781250e+02
3.184325256347656250e+02
3.320003662109375000e+02
1.624321899414062500e+02
4.091041564941406250e+02
2.379337768554687500e+02
2.413988342285156250e+02
1.921723632812500000e+02
2.984484558105468750e+02
2.715214843750000000e+02
2.556438903808593750e+02
2.395660095214843750e+02
1.708456726074218750e+02
2.155364379882812500e+02
1.667568206787109375e+02
2.432689208984375000e+02
1.946134338378906250e+02
3.615808105468750000e+02
2.666922912597656250e+02
2.704811706542968750e+02
2.139813079833984375e+02
2.258666381835937500e+02
3.008650207519531250e+02
2.306006469726562500e+02
5.108537597656250000e+02
1.809861907958984375e+02
3.432165527343750000e+02
3.046502990722656250e+02
1.151927795410156250e+02
2.200152435302734375e+02
1.810453186035156250e+02
4.473529968261718750e+02
4.970703125000000000e+02
2.853252258300781250e+02
4.932002258300781250e+02
3.525873107910156250e+02
1.609420776367187500e+02
2.781080322265625000e+02
1.936521301269531250e+02
2.134939117431640625e+02
2.531195983886718750e+02
2.328485260009765625e+02
3.168523559570312500e+02
3.825975952148437500e+02
2.729783630371093750e+02
2.055573425292968750e+02
3.317395019531250000e+02
2.714486694335937500e+02
2.273630676269531250e+02
2.165217285156250000e+02
2.779512329101562500e+02
5.195704345703125000e+02
2.717167358398437500e+02
3.244934997558593750e+02
1.996149902343750000e+02
2.303827819824218750e+02
4.301598205566406250e+02
3.826062927246093750e+02
2.392086334228515625e+02
4.412948608398437500e+02
3.849108581542968750e+02
2.056741027832031250e+02
3.336024780273437500e+02
2.021398925781250000e+02
3.777903442382812500e+02
3.536459960937500000e+02
3.684808959960937500e+02
2.034023437500000000e+02
1.740472412109375000e+02
3.372236022949218750e+02
2.550652160644531250e+02
1.742991333007812500e+02
3.173585205078125000e+02
3.732128295898437500e+02
1.964142913818359375e+02
2.005521240234375000e+02
3.540824279785156250e+02
1.897459106445312500e+02
2.854833068847656250e+02
3.081288452148437500e+02
2.796699829101562500e+02
2.157179718017578125e+02
1.761849822998046875e+02
1.644359130859375000e+02
3.080933837890625000e+02
1.894305419921875000e+02
1.961316986083984375e+02
2.408780822753906250e+02
2.585275268554687500e+02
3.962586975097656250e+02
3.382826232910156250e+02
1.196445770263671875e+02
2.270467224121093750e+02
3.181509094238281250e+02
1.869091491699218750e+02
2.369849700927734375e+02
4.342240600585937500e+02
2.208743896484375000e+02
2.153512573242187500e+02
2.466382598876953125e+02
2.996191101074218750e+02
4.522050476074218750e+02
1.739805297851562500e+02
2.408590087890625000e+02
