1.790258049964904785e+00
1.786033272743225098e+00
1.778025507926940918e+00
1.773295164108276367e+00
1.762866854667663574e+00
1.774093389511108398e+00
1.767345190048217773e+00
1.764103889465332031e+00
1.773657560348510742e+00
1.768674731254577637e+00
1.761788845062255859e+00
1.744936466217041016e+00
1.709886670112609863e+00
1.781279087066650391e+00
1.815123915672302246e+00
1.705682516098022461e+00
1.751274943351745605e+00
1.741901755332946777e+00
1.773674964904785156e+00
1.744773745536804199e+00
1.764698028564453125e+00
1.757519960403442383e+00
1.748825311660766602e+00
1.776019811630249023e+00
1.749611258506774902e+00
1.767829775810241699e+00
1.752264976501464844e+00
1.732756018638610840e+00
1.758822202682495117e+00
1.782257199287414551e+00
1.741078972816467285e+00
1.752977132797241211e+00
1.724532961845397949e+00
1.781827688217163086e+00
1.717707395553588867e+00
1.767535328865051270e+00
1.755977749824523926e+00
1.759742140769958496e+00
1.753546953201293945e+00
1.774939656257629395e+00
1.713482022285461426e+00
1.764464616775512695e+00
1.740285396575927734e+00
1.753917813301086426e+00
1.791882634162902832e+00
1.752667188644409180e+00
1.730794787406921387e+00
1.742233633995056152e+00
1.724852800369262695e+00
1.763020873069763184e+00
1.748809099197387695e+00
1.754281640052795410e+00
1.733927488327026367e+00
1.774086475372314453e+00
1.723511576652526855e+00
1.752966046333312988e+00
1.745621442794799805e+00
1.761698961257934570e+00
1.726952075958251953e+00
1.752230644226074219e+00
1.758893728256225586e+00
1.747685909271240234e+00
1.754845619201660156e+00
1.743194699287414551e+00
1.761085867881774902e+00
1.763495206832885742e+00
1.752845287322998047e+00
1.696580886840820312e+00
1.777879238128662109e+00
1.743008613586425781e+00
1.729041099548339844e+00
1.759322047233581543e+00
1.748143076896667480e+00
1.738297820091247559e+00
1.754555940628051758e+00
1.738397359848022461e+00
1.763843059539794922e+00
1.747280597686767578e+00
1.727553248405456543e+00
1.723612070083618164e+00
1.715630888938903809e+00
1.790030241012573242e+00
1.770830988883972168e+00
1.788857460021972656e+00
1.689506769180297852e+00
1.746588706970214844e+00
1.742676377296447754e+00
1.741665363311767578e+00
1.754218816757202148e+00
1.735363721847534180e+00
1.752053141593933105e+00
1.709079980850219727e+00
1.782939434051513672e+00
1.735080480575561523e+00
1.724730491638183594e+00
1.725517511367797852e+00
1.747295618057250977e+00
1.749206662178039551e+00
1.725514531135559082e+00
1.751806616783142090e+00
1.707074403762817383e+00
1.683533430099487305e+00
1.766777753829956055e+00
1.818337321281433105e+00
1.759562015533447266e+00
1.739029884338378906e+00
1.761790871620178223e+00
1.772487640380859375e+00
1.737684845924377441e+00
1.740444064140319824e+00
1.740666270256042480e+00
1.740681409835815430e+00
1.714857101440429688e+00
1.729247450828552246e+00
1.714649319648742676e+00
1.715259194374084473e+00
1.746608376502990723e+00
1.749520778656005859e+00
1.750108957290649414e+00
1.740448117256164551e+00
1.740048408508300781e+00
1.756755471229553223e+00
1.714169144630432129e+00
1.687302231788635254e+00
1.768180370330810547e+00
1.774029374122619629e+00
1.716757893562316895e+00
1.747776508331298828e+00
1.746431350708007812e+00
1.749658346176147461e+00
1.712769150733947754e+00
1.715540289878845215e+00
1.745357632637023926e+00
1.708874344825744629e+00
1.786470055580139160e+00
1.741992950439453125e+00
1.727017402648925781e+00
1.748020529747009277e+00
1.721485137939453125e+00
1.729952692985534668e+00
1.695156097412109375e+00
1.699710011482238770e+00
1.731179356575012207e+00
1.751807928085327148e+00
1.758987665176391602e+00
1.754689216613769531e+00
1.695787906646728516e+00
1.696185946464538574e+00
1.712266683578491211e+00
1.683714628219604492e+00
1.678240299224853516e+00
1.783619642257690430e+00
1.731676220893859863e+00
1.747935891151428223e+00
1.640175461769104004e+00
1.744656443595886230e+00
1.755571365356445312e+00
1.734968900680541992e+00
1.681503295898437500e+00
1.700688958168029785e+00
1.742191433906555176e+00
1.741459965705871582e+00
1.763496875762939453e+00
1.668436288833618164e+00
1.774188876152038574e+00
1.688612937927246094e+00
1.688971281051635742e+00
1.639051795005798340e+00
1.700210332870483398e+00
1.688781857490539551e+00
1.661447644233703613e+00
1.771956443786621094e+00
1.680369138717651367e+00
1.756006479263305664e+00
1.693511128425598145e+00
1.738889932632446289e+00
1.749990701675415039e+00
1.696048498153686523e+00
1.709123611450195312e+00
1.676650047302246094e+00
1.722418665885925293e+00
1.691559433937072754e+00
1.687811017036437988e+00
1.708088040351867676e+00
1.752196788787841797e+00
1.701133489608764648e+00
1.721949934959411621e+00
1.732929706573486328e+00
1.687741279602050781e+00
1.672120094299316406e+00
1.651123404502868652e+00
1.702086925506591797e+00
1.764694213867187500e+00
1.715300321578979492e+00
1.715545415878295898e+00
1.765772461891174316e+00
1.712987303733825684e+00
1.710302591323852539e+00
1.702662229537963867e+00
1.722555160522460938e+00
1.731008887290954590e+00
1.725234985351562500e+00
1.693498253822326660e+00
