1.795570373535156250e+00
1.784940958023071289e+00
1.790102958679199219e+00
1.734103560447692871e+00
1.773087620735168457e+00
1.773730754852294922e+00
1.752617835998535156e+00
1.748151183128356934e+00
1.771630287170410156e+00
1.770203590393066406e+00
1.766899466514587402e+00
1.749344587326049805e+00
1.754447221755981445e+00
1.739028096199035645e+00
1.758477091789245605e+00
1.768565058708190918e+00
1.731788754463195801e+00
1.768777966499328613e+00
1.732893586158752441e+00
1.760477781295776367e+00
1.765859484672546387e+00
1.760846138000488281e+00
1.756887197494506836e+00
1.718260169029235840e+00
1.755076646804809570e+00
1.758802533149719238e+00
1.765113472938537598e+00
1.727516531944274902e+00
1.721885204315185547e+00
1.727381229400634766e+00
1.735891819000244141e+00
1.715842723846435547e+00
1.769783973693847656e+00
1.764830350875854492e+00
1.809244632720947266e+00
1.724823832511901855e+00
1.797531127929687500e+00
1.739721298217773438e+00
1.726325511932373047e+00
1.759505152702331543e+00
1.738363027572631836e+00
1.765257716178894043e+00
1.748970627784729004e+00
1.738264799118041992e+00
1.772833466529846191e+00
1.764191508293151855e+00
1.770193815231323242e+00
1.698972105979919434e+00
1.765206336975097656e+00
1.707575082778930664e+00
1.782363653182983398e+00
1.750740170478820801e+00
1.746456503868103027e+00
1.749776124954223633e+00
1.761926412582397461e+00
1.748300313949584961e+00
1.756359696388244629e+00
1.749371051788330078e+00
1.750327110290527344e+00
1.778801083564758301e+00
1.746651172637939453e+00
1.735590934753417969e+00
1.727178692817687988e+00
1.746878981590270996e+00
1.754648447036743164e+00
1.783017516136169434e+00
1.733388662338256836e+00
1.724136114120483398e+00
1.741902828216552734e+00
1.725176095962524414e+00
1.766710758209228516e+00
1.730893135070800781e+00
1.737030744552612305e+00
1.745372295379638672e+00
1.747630476951599121e+00
1.725922942161560059e+00
1.758080720901489258e+00
1.728350400924682617e+00
1.731198906898498535e+00
1.787118077278137207e+00
1.742085933685302734e+00
1.740459561347961426e+00
1.752834439277648926e+00
1.735003590583801270e+00
1.748801112174987793e+00
1.714654207229614258e+00
1.728089570999145508e+00
1.758978605270385742e+00
1.729063153266906738e+00
1.799937129020690918e+00
1.770134091377258301e+00
1.653469920158386230e+00
1.759600996971130371e+00
1.749885082244873047e+00
1.725164413452148438e+00
1.753915905952453613e+00
1.734412550926208496e+00
1.755480766296386719e+00
1.745512843132019043e+00
1.752994656562805176e+00
1.748042583465576172e+00
1.694038152694702148e+00
1.734196662902832031e+00
1.752959370613098145e+00
1.774107933044433594e+00
1.722113132476806641e+00
1.765315890312194824e+00
1.753266334533691406e+00
1.740672469139099121e+00
1.748881816864013672e+00
1.709209084510803223e+00
1.737674117088317871e+00
1.707608580589294434e+00
1.753256678581237793e+00
1.750797748565673828e+00
1.730974912643432617e+00
1.729499697685241699e+00
1.753077745437622070e+00
1.748268246650695801e+00
1.721495270729064941e+00
1.754390954971313477e+00
1.697751402854919434e+00
1.730991005897521973e+00
1.729511737823486328e+00
1.757548809051513672e+00
1.755601406097412109e+00
1.732493877410888672e+00
1.741572856903076172e+00
1.719379067420959473e+00
1.748736619949340820e+00
1.742514848709106445e+00
1.763802170753479004e+00
1.720362424850463867e+00
1.726132512092590332e+00
1.723709464073181152e+00
1.762905001640319824e+00
1.732279419898986816e+00
1.786703348159790039e+00
1.729384183883666992e+00
1.738306879997253418e+00
1.700929641723632812e+00
1.715639233589172363e+00
1.736404418945312500e+00
1.781328082084655762e+00
1.749544858932495117e+00
1.726100444793701172e+00
1.758823037147521973e+00
1.722869396209716797e+00
1.715437650680541992e+00
1.695769309997558594e+00
1.753801226615905762e+00
1.728860616683959961e+00
1.768411040306091309e+00
1.736648678779602051e+00
1.738637447357177734e+00
1.731232047080993652e+00
1.678288936614990234e+00
1.745269536972045898e+00
1.734429001808166504e+00
1.761709809303283691e+00
1.729930639266967773e+00
1.652737975120544434e+00
1.730196595191955566e+00
1.717736363410949707e+00
1.702340364456176758e+00
1.787708282470703125e+00
1.727596163749694824e+00
1.736897349357604980e+00
1.718977212905883789e+00
1.743228197097778320e+00
1.758152604103088379e+00
1.730850696563720703e+00
1.728618621826171875e+00
1.718244194984436035e+00
1.747435569763183594e+00
1.750958681106567383e+00
1.734348535537719727e+00
1.769031882286071777e+00
1.742409229278564453e+00
1.714927911758422852e+00
1.730984091758728027e+00
1.728258609771728516e+00
1.744079470634460449e+00
1.715150356292724609e+00
1.753627061843872070e+00
1.669952511787414551e+00
1.753238916397094727e+00
1.692846179008483887e+00
1.707348346710205078e+00
1.772076606750488281e+00
1.713814854621887207e+00
1.663713574409484863e+00
1.797841668128967285e+00
1.742261290550231934e+00
1.768258571624755859e+00
1.693566203117370605e+00
1.690893530845642090e+00
1.725013732910156250e+00
1.698566555976867676e+00
1.747944355010986328e+00
1.673823356628417969e+00
1.744676351547241211e+00
1.786657333374023438e+00
1.799261450767517090e+00
1.722404718399047852e+00
1.759314775466918945e+00
1.718034625053405762e+00
1.680041551589965820e+00
1.686660766601562500e+00
1.754899144172668457e+00
1.712366461753845215e+00
1.687249183654785156e+00
1.705341339111328125e+00
1.696612238883972168e+00
1.689134120941162109e+00
1.773392677307128906e+00
1.759109735488891602e+00
1.644558548927307129e+00
1.739911556243896484e+00
1.755673885345458984e+00
1.730786800384521484e+00
1.747391104698181152e+00
1.780185580253601074e+00
1.696589827537536621e+00
1.757979989051818848e+00
1.745858311653137207e+00
1.740526318550109863e+00
1.668568372726440430e+00
1.699395895004272461e+00
1.724389672279357910e+00
1.738183736801147461e+00
1.727564215660095215e+00
1.711354374885559082e+00
1.704738855361938477e+00
1.678360104560852051e+00
1.728818893432617188e+00
1.741655826568603516e+00
1.679011702537536621e+00
1.685621857643127441e+00
1.754643917083740234e+00
1.657843589782714844e+00
1.688949584960937500e+00
1.709033489227294922e+00
1.768161416053771973e+00
1.717763185501098633e+00
1.764730691909790039e+00
1.818185210227966309e+00
1.743927478790283203e+00
1.788914918899536133e+00
1.760822892189025879e+00
1.825849771499633789e+00
1.793255686759948730e+00
1.745791316032409668e+00
1.727947473526000977e+00
1.794465422630310059e+00
1.790120363235473633e+00
1.755951166152954102e+00
1.762778282165527344e+00
1.743191957473754883e+00
1.764980792999267578e+00
1.763357281684875488e+00
1.769399404525756836e+00
1.752035737037658691e+00
1.701411724090576172e+00
1.726782441139221191e+00
1.732993125915527344e+00
1.738807439804077148e+00
1.704880475997924805e+00
1.722477436065673828e+00
1.756202697753906250e+00
1.701169848442077637e+00
1.736405014991760254e+00
1.768078327178955078e+00
1.717060923576354980e+00
1.769476056098937988e+00
1.684386372566223145e+00
1.725403189659118652e+00
1.720740437507629395e+00
1.761465787887573242e+00
1.730667829513549805e+00
1.703353643417358398e+00
1.743268966674804688e+00
1.743925094604492188e+00
1.753393411636352539e+00
1.729476928710937500e+00
1.702829122543334961e+00
1.702258706092834473e+00
1.655781149864196777e+00
1.735320329666137695e+00
1.706590533256530762e+00
1.723455548286437988e+00
1.735206365585327148e+00
1.754888415336608887e+00
1.741815686225891113e+00
1.750996232032775879e+00
1.700892210006713867e+00
1.688487291336059570e+00
1.752166152000427246e+00
1.771050095558166504e+00
1.681089043617248535e+00
1.719981193542480469e+00
1.691619515419006348e+00
1.758441686630249023e+00
1.708714962005615234e+00
1.713525891304016113e+00
1.733888983726501465e+00
1.722894668579101562e+00
1.693879604339599609e+00
1.652741789817810059e+00
1.752298474311828613e+00
1.699298620223999023e+00
1.677192211151123047e+00
1.760245323181152344e+00
1.703028202056884766e+00
1.728349089622497559e+00
1.702269911766052246e+00
1.702958345413208008e+00
1.709288358688354492e+00
1.683026909828186035e+00
1.765897393226623535e+00
1.752170920372009277e+00
1.689721226692199707e+00
1.749809980392456055e+00
1.684628605842590332e+00
1.718634724617004395e+00
1.715795516967773438e+00
1.724733829498291016e+00
1.738838315010070801e+00
1.724702477455139160e+00
1.675272941589355469e+00
1.709827542304992676e+00
1.701798677444458008e+00
1.704468131065368652e+00
1.727052450180053711e+00
1.731081843376159668e+00
1.737787485122680664e+00
