2.288826293945312500e+02
2.306448211669921875e+02
2.276799011230468750e+02
2.239586944580078125e+02
2.269596405029296875e+02
2.262033691406250000e+02
2.202595825195312500e+02
2.214366149902343750e+02
2.251376800537109375e+02
2.178222961425781250e+02
2.113232727050781250e+02
2.089997253417968750e+02
2.059427490234375000e+02
1.980001831054687500e+02
1.862072753906250000e+02
1.790271148681640625e+02
1.671437072753906250e+02
1.494918060302734375e+02
1.319827270507812500e+02
1.114945297241210938e+02
9.216296386718750000e+01
6.384000015258789062e+01
3.731406402587890625e+01
1.648536109924316406e+01
3.237335205078125000e+00
6.312422275543212891e+00
2.704008102416992188e+01
4.294297409057617188e+01
3.854874801635742188e+01
2.879306221008300781e+01
1.570933055877685547e+01
5.009534835815429688e+00
2.160795211791992188e+00
2.891162872314453125e+00
5.774568557739257812e+00
8.483810424804687500e+00
1.243637466430664062e+01
1.419158172607421875e+01
1.435241222381591797e+01
1.471163654327392578e+01
1.143939399719238281e+01
8.157204627990722656e+00
5.951082706451416016e+00
3.833318948745727539e+00
2.221533060073852539e+00
1.826817750930786133e+00
2.408578395843505859e+00
3.718116760253906250e+00
5.755957603454589844e+00
5.950563430786132812e+00
4.938520908355712891e+00
4.299479484558105469e+00
3.275678157806396484e+00
2.480956077575683594e+00
1.921972870826721191e+00
1.785650134086608887e+00
2.073914051055908203e+00
2.632059335708618164e+00
3.253331422805786133e+00
2.666594028472900391e+00
3.169378042221069336e+00
2.680133342742919922e+00
2.545255184173583984e+00
1.962841987609863281e+00
2.067625761032104492e+00
1.642159581184387207e+00
1.767973184585571289e+00
2.050179719924926758e+00
2.132148504257202148e+00
2.344839811325073242e+00
1.949874043464660645e+00
2.369679927825927734e+00
1.821640014648437500e+00
1.927639484405517578e+00
1.639888763427734375e+00
1.786686182022094727e+00
1.556685924530029297e+00
1.775065064430236816e+00
1.674544215202331543e+00
1.770985007286071777e+00
1.849355936050415039e+00
1.582237601280212402e+00
2.032994747161865234e+00
1.535602331161499023e+00
1.509801030158996582e+00
1.568233728408813477e+00
1.686847686767578125e+00
1.662766218185424805e+00
1.789569616317749023e+00
1.689295530319213867e+00
1.880876302719116211e+00
1.522783994674682617e+00
1.616825222969055176e+00
1.704579591751098633e+00
1.686421990394592285e+00
1.645112872123718262e+00
1.963070392608642578e+00
1.842603206634521484e+00
1.410200357437133789e+00
2.090580940246582031e+00
1.615441799163818359e+00
1.399667859077453613e+00
1.684845447540283203e+00
1.500189304351806641e+00
1.432675361633300781e+00
1.691526651382446289e+00
1.393119335174560547e+00
1.572000741958618164e+00
1.881825327873229980e+00
1.794114708900451660e+00
1.132866978645324707e+00
1.554383158683776855e+00
1.565858483314514160e+00
1.407221913337707520e+00
1.594826936721801758e+00
1.569194555282592773e+00
1.403852820396423340e+00
1.474616289138793945e+00
1.713271021842956543e+00
1.325156569480895996e+00
1.654356479644775391e+00
1.324844956398010254e+00
1.785268068313598633e+00
1.450809717178344727e+00
1.668510198593139648e+00
1.429872035980224609e+00
1.531492352485656738e+00
1.519136071205139160e+00
1.527481794357299805e+00
1.492350578308105469e+00
1.366426467895507812e+00
1.590127229690551758e+00
1.454463839530944824e+00
1.515235185623168945e+00
1.447611808776855469e+00
1.372523069381713867e+00
1.389538526535034180e+00
1.640482902526855469e+00
1.401782035827636719e+00
1.446975708007812500e+00
1.573054671287536621e+00
1.450890541076660156e+00
1.328490138053894043e+00
1.460308074951171875e+00
1.474713206291198730e+00
1.474762201309204102e+00
1.357661247253417969e+00
1.419525623321533203e+00
1.361958503723144531e+00
1.311135292053222656e+00
1.286823749542236328e+00
1.625136375427246094e+00
1.382820129394531250e+00
1.325133800506591797e+00
1.297758460044860840e+00
1.283701300621032715e+00
1.242251873016357422e+00
1.469810724258422852e+00
1.206440925598144531e+00
1.329622507095336914e+00
1.298810720443725586e+00
1.563010096549987793e+00
1.209495306015014648e+00
1.118297457695007324e+00
1.351991653442382812e+00
1.235664844512939453e+00
1.184386491775512695e+00
1.487833261489868164e+00
1.042637705802917480e+00
1.361091017723083496e+00
1.267247915267944336e+00
1.373010993003845215e+00
1.184798240661621094e+00
1.262943506240844727e+00
1.311662197113037109e+00
1.272283792495727539e+00
1.395739316940307617e+00
1.279820919036865234e+00
1.243749856948852539e+00
1.322836875915527344e+00
1.212082743644714355e+00
1.259932875633239746e+00
1.215950489044189453e+00
1.084731221199035645e+00
1.107295989990234375e+00
1.154338240623474121e+00
1.157240152359008789e+00
1.164211511611938477e+00
1.261340856552124023e+00
1.427686452865600586e+00
1.135818481445312500e+00
1.154198050498962402e+00
1.208081007003784180e+00
1.123815059661865234e+00
1.316289901733398438e+00
1.373945713043212891e+00
9.771713018417358398e-01
1.163656711578369141e+00
1.096081972122192383e+00
1.184890866279602051e+00
1.035021543502807617e+00
9.802997708320617676e-01
1.255268216133117676e+00
1.287095308303833008e+00
1.234858870506286621e+00
1.248659610748291016e+00
1.244002342224121094e+00
1.157682299613952637e+00
1.333642721176147461e+00
9.270567893981933594e-01
1.278624653816223145e+00
1.260951042175292969e+00
1.013730049133300781e+00
1.163043737411499023e+00
1.038442611694335938e+00
1.201284885406494141e+00
1.068063020706176758e+00
1.206777811050415039e+00
1.315226316452026367e+00
1.078007340431213379e+00
1.163128137588500977e+00
1.041565179824829102e+00
1.133979439735412598e+00
1.195788741111755371e+00
1.031425595283508301e+00
1.151276230812072754e+00
1.125097513198852539e+00
1.171432852745056152e+00
1.033216953277587891e+00
1.034965872764587402e+00
1.133304953575134277e+00
1.145679712295532227e+00
8.848227262496948242e-01
1.112066507339477539e+00
1.153222799301147461e+00
8.948991298675537109e-01
1.300571560859680176e+00
1.059484362602233887e+00
9.631808996200561523e-01
1.117578148841857910e+00
1.081825494766235352e+00
1.264760732650756836e+00
9.813369512557983398e-01
1.034936308860778809e+00
1.081216335296630859e+00
1.008133411407470703e+00
1.075503110885620117e+00
1.003108859062194824e+00
1.054361581802368164e+00
1.110720992088317871e+00
1.120057106018066406e+00
9.394778013229370117e-01
1.081926345825195312e+00
1.167682766914367676e+00
9.368810057640075684e-01
1.011582612991333008e+00
9.896263480186462402e-01
7.642225027084350586e-01
9.306080341339111328e-01
1.168000817298889160e+00
8.311502933502197266e-01
8.893505334854125977e-01
9.272598028182983398e-01
1.065292835235595703e+00
1.046929597854614258e+00
1.005378842353820801e+00
1.099155664443969727e+00
9.635596275329589844e-01
9.043936729431152344e-01
9.341565966606140137e-01
8.928719758987426758e-01
9.790202379226684570e-01
1.070133447647094727e+00
9.729093909263610840e-01
1.131816864013671875e+00
9.860990047454833984e-01
1.163960337638854980e+00
9.297089576721191406e-01
9.123449921607971191e-01
9.223228693008422852e-01
9.811089038848876953e-01
1.064303874969482422e+00
8.699349164962768555e-01
9.641634225845336914e-01
1.061143159866333008e+00
8.465461730957031250e-01
1.031186461448669434e+00
1.045880556106567383e+00
9.179804325103759766e-01
9.874866008758544922e-01
9.265960454940795898e-01
8.544872999191284180e-01
9.968733787536621094e-01
9.198574423789978027e-01
9.621065855026245117e-01
9.539928436279296875e-01
8.551422357559204102e-01
9.722378253936767578e-01
8.792582750320434570e-01
1.025643348693847656e+00
8.903709650039672852e-01
9.414011240005493164e-01
9.989471435546875000e-01
8.672835230827331543e-01
7.553261518478393555e-01
9.432576894760131836e-01
8.366093635559082031e-01
9.100822806358337402e-01
1.120939850807189941e+00
9.012526869773864746e-01
9.304085969924926758e-01
7.923977375030517578e-01
8.149042129516601562e-01
7.930176854133605957e-01
9.519138932228088379e-01
9.625151157379150391e-01
9.027974009513854980e-01
9.325494766235351562e-01
7.715587615966796875e-01
8.393449783325195312e-01
9.953281879425048828e-01
9.772665500640869141e-01
7.902424335479736328e-01
9.041323661804199219e-01
7.272335290908813477e-01
8.995262384414672852e-01
1.077031612396240234e+00
9.779915809631347656e-01
7.748357057571411133e-01
9.776906967163085938e-01
9.890606403350830078e-01
8.885111212730407715e-01
8.570590019226074219e-01
8.632935285568237305e-01
8.382850885391235352e-01
8.505941629409790039e-01
9.535011649131774902e-01
8.557908535003662109e-01
8.557128906250000000e-01
9.389384984970092773e-01
7.370107769966125488e-01
8.840249776840209961e-01
7.968689203262329102e-01
7.990258932113647461e-01
8.636950850486755371e-01
8.154526948928833008e-01
9.329462051391601562e-01
8.426690101623535156e-01
9.361606836318969727e-01
7.715991735458374023e-01
8.052618503570556641e-01
7.773337364196777344e-01
9.664563536643981934e-01
8.697226047515869141e-01
9.096943140029907227e-01
8.522371053695678711e-01
7.880955934524536133e-01
7.050662040710449219e-01
8.994656801223754883e-01
8.535644412040710449e-01
8.489784002304077148e-01
7.384800910949707031e-01
8.581643104553222656e-01
8.055132627487182617e-01
7.712194919586181641e-01
9.338095784187316895e-01
5.806809663772583008e-01
8.510094881057739258e-01
7.612615227699279785e-01
8.460561037063598633e-01
8.451263904571533203e-01
7.212618589401245117e-01
7.194759845733642578e-01
8.908344507217407227e-01
6.858025789260864258e-01
7.663879394531250000e-01
7.726243138313293457e-01
8.402284383773803711e-01
7.822630405426025391e-01
7.475947141647338867e-01
7.525370717048645020e-01
8.377871513366699219e-01
8.660123348236083984e-01
6.837596297264099121e-01
7.058603763580322266e-01
7.481550574302673340e-01
7.274535298347473145e-01
6.543706655502319336e-01
8.657029271125793457e-01
7.551555633544921875e-01
7.950751185417175293e-01
7.798917889595031738e-01
7.525204420089721680e-01
7.840892076492309570e-01
7.675476074218750000e-01
7.239663600921630859e-01
8.620376586914062500e-01
6.950061321258544922e-01
8.082389831542968750e-01
8.297593593597412109e-01
8.437101840972900391e-01
6.638733148574829102e-01
