5.920521703451819828e-01
5.351245713245622593e-01
4.997216135878843057e-01
4.648339490929294104e-01
4.344493920343724946e-01
4.206261116956114265e-01
4.072534879879610159e-01
3.899093047478289775e-01
3.809644941017313879e-01
3.741651525984946991e-01
3.631382297420822081e-01
3.553199088938975292e-01
3.466107543212784692e-01
3.407894318503181808e-01
3.351401928097469951e-01
3.288088509717865815e-01
3.235022047851151550e-01
3.197035571772819940e-01
3.128544977210770961e-01
3.084768772649308932e-01
3.027846720124697244e-01
3.001063539101598843e-01
2.964580970488298606e-01
2.941460388238834045e-01
2.911946354792636082e-01
2.885009607862740744e-01
