5.947279569531469523e-01
5.337340823730594153e-01
5.034328425145557784e-01
4.601517044450850746e-01
4.357501091717075892e-01
4.234106555837642838e-01
4.143646560351872399e-01
3.974386250618944794e-01
3.865643537730079626e-01
3.820304232352531026e-01
3.705327684247163300e-01
3.615959341229492141e-01
3.499539213875362265e-01
3.415063715686754153e-01
3.334240531388574236e-01
3.285859318387975292e-01
3.247968073130161337e-01
3.185928822435347696e-01
3.128958254143400231e-01
3.056506858992522058e-01
2.998398413706206966e-01
2.951608987329359945e-01
2.910713097876103106e-01
2.889918392876552611e-01
2.869484933106636326e-01
2.840188245893020547e-01
2.810481598868126429e-01
2.763523665165790733e-01
2.728385702265874735e-01
2.704516127510716017e-01
2.669149828300115268e-01
2.621877626118479521e-01
2.583931061489178060e-01
2.526151535789595282e-01
2.517279484825366009e-01
2.467792094285375382e-01
2.428814922940015497e-01
2.404649786542300272e-01
2.368294657002901482e-01
2.358254061890627806e-01
