7.609549487828297742e+01
6.500424974405149214e+01
5.597734799759464863e+01
4.873649498276284930e+01
4.280902298920241122e+01
3.842118886174262826e+01
3.555198248224492374e+01
3.309657636584121576e+01
3.139816195315437852e+01
2.970000657350990281e+01
2.823667540147378574e+01
2.736606236140590553e+01
2.644069630120385028e+01
2.572429249052208888e+01
2.515897728308991788e+01
2.468219911893703156e+01
2.422750729095893973e+01
2.392212369394484739e+01
2.366290344596158590e+01
2.330955969172974918e+01
2.307874533652807614e+01
2.270924020123177556e+01
2.253978129039102285e+01
2.234589155008940509e+01
2.221235020256294490e+01
2.202450719863668382e+01
2.181045970133062539e+01
2.176676934499129601e+01
2.168125808924973796e+01
2.156628950003195655e+01
2.150483164257881796e+01
2.136767620044108895e+01
2.125834238465466086e+01
2.112122867424949746e+01
2.103074981735849747e+01
2.099683642741048928e+01
2.093326169600107178e+01
2.089437541385459340e+01
2.081523766174211332e+01
2.069644029102785510e+01
2.058438129495628388e+01
2.050182423981445012e+01
2.042781067033277154e+01
2.034976784807601291e+01
2.027590028464682348e+01
2.023436465977086485e+01
2.012475747274272209e+01
2.005565674301166013e+01
1.999793584048925155e+01
1.993894235945811388e+01
1.988264807495763620e+01
1.982853333018781683e+01
1.975617569760721892e+01
1.966381124986157403e+01
1.955631398898319517e+01
1.954232125362071670e+01
1.945723648733647693e+01
1.937623908227886105e+01
1.933130747076906175e+01
1.929750664405857208e+01
1.909857694910095205e+01
1.903612484694931339e+01
1.896889301276744177e+01
1.879706567504317505e+01
1.874368893111626377e+01
1.871864772268346755e+01
1.867891274101928545e+01
1.856822895489223058e+01
1.844243002296958167e+01
1.839633408477408238e+01
1.834078118739478569e+01
1.830597296088423320e+01
1.824401976263431635e+01
1.816378395784707678e+01
1.809192968217449149e+01
1.802869339405819105e+01
1.792936755982582753e+01
1.787061730835687712e+01
1.779004870456375542e+01
1.773882690511337046e+01
1.771282854689916064e+01
1.763456126514631350e+01
1.759718198731044936e+01
1.750084574890532707e+01
1.745561689272185646e+01
1.739020723882641306e+01
1.733980028532887374e+01
