7.855913942594890287e+00
7.115445659741095774e+00
6.466652721085574207e+00
5.817640929763053137e+00
5.254347663343561514e+00
4.858690865759247579e+00
4.482184464659111356e+00
4.257572286943509532e+00
3.932372224463039689e+00
3.667755520145195902e+00
3.450429877382609423e+00
3.288162178651972134e+00
3.163835273238521761e+00
3.079508877672223477e+00
2.945281978466148587e+00
2.856341890422882557e+00
2.804791498166437247e+00
2.710902004828641854e+00
2.637945280854769869e+00
2.583275929021707107e+00
2.544790458566138724e+00
2.501627074692255981e+00
2.453410157799134961e+00
2.428161891770522995e+00
2.386159894526217684e+00
2.350099424118209601e+00
2.301599370948787193e+00
2.259084989199371840e+00
2.218879796998947995e+00
2.203063434916001206e+00
2.152124886995300912e+00
2.115580008229217324e+00
2.095306307300208726e+00
2.079820968588684149e+00
2.060878115106294484e+00
2.024393252579143265e+00
1.998703675419982284e+00
1.963803907849201780e+00
1.928595580943320842e+00
1.908054353748751986e+00
1.890869060106790123e+00
1.875849537481222962e+00
1.854337262621210680e+00
1.838198592873000026e+00
1.808892316052155280e+00
1.785750926238951042e+00
1.767702160937738576e+00
1.740333147479763642e+00
1.721095306431182026e+00
1.703826290517912900e+00
1.683885661242736864e+00
1.660354620047558294e+00
1.639908536975480891e+00
1.623447516351780751e+00
1.608190468881528057e+00
1.596036886556340351e+00
1.576371059232869687e+00
1.566300210863092790e+00
1.560925228807164000e+00
1.548146845891209766e+00
1.541077781829625737e+00
1.525856094929798124e+00
1.510357298482028598e+00
1.493126714228069973e+00
1.477831989463548545e+00
1.466222460746713585e+00
