7.988488172804478538e+00
7.234226135377423539e+00
6.475546058770585311e+00
5.896378066708032328e+00
5.282962776539549488e+00
4.889495503716533520e+00
4.446643878523151017e+00
4.147790140516817381e+00
3.892699026366737147e+00
3.735548768862811730e+00
3.559018970178803531e+00
3.366863692323344814e+00
3.291682049893730699e+00
3.151655128530058025e+00
3.065589585409769224e+00
2.965032597852367946e+00
2.890244803158314113e+00
2.861704361364369120e+00
2.763667613106363330e+00
2.712230436021007218e+00
2.646766157738533742e+00
2.600416280925986534e+00
2.564423585450984699e+00
2.534385917567935298e+00
2.489677037985493779e+00
2.448884757350568098e+00
2.394155259750964770e+00
2.375910141763806660e+00
2.328397635043250258e+00
2.274117623702693436e+00
2.232252212929719537e+00
2.195037169424317813e+00
2.154949341571085419e+00
2.135153481410233756e+00
2.114286548685798017e+00
2.087377657181336499e+00
2.065333117767126581e+00
2.046444681936663290e+00
2.028132326666938656e+00
1.999277092537928624e+00
1.967000864181650099e+00
1.932077721633996159e+00
1.903377085262850210e+00
1.887808616745031864e+00
1.870053757551974671e+00
1.843767573545670002e+00
1.829545981456571324e+00
1.804478428045093619e+00
1.780688128839903905e+00
1.768490757187091811e+00
1.753183075719914719e+00
1.740903801341329604e+00
1.721320503466993612e+00
1.707808184866291157e+00
1.691242777237686346e+00
1.683479829239200365e+00
1.658731744058134838e+00
1.644024439606872612e+00
1.631429809516679708e+00
1.618515969306832059e+00
1.606178279671333087e+00
1.592874328243977899e+00
1.577437138089452517e+00
1.560710298332210089e+00
1.547853615497187807e+00
1.530963130961117802e+00
1.518011764975925271e+00
1.510513147461335137e+00
1.501525755980200882e+00
1.485683004763900028e+00
1.472347972305750430e+00
1.465729940272934462e+00
1.457870658665494368e+00
1.450297802272960013e+00
1.435971178607319709e+00
1.425365407922963179e+00
1.411557841237457200e+00
1.396637132956713767e+00
1.382273797384429459e+00
1.374153330359307867e+00
1.364873813883907383e+00
1.352995565099963660e+00
1.337804517172465069e+00
1.320873221298632938e+00
1.312981361061381858e+00
1.307746711418863450e+00
1.294829447133618361e+00
1.281829631196888641e+00
1.270006276869148687e+00
1.263517525951795228e+00
1.254407377578596217e+00
1.247341646642600610e+00
1.238456172289867707e+00
1.228252416190616092e+00
1.218541129418965641e+00
1.203557697363731638e+00
1.195445191033307264e+00
1.183419409831515390e+00
1.172381706296412585e+00
1.168384333063923197e+00
