3.907506347999999889e+03
3.773950194999999894e+03
3.646271729000000050e+03
3.523783935999999812e+03
3.406788817999999992e+03
3.295266356999999971e+03
3.188366454999999860e+03
3.087249511999999868e+03
2.990089844000000085e+03
2.897044678000000204e+03
2.806836670000000140e+03
2.721395996000000196e+03
2.640025878999999804e+03
2.561630615000000034e+03
2.487770508000000063e+03
2.416785400000000209e+03
2.347844481999999971e+03
2.282628173999999944e+03
2.221115967000000182e+03
2.163292480000000069e+03
2.107201172000000042e+03
2.053833740000000034e+03
2.002469481999999971e+03
1.953711426000000074e+03
1.906935791000000108e+03
1.863138061999999991e+03
1.820425171000000091e+03
1.781044188999999960e+03
1.741864135999999917e+03
1.706395385999999917e+03
1.671621947999999975e+03
1.639786133000000063e+03
1.608964478000000099e+03
1.578673095999999987e+03
1.549642822000000024e+03
1.522379028000000062e+03
1.496540893999999980e+03
1.471395142000000078e+03
1.449820922999999993e+03
1.427296875000000000e+03
1.406145142000000078e+03
1.387965697999999975e+03
1.369050171000000091e+03
1.350936157000000094e+03
1.333723267000000078e+03
1.317639648000000079e+03
1.302164428999999927e+03
1.288696288999999979e+03
1.274915038999999979e+03
1.260755492999999888e+03
1.249353638000000046e+03
1.236017700000000104e+03
1.225854248000000098e+03
1.215355103000000099e+03
1.206561768000000029e+03
1.196479248000000098e+03
1.185578490999999985e+03
1.175903319999999894e+03
1.167543091000000004e+03
1.158743285999999898e+03
1.149542603000000099e+03
1.141516478999999890e+03
1.133864501999999902e+03
1.125350220000000036e+03
1.117697020999999950e+03
1.110386841000000004e+03
1.103757446000000073e+03
1.097608032000000094e+03
1.092104980000000069e+03
1.086763549999999896e+03
1.082271240000000034e+03
1.074851196000000073e+03
1.069678222999999889e+03
1.062125487999999905e+03
1.057016845999999987e+03
1.050017211999999972e+03
1.044231444999999894e+03
1.037728393999999980e+03
1.033370239000000083e+03
1.029492432000000008e+03
1.023849669999999946e+03
1.019688903999999980e+03
1.013875000000000000e+03
1.008445311999999944e+03
1.003375671000000011e+03
9.979389039999999795e+02
9.930480350000000271e+02
9.881328119999999444e+02
9.838294680000000199e+02
9.801186519999999973e+02
9.756881710000000112e+02
9.715985719999999901e+02
9.675380249999999478e+02
9.636915279999999484e+02
9.601187129999999570e+02
9.563833620000000337e+02
9.529777219999999716e+02
9.482979129999999941e+02
9.451240229999999656e+02
9.412969359999999597e+02
9.381496580000000449e+02
9.349017939999999953e+02
9.316692500000000337e+02
9.288129880000000185e+02
9.263712769999999637e+02
9.234343260000000555e+02
9.208079219999999623e+02
9.172045289999999795e+02
9.144288330000000542e+02
9.122139889999999696e+02
9.096422730000000456e+02
9.072252809999999954e+02
9.029337160000000040e+02
8.995670169999999644e+02
8.975826419999999644e+02
8.954389039999999795e+02
8.932117309999999861e+02
8.895838009999999940e+02
8.876780400000000100e+02
8.856249390000000403e+02
8.830603640000000496e+02
8.811649780000000192e+02
8.791116940000000568e+02
8.778022459999999683e+02
8.755392460000000483e+02
8.736601560000000291e+02
8.712863160000000562e+02
8.693665160000000469e+02
8.675388179999999920e+02
8.642113040000000410e+02
8.620999759999999696e+02
8.607630000000000337e+02
8.585767210000000205e+02
8.566015009999999847e+02
8.550612790000000132e+02
8.522349239999999782e+02
8.500725099999999657e+02
8.485025630000000092e+02
8.463715210000000297e+02
8.432061770000000251e+02
8.414811399999999821e+02
8.386171259999999847e+02
8.352762450000000172e+02
8.330686040000000503e+02
8.316185910000000376e+02
8.285130619999999908e+02
8.255972900000000436e+02
8.235412599999999657e+02
8.222905269999999973e+02
8.195814209999999775e+02
8.175999150000000100e+02
8.159357300000000350e+02
8.140541990000000396e+02
8.108092649999999821e+02
8.085910030000000006e+02
8.067089230000000271e+02
8.039895629999999755e+02
8.013635860000000548e+02
7.990599369999999908e+02
7.951550899999999729e+02
7.929047239999999874e+02
7.904231569999999465e+02
7.889472660000000133e+02
7.870661619999999630e+02
7.845470579999999927e+02
7.807306519999999637e+02
7.792778319999999894e+02
7.774667359999999690e+02
7.760429080000000113e+02
7.749301759999999604e+02
7.733121949999999742e+02
7.714686279999999670e+02
7.678421630000000278e+02
7.662802729999999656e+02
7.636068729999999505e+02
7.602678220000000238e+02
7.590400389999999788e+02
7.567557980000000271e+02
7.554669800000000350e+02
7.538703610000000026e+02
7.517509159999999611e+02
7.494479979999999841e+02
7.477402339999999867e+02
7.456564939999999524e+02
7.436670530000000099e+02
7.428251950000000079e+02
7.410138550000000350e+02
7.398124390000000403e+02
7.380393679999999677e+02
7.372430419999999458e+02
7.361489870000000337e+02
7.340697629999999663e+02
7.322214969999999994e+02
7.313595579999999927e+02
7.303138430000000199e+02
7.295184329999999591e+02
7.279671019999999544e+02
7.269368899999999485e+02
7.258444819999999709e+02
7.248933719999999994e+02
7.241875000000000000e+02
7.229724730000000363e+02
7.215599369999999908e+02
7.196295780000000377e+02
7.186595459999999775e+02
7.179966429999999491e+02
7.164450070000000323e+02
7.156851199999999835e+02
7.146716920000000073e+02
7.138319089999999960e+02
7.131328740000000153e+02
7.123726809999999432e+02
7.115906370000000152e+02
7.095459590000000389e+02
7.080130000000000337e+02
7.056930539999999610e+02
7.048102420000000166e+02
7.040901489999999967e+02
7.011536250000000337e+02
6.991284180000000106e+02
6.962860110000000304e+02
6.939987790000000132e+02
6.933168950000000450e+02
6.913251950000000079e+02
6.904494630000000370e+02
6.886038819999999987e+02
6.873607180000000199e+02
6.865056759999999940e+02
6.857749019999999973e+02
6.838646240000000489e+02
6.832269900000000007e+02
6.816267699999999650e+02
6.808663330000000542e+02
6.791525269999999637e+02
6.771021729999999934e+02
6.750880130000000463e+02
6.744321899999999914e+02
6.728339230000000271e+02
6.721726680000000442e+02
6.702243039999999610e+02
6.689955439999999953e+02
6.675831299999999828e+02
6.668983759999999847e+02
6.649021000000000186e+02
6.639282230000000027e+02
6.629463500000000522e+02
6.620691530000000284e+02
6.604374390000000403e+02
6.591950070000000323e+02
6.580161130000000185e+02
6.568474119999999630e+02
6.563100590000000238e+02
6.552339480000000549e+02
6.543709720000000516e+02
6.537428589999999531e+02
6.529788210000000390e+02
6.513003539999999703e+02
6.499730829999999742e+02
6.491952509999999847e+02
6.486174929999999677e+02
6.474409180000000106e+02
6.456690670000000409e+02
6.451347050000000536e+02
6.435395509999999604e+02
6.426925049999999828e+02
6.419102779999999484e+02
6.411508179999999584e+02
6.393466799999999921e+02
6.383211669999999458e+02
6.375081179999999677e+02
6.360758670000000166e+02
6.337579349999999749e+02
6.319526980000000549e+02
6.306723630000000185e+02
6.286318360000000212e+02
6.266508179999999584e+02
6.257604979999999841e+02
6.252495119999999815e+02
6.228404540000000225e+02
6.207915649999999914e+02
6.201544800000000350e+02
6.181964110000000119e+02
6.157586059999999861e+02
6.134138789999999517e+02
6.111224369999999908e+02
6.103370360000000119e+02
6.094702760000000126e+02
6.076167599999999993e+02
6.065848999999999478e+02
6.058126220000000330e+02
6.040947879999999941e+02
6.027493899999999485e+02
6.020302729999999656e+02
6.016458129999999755e+02
6.011646120000000337e+02
5.989736329999999498e+02
5.983804930000000013e+02
5.973237920000000258e+02
5.969445799999999736e+02
5.956769410000000562e+02
5.936287230000000363e+02
5.931984250000000429e+02
5.912792359999999690e+02
5.895352169999999887e+02
5.868791499999999814e+02
5.858981320000000323e+02
5.846060790000000225e+02
5.828023680000000013e+02
5.810781250000000000e+02
5.794534300000000258e+02
5.774699709999999868e+02
5.769572140000000218e+02
5.760595090000000482e+02
5.755662230000000363e+02
5.747420650000000251e+02
5.739174189999999953e+02
5.721834109999999782e+02
5.705600590000000238e+02
5.698184199999999464e+02
5.682421259999999847e+02
5.670824579999999742e+02
5.654761349999999993e+02
5.646923829999999498e+02
5.638995360000000119e+02
5.628648680000000013e+02
5.603928220000000238e+02
5.597465210000000297e+02
5.590753170000000409e+02
5.586007690000000139e+02
5.572161250000000337e+02
5.558603520000000344e+02
5.554714969999999994e+02
5.545252080000000205e+02
5.536953119999999444e+02
5.530259399999999914e+02
5.517730709999999590e+02
5.503775020000000495e+02
5.495762330000000020e+02
5.483259279999999762e+02
5.467088009999999940e+02
5.458927609999999504e+02
5.441296999999999571e+02
5.431739499999999907e+02
5.427806399999999485e+02
5.421539920000000166e+02
5.407855220000000145e+02
5.404980470000000423e+02
5.401339719999999716e+02
5.381850590000000238e+02
5.376946410000000469e+02
5.367388310000000047e+02
5.363278199999999742e+02
5.352639769999999544e+02
5.349574579999999742e+02
5.335087280000000192e+02
5.330744019999999637e+02
5.326062620000000152e+02
5.313486329999999498e+02
5.303085939999999709e+02
5.298187259999999696e+02
5.290183110000000397e+02
5.282036130000000185e+02
5.271635740000000396e+02
5.255242309999999861e+02
5.247064820000000509e+02
5.233428340000000389e+02
5.228540040000000317e+02
5.221710819999999558e+02
5.206818240000000060e+02
5.189277949999999464e+02
5.183298340000000053e+02
5.170382080000000542e+02
5.165010989999999538e+02
5.160924680000000535e+02
5.147669680000000199e+02
5.137543950000000450e+02
5.120527949999999464e+02
5.105560300000000211e+02
5.093297119999999722e+02
5.078726199999999835e+02
5.061757200000000125e+02
5.047287289999999871e+02
5.031860960000000205e+02
5.019841309999999908e+02
5.013738710000000083e+02
4.999287110000000212e+02
4.989281920000000241e+02
4.974311220000000162e+02
4.960842289999999934e+02
4.954295040000000085e+02
4.947535710000000222e+02
4.932766720000000191e+02
4.917215580000000159e+02
4.907298890000000142e+02
4.893741459999999961e+02
4.879169309999999768e+02
4.867942199999999957e+02
4.857554319999999848e+02
4.853916929999999752e+02
4.843569340000000238e+02
4.830271000000000186e+02
4.819737549999999828e+02
4.806683350000000132e+02
4.793674930000000245e+02
4.783386540000000196e+02
4.778575739999999996e+02
4.766033019999999851e+02
4.757541200000000003e+02
4.740966799999999921e+02
4.723629460000000222e+02
4.710880129999999895e+02
4.697929379999999924e+02
4.694476010000000201e+02
4.682629089999999792e+02
4.669639280000000099e+02
4.657803650000000175e+02
4.645576169999999934e+02
4.633266909999999825e+02
4.620554809999999861e+02
4.613711240000000089e+02
4.606744080000000281e+02
4.595481570000000033e+02
4.586381230000000073e+02
4.576944889999999759e+02
4.567988589999999931e+02
4.558996280000000070e+02
4.550702509999999847e+02
4.541262820000000033e+02
4.536943969999999808e+02
4.529706729999999766e+02
4.519096369999999752e+02
4.511195680000000152e+02
4.497484440000000063e+02
4.478230290000000196e+02
4.465013119999999844e+02
4.457486569999999801e+02
4.444780579999999759e+02
4.433029480000000149e+02
4.424001160000000255e+02
4.419285889999999881e+02
4.411233219999999733e+02
4.404012759999999957e+02
4.398549189999999953e+02
4.391071469999999977e+02
4.382398069999999848e+02
4.371233520000000112e+02
4.363414609999999811e+02
4.358254089999999792e+02
4.352987059999999815e+02
4.346255800000000136e+02
4.335934139999999957e+02
4.326818240000000060e+02
4.315114140000000020e+02
4.297183529999999791e+02
4.287879940000000261e+02
4.282155460000000176e+02
4.277314150000000268e+02
4.273990779999999745e+02
4.257333070000000248e+02
4.240319820000000277e+02
4.230797119999999722e+02
4.214769900000000007e+02
4.211336360000000241e+02
4.207847600000000057e+02
4.197973939999999970e+02
4.185419620000000123e+02
4.169883419999999887e+02
4.165032649999999990e+02
4.153132630000000063e+02
4.148708799999999997e+02
4.135210880000000202e+02
4.124384769999999776e+02
4.108044130000000109e+02
4.097699890000000096e+02
4.083264770000000112e+02
4.071765139999999974e+02
4.059898680000000013e+02
4.048925479999999766e+02
4.040720210000000066e+02
4.030827639999999974e+02
4.017892459999999915e+02
4.006479190000000017e+02
3.998256529999999884e+02
3.987998660000000086e+02
3.978692930000000274e+02
3.969562680000000228e+02
3.966709900000000175e+02
3.957402950000000033e+02
3.953529359999999997e+02
3.939856260000000248e+02
3.933049320000000080e+02
3.923081050000000118e+02
3.912763979999999719e+02
3.905223389999999881e+02
3.893481449999999882e+02
3.882861330000000066e+02
3.872346800000000258e+02
3.868848570000000109e+02
3.857938839999999914e+02
3.853178409999999872e+02
