3.893713866999999937e+03
3.761723633000000063e+03
3.635285644999999931e+03
3.514500488000000132e+03
3.395736327999999958e+03
3.281385985999999775e+03
3.172820311999999831e+03
3.070093018000000029e+03
2.970959472999999889e+03
2.875462891000000127e+03
2.785152587999999923e+03
2.700786621000000196e+03
2.617585204999999860e+03
2.538327636999999868e+03
2.462939696999999796e+03
2.390674071999999796e+03
2.322411621000000196e+03
2.257589599999999791e+03
2.195452147999999852e+03
2.136357422000000042e+03
2.079816894999999931e+03
2.026232788000000028e+03
1.975034423999999944e+03
1.925641724000000067e+03
1.878181395999999950e+03
1.833672119000000066e+03
1.792310424999999896e+03
1.751911742999999888e+03
1.713197509999999966e+03
1.676566894999999931e+03
1.642563231999999971e+03
1.609331908999999996e+03
1.579205077999999958e+03
1.550731322999999975e+03
1.522630736999999954e+03
1.495739990000000034e+03
1.470954467999999906e+03
1.446920043999999962e+03
1.422835205000000087e+03
1.400055419999999913e+03
1.378796143000000029e+03
1.358874634000000015e+03
1.340604980000000069e+03
1.322519896999999901e+03
1.305200438999999960e+03
1.289502686000000040e+03
1.275601685000000089e+03
1.260140137000000095e+03
1.245732543999999962e+03
1.232375731999999971e+03
1.219414794999999913e+03
1.207351685000000089e+03
1.195628173999999944e+03
1.184675658999999996e+03
1.173956908999999996e+03
1.164676392000000078e+03
1.156835082999999941e+03
1.147141724000000067e+03
1.138552124000000049e+03
1.130682616999999937e+03
1.123916748000000098e+03
1.116713257000000112e+03
1.110100830000000087e+03
1.103273560000000089e+03
1.097102417000000059e+03
1.089517577999999958e+03
1.082500000000000000e+03
1.076736206000000038e+03
1.071838257000000112e+03
1.066886107999999922e+03
1.061404418999999962e+03
1.055595825000000104e+03
1.049562012000000095e+03
1.045235595999999987e+03
1.038000610000000052e+03
1.032321167000000059e+03
1.028523071000000073e+03
1.023118103000000019e+03
1.019572449000000006e+03
1.014483214999999973e+03
1.011323668999999995e+03
1.008295837000000006e+03
1.003945250999999985e+03
1.001030089999999973e+03
9.965910030000000006e+02
9.935460209999999961e+02
9.880376589999999624e+02
9.855830690000000232e+02
9.804235230000000456e+02
9.757436519999999973e+02
9.711734010000000126e+02
9.667504880000000185e+02
9.638214110000000119e+02
9.597481080000000020e+02
9.571054689999999709e+02
9.528522950000000264e+02
9.497792359999999690e+02
9.455596920000000409e+02
9.433215940000000046e+02
9.397353520000000344e+02
9.368198240000000396e+02
9.331123659999999518e+02
9.301403199999999742e+02
9.265277710000000297e+02
9.220432739999999967e+02
9.196420900000000529e+02
9.162103879999999663e+02
9.137830810000000383e+02
9.104360349999999471e+02
9.082316889999999603e+02
9.043649900000000343e+02
9.024285280000000284e+02
8.993521120000000337e+02
8.972304689999999709e+02
8.955410769999999729e+02
8.915451050000000350e+02
8.884355470000000423e+02
8.862986449999999650e+02
8.845335079999999834e+02
8.824340210000000297e+02
8.803052979999999934e+02
8.753648680000000013e+02
8.719050899999999729e+02
8.700820310000000291e+02
8.660304569999999558e+02
8.627183230000000549e+02
8.613192749999999478e+02
8.580628050000000258e+02
8.554403690000000324e+02
8.524146729999999934e+02
8.503350830000000542e+02
8.485599369999999908e+02
8.450526119999999537e+02
8.435518190000000232e+02
8.413198849999999993e+02
8.368470459999999775e+02
8.338825070000000323e+02
8.323349610000000212e+02
8.300801390000000310e+02
8.274379269999999451e+02
8.256625370000000430e+02
8.239066769999999451e+02
8.219482420000000502e+02
8.200541990000000396e+02
8.187510989999999538e+02
8.172037960000000112e+02
8.145764159999999947e+02
8.122946779999999762e+02
8.109547119999999722e+02
8.091093750000000000e+02
8.069829099999999471e+02
8.053088989999999967e+02
8.027814329999999927e+02
8.009221800000000258e+02
7.988390500000000429e+02
7.964167479999999841e+02
7.951493530000000192e+02
7.926040040000000317e+02
7.906116940000000568e+02
7.896567380000000185e+02
7.871002200000000357e+02
7.848331910000000562e+02
7.830875240000000304e+02
7.814331049999999550e+02
7.797227169999999887e+02
7.790842900000000100e+02
7.780880130000000463e+02
7.765853270000000066e+02
7.744052729999999656e+02
7.734111329999999498e+02
7.716785889999999881e+02
7.695902099999999564e+02
7.672801510000000462e+02
7.650795289999999795e+02
7.638524169999999458e+02
7.625713500000000522e+02
7.607451780000000099e+02
7.592305300000000443e+02
7.570845339999999624e+02
7.565013430000000199e+02
7.545465699999999742e+02
7.528043209999999590e+02
7.513483889999999974e+02
7.490933840000000146e+02
7.467906490000000304e+02
7.451660769999999729e+02
7.413752439999999524e+02
7.398020020000000159e+02
7.380346680000000106e+02
7.357408450000000357e+02
7.342396850000000086e+02
7.325265500000000429e+02
7.304902339999999867e+02
7.291090699999999742e+02
7.266036990000000060e+02
7.252867430000000013e+02
7.234227909999999611e+02
7.216474610000000212e+02
7.202422490000000153e+02
7.196068729999999505e+02
7.167820430000000442e+02
7.158230589999999438e+02
7.138555910000000040e+02
7.126900020000000495e+02
7.110028690000000324e+02
7.092659300000000258e+02
7.081818240000000060e+02
7.057841799999999921e+02
7.038323360000000548e+02
7.019602660000000469e+02
7.011389159999999947e+02
6.998049929999999677e+02
6.975679320000000416e+02
6.960922849999999471e+02
6.946935419999999795e+02
6.931375729999999749e+02
6.917375489999999445e+02
6.899624629999999570e+02
6.879265139999999974e+02
6.869968870000000152e+02
6.847342529999999670e+02
6.829802859999999782e+02
6.813025509999999940e+02
6.795493159999999762e+02
6.782918089999999438e+02
6.764797969999999623e+02
6.751328119999999444e+02
6.739323120000000245e+02
6.720856929999999920e+02
6.707836300000000165e+02
6.689575810000000047e+02
6.676994019999999637e+02
6.658306270000000495e+02
6.648618159999999762e+02
6.637325439999999617e+02
6.633297119999999722e+02
6.624869999999999663e+02
6.611543580000000020e+02
6.604683230000000549e+02
6.600947879999999941e+02
6.593014530000000377e+02
6.578202509999999847e+02
6.574431759999999940e+02
6.557461550000000443e+02
6.542822270000000344e+02
6.524938349999999900e+02
6.514808349999999564e+02
6.503599239999999782e+02
6.494834590000000389e+02
6.485185549999999921e+02
6.463616940000000568e+02
6.456390989999999874e+02
6.452808230000000549e+02
6.445456540000000132e+02
6.438075559999999768e+02
6.427439580000000205e+02
6.412238770000000159e+02
6.392999879999999848e+02
6.372962649999999485e+02
6.355081179999999677e+02
6.335236820000000080e+02
6.329093020000000251e+02
6.312488399999999729e+02
6.300405879999999570e+02
6.283379519999999729e+02
6.272019649999999729e+02
6.253799440000000232e+02
6.238036499999999478e+02
6.231782839999999624e+02
6.211844479999999749e+02
6.206997679999999491e+02
6.200654299999999921e+02
6.189979859999999690e+02
6.179832149999999729e+02
6.164633790000000317e+02
6.146759029999999484e+02
6.129523930000000291e+02
6.115689089999999624e+02
6.099942019999999729e+02
6.082489620000000059e+02
6.069884640000000218e+02
6.063067630000000463e+02
6.050255740000000060e+02
6.041433719999999994e+02
6.022355959999999868e+02
6.008255000000000337e+02
5.999837039999999888e+02
5.979375609999999597e+02
5.965328980000000456e+02
5.949755249999999478e+02
5.935377200000000357e+02
5.920703119999999444e+02
5.903665160000000469e+02
5.888368530000000192e+02
5.872295530000000099e+02
5.865599369999999908e+02
5.859630740000000060e+02
5.841311650000000100e+02
5.824506229999999505e+02
5.817262570000000323e+02
5.800642090000000053e+02
5.790044560000000047e+02
5.772280269999999973e+02
5.765499270000000251e+02
5.759885249999999814e+02
5.748706049999999550e+02
5.734642330000000356e+02
5.719492189999999709e+02
5.705346680000000106e+02
5.693659669999999551e+02
5.680460819999999558e+02
5.669603270000000066e+02
5.653297119999999722e+02
5.647235719999999901e+02
5.637620239999999967e+02
5.623485719999999901e+02
5.612577509999999847e+02
5.596618039999999610e+02
5.592471920000000409e+02
5.584929200000000264e+02
5.573737790000000132e+02
5.569854129999999941e+02
5.558705439999999953e+02
5.541073000000000093e+02
5.536264039999999795e+02
5.525125729999999749e+02
5.515985719999999901e+02
5.505668950000000450e+02
5.500303340000000389e+02
5.486979370000000245e+02
5.481300049999999828e+02
5.477481689999999617e+02
5.460719599999999900e+02
5.449682010000000218e+02
5.436837769999999637e+02
5.425019529999999577e+02
5.407098999999999478e+02
5.401578369999999722e+02
5.392803340000000389e+02
5.381420900000000529e+02
5.372926639999999452e+02
5.362639159999999947e+02
5.356354370000000245e+02
5.343627930000000106e+02
5.331288449999999557e+02
5.324097289999999703e+02
5.314049069999999801e+02
5.307700810000000047e+02
5.303541870000000245e+02
5.289296259999999847e+02
5.285609739999999874e+02
5.274139400000000251e+02
5.267596439999999802e+02
5.251122440000000324e+02
5.243139650000000529e+02
5.224827269999999544e+02
5.215396120000000337e+02
5.204072270000000344e+02
5.186437989999999445e+02
5.173226319999999987e+02
5.162036130000000185e+02
5.148870239999999967e+02
5.144741209999999683e+02
5.135557860000000119e+02
5.124359739999999874e+02
5.118624270000000251e+02
5.106960750000000075e+02
5.097748409999999808e+02
5.087283330000000205e+02
5.077891240000000153e+02
5.067614439999999831e+02
5.058889469999999733e+02
5.050007630000000063e+02
5.039282529999999838e+02
5.033004460000000222e+02
5.024121400000000222e+02
5.016490779999999745e+02
5.011647340000000099e+02
5.006848449999999957e+02
4.995039980000000241e+02
4.985058900000000222e+02
4.976737370000000169e+02
4.968361820000000080e+02
4.962250060000000076e+02
4.959281619999999862e+02
4.956179809999999861e+02
4.940037839999999960e+02
4.929823299999999904e+02
4.924595949999999789e+02
4.909650270000000205e+02
4.903326420000000212e+02
4.900592649999999821e+02
4.896336059999999861e+02
4.882816470000000209e+02
4.880100100000000225e+02
