3.635865967000000182e+03
3.294225586000000021e+03
2.991583740000000034e+03
2.727720946999999796e+03
2.500225342000000182e+03
2.300064452999999958e+03
2.130751220999999987e+03
1.984172974000000067e+03
1.858302490000000034e+03
1.745637938999999960e+03
1.650140137000000095e+03
1.572558960000000070e+03
1.507374755999999934e+03
1.448528442000000041e+03
1.400194702000000007e+03
1.357188353999999890e+03
1.320277831999999989e+03
1.289605835000000070e+03
1.265498291000000108e+03
1.242771972999999889e+03
1.218553955000000087e+03
1.199850952000000007e+03
1.183234740999999985e+03
1.172478515999999900e+03
1.158933105000000069e+03
1.139284302000000025e+03
1.127327759000000015e+03
1.117510375999999951e+03
1.109389038000000028e+03
1.104309326000000056e+03
1.093926146999999901e+03
1.088715819999999894e+03
1.084413330000000087e+03
1.075394408999999996e+03
1.070437987999999905e+03
1.061987061000000040e+03
1.052511719000000085e+03
1.045499634000000015e+03
1.041386230000000069e+03
1.035104857999999922e+03
1.026214111000000003e+03
1.020648009999999999e+03
1.017256530999999995e+03
1.014193541999999979e+03
1.006297423999999978e+03
1.003608703999999989e+03
9.981142579999999498e+02
9.955145870000000059e+02
9.921931150000000343e+02
9.870995480000000271e+02
9.747566530000000284e+02
9.703078610000000026e+02
9.643563840000000482e+02
9.617156370000000152e+02
9.582147220000000516e+02
9.517569580000000542e+02
9.496022339999999531e+02
9.417661739999999782e+02
9.351040649999999914e+02
9.288524780000000192e+02
9.218270870000000059e+02
9.213502809999999954e+02
9.189011229999999841e+02
9.140743410000000040e+02
9.104713130000000092e+02
9.090789180000000442e+02
9.063835450000000264e+02
9.024988399999999729e+02
9.016375729999999749e+02
8.963717649999999821e+02
8.951358030000000099e+02
8.918028560000000198e+02
8.876359250000000429e+02
8.837677609999999504e+02
8.800936279999999670e+02
8.724351809999999432e+02
8.686237180000000535e+02
8.632595830000000205e+02
8.611377559999999676e+02
8.566121219999999994e+02
8.559576419999999644e+02
8.539998779999999670e+02
8.512130130000000463e+02
8.482274780000000192e+02
8.476045530000000099e+02
8.448610230000000456e+02
8.427676390000000310e+02
8.420230099999999993e+02
8.390730589999999438e+02
8.352468870000000152e+02
8.341234130000000278e+02
8.318808589999999867e+02
8.289891360000000304e+02
8.255239870000000337e+02
8.248099979999999505e+02
8.242921750000000429e+02
8.224852290000000039e+02
8.193943480000000363e+02
8.176775509999999940e+02
8.146351319999999987e+02
8.117702639999999974e+02
8.071801759999999604e+02
8.048887939999999617e+02
8.011055300000000443e+02
7.993118289999999888e+02
7.971901249999999663e+02
7.918225710000000390e+02
7.891779790000000503e+02
7.889715579999999591e+02
7.883808589999999867e+02
7.858209839999999531e+02
7.829338989999999967e+02
7.804755860000000212e+02
7.761533200000000079e+02
7.753797610000000304e+02
7.727081299999999828e+02
7.694206540000000132e+02
7.693184810000000198e+02
7.661209109999999782e+02
7.626817019999999729e+02
7.620100710000000390e+02
7.580704349999999749e+02
7.573657230000000027e+02
7.563048099999999749e+02
7.529431759999999940e+02
7.518282470000000330e+02
7.487036739999999782e+02
7.457910160000000133e+02
7.431345209999999497e+02
7.427419429999999920e+02
7.403440550000000258e+02
7.388142699999999650e+02
7.353046880000000556e+02
7.347525630000000092e+02
7.328301999999999907e+02
7.293326419999999644e+02
7.253069460000000390e+02
7.249691769999999451e+02
7.215594479999999749e+02
7.190769649999999729e+02
7.177518919999999980e+02
7.141853029999999762e+02
7.100656739999999445e+02
7.076563720000000330e+02
7.047189329999999927e+02
7.021944580000000542e+02
7.014276730000000271e+02
7.011372069999999894e+02
6.989497069999999894e+02
6.970217290000000503e+02
6.953684080000000449e+02
6.945578610000000026e+02
6.942462160000000040e+02
6.930790409999999611e+02
6.924182739999999967e+02
6.881940309999999954e+02
6.858601069999999709e+02
6.841286010000000033e+02
6.832385249999999814e+02
6.817926639999999452e+02
6.800510249999999814e+02
6.771785889999999881e+02
6.749631349999999657e+02
6.725047610000000304e+02
6.703662719999999808e+02
6.676211550000000443e+02
6.662212520000000495e+02
6.631354370000000245e+02
6.604816280000000006e+02
6.584402469999999994e+02
6.568535769999999729e+02
6.555499270000000251e+02
6.553704830000000356e+02
6.550776369999999815e+02
6.540959470000000238e+02
6.534875489999999445e+02
6.520559690000000046e+02
6.496384279999999762e+02
6.457198489999999538e+02
6.440970459999999775e+02
6.431674799999999550e+02
6.409428100000000086e+02
