3.876285400000000209e+03
3.745294922000000042e+03
3.619871582000000217e+03
3.498498047000000042e+03
3.383916991999999937e+03
3.272857665999999881e+03
3.166536621000000196e+03
3.065245605000000069e+03
2.968255858999999873e+03
2.875932860999999775e+03
2.789015868999999839e+03
2.705288086000000021e+03
2.625831298999999944e+03
2.548875731999999971e+03
2.475589844000000085e+03
2.406054199000000153e+03
2.339528808999999910e+03
2.276403808999999910e+03
2.215578368999999839e+03
2.158118652000000111e+03
2.101667480000000069e+03
2.047531615999999985e+03
1.995965576000000056e+03
1.948169922000000042e+03
1.901932739000000083e+03
1.859589721999999938e+03
1.818668091000000004e+03
1.778992553999999927e+03
1.743137572999999975e+03
1.705191649999999981e+03
1.672931152000000111e+03
1.642682129000000032e+03
1.613075927999999976e+03
1.584852904999999964e+03
1.557573853000000099e+03
1.529879517000000078e+03
1.501966674999999896e+03
1.475761230000000069e+03
1.454105835000000070e+03
1.433458984000000100e+03
1.414313720999999987e+03
1.393475341999999955e+03
1.373924072000000024e+03
1.354303832999999941e+03
1.336723267000000078e+03
1.319889404000000013e+03
1.304614258000000063e+03
1.288727904999999964e+03
1.273588257000000112e+03
1.260261841000000004e+03
1.247331055000000106e+03
1.235359009000000015e+03
1.223263916000000108e+03
1.210105225000000019e+03
1.198204467999999906e+03
1.186218994000000066e+03
1.174410644999999931e+03
1.163180908000000045e+03
1.154497069999999894e+03
1.143951904000000013e+03
1.134377318999999943e+03
1.125554442999999992e+03
1.118289794999999913e+03
1.111580688000000009e+03
1.102744263000000046e+03
1.096733887000000095e+03
1.088640990999999985e+03
1.082792114000000083e+03
1.074355712999999923e+03
1.068262694999999894e+03
1.062531494000000066e+03
1.056767456000000038e+03
1.050919311999999991e+03
1.042380859000000100e+03
1.035019164999999930e+03
1.030030762000000095e+03
1.025647095000000036e+03
1.020970093000000020e+03
1.013656738000000018e+03
1.008882262999999966e+03
1.004678466999999955e+03
9.977213749999999663e+02
9.912748410000000376e+02
9.850135500000000093e+02
9.806559449999999742e+02
9.770304569999999558e+02
9.730014039999999795e+02
9.678507080000000542e+02
9.614278560000000198e+02
9.567064209999999775e+02
9.524667970000000423e+02
9.470953980000000456e+02
9.428168950000000450e+02
9.360482789999999795e+02
9.308981929999999920e+02
9.249699100000000271e+02
9.204227290000000039e+02
9.160394900000000007e+02
9.128389280000000099e+02
9.093257449999999835e+02
9.063750000000000000e+02
9.023617550000000165e+02
8.993375240000000304e+02
8.963611449999999650e+02
8.936054080000000113e+02
8.906059569999999894e+02
8.877910769999999729e+02
8.839291990000000396e+02
8.813166499999999814e+02
8.787516480000000456e+02
8.748734739999999874e+02
8.722735599999999749e+02
8.696896970000000238e+02
8.642138059999999768e+02
8.615612790000000132e+02
8.562886349999999993e+02
8.539885860000000548e+02
8.518704219999999623e+02
8.485603640000000496e+02
8.449254150000000436e+02
8.430961909999999762e+02
8.417388919999999644e+02
8.379305419999999458e+02
8.356284180000000106e+02
8.343699339999999438e+02
8.321114499999999907e+02
8.280440670000000409e+02
8.244219970000000330e+02
8.228408809999999676e+02
8.204835209999999961e+02
8.169841920000000073e+02
8.149493410000000040e+02
8.134680789999999888e+02
8.097615970000000516e+02
8.081878050000000258e+02
8.060479739999999538e+02
8.046446529999999484e+02
8.012610469999999623e+02
7.987979739999999538e+02
7.959370730000000549e+02
7.941828610000000026e+02
7.924823609999999690e+02
7.902457889999999452e+02
7.896324459999999590e+02
7.867124019999999973e+02
7.853175660000000562e+02
7.844236449999999650e+02
7.813645629999999755e+02
7.797692869999999630e+02
7.784817500000000337e+02
7.763330690000000232e+02
7.749909059999999954e+02
7.720480959999999868e+02
7.681975099999999657e+02
7.659577639999999974e+02
7.649848019999999451e+02
7.628211669999999458e+02
7.613568729999999505e+02
7.602958979999999656e+02
7.582072749999999814e+02
7.566978149999999914e+02
7.557620849999999564e+02
7.545223999999999478e+02
7.527893679999999677e+02
7.502693480000000363e+02
7.475276489999999967e+02
7.457432250000000522e+02
7.445304569999999558e+02
7.437742309999999861e+02
7.405599369999999908e+02
7.399481200000000172e+02
7.376817019999999729e+02
7.356192019999999729e+02
7.345889280000000099e+02
7.321135249999999814e+02
7.308550420000000258e+02
7.288739620000000059e+02
7.281043089999999438e+02
7.268336789999999610e+02
7.247327269999999544e+02
7.219391480000000456e+02
7.204348139999999603e+02
7.196000370000000430e+02
7.179363399999999729e+02
7.158780520000000251e+02
7.151677250000000186e+02
7.141796880000000556e+02
7.125544429999999920e+02
7.105711059999999861e+02
7.084017330000000356e+02
7.073639530000000377e+02
7.050185549999999921e+02
7.034504389999999603e+02
7.026052250000000186e+02
7.005864870000000337e+02
6.993450930000000199e+02
6.961473389999999881e+02
6.948482669999999644e+02
6.941137079999999742e+02
6.926586300000000165e+02
6.917272950000000264e+02
6.911102290000000039e+02
6.890779420000000073e+02
6.877946170000000166e+02
6.851639400000000251e+02
6.844994510000000218e+02
6.821723630000000185e+02
6.808548580000000356e+02
6.785317989999999782e+02
6.776414180000000442e+02
6.759337769999999637e+02
6.739907839999999624e+02
6.734810790000000225e+02
6.718998410000000376e+02
6.707371829999999591e+02
6.686900630000000092e+02
6.682338869999999815e+02
6.651063840000000482e+02
6.638453980000000456e+02
6.630369259999999940e+02
6.612020260000000462e+02
6.599278560000000198e+02
6.587161869999999908e+02
6.578385620000000245e+02
6.570543209999999590e+02
6.557505489999999782e+02
6.547036739999999782e+02
6.539024660000000040e+02
6.533608400000000529e+02
6.519097289999999703e+02
6.508437500000000000e+02
6.488888550000000350e+02
6.478323970000000145e+02
6.455068360000000212e+02
6.440047610000000304e+02
6.424097289999999703e+02
6.404982909999999947e+02
6.395772090000000389e+02
6.369322509999999511e+02
6.344326780000000099e+02
6.337449339999999438e+02
6.324897459999999683e+02
6.305092769999999973e+02
6.292032470000000330e+02
6.280296630000000278e+02
6.269652710000000297e+02
6.252095950000000357e+02
6.232887570000000323e+02
6.213489990000000489e+02
6.202625729999999749e+02
6.180022579999999834e+02
6.161636349999999993e+02
6.147705079999999498e+02
6.128507080000000542e+02
6.107374879999999848e+02
6.097631229999999505e+02
6.081259159999999611e+02
6.067906490000000304e+02
6.055067139999999881e+02
6.045964969999999994e+02
6.037163090000000238e+02
6.016735230000000456e+02
6.000787960000000112e+02
5.991566159999999854e+02
5.974430539999999610e+02
5.965565189999999802e+02
5.949707029999999577e+02
5.936221309999999676e+02
5.924711300000000165e+02
5.917126459999999497e+02
5.897425540000000410e+02
5.882650760000000218e+02
5.873630980000000363e+02
5.864120480000000271e+02
5.851987920000000258e+02
5.845225830000000542e+02
5.832687379999999848e+02
5.825093379999999570e+02
5.817069699999999557e+02
5.810316769999999451e+02
5.801081540000000132e+02
5.797962649999999485e+02
5.785854490000000396e+02
5.775566410000000133e+02
5.762895509999999604e+02
5.759853520000000344e+02
5.748566889999999603e+02
5.729999390000000403e+02
5.721687010000000555e+02
5.706502689999999802e+02
5.682708740000000489e+02
5.675350949999999557e+02
5.653291020000000344e+02
5.644316410000000133e+02
5.637763059999999768e+02
5.627936399999999821e+02
5.612631840000000238e+02
5.608978270000000066e+02
5.598166499999999814e+02
5.595520629999999755e+02
5.592899169999999458e+02
5.579490359999999782e+02
5.565507810000000291e+02
5.552626950000000079e+02
5.541110230000000456e+02
5.528983150000000251e+02
5.519357909999999947e+02
5.503963009999999940e+02
5.492170409999999947e+02
5.480630489999999782e+02
5.470618289999999888e+02
5.461083979999999656e+02
5.454772950000000264e+02
5.446394040000000132e+02
5.434354250000000093e+02
5.425057980000000271e+02
5.418360599999999749e+02
5.406868899999999485e+02
5.395143430000000535e+02
5.388227540000000317e+02
5.373392939999999953e+02
5.366798099999999749e+02
5.352418820000000323e+02
5.341661380000000463e+02
5.330665890000000218e+02
5.315269779999999855e+02
5.303814700000000357e+02
5.298502809999999954e+02
5.292307739999999967e+02
5.287228999999999814e+02
5.277973019999999451e+02
5.274894410000000562e+02
