9.636777905345887518e+00
8.928442077327563453e+00
8.318676295747154725e+00
7.786815996367694837e+00
7.321555044537116252e+00
6.911672372050603919e+00
6.552208640572844800e+00
6.227909140832456281e+00
5.954195720114117130e+00
5.710588664959505678e+00
5.493887046582794476e+00
5.303893982909372973e+00
5.139253000597071797e+00
4.980309629333262045e+00
4.845226624475783339e+00
4.730027545991344340e+00
4.624804844052041730e+00
4.533160799695295395e+00
4.444644703863795066e+00
4.364804342786543501e+00
4.299280781132295282e+00
4.232256269081153377e+00
4.170732095035076803e+00
4.118117867278337840e+00
4.065432879419775603e+00
4.020518149625878834e+00
3.976212192726586103e+00
3.933163582090253296e+00
3.893629188454228007e+00
3.855909945644296677e+00
3.821261126260240726e+00
3.790470088042431129e+00
3.756479601472521690e+00
3.727599195803120047e+00
3.700910684915808435e+00
3.675508529620601372e+00
3.651689272808514186e+00
3.627606862997402537e+00
3.605656063287735247e+00
3.583335936583524006e+00
3.559035598706491221e+00
3.538731662475421924e+00
3.519908550041650042e+00
3.498514826885480211e+00
3.479004286236486276e+00
3.458622833326576718e+00
3.440605894457272385e+00
3.422770829670831461e+00
3.406898320203774588e+00
3.390906719999149388e+00
3.377809931928204001e+00
3.366389571676329684e+00
3.349868443884615576e+00
3.336668046375518504e+00
3.314664120925686852e+00
3.300280107961000464e+00
3.284461204878796892e+00
3.275136648469589851e+00
3.262609788448378900e+00
3.250068790195308033e+00
3.236902231345602399e+00
3.225615050779544468e+00
3.210996675119423660e+00
3.198915519224752035e+00
3.188808347102813023e+00
3.179766746835813063e+00
3.168912406871078336e+00
3.157324456773119792e+00
3.149192269205183248e+00
3.139190660204021821e+00
3.126473753103490960e+00
3.115244087052918776e+00
3.104234843022495305e+00
3.093024645667731498e+00
3.083236119169908029e+00
3.072123921406061164e+00
3.063223079702273033e+00
3.056126530804556651e+00
3.049515339491306154e+00
3.038094221665797789e+00
3.028395887459431002e+00
3.021713645672930770e+00
3.009495338996349911e+00
3.001795669137939715e+00
2.994788671975897376e+00
2.987149503828801844e+00
2.980125858980700038e+00
2.973706109463397862e+00
2.967517891685495179e+00
2.956684218509763706e+00
2.944069069856333876e+00
2.937795442504088417e+00
2.930739506387764148e+00
2.924316768335991412e+00
