9.203408075845654679e+00
8.539437519084339456e+00
7.960798185276703798e+00
7.463220482273430711e+00
7.022935499482509059e+00
6.646697589044217480e+00
6.316699078227229869e+00
6.017800711310552941e+00
5.764919737299430302e+00
5.529060866281839459e+00
5.328840639260524092e+00
5.146820713565920080e+00
4.988112186363554024e+00
4.843414484059794134e+00
4.717356310616284354e+00
4.601222839291219557e+00
4.500066155933185819e+00
4.403040126991676573e+00
4.318280768044389539e+00
4.244037018331603406e+00
4.172523443332679882e+00
4.107911628980191132e+00
4.052474689370522576e+00
4.000164266421466053e+00
3.945398033570443719e+00
3.896916514514871199e+00
3.849316891506117777e+00
3.807547502264092998e+00
3.768881798985885823e+00
3.731857343387231740e+00
3.697226371748580487e+00
3.663465043144727318e+00
3.633570412821291562e+00
3.609478361402433055e+00
3.582354990173810982e+00
3.555124452056984907e+00
3.531207359376959065e+00
3.505175517133685137e+00
3.483432015758836986e+00
3.459618613467043691e+00
3.437317328100395031e+00
3.416596561102569041e+00
3.394632285174699948e+00
3.375540351945971018e+00
3.353453663798559692e+00
3.332535180365363559e+00
3.316842248024505668e+00
3.300928659111852959e+00
3.285719129226236657e+00
3.265746027521216455e+00
3.248239489083015741e+00
3.235158619173848393e+00
3.217939076669608323e+00
3.202968602240751306e+00
3.189214698930261438e+00
3.178317337229660033e+00
3.164221116635735243e+00
3.151384343536240973e+00
3.135117340637961991e+00
3.124776117665069908e+00
3.116318281039405225e+00
3.102978239565563179e+00
3.091906158066384247e+00
3.080511067645435919e+00
3.069437178359950558e+00
3.057304384386921647e+00
3.045440932594582595e+00
3.033451187546439609e+00
3.024995107563231311e+00
3.014522614990537086e+00
3.005234237252450757e+00
2.996652974042425033e+00
2.982774215912871618e+00
2.975039000739132078e+00
2.963074721260408051e+00
2.954588297513278672e+00
2.940108476092483603e+00
2.930855972559766709e+00
2.922807939807909872e+00
2.913304481893951081e+00
2.902667540387097400e+00
2.893164980585091417e+00
2.883069314669070682e+00
2.871909494964202558e+00
2.862236147220777127e+00
2.851385449508265335e+00
2.843871444930821557e+00
2.837573525303464628e+00
2.830546559716099253e+00
2.822540670663849838e+00
2.816197763278176058e+00
2.809825604725462611e+00
2.801748566804503682e+00
2.794890864812707765e+00
2.789219035122131984e+00
2.782852331731551221e+00
2.772672035327409024e+00
2.764201501210302947e+00
2.759303193672387522e+00
2.752375591672321153e+00
