6.834067380000000185e+02
6.484946899999999914e+02
6.153696290000000317e+02
5.839537960000000112e+02
5.541469120000000430e+02
5.258746340000000146e+02
4.990517270000000281e+02
4.736045530000000099e+02
4.494675899999999729e+02
4.265697020000000066e+02
4.048481449999999882e+02
3.842433780000000070e+02
3.646998290000000225e+02
3.461635739999999828e+02
3.285787659999999732e+02
3.119006650000000036e+02
2.960801089999999931e+02
2.810762020000000234e+02
2.668435359999999719e+02
2.533492129999999918e+02
2.405528410000000008e+02
2.284171749999999861e+02
2.169043430000000114e+02
2.059877319999999941e+02
1.956399380000000008e+02
1.858297729999999888e+02
1.765316929999999900e+02
1.677173459999999920e+02
1.593608250000000055e+02
1.514441219999999930e+02
1.439416349999999909e+02
1.368328700000000140e+02
1.300974429999999984e+02
1.237205349999999981e+02
1.176813130000000029e+02
1.119559100000000029e+02
1.065383379999999960e+02
1.014124300000000005e+02
9.656395000000000550e+01
9.197679100000000574e+01
8.763900800000000402e+01
8.352794600000000003e+01
7.965080299999999625e+01
7.598805199999999616e+01
7.252808400000000688e+01
6.925432600000000605e+01
6.617091399999999624e+01
6.326506400000000241e+01
6.051739100000000349e+01
5.793294900000000069e+01
5.550152599999999836e+01
5.320811499999999938e+01
5.103972600000000170e+01
4.901044100000000014e+01
4.710776500000000055e+01
4.531045900000000159e+01
4.363494899999999888e+01
4.206586099999999817e+01
4.058497599999999750e+01
3.920669600000000088e+01
3.792566699999999713e+01
3.671498100000000164e+01
3.559622600000000148e+01
3.454877900000000324e+01
3.358166500000000099e+01
3.266839600000000132e+01
3.183109899999999826e+01
3.104642099999999871e+01
3.031765899999999903e+01
2.965205600000000175e+01
2.902386500000000069e+01
2.843879899999999950e+01
2.790846099999999907e+01
2.741499500000000111e+01
2.695455899999999971e+01
2.653158000000000172e+01
2.613452699999999851e+01
2.577304799999999929e+01
2.543991899999999973e+01
2.512733499999999864e+01
2.482233799999999846e+01
2.455767799999999923e+01
2.431465700000000041e+01
2.407245800000000102e+01
2.386259099999999833e+01
2.367044100000000029e+01
2.348287799999999947e+01
2.331159399999999948e+01
2.315527300000000110e+01
2.300664700000000096e+01
2.287795300000000154e+01
2.273733700000000013e+01
2.262053900000000084e+01
2.250623699999999872e+01
2.239901700000000062e+01
2.229054500000000161e+01
2.220651799999999909e+01
2.212584899999999877e+01
2.204395299999999835e+01
2.196827299999999994e+01
2.188573299999999833e+01
2.181778699999999915e+01
2.174784299999999959e+01
2.167383600000000143e+01
2.161135900000000021e+01
2.155408999999999864e+01
2.149544699999999864e+01
2.143586000000000169e+01
2.138714600000000132e+01
2.132878699999999839e+01
2.127983100000000150e+01
2.123412899999999937e+01
2.118830300000000122e+01
2.114356599999999986e+01
2.110712799999999945e+01
2.106632600000000011e+01
2.101202599999999876e+01
2.096866199999999836e+01
2.093294900000000069e+01
2.088540100000000166e+01
2.084699200000000019e+01
2.081545099999999948e+01
2.078231600000000157e+01
2.074089100000000130e+01
2.070778699999999972e+01
2.067646799999999985e+01
2.064921599999999913e+01
2.062189100000000153e+01
2.058586899999999886e+01
2.056121999999999872e+01
2.053142400000000123e+01
2.050796499999999867e+01
2.047971300000000028e+01
2.044876500000000163e+01
2.041733199999999826e+01
2.039548699999999926e+01
2.037771000000000043e+01
2.035035099999999986e+01
2.032555999999999941e+01
2.030542000000000158e+01
2.027721999999999980e+01
2.025259799999999899e+01
2.022972700000000046e+01
2.020747799999999827e+01
2.019240599999999830e+01
2.017412799999999962e+01
2.015351499999999874e+01
2.013171399999999878e+01
2.010569800000000029e+01
2.008495100000000022e+01
2.007153100000000023e+01
2.005250900000000058e+01
2.003062200000000104e+01
2.001337799999999945e+01
1.999785599999999874e+01
1.997645800000000094e+01
1.995736899999999991e+01
1.993244899999999831e+01
1.990945999999999927e+01
1.989017899999999983e+01
1.987613899999999845e+01
1.986008599999999902e+01
1.984054899999999932e+01
1.982599099999999837e+01
1.980335200000000029e+01
1.978090699999999913e+01
1.976784899999999823e+01
1.975293399999999977e+01
1.973496799999999851e+01
1.971674000000000149e+01
1.970089099999999860e+01
1.968560199999999938e+01
1.966570700000000116e+01
1.964898300000000120e+01
1.963715699999999842e+01
1.962045300000000125e+01
1.960830899999999843e+01
1.959332300000000160e+01
1.957889199999999974e+01
1.956954400000000049e+01
1.955829400000000007e+01
1.954243299999999905e+01
1.952841199999999944e+01
1.951257899999999879e+01
1.949976900000000057e+01
1.948188800000000143e+01
1.947270599999999874e+01
1.946239100000000022e+01
1.945165099999999825e+01
1.943344700000000103e+01
1.941888000000000147e+01
1.940427000000000035e+01
1.939609899999999953e+01
1.938237000000000165e+01
1.936956400000000045e+01
1.935795800000000000e+01
1.934265500000000060e+01
1.933305000000000007e+01
1.932560000000000144e+01
1.931262399999999957e+01
1.929682700000000040e+01
1.928615399999999980e+01
1.927689900000000023e+01
1.926772700000000071e+01
1.925969900000000123e+01
1.925053600000000031e+01
1.923733700000000013e+01
1.922385999999999839e+01
1.921080600000000160e+01
1.919838700000000031e+01
1.918547099999999972e+01
1.917365099999999956e+01
1.916190500000000085e+01
1.914866999999999919e+01
1.914024399999999915e+01
1.912948799999999849e+01
1.911665299999999945e+01
1.910847899999999910e+01
1.909302500000000080e+01
1.908415799999999862e+01
1.907110399999999828e+01
1.905993300000000090e+01
1.904840700000000098e+01
1.904201899999999981e+01
1.903023900000000168e+01
1.901921700000000115e+01
1.900580799999999826e+01
1.899665099999999995e+01
1.898863199999999907e+01
1.897660399999999825e+01
1.896479799999999827e+01
1.895043199999999928e+01
1.894010700000000114e+01
1.892944500000000119e+01
1.891534400000000105e+01
1.890388099999999838e+01
1.889368800000000093e+01
1.888772000000000162e+01
1.887597500000000039e+01
1.886848799999999926e+01
1.886010599999999826e+01
1.884651900000000069e+01
1.883598699999999937e+01
1.882884800000000070e+01
1.881839799999999840e+01
1.880542399999999859e+01
1.879898800000000136e+01
1.878920700000000110e+01
1.877796700000000030e+01
1.876696799999999854e+01
1.876153400000000104e+01
1.875368100000000027e+01
1.874407000000000068e+01
1.873711399999999827e+01
1.872699400000000125e+01
1.871643999999999863e+01
1.870602399999999932e+01
1.869753599999999949e+01
1.868542700000000067e+01
1.867453799999999831e+01
1.866845299999999952e+01
1.865590999999999866e+01
1.864704100000000153e+01
1.864170500000000175e+01
1.863203199999999882e+01
1.862290600000000040e+01
1.861126300000000100e+01
1.860198199999999957e+01
1.859699399999999869e+01
1.858980000000000032e+01
1.858353599999999872e+01
1.857803499999999985e+01
1.856844699999999904e+01
1.856004700000000085e+01
1.855035399999999868e+01
1.854218699999999842e+01
1.853270699999999849e+01
1.852653499999999909e+01
1.852092199999999877e+01
1.851131399999999871e+01
1.850613200000000091e+01
1.849636999999999887e+01
1.848729499999999959e+01
1.847930500000000009e+01
1.847250700000000023e+01
1.846802100000000024e+01
1.845947800000000072e+01
1.845067999999999842e+01
1.844323199999999829e+01
1.843307700000000082e+01
1.842435100000000148e+01
1.841527599999999865e+01
1.840938200000000080e+01
1.840183299999999988e+01
1.839616600000000091e+01
1.838748700000000014e+01
1.838176899999999847e+01
1.837307200000000051e+01
1.836299299999999945e+01
1.835603700000000060e+01
1.834789100000000062e+01
1.833874499999999941e+01
1.833031300000000030e+01
1.832615099999999941e+01
1.831784100000000137e+01
1.831228300000000075e+01
1.830409200000000070e+01
1.829790099999999953e+01
1.829061700000000101e+01
1.827809900000000098e+01
1.827155300000000082e+01
1.826688800000000157e+01
1.825674599999999970e+01
1.824897599999999898e+01
1.824502000000000024e+01
1.823818599999999890e+01
1.822878299999999996e+01
1.822110199999999836e+01
1.821590399999999832e+01
1.820753300000000152e+01
1.820325700000000069e+01
1.819573400000000163e+01
1.818640699999999910e+01
1.817886000000000024e+01
1.816884599999999850e+01
1.815784100000000123e+01
1.815123600000000081e+01
1.814620599999999939e+01
1.813769699999999929e+01
1.813023600000000002e+01
1.812521600000000177e+01
1.811454399999999865e+01
1.810707999999999984e+01
1.809820600000000113e+01
1.809055100000000138e+01
1.808703600000000122e+01
1.807554999999999978e+01
1.806953400000000087e+01
1.806304700000000096e+01
1.805551300000000126e+01
1.804753499999999988e+01
1.803981399999999979e+01
1.803188899999999961e+01
1.802858499999999964e+01
1.802278099999999839e+01
1.801310300000000097e+01
1.800955400000000139e+01
1.800582899999999853e+01
1.799885000000000090e+01
1.799162099999999853e+01
1.798557500000000076e+01
1.798109600000000086e+01
1.797419400000000067e+01
1.796766699999999872e+01
1.795747899999999930e+01
1.795056200000000146e+01
1.794371999999999900e+01
1.793836399999999998e+01
1.793014099999999900e+01
1.792339099999999874e+01
1.791920899999999861e+01
1.791610700000000023e+01
1.791161200000000164e+01
1.790424700000000158e+01
1.789530600000000149e+01
1.789247299999999896e+01
1.788258899999999940e+01
1.787608099999999922e+01
1.786916000000000082e+01
1.786314600000000041e+01
1.785629099999999880e+01
1.784750199999999865e+01
1.784433900000000150e+01
1.783397499999999880e+01
1.782764799999999994e+01
1.782099300000000142e+01
1.781768800000000041e+01
1.781148500000000112e+01
1.780463400000000007e+01
1.779934499999999886e+01
1.779324199999999934e+01
1.778681600000000174e+01
1.777956000000000003e+01
1.777451500000000095e+01
1.777031900000000064e+01
1.776329199999999986e+01
1.775512099999999904e+01
1.775139799999999823e+01
1.774551599999999851e+01
1.773710600000000071e+01
1.772732200000000091e+01
1.771847700000000003e+01
1.771135900000000163e+01
1.770569199999999910e+01
1.769934999999999903e+01
1.769633299999999920e+01
1.769146500000000088e+01
1.768660500000000013e+01
1.768244200000000177e+01
1.766982499999999945e+01
1.766420899999999961e+01
1.765863200000000077e+01
1.765267400000000109e+01
1.764955300000000094e+01
1.764333200000000090e+01
1.764070900000000108e+01
1.763322399999999845e+01
1.762538299999999936e+01
1.762002899999999883e+01
1.761119800000000168e+01
1.760422900000000013e+01
1.759859700000000160e+01
1.759272599999999898e+01
1.759025600000000011e+01
1.758738100000000060e+01
1.758099599999999896e+01
1.757641800000000032e+01
1.756956900000000132e+01
1.756500199999999978e+01
1.756118199999999874e+01
1.755519100000000066e+01
1.754712299999999914e+01
1.754143900000000045e+01
1.752872100000000088e+01
1.752351000000000170e+01
1.751788499999999971e+01
1.751528899999999922e+01
1.750995999999999952e+01
1.750157499999999899e+01
1.749514999999999887e+01
1.749281500000000023e+01
1.748160400000000081e+01
1.747625700000000037e+01
1.747038699999999878e+01
1.746788400000000152e+01
1.746201699999999946e+01
1.745706600000000108e+01
1.745266000000000162e+01
1.745025400000000104e+01
1.744249699999999947e+01
1.743452299999999866e+01
