6.838366700000000264e+02
6.489082640000000310e+02
6.157620849999999564e+02
5.843301390000000310e+02
5.545028690000000324e+02
5.262141719999999623e+02
4.993737790000000132e+02
4.739186100000000010e+02
4.497666320000000155e+02
4.268559569999999894e+02
4.051239929999999845e+02
3.845101930000000152e+02
3.649565430000000106e+02
3.464101559999999722e+02
3.288172609999999736e+02
3.121299740000000043e+02
2.963020020000000159e+02
2.812923890000000142e+02
2.670544740000000274e+02
2.535515750000000139e+02
2.407481689999999901e+02
2.286060640000000035e+02
2.170889430000000004e+02
2.061709590000000105e+02
1.958217009999999902e+02
1.860094760000000065e+02
1.767055210000000045e+02
1.678834530000000029e+02
1.595240479999999934e+02
1.516056210000000135e+02
1.441012570000000039e+02
1.369869380000000092e+02
1.302509310000000085e+02
1.238710399999999936e+02
1.178288419999999945e+02
1.121110989999999958e+02
1.066950449999999933e+02
1.015714799999999940e+02
9.672158100000000047e+01
9.213756600000000674e+01
8.779275499999999965e+01
8.369154399999999328e+01
7.981103500000000395e+01
7.614646100000000217e+01
7.268784300000000087e+01
6.941944900000000018e+01
6.633776899999999443e+01
6.343066799999999716e+01
6.068670699999999840e+01
5.810194800000000015e+01
5.567344700000000302e+01
5.338895000000000124e+01
5.123684699999999737e+01
4.921498100000000164e+01
4.731731800000000021e+01
4.553123500000000234e+01
4.386179400000000328e+01
4.229442199999999730e+01
4.083323299999999989e+01
3.945930899999999752e+01
3.818385700000000327e+01
3.698586999999999847e+01
3.587912000000000035e+01
3.484178500000000156e+01
3.387587400000000315e+01
3.298320799999999764e+01
3.214050699999999949e+01
3.137130700000000161e+01
3.064208599999999905e+01
2.997521400000000114e+01
2.936275499999999994e+01
2.878214300000000136e+01
2.825594099999999997e+01
2.775770400000000038e+01
2.729710599999999943e+01
2.688045100000000076e+01
2.649296199999999857e+01
2.613084399999999974e+01
2.580054900000000018e+01
2.550148199999999932e+01
2.521304900000000160e+01
2.495138199999999884e+01
2.470288100000000142e+01
2.447948299999999833e+01
2.422527900000000045e+01
2.403427699999999945e+01
2.385940400000000139e+01
2.365287800000000118e+01
2.349153300000000044e+01
2.334128000000000114e+01
2.320598800000000139e+01
2.308569500000000119e+01
2.293020100000000028e+01
2.281674399999999991e+01
2.271393199999999979e+01
2.258596800000000115e+01
2.249714300000000122e+01
2.241151800000000094e+01
2.230386700000000033e+01
2.223299799999999848e+01
2.216221600000000080e+01
2.209549700000000172e+01
2.202181600000000117e+01
2.193627899999999897e+01
2.187339400000000111e+01
2.181920399999999916e+01
2.176617399999999947e+01
2.169422099999999887e+01
2.164675899999999942e+01
2.159759700000000038e+01
2.153418200000000127e+01
2.149282600000000087e+01
2.144785699999999906e+01
2.139244300000000010e+01
2.135148999999999830e+01
2.131531000000000020e+01
2.127330399999999955e+01
2.122234900000000124e+01
2.118257300000000143e+01
2.114781999999999940e+01
2.110954299999999861e+01
2.106540499999999838e+01
2.103566700000000012e+01
2.100599700000000070e+01
2.097299599999999842e+01
2.094479799999999869e+01
2.091424800000000062e+01
2.087738200000000077e+01
2.085034800000000033e+01
2.082058699999999973e+01
2.079183000000000092e+01
2.076189000000000107e+01
2.072658900000000060e+01
2.069646300000000139e+01
2.067339700000000136e+01
2.064452400000000054e+01
2.062123899999999921e+01
2.059574900000000142e+01
2.057192399999999921e+01
2.055345300000000108e+01
2.053310799999999858e+01
2.050663199999999975e+01
2.048403700000000072e+01
2.046621100000000126e+01
2.044509700000000052e+01
2.042031700000000072e+01
2.039624200000000087e+01
2.037138600000000110e+01
2.035057600000000022e+01
2.033089299999999966e+01
2.030672799999999967e+01
2.028783400000000015e+01
2.026259399999999999e+01
2.024116899999999930e+01
2.022310600000000136e+01
2.020864100000000008e+01
2.019357300000000066e+01
2.017740099999999970e+01
2.015858100000000164e+01
2.013873900000000106e+01
2.011937100000000100e+01
2.010085099999999869e+01
2.007878699999999839e+01
2.006159600000000154e+01
2.004147700000000043e+01
2.002531400000000161e+01
2.001303899999999913e+01
1.999757599999999869e+01
1.998377999999999943e+01
1.996318199999999976e+01
1.994617799999999974e+01
1.992980199999999869e+01
1.991166899999999984e+01
1.989957000000000065e+01
1.988171399999999878e+01
1.986532199999999904e+01
1.985052500000000109e+01
1.984024399999999844e+01
1.982315399999999883e+01
1.981147400000000047e+01
1.979606199999999916e+01
1.978308300000000131e+01
1.976760099999999909e+01
1.975273899999999827e+01
1.973491500000000087e+01
1.971730000000000160e+01
1.970431500000000113e+01
1.968447899999999962e+01
1.966953099999999921e+01
1.965613400000000155e+01
1.964451599999999942e+01
1.963136300000000034e+01
1.961276799999999909e+01
1.959720799999999841e+01
1.958456800000000086e+01
1.957307099999999878e+01
1.956387099999999890e+01
1.954875600000000091e+01
1.953917699999999869e+01
1.952400199999999941e+01
1.950721499999999864e+01
1.949430999999999869e+01
1.948228800000000049e+01
1.946807899999999947e+01
1.945858199999999982e+01
1.944296100000000038e+01
1.943324499999999944e+01
1.941757000000000133e+01
1.941086200000000161e+01
1.939704899999999910e+01
1.938582399999999950e+01
1.937348700000000079e+01
1.936718000000000117e+01
1.935697000000000045e+01
1.935068899999999914e+01
1.934292400000000001e+01
1.932865899999999826e+01
1.931757700000000000e+01
1.930852900000000005e+01
1.929426600000000036e+01
1.928191899999999848e+01
1.927430000000000021e+01
1.926247400000000098e+01
1.925052499999999966e+01
1.923816700000000068e+01
1.923022100000000023e+01
1.921903999999999968e+01
1.921172899999999828e+01
1.920467199999999863e+01
1.919345500000000015e+01
1.918330800000000025e+01
1.917015299999999911e+01
1.915842400000000012e+01
1.915286400000000100e+01
1.914736900000000119e+01
1.913492199999999954e+01
1.912256800000000112e+01
1.910915400000000020e+01
1.909718300000000113e+01
1.908686600000000055e+01
1.907984899999999939e+01
1.906834599999999824e+01
1.905923100000000048e+01
1.904778100000000052e+01
1.903831299999999871e+01
1.903324699999999936e+01
1.902237300000000175e+01
1.901641499999999851e+01
1.901153400000000104e+01
1.899974100000000021e+01
1.899039600000000050e+01
1.897985800000000012e+01
1.896975700000000131e+01
1.895920900000000131e+01
1.895369300000000123e+01
1.894724499999999878e+01
1.893762999999999863e+01
1.893178699999999992e+01
1.892104900000000001e+01
1.891164399999999901e+01
1.890108100000000135e+01
1.889102600000000010e+01
1.888633000000000095e+01
1.887739900000000048e+01
1.886693599999999904e+01
1.885833200000000076e+01
1.884966700000000017e+01
1.884534800000000132e+01
1.883564200000000000e+01
1.883130099999999985e+01
1.882640299999999911e+01
1.881861500000000120e+01
1.881285099999999844e+01
1.880439900000000009e+01
1.879936400000000063e+01
1.879384399999999999e+01
1.878583100000000172e+01
1.878185699999999869e+01
1.877793099999999882e+01
1.877176899999999904e+01
1.876158900000000074e+01
1.875632699999999886e+01
1.874703799999999987e+01
1.873936099999999882e+01
1.873206100000000163e+01
1.872836900000000071e+01
1.872370700000000099e+01
1.871405400000000085e+01
1.870550499999999872e+01
1.869531999999999883e+01
1.868614200000000025e+01
1.867638399999999876e+01
1.866846699999999970e+01
1.866271599999999964e+01
1.865549100000000138e+01
1.864357400000000098e+01
1.863620799999999988e+01
1.862780199999999908e+01
1.861792600000000064e+01
1.861440299999999937e+01
1.860968199999999939e+01
1.860282300000000077e+01
1.859931900000000127e+01
1.859447499999999920e+01
1.858563399999999888e+01
1.857698600000000155e+01
1.857317400000000163e+01
1.856636599999999859e+01
1.855901100000000170e+01
1.855059599999999875e+01
1.854194599999999937e+01
1.853465500000000077e+01
1.852588499999999883e+01
1.851799600000000012e+01
1.851149399999999901e+01
1.850263599999999897e+01
1.849811400000000106e+01
1.849486699999999928e+01
1.848653600000000097e+01
1.847582200000000086e+01
1.846921000000000035e+01
1.845947500000000119e+01
1.845538900000000027e+01
1.845110100000000131e+01
1.844350199999999873e+01
1.843545500000000104e+01
1.842554099999999906e+01
1.841648700000000005e+01
1.840834600000000165e+01
1.840061999999999998e+01
1.839761000000000024e+01
1.839071300000000164e+01
1.838150399999999962e+01
1.837372799999999984e+01
1.836873399999999990e+01
1.836560800000000171e+01
1.835682299999999856e+01
1.835073900000000080e+01
1.834383599999999959e+01
1.834003999999999834e+01
1.833721399999999946e+01
1.833026100000000014e+01
1.832635099999999895e+01
1.832006499999999960e+01
1.831157899999999827e+01
1.830782500000000113e+01
1.830087100000000078e+01
1.829353499999999855e+01
1.828532999999999831e+01
1.827732500000000115e+01
1.827121400000000051e+01
1.826374399999999909e+01
