6.839091190000000324e+02
6.489762570000000323e+02
6.158262330000000020e+02
5.843879389999999603e+02
5.545582889999999452e+02
5.262666020000000344e+02
4.994228820000000155e+02
4.739596859999999765e+02
4.498045040000000085e+02
4.268919070000000033e+02
4.051554869999999937e+02
3.845336609999999951e+02
3.649739989999999921e+02
3.464215699999999742e+02
3.288234560000000215e+02
3.121278689999999756e+02
2.962947389999999928e+02
2.812800290000000132e+02
2.670376590000000192e+02
2.535307160000000124e+02
2.407227019999999982e+02
2.285724179999999990e+02
2.170515750000000139e+02
2.061295929999999998e+02
1.957752230000000111e+02
1.859571990000000028e+02
1.766463320000000010e+02
1.678238369999999975e+02
1.594632870000000082e+02
1.515393070000000080e+02
1.440268859999999904e+02
1.369040530000000047e+02
1.301621089999999867e+02
1.237747269999999986e+02
1.177236249999999984e+02
1.119965289999999953e+02
1.065747680000000059e+02
1.014414519999999982e+02
9.658432799999999929e+01
9.199134100000000558e+01
8.764878799999999615e+01
8.353921499999999867e+01
7.965934000000000026e+01
7.597589100000000428e+01
7.250445600000000468e+01
6.923158999999999708e+01
6.613041699999999423e+01
6.321726600000000218e+01
6.045998800000000273e+01
5.786958700000000277e+01
5.543123200000000139e+01
5.312715500000000191e+01
5.096756700000000251e+01
4.893223600000000317e+01
4.702485999999999677e+01
4.523730100000000220e+01
4.355966600000000000e+01
4.198897600000000097e+01
4.051209599999999966e+01
3.913774500000000245e+01
3.784421499999999838e+01
3.664490099999999728e+01
3.552135100000000278e+01
3.446810500000000133e+01
3.349324000000000012e+01
3.258413699999999835e+01
3.173706200000000166e+01
3.095598199999999878e+01
3.023286200000000079e+01
2.956396900000000016e+01
2.893690499999999943e+01
2.835871699999999862e+01
2.783053800000000066e+01
2.733072299999999899e+01
2.687771199999999894e+01
2.646259099999999975e+01
2.606811300000000031e+01
2.570394699999999943e+01
2.536777500000000174e+01
2.506394200000000083e+01
2.477878400000000170e+01
2.452071799999999868e+01
2.427065500000000142e+01
2.404169800000000023e+01
2.383310300000000126e+01
2.364543499999999909e+01
2.346237400000000051e+01
2.329727000000000103e+01
2.314724700000000013e+01
2.300098799999999954e+01
2.286294699999999835e+01
2.274263799999999947e+01
2.258916100000000071e+01
2.248853700000000089e+01
2.238577700000000092e+01
2.229015700000000066e+01
2.220769299999999902e+01
2.212612499999999827e+01
2.205467200000000005e+01
2.197854399999999941e+01
2.188141399999999948e+01
2.181412100000000009e+01
2.174643700000000024e+01
2.169393300000000124e+01
2.163777500000000131e+01
2.158230400000000060e+01
2.152644300000000044e+01
2.144904899999999870e+01
2.140736199999999911e+01
2.136845599999999834e+01
2.130155799999999999e+01
2.126074399999999898e+01
2.121908600000000078e+01
2.116108099999999936e+01
2.111929900000000160e+01
2.108846899999999991e+01
2.105185300000000126e+01
2.102314799999999906e+01
2.099531599999999898e+01
2.096378899999999845e+01
2.093051900000000032e+01
2.089944099999999949e+01
2.085124799999999823e+01
2.081902300000000139e+01
2.078804200000000080e+01
2.076510400000000089e+01
2.074281099999999967e+01
2.070660600000000073e+01
2.067909799999999976e+01
2.064932599999999852e+01
2.062273000000000067e+01
2.060144000000000020e+01
2.058069199999999910e+01
2.055641599999999869e+01
2.052869799999999856e+01
2.051047300000000106e+01
2.048529800000000023e+01
2.046109200000000072e+01
2.043458599999999947e+01
2.041766499999999951e+01
2.039583400000000069e+01
2.037863499999999917e+01
2.036186999999999969e+01
2.033725700000000103e+01
2.031620200000000054e+01
2.029252599999999873e+01
2.026968400000000159e+01
2.025462299999999871e+01
2.023977299999999957e+01
2.020568099999999845e+01
2.018389499999999970e+01
2.016492300000000171e+01
2.014286600000000149e+01
2.012273199999999918e+01
2.010189599999999999e+01
2.008772099999999838e+01
2.007403400000000104e+01
2.005687700000000007e+01
2.004351199999999977e+01
2.002619400000000027e+01
2.001116000000000028e+01
1.999214699999999922e+01
1.997321300000000122e+01
1.995479999999999876e+01
1.993892299999999906e+01
1.992675600000000102e+01
1.990754300000000043e+01
1.989486899999999991e+01
1.987762800000000141e+01
1.986618400000000051e+01
1.985144400000000076e+01
1.983431799999999967e+01
1.981928999999999874e+01
1.980801400000000001e+01
1.979175899999999899e+01
1.978057300000000041e+01
1.976431099999999930e+01
1.975077200000000133e+01
1.973558799999999991e+01
1.972466700000000017e+01
1.970901900000000140e+01
1.969399800000000056e+01
1.968032499999999985e+01
1.966862899999999925e+01
1.965255000000000152e+01
1.964264899999999869e+01
1.962683900000000037e+01
1.961522499999999880e+01
1.959853599999999929e+01
1.958914199999999894e+01
1.957471500000000120e+01
1.956053400000000053e+01
1.953522299999999845e+01
1.952355000000000018e+01
1.950737200000000016e+01
1.949427199999999871e+01
1.948492200000000096e+01
1.947600699999999918e+01
1.946101799999999926e+01
1.945177100000000081e+01
1.944063200000000080e+01
1.942799899999999980e+01
1.941486199999999940e+01
1.940309299999999837e+01
1.939351999999999876e+01
1.938379099999999866e+01
1.937580499999999972e+01
1.936267899999999997e+01
1.935011899999999940e+01
1.933588800000000063e+01
1.931399700000000053e+01
1.930410600000000088e+01
1.929526100000000000e+01
1.928130099999999914e+01
1.926974500000000035e+01
1.925789299999999926e+01
1.924588200000000171e+01
1.923869300000000138e+01
1.922904399999999825e+01
1.921702600000000061e+01
1.920987500000000026e+01
1.920162600000000097e+01
1.918632500000000007e+01
1.917745999999999995e+01
1.916715800000000058e+01
1.915904799999999852e+01
1.915253399999999928e+01
1.914592199999999877e+01
1.913283300000000153e+01
1.911946899999999872e+01
1.910095799999999855e+01
1.909454300000000160e+01
1.908499899999999982e+01
1.907740799999999837e+01
1.906747199999999864e+01
1.905510299999999901e+01
1.904456499999999863e+01
1.903267100000000056e+01
1.901563499999999962e+01
1.900552899999999923e+01
1.899784700000000015e+01
1.899187999999999832e+01
1.898366199999999893e+01
1.897738100000000117e+01
1.897156700000000029e+01
1.896283299999999983e+01
1.895101000000000013e+01
1.894507600000000025e+01
1.893610800000000083e+01
1.892382999999999882e+01
1.891569300000000098e+01
1.890546000000000149e+01
1.889952999999999861e+01
1.888399899999999931e+01
1.886388000000000176e+01
1.885628300000000124e+01
1.884799999999999898e+01
1.884081300000000070e+01
1.882945600000000042e+01
1.881973800000000097e+01
1.881384699999999910e+01
1.880865700000000018e+01
1.879980700000000127e+01
1.878868100000000041e+01
1.877958699999999936e+01
1.877364299999999986e+01
1.876699100000000087e+01
1.876153400000000104e+01
1.875420799999999844e+01
1.874560900000000174e+01
1.873432499999999834e+01
1.872911300000000168e+01
1.871900700000000128e+01
1.870462399999999903e+01
1.869863300000000095e+01
1.869014200000000159e+01
1.868245900000000148e+01
1.867632300000000001e+01
1.866596799999999945e+01
1.865680700000000058e+01
1.865004300000000015e+01
1.864099099999999964e+01
1.863224999999999909e+01
1.862496200000000002e+01
1.862025999999999826e+01
1.861543800000000104e+01
1.861031900000000050e+01
1.860087000000000046e+01
1.859156000000000120e+01
1.858351299999999995e+01
1.857820299999999847e+01
1.857332600000000156e+01
1.856445499999999882e+01
1.855139000000000138e+01
1.854693400000000025e+01
1.853865400000000108e+01
1.852981000000000122e+01
1.851716800000000163e+01
1.850909000000000049e+01
1.850273899999999827e+01
1.848784399999999906e+01
1.848104100000000116e+01
1.847356800000000021e+01
1.846676599999999979e+01
1.845661499999999933e+01
1.845228200000000029e+01
1.844355799999999945e+01
1.843890800000000141e+01
1.843307899999999933e+01
1.842443499999999901e+01
1.841953799999999930e+01
1.841311999999999927e+01
1.840890299999999868e+01
1.840057200000000037e+01
1.839532900000000026e+01
1.838585700000000145e+01
1.837988999999999962e+01
1.837195600000000084e+01
1.836482000000000170e+01
1.835755199999999832e+01
1.834943799999999925e+01
1.834170299999999898e+01
1.833756299999999939e+01
1.833200100000000177e+01
1.832256900000000144e+01
1.831829300000000060e+01
1.831422200000000089e+01
1.830633900000000125e+01
1.830017700000000147e+01
1.829626800000000131e+01
1.828967499999999902e+01
1.828514499999999998e+01
1.827555100000000010e+01
1.826839800000000125e+01
1.826440600000000103e+01
1.825750400000000084e+01
1.824605599999999939e+01
1.823896999999999835e+01
1.823512799999999956e+01
1.822235099999999974e+01
1.821730200000000011e+01
1.821334799999999987e+01
1.820823100000000139e+01
1.820075200000000137e+01
1.819353299999999862e+01
1.818600800000000106e+01
1.818029599999999846e+01
1.817177399999999921e+01
1.816815199999999919e+01
1.816136699999999848e+01
1.815619900000000086e+01
1.814769599999999983e+01
1.813780399999999915e+01
1.813425799999999910e+01
1.812629300000000043e+01
1.812256999999999962e+01
1.811144600000000082e+01
1.810569200000000123e+01
1.810197799999999901e+01
1.809724800000000045e+01
1.808929600000000093e+01
1.808257700000000057e+01
1.807678599999999847e+01
1.807352300000000156e+01
1.806648099999999957e+01
1.805897699999999872e+01
1.805492200000000125e+01
1.804839700000000136e+01
1.804211799999999855e+01
1.803747900000000115e+01
1.803111799999999931e+01
1.802794300000000050e+01
1.802098099999999903e+01
1.801575300000000013e+01
1.801225300000000118e+01
1.800799900000000164e+01
1.800056800000000123e+01
1.799193999999999960e+01
1.798547200000000146e+01
1.797439800000000076e+01
1.797109199999999873e+01
1.796354900000000043e+01
1.795816599999999852e+01
1.795230499999999907e+01
1.794627600000000101e+01
1.794188700000000125e+01
1.793719700000000117e+01
1.793092199999999892e+01
1.792173199999999866e+01
1.791861000000000104e+01
1.791443299999999894e+01
1.791119000000000128e+01
1.790538600000000002e+01
1.790054699999999954e+01
1.789028899999999922e+01
1.788706600000000080e+01
1.787980699999999956e+01
1.787473299999999909e+01
1.786496500000000154e+01
1.785640100000000174e+01
1.785354399999999941e+01
1.784797500000000170e+01
1.784300999999999959e+01
1.783801499999999862e+01
1.783432200000000023e+01
1.782856599999999858e+01
1.782173299999999827e+01
1.781871200000000144e+01
1.781213400000000036e+01
1.780670399999999987e+01
1.780050100000000057e+01
1.779744099999999918e+01
1.779454399999999836e+01
1.778765500000000088e+01
1.777967599999999848e+01
1.777563299999999913e+01
1.776793299999999931e+01
1.776374799999999965e+01
1.776077700000000092e+01
1.775562100000000143e+01
1.775079300000000160e+01
1.774554600000000093e+01
1.774287400000000048e+01
1.773644799999999933e+01
1.772081899999999877e+01
1.771387899999999860e+01
1.770882800000000046e+01
1.769951400000000064e+01
1.769523600000000130e+01
1.769081100000000006e+01
1.768455300000000108e+01
1.768137000000000114e+01
1.767566300000000012e+01
1.766948299999999961e+01
1.766670799999999986e+01
1.765949600000000075e+01
1.765367499999999978e+01
1.764582300000000004e+01
1.764151599999999931e+01
1.763233400000000017e+01
1.762634500000000060e+01
1.762353900000000095e+01
1.761512799999999856e+01
1.760948199999999986e+01
1.760145999999999944e+01
1.758759299999999826e+01
1.758238599999999963e+01
1.757766499999999965e+01
1.756867199999999940e+01
1.756213400000000036e+01
1.755608700000000155e+01
1.755110399999999871e+01
1.754746600000000001e+01
1.754176899999999861e+01
1.753602400000000117e+01
1.752986900000000148e+01
1.752475700000000103e+01
1.752207599999999843e+01
1.751813299999999884e+01
1.751428800000000052e+01
1.750932699999999897e+01
1.750396500000000088e+01
1.749990299999999976e+01
1.749699999999999989e+01
1.749261100000000013e+01
1.749005500000000168e+01
1.748429499999999948e+01
1.747808500000000009e+01
1.747384299999999868e+01
1.747124700000000175e+01
1.746881099999999876e+01
1.746485099999999946e+01
1.745742200000000111e+01
1.745178999999999903e+01
1.744927799999999962e+01
1.744343599999999839e+01
1.743817299999999904e+01
1.743350600000000128e+01
1.742877400000000065e+01
1.742647699999999844e+01
1.742190899999999942e+01
1.741979800000000012e+01
1.741732999999999976e+01
1.740876199999999940e+01
1.739917399999999859e+01
1.739419200000000032e+01
1.739072399999999874e+01
1.738533800000000085e+01
1.737745999999999924e+01
1.737343399999999960e+01
1.736818299999999837e+01
1.736140299999999925e+01
1.735759499999999989e+01
1.735494600000000176e+01
1.734942200000000057e+01
1.734491500000000030e+01
1.734258499999999970e+01
1.733735300000000024e+01
1.733058700000000130e+01
1.732820099999999996e+01
