6.841252439999999524e+02
6.491779169999999795e+02
6.160260620000000245e+02
5.845666499999999814e+02
5.547268070000000080e+02
5.264235230000000456e+02
4.995703429999999798e+02
4.740999449999999911e+02
4.499329829999999788e+02
4.270097349999999778e+02
4.052645259999999894e+02
3.846381529999999884e+02
3.650714720000000284e+02
3.465132449999999835e+02
3.289075619999999844e+02
3.122096559999999954e+02
2.963702700000000050e+02
2.813462830000000281e+02
2.670994870000000105e+02
2.535891570000000002e+02
2.407702179999999998e+02
2.286162109999999927e+02
2.170921329999999898e+02
2.061661070000000109e+02
1.958043979999999920e+02
1.859821929999999952e+02
1.766699519999999950e+02
1.678385930000000030e+02
1.594697879999999941e+02
1.515362849999999924e+02
1.440204469999999901e+02
1.368985140000000058e+02
1.301535189999999886e+02
1.237643970000000024e+02
1.177108539999999977e+02
1.119809489999999954e+02
1.065505679999999984e+02
1.014171450000000050e+02
9.655939499999999498e+01
9.196413400000000138e+01
8.761488300000000606e+01
8.350466199999999617e+01
7.961830899999999644e+01
7.594693800000000294e+01
7.247869099999999776e+01
6.920412399999999309e+01
6.611454799999999921e+01
6.319098999999999933e+01
6.044256599999999935e+01
5.785472099999999784e+01
5.541556200000000132e+01
5.311157200000000245e+01
5.095238499999999959e+01
4.892319899999999677e+01
4.700627899999999926e+01
4.521764000000000294e+01
4.353471400000000102e+01
4.196234900000000323e+01
4.048406200000000155e+01
3.910157000000000238e+01
3.780400099999999952e+01
3.659573699999999974e+01
3.546932999999999936e+01
3.441530199999999695e+01
3.343545199999999795e+01
3.252419700000000091e+01
3.167873000000000161e+01
3.088848300000000080e+01
3.015888599999999897e+01
2.948039400000000043e+01
2.884938000000000002e+01
2.824707799999999835e+01
2.771159400000000161e+01
2.721906500000000051e+01
2.674342700000000050e+01
2.631262200000000107e+01
2.592347900000000038e+01
2.555528100000000080e+01
2.521463999999999928e+01
2.490247199999999950e+01
2.461980799999999903e+01
2.435754400000000075e+01
2.409793300000000116e+01
2.387556599999999918e+01
2.366867799999999988e+01
2.345459699999999970e+01
2.326303100000000157e+01
2.310047099999999887e+01
2.294196300000000122e+01
2.279416799999999910e+01
2.264581899999999948e+01
2.252223199999999892e+01
2.238962899999999934e+01
2.225570499999999896e+01
2.215879199999999827e+01
2.206120100000000050e+01
2.196916399999999925e+01
2.188653000000000048e+01
2.178689200000000170e+01
2.170346999999999937e+01
2.163559899999999914e+01
2.156293700000000158e+01
2.149295800000000156e+01
2.143105299999999858e+01
2.137416500000000141e+01
2.130213200000000029e+01
2.124372699999999980e+01
2.118882400000000032e+01
2.112688400000000044e+01
2.107567600000000141e+01
2.103104000000000084e+01
2.097678399999999854e+01
2.092378000000000071e+01
2.088513000000000019e+01
2.084324300000000108e+01
2.079930900000000094e+01
2.076125000000000043e+01
2.071668800000000132e+01
2.068052499999999938e+01
2.064456900000000061e+01
2.060981599999999858e+01
2.057739799999999875e+01
2.053860500000000044e+01
2.050924499999999995e+01
2.047828900000000019e+01
2.044410500000000042e+01
2.041388500000000050e+01
2.038668799999999948e+01
2.035327699999999851e+01
2.032252099999999828e+01
2.029553200000000146e+01
2.026456299999999899e+01
2.024066900000000047e+01
2.021775399999999934e+01
2.018674700000000044e+01
2.015925800000000123e+01
2.013386300000000162e+01
2.011083400000000054e+01
2.008489000000000146e+01
2.006586799999999826e+01
2.004439400000000049e+01
2.002079399999999865e+01
2.000110600000000005e+01
1.998107500000000059e+01
1.995873599999999826e+01
1.993952900000000028e+01
1.991546100000000052e+01
1.989422799999999825e+01
1.986727000000000132e+01
1.984756499999999946e+01
1.983010900000000021e+01
1.981388700000000114e+01
1.979260800000000131e+01
1.977674700000000030e+01
1.976052899999999823e+01
1.974386600000000058e+01
1.972265200000000007e+01
1.970315400000000139e+01
1.968211399999999855e+01
1.966649400000000014e+01
1.964875999999999934e+01
1.963637400000000000e+01
1.961734399999999923e+01
1.959198400000000007e+01
1.957399200000000050e+01
1.956054500000000118e+01
1.954314799999999863e+01
1.952759199999999851e+01
1.951255199999999945e+01
1.949833699999999936e+01
1.948520699999999906e+01
1.946902800000000155e+01
1.945492700000000141e+01
1.943405500000000075e+01
1.942012199999999922e+01
1.940360099999999832e+01
1.938923099999999877e+01
1.937742599999999982e+01
1.936721599999999910e+01
1.935446900000000170e+01
1.933684500000000028e+01
1.932522200000000012e+01
1.931274799999999914e+01
1.929863200000000134e+01
1.928628300000000095e+01
1.927369500000000002e+01
1.926304599999999922e+01
1.925065800000000138e+01
1.923601499999999831e+01
1.922482099999999861e+01
1.921447200000000066e+01
1.920412400000000019e+01
1.918819200000000080e+01
1.917539400000000072e+01
1.916688699999999912e+01
1.915312399999999826e+01
1.914260700000000170e+01
1.913314799999999849e+01
1.912369899999999845e+01
1.910641899999999893e+01
1.909218600000000166e+01
1.908182899999999904e+01
1.907180599999999870e+01
1.906073999999999913e+01
1.905089999999999861e+01
1.904330600000000118e+01
1.903460700000000116e+01
1.902045999999999992e+01
1.900904999999999845e+01
1.899982599999999877e+01
1.898970600000000175e+01
1.898219500000000082e+01
1.896683900000000023e+01
1.895633700000000132e+01
1.893865600000000171e+01
1.892695200000000000e+01
1.891813499999999948e+01
1.890990299999999991e+01
1.889532700000000176e+01
1.888632600000000039e+01
1.887756299999999854e+01
1.886302900000000093e+01
1.884907199999999960e+01
1.884096100000000007e+01
1.883418800000000104e+01
1.882497000000000043e+01
1.881194100000000091e+01
1.880150599999999983e+01
1.879424699999999859e+01
1.878623599999999882e+01
1.877405900000000116e+01
1.876602700000000112e+01
1.875860199999999978e+01
1.875148799999999838e+01
1.873897600000000097e+01
1.873264500000000155e+01
1.871786300000000125e+01
1.871174200000000098e+01
1.869841399999999965e+01
1.868841000000000108e+01
1.867517700000000147e+01
1.866846800000000073e+01
1.866007400000000160e+01
1.865041400000000138e+01
1.864293699999999987e+01
1.863556099999999915e+01
1.862935299999999827e+01
1.861949900000000113e+01
1.860707999999999984e+01
1.859244899999999845e+01
1.858112699999999862e+01
1.856711599999999862e+01
1.856005700000000047e+01
1.855502900000000110e+01
1.854934099999999830e+01
1.854276799999999881e+01
1.853518299999999996e+01
1.852472900000000067e+01
1.851877400000000051e+01
1.850902400000000014e+01
1.849625599999999892e+01
1.848547900000000155e+01
1.847882099999999994e+01
1.846547100000000086e+01
1.845992700000000042e+01
1.844993600000000100e+01
1.844368899999999911e+01
1.843834500000000176e+01
1.842840999999999951e+01
1.841707800000000006e+01
1.840703999999999851e+01
1.839363900000000029e+01
1.838554600000000150e+01
1.837912400000000090e+01
1.837409399999999948e+01
1.836527999999999849e+01
1.836004799999999904e+01
1.834749599999999958e+01
1.833892399999999867e+01
1.832685100000000133e+01
1.832024399999999886e+01
1.831601099999999960e+01
1.830113199999999907e+01
1.829502700000000104e+01
1.828549800000000047e+01
1.827984400000000065e+01
1.827444500000000005e+01
1.826515600000000106e+01
1.825940299999999894e+01
1.824942400000000120e+01
1.824482300000000023e+01
1.823574599999999890e+01
1.823022699999999929e+01
1.822470900000000071e+01
1.821367499999999851e+01
1.820595700000000150e+01
1.819541699999999906e+01
1.818369900000000072e+01
1.817426299999999983e+01
