6.827439580000000205e+02
6.478739620000000059e+02
6.147851560000000291e+02
5.834066769999999451e+02
5.536313480000000027e+02
5.253925169999999980e+02
4.986011349999999993e+02
4.731870119999999815e+02
4.490735169999999812e+02
4.262069700000000125e+02
4.045119020000000205e+02
3.839317320000000109e+02
3.644087830000000281e+02
3.458946530000000052e+02
3.283320309999999722e+02
3.116704409999999825e+02
2.958684390000000235e+02
2.808773499999999785e+02
2.666627199999999789e+02
2.531823730000000126e+02
2.403962710000000129e+02
2.282692570000000103e+02
2.167736209999999915e+02
2.058660130000000095e+02
1.955290070000000071e+02
1.857294459999999958e+02
1.764398040000000094e+02
1.676285709999999938e+02
1.592812959999999975e+02
1.513718259999999987e+02
1.438719639999999913e+02
1.367677919999999858e+02
1.300389710000000036e+02
1.236662060000000025e+02
1.176270600000000002e+02
1.119111099999999936e+02
1.064987409999999954e+02
1.013796690000000069e+02
9.653276099999999360e+01
9.194986000000000104e+01
8.761510499999999979e+01
8.351360300000000336e+01
7.963951099999999883e+01
7.597645599999999888e+01
7.251400800000000402e+01
6.924860400000000027e+01
6.617150900000000036e+01
6.326874899999999968e+01
6.051403799999999933e+01
5.793279600000000329e+01
5.550124000000000279e+01
5.319951199999999858e+01
5.104605099999999851e+01
4.902474600000000038e+01
4.712899000000000171e+01
4.533562899999999729e+01
4.366520299999999821e+01
4.209941899999999748e+01
4.063684500000000099e+01
3.925623699999999872e+01
3.797390399999999744e+01
3.677937299999999965e+01
3.565626900000000177e+01
3.460624700000000331e+01
3.363965199999999811e+01
3.273359700000000316e+01
3.190070700000000059e+01
3.112126699999999957e+01
3.040414000000000172e+01
2.974077799999999883e+01
2.910953699999999955e+01
2.852918400000000076e+01
2.800196499999999844e+01
2.750706100000000021e+01
2.704422399999999982e+01
2.662651999999999930e+01
2.624091100000000054e+01
2.587897500000000051e+01
2.554266000000000147e+01
2.523904800000000037e+01
2.494687300000000008e+01
2.468545900000000159e+01
2.444238100000000102e+01
2.421588900000000066e+01
2.400371900000000025e+01
2.381331399999999832e+01
2.362832999999999828e+01
2.346415500000000165e+01
2.330897699999999872e+01
2.316563999999999979e+01
2.303174800000000033e+01
2.289812900000000084e+01
2.278358800000000173e+01
2.263856900000000039e+01
2.253679699999999997e+01
2.244153199999999870e+01
2.232115599999999844e+01
2.223087100000000049e+01
2.215364599999999839e+01
2.205344600000000099e+01
2.198411000000000115e+01
2.191881400000000113e+01
2.183511700000000033e+01
2.177380399999999838e+01
2.171439900000000023e+01
2.165054699999999954e+01
2.158132200000000012e+01
2.153327600000000075e+01
2.149221199999999854e+01
2.144339000000000084e+01
2.138437800000000166e+01
2.134104900000000171e+01
2.130262000000000100e+01
2.126072500000000076e+01
2.122792199999999951e+01
2.117698899999999895e+01
2.114726999999999890e+01
2.111148999999999987e+01
2.108037900000000064e+01
2.104525599999999841e+01
2.101147299999999873e+01
2.098514399999999824e+01
2.095461799999999997e+01
2.092267199999999860e+01
2.089588699999999832e+01
2.086176700000000039e+01
2.082577300000000164e+01
2.079865600000000114e+01
2.077070200000000000e+01
2.073411600000000021e+01
2.070670099999999891e+01
2.068599499999999836e+01
2.065590500000000063e+01
2.062786300000000139e+01
2.060443499999999872e+01
2.058495699999999928e+01
2.055115100000000083e+01
2.053010599999999997e+01
2.050583599999999862e+01
2.048181699999999950e+01
2.046059999999999945e+01
2.044512900000000144e+01
2.041758700000000104e+01
2.038720100000000102e+01
2.036342600000000047e+01
2.034469800000000106e+01
2.032550799999999924e+01
2.030859600000000142e+01
2.028525700000000143e+01
2.025745799999999974e+01
2.023659299999999917e+01
2.021453299999999942e+01
2.019144100000000108e+01
2.017362200000000172e+01
2.015255000000000152e+01
2.013592299999999824e+01
2.012097400000000036e+01
2.010546899999999937e+01
2.009310899999999833e+01
2.006481899999999996e+01
2.004438199999999881e+01
2.002518799999999999e+01
2.000913399999999953e+01
1.999483899999999892e+01
1.997675500000000071e+01
1.996177899999999994e+01
1.994825399999999860e+01
1.992655900000000102e+01
1.990713099999999969e+01
1.988205699999999965e+01
1.985958899999999971e+01
1.984475499999999926e+01
1.982721499999999892e+01
1.981451600000000113e+01
1.979656599999999855e+01
1.978418699999999930e+01
1.977055400000000063e+01
1.975332600000000127e+01
1.973039999999999949e+01
1.971359100000000097e+01
1.969724100000000178e+01
1.968422500000000142e+01
1.966900800000000160e+01
1.965632199999999941e+01
1.964510200000000140e+01
1.963361400000000145e+01
1.962277399999999972e+01
1.960749099999999956e+01
1.958837300000000070e+01
1.957152699999999967e+01
1.955709099999999978e+01
1.954534100000000052e+01
1.953596299999999886e+01
1.952438199999999924e+01
1.951466900000000138e+01
1.950091899999999967e+01
1.949133300000000091e+01
1.948136300000000176e+01
1.946789599999999965e+01
1.945728700000000089e+01
1.944327900000000042e+01
1.943452100000000016e+01
1.942042400000000058e+01
1.940025299999999930e+01
1.938157500000000155e+01
1.937073099999999926e+01
1.936093899999999834e+01
1.935190800000000166e+01
1.934207200000000171e+01
1.933328099999999949e+01
1.931725899999999996e+01
1.930440099999999859e+01
1.929637900000000172e+01
1.928193699999999922e+01
1.926370800000000116e+01
1.924809600000000032e+01
1.923872400000000127e+01
1.922564900000000065e+01
1.921352399999999960e+01
1.920040099999999939e+01
1.919075799999999887e+01
1.917943800000000110e+01
1.916627899999999940e+01
1.914917799999999914e+01
1.913269400000000076e+01
1.912509700000000024e+01
1.911307899999999904e+01
1.910541200000000117e+01
1.909684199999999876e+01
1.908106799999999836e+01
1.906470900000000057e+01
1.905722000000000094e+01
1.904529000000000138e+01
1.903875700000000037e+01
1.902486000000000033e+01
1.901672900000000155e+01
1.900475300000000090e+01
1.899696700000000149e+01
1.898862499999999898e+01
1.898170500000000160e+01
1.896692300000000131e+01
1.895214100000000101e+01
1.894316900000000103e+01
1.893171099999999996e+01
1.892227600000000010e+01
1.891092099999999832e+01
1.890303199999999961e+01
1.889628000000000085e+01
1.888784400000000119e+01
1.888215299999999885e+01
1.887556100000000114e+01
1.886960799999999949e+01
1.885694499999999962e+01
1.884640299999999868e+01
1.883718299999999957e+01
1.882990799999999965e+01
1.881948699999999874e+01
1.880570200000000014e+01
1.879689000000000121e+01
1.878610600000000019e+01
1.878083799999999925e+01
1.877465799999999874e+01
1.876281699999999830e+01
1.875248500000000007e+01
1.873998999999999882e+01
1.873316399999999859e+01
1.872374500000000097e+01
1.871560900000000061e+01
1.870592900000000114e+01
1.869436299999999918e+01
1.868411800000000156e+01
1.867321400000000153e+01
1.866376100000000093e+01
1.865574600000000061e+01
1.864817199999999886e+01
1.863589999999999947e+01
1.863005400000000122e+01
1.862311000000000050e+01
1.861498299999999873e+01
1.860631599999999963e+01
1.859567499999999995e+01
1.858717199999999892e+01
1.858097300000000018e+01
1.856867799999999846e+01
1.856124900000000011e+01
1.855594299999999919e+01
1.854598199999999864e+01
1.854071400000000125e+01
1.853134700000000024e+01
1.851903499999999880e+01
1.850679999999999836e+01
1.849694399999999916e+01
1.848962999999999823e+01
1.848433100000000096e+01
1.847228099999999884e+01
1.846190800000000110e+01
1.845556300000000149e+01
1.844765699999999953e+01
1.843873599999999868e+01
1.843116399999999899e+01
1.842287800000000075e+01
1.841703599999999952e+01
1.840553099999999986e+01
1.840052199999999871e+01
1.838716900000000010e+01
1.838305300000000031e+01
1.837812600000000174e+01
1.836812400000000167e+01
1.836145199999999988e+01
1.835744299999999996e+01
1.835273400000000166e+01
1.834603900000000110e+01
1.833525300000000158e+01
1.832877200000000073e+01
1.832174900000000051e+01
1.831059600000000032e+01
1.830223300000000108e+01
1.829680600000000013e+01
1.828826499999999911e+01
1.828096999999999994e+01
1.827585600000000099e+01
1.826928300000000149e+01
1.826368499999999884e+01
1.825550700000000148e+01
1.824916800000000094e+01
1.824482700000000079e+01
1.824022700000000086e+01
1.822967699999999880e+01
1.822542400000000029e+01
1.821673200000000037e+01
1.821242700000000170e+01
1.820161399999999929e+01
1.819674499999999995e+01
1.818690499999999943e+01
1.818090099999999865e+01
1.817579800000000034e+01
1.816890100000000174e+01
1.816121100000000155e+01
1.815510000000000090e+01
1.814917200000000008e+01
1.814497199999999921e+01
1.814107100000000017e+01
1.813764400000000165e+01
1.813253600000000176e+01
1.812364000000000175e+01
1.811175499999999872e+01
1.810705199999999948e+01
1.809741400000000056e+01
1.809345199999999920e+01
1.808577899999999872e+01
1.807927899999999966e+01
1.807365199999999916e+01
1.806753700000000151e+01
1.806195999999999913e+01
1.805833799999999911e+01
1.805390500000000031e+01
1.804060199999999980e+01
1.803747699999999909e+01
1.802906000000000120e+01
1.802184099999999844e+01
1.801468500000000006e+01
1.801016800000000018e+01
1.799913799999999853e+01
1.799507300000000143e+01
1.798967599999999933e+01
1.798394400000000104e+01
1.797585899999999981e+01
1.796969999999999956e+01
1.796219800000000077e+01
1.795297599999999960e+01
1.794984099999999927e+01
1.794627799999999951e+01
1.794269399999999948e+01
1.793581999999999965e+01
1.792372500000000102e+01
1.791403400000000090e+01
1.790882699999999872e+01
1.789951299999999890e+01
1.789520999999999873e+01
1.788503100000000146e+01
1.788100599999999929e+01
1.787783599999999851e+01
1.787279300000000148e+01
1.786470200000000119e+01
1.786115799999999965e+01
1.785571900000000056e+01
1.784958299999999909e+01
1.784115999999999858e+01
1.783082999999999885e+01
1.782124100000000055e+01
1.781335800000000091e+01
1.780504600000000082e+01
1.780101200000000006e+01
1.779654899999999884e+01
1.778641100000000108e+01
1.778368899999999897e+01
1.778034600000000154e+01
1.777515400000000056e+01
1.777021999999999835e+01
1.776261500000000026e+01
1.775401300000000049e+01
1.774880599999999831e+01
1.774254600000000082e+01
1.773873899999999892e+01
1.773572000000000060e+01
1.772485199999999850e+01
1.771600499999999911e+01
1.770865999999999829e+01
1.770521899999999960e+01
1.770042600000000022e+01
1.769040899999999894e+01
1.768676400000000015e+01
1.768050600000000117e+01
1.767367399999999833e+01
1.766646799999999828e+01
1.766092300000000037e+01
1.765786599999999851e+01
1.765523299999999907e+01
1.764799299999999960e+01
1.764192200000000099e+01
1.763390499999999861e+01
1.763117799999999846e+01
1.762423700000000082e+01
1.761962300000000070e+01
1.761504700000000057e+01
1.760992800000000003e+01
1.760647200000000012e+01
1.760172499999999829e+01
1.759703100000000120e+01
1.758908999999999878e+01
1.758590099999999978e+01
1.758050199999999919e+01
1.757105400000000017e+01
1.756271699999999925e+01
1.755799100000000124e+01
1.755043799999999976e+01
1.754277199999999937e+01
1.753931000000000040e+01
1.753271700000000166e+01
1.752410499999999871e+01
1.751738399999999984e+01
1.750955400000000139e+01
1.750411599999999979e+01
1.749695799999999934e+01
1.749247199999999935e+01
1.748802900000000093e+01
1.748551399999999845e+01
1.747902099999999947e+01
1.747464799999999840e+01
1.746798300000000026e+01
1.746516000000000091e+01
1.745986699999999914e+01
1.745112999999999914e+01
1.743635899999999950e+01
1.742858700000000027e+01
1.742425199999999919e+01
1.741763500000000064e+01
1.741546400000000006e+01
1.741016199999999969e+01
1.740293899999999994e+01
1.739882100000000165e+01
1.739197300000000013e+01
1.738927299999999931e+01
1.738319200000000109e+01
1.737474100000000021e+01
1.736721999999999966e+01
1.736481699999999861e+01
1.735865000000000080e+01
1.735543399999999892e+01
1.735030400000000128e+01
1.734421000000000035e+01
1.733826600000000084e+01
1.732991600000000076e+01
1.731645400000000024e+01
1.731052999999999997e+01
1.730322800000000072e+01
1.730106899999999825e+01
1.729742399999999947e+01
1.729035899999999870e+01
1.728749799999999937e+01
1.728177499999999966e+01
1.727775600000000011e+01
1.727517900000000139e+01
1.726675200000000032e+01
1.725948299999999946e+01
1.725460599999999900e+01
1.724832299999999918e+01
1.724075099999999949e+01
1.723380500000000026e+01
1.722968699999999842e+01
1.722555399999999892e+01
1.722299800000000047e+01
1.722075500000000048e+01
1.721682399999999902e+01
1.721347199999999944e+01
1.720764399999999839e+01
1.720256399999999886e+01
1.719592499999999902e+01
1.719278699999999915e+01
1.718704999999999927e+01
