2.933605841435918293e+00
2.746522852210671051e+00
2.598684947181028715e+00
2.493502178043772499e+00
2.430682084884462135e+00
2.368852208958800443e+00
2.327341575469603630e+00
2.290707893052742694e+00
2.244887547140014039e+00
2.212526025929113072e+00
2.185712085660381554e+00
2.170792236579901502e+00
2.151490396293719520e+00
2.135469736864440637e+00
2.130814910020930153e+00
2.117290950243551961e+00
2.114310303248579714e+00
2.108498658476269938e+00
2.096970370670275141e+00
2.087433362684666172e+00
2.078193582299522557e+00
2.077534944049379995e+00
2.074944210565648817e+00
2.066173603182144269e+00
2.060791233102779341e+00
2.056018288827853091e+00
2.051962340404730245e+00
2.050385813571816485e+00
2.042906711353918769e+00
2.035909641863051789e+00
2.033769454970676627e+00
2.030962985522811959e+00
2.027991188534110201e+00
2.024376764418378993e+00
2.022348637092312273e+00
2.019730374121435634e+00
2.017443540866937557e+00
2.014873216689139213e+00
2.012511607016459703e+00
2.008980096028338380e+00
2.006009527251888080e+00
2.001948377239447741e+00
2.000346822019435589e+00
1.997343078053126719e+00
1.995089242940782714e+00
1.993357065293467567e+00
1.990503893894286946e+00
1.989486299218237830e+00
1.985962472654629440e+00
1.980399367876944927e+00
1.974879777856764163e+00
1.970447086362027367e+00
1.969258507870947916e+00
1.964634661297447016e+00
1.963202569526286689e+00
1.960854580739747055e+00
1.959200044839203070e+00
1.956970518577435980e+00
1.956360388780259862e+00
1.950004501512013322e+00
1.948104371438617921e+00
1.945526849901374034e+00
1.943576412206445392e+00
1.943398995787983585e+00
1.942571389808696702e+00
1.940070337589987703e+00
1.939373228762479417e+00
1.939053099936057345e+00
1.935231054154269659e+00
1.932669853653715242e+00
1.932014011931272979e+00
1.929979895067769569e+00
1.922553793306779779e+00
1.920756354937726673e+00
1.920356281492588746e+00
1.917117174599930474e+00
1.915092105970152003e+00
1.912962094300225013e+00
1.912598127760543276e+00
1.911828949002463807e+00
1.910882848154064506e+00
1.907621451891814424e+00
1.904578789969458397e+00
1.902637517972886272e+00
1.902434012240787453e+00
1.901758140217009174e+00
1.900158948899193456e+00
1.899793683087829033e+00
1.896799855641695620e+00
1.895383804786878512e+00
1.895232482089852288e+00
1.891710488756668251e+00
1.890561978402224064e+00
1.887489649193245134e+00
1.884725518962838908e+00
1.883049559941927464e+00
1.879923452489350444e+00
1.877444857770974806e+00
1.875508997962954449e+00
1.874428975610643811e+00
