2.945125532871213370e+00
2.774458064189765150e+00
2.643904805627689480e+00
2.548317711045409606e+00
2.471565983926046872e+00
2.408503681601118718e+00
2.357946813704055788e+00
2.319104621308615499e+00
2.287698188225788076e+00
2.262865572949958270e+00
2.234659167681926295e+00
2.211303325759419014e+00
2.204189763234237098e+00
2.186123869643454842e+00
2.172052624875080884e+00
2.167462249019374454e+00
2.157578125021591298e+00
2.150758406840696413e+00
2.141075609719788719e+00
2.140198844802352784e+00
2.133350287679015356e+00
2.128650158220049438e+00
2.121453995529518632e+00
2.116200576326942251e+00
2.111163442640976218e+00
2.106454881359421272e+00
2.101837849139978953e+00
2.100645219102564631e+00
2.094157604831555997e+00
2.089437580158075125e+00
2.085109793027359881e+00
2.079413887060723720e+00
2.077268152952977065e+00
2.071079498276426456e+00
2.068179454696339015e+00
2.063038038761992432e+00
2.061115148142450337e+00
2.059013020176247544e+00
2.058868358359338568e+00
2.058058405134540081e+00
2.057561469448110358e+00
2.055247294843721928e+00
2.052879325290900780e+00
2.051290990662889335e+00
2.047484867167046918e+00
2.043359264350892435e+00
2.038760133282250475e+00
2.038386979438516100e+00
2.036850270912159200e+00
2.033601400719332819e+00
2.028693810410846954e+00
2.024045037851165407e+00
2.021934221740237181e+00
2.019780751743364355e+00
2.017489016751024433e+00
2.015866707889092169e+00
2.010173299729497209e+00
2.008101541067272677e+00
2.004813883095271532e+00
2.002663312813445895e+00
1.999532563323209056e+00
1.998942557202597614e+00
1.994042235467079704e+00
1.990487902086580885e+00
1.990195949547626686e+00
1.989984301238240549e+00
1.989422097496565067e+00
1.986825555040145019e+00
1.985559942915060772e+00
1.983966405724200577e+00
1.983304786652433815e+00
1.981325463794060493e+00
1.980715719927953034e+00
1.980142839718303849e+00
1.978224997773905702e+00
1.977727585385349096e+00
1.972575645142193634e+00
1.967803585655159004e+00
1.965152821942544481e+00
1.961158966699758865e+00
1.958961516583417772e+00
1.957906840856024289e+00
1.956361599156950737e+00
1.953302689462817598e+00
1.951756348504524841e+00
1.950320288654487699e+00
1.947680922854747143e+00
1.944185111003335464e+00
1.942353133747835248e+00
1.941720388592563351e+00
1.940243682928312063e+00
1.937087346590071979e+00
1.933701476257814855e+00
1.932507404607835433e+00
1.931919472549875616e+00
1.929499602208931242e+00
1.927345221600189173e+00
1.925439080953610382e+00
1.922453365307958961e+00
1.920970445621681177e+00
