5.058914062500000000e+05
4.859711562500000000e+05
5.333585625000000000e+05
5.473248750000000000e+05
4.995003750000000000e+05
5.263818750000000000e+05
5.119688125000000000e+05
5.332065625000000000e+05
5.090157500000000000e+05
5.291801875000000000e+05
5.385533750000000000e+05
5.090671250000000000e+05
5.135668125000000000e+05
5.218504687500000000e+05
5.212113437500000000e+05
5.147203125000000000e+05
5.279985000000000000e+05
5.091802812500000000e+05
4.981577187500000000e+05
4.940726875000000000e+05
5.279903125000000000e+05
5.186941875000000000e+05
5.175388125000000000e+05
5.232188125000000000e+05
5.037602500000000000e+05
4.886712812500000000e+05
5.041434375000000000e+05
4.920951562500000000e+05
4.892218750000000000e+05
4.721330937500000000e+05
4.684470937500000000e+05
4.486420000000000000e+05
4.292775937500000000e+05
4.228527500000000000e+05
3.863150625000000000e+05
3.732839062500000000e+05
3.588948125000000000e+05
3.347980937500000000e+05
2.868992812500000000e+05
2.248670156250000000e+05
2.067763437500000000e+05
1.631429843750000000e+05
1.125203984375000000e+05
6.868533593750000000e+04
5.130310156250000000e+04
3.926819921875000000e+04
3.135185742187500000e+04
4.804409375000000000e+04
7.211667968750000000e+04
9.629960937500000000e+04
8.974643750000000000e+04
6.917370312500000000e+04
4.494635546875000000e+04
3.754960937500000000e+04
3.005164843750000000e+04
2.400842968750000000e+04
1.580691796875000000e+04
1.789559570312500000e+04
1.822922265625000000e+04
1.776279687500000000e+04
2.418504492187500000e+04
2.116360742187500000e+04
2.539614843750000000e+04
2.232143945312500000e+04
2.181176562500000000e+04
1.477660742187500000e+04
1.175319921875000000e+04
9.117298828125000000e+03
5.141040039062500000e+03
5.299707031250000000e+03
5.556987304687500000e+03
9.067905273437500000e+03
8.501023437500000000e+03
8.318079101562500000e+03
1.154243554687500000e+04
8.378329101562500000e+03
9.905924804687500000e+03
8.344477539062500000e+03
5.803927734375000000e+03
7.185771484375000000e+03
6.282971679687500000e+03
5.836942382812500000e+03
6.371528808593750000e+03
7.280875976562500000e+03
6.256924316406250000e+03
7.624541015625000000e+03
6.809254882812500000e+03
7.841975585937500000e+03
7.017859375000000000e+03
5.378725585937500000e+03
8.102989257812500000e+03
4.634770507812500000e+03
6.390912109375000000e+03
5.735313476562500000e+03
6.178548339843750000e+03
4.624177734375000000e+03
5.941917968750000000e+03
6.940989257812500000e+03
4.865431640625000000e+03
8.468710937500000000e+03
5.253649902343750000e+03
6.202332519531250000e+03
5.085539550781250000e+03
4.712981445312500000e+03
4.931364257812500000e+03
6.473478515625000000e+03
5.187379882812500000e+03
4.969557617187500000e+03
5.385500976562500000e+03
4.582818359375000000e+03
5.609453125000000000e+03
5.956793945312500000e+03
6.623440917968750000e+03
5.084614746093750000e+03
5.519939941406250000e+03
5.096742187500000000e+03
5.092560546875000000e+03
5.074693359375000000e+03
5.696601562500000000e+03
5.203913085937500000e+03
5.470354003906250000e+03
5.527410156250000000e+03
3.937557373046875000e+03
5.816442871093750000e+03
5.062943359375000000e+03
4.416536621093750000e+03
6.580434570312500000e+03
5.449495605468750000e+03
5.650255371093750000e+03
4.957593261718750000e+03
4.293837890625000000e+03
4.401385253906250000e+03
6.612306152343750000e+03
5.865437500000000000e+03
3.976117919921875000e+03
4.598831542968750000e+03
5.311619140625000000e+03
4.186089355468750000e+03
4.510302734375000000e+03
5.560025878906250000e+03
5.493621093750000000e+03
4.506808105468750000e+03
5.046846191406250000e+03
4.678730957031250000e+03
3.808183105468750000e+03
4.632482421875000000e+03
5.273944335937500000e+03
4.621688476562500000e+03
4.413989257812500000e+03
4.976692382812500000e+03
4.112904296875000000e+03
5.048528320312500000e+03
5.482215820312500000e+03
3.659578125000000000e+03
6.406910156250000000e+03
5.981335937500000000e+03
4.365516601562500000e+03
4.631037597656250000e+03
5.001961914062500000e+03
4.833979003906250000e+03
4.186656250000000000e+03
5.812513671875000000e+03
5.890049316406250000e+03
4.510707031250000000e+03
5.861913085937500000e+03
4.607106445312500000e+03
4.541090332031250000e+03
5.405321289062500000e+03
3.488024658203125000e+03
5.403923828125000000e+03
5.309583984375000000e+03
5.098974121093750000e+03
5.102846679687500000e+03
4.148835449218750000e+03
4.683397460937500000e+03
4.503202148437500000e+03
4.580635742187500000e+03
4.764119140625000000e+03
4.545505859375000000e+03
3.623872558593750000e+03
5.429448730468750000e+03
5.588771484375000000e+03
4.744684082031250000e+03
4.355388671875000000e+03
5.174411621093750000e+03
4.743714843750000000e+03
5.716583007812500000e+03
4.160384765625000000e+03
4.933987304687500000e+03
4.329814453125000000e+03
4.860129882812500000e+03
4.213908203125000000e+03
4.579810058593750000e+03
4.771396484375000000e+03
4.476766601562500000e+03
6.177237304687500000e+03
4.991469238281250000e+03
3.880809570312500000e+03
4.410679687500000000e+03
5.534034667968750000e+03
4.352634765625000000e+03
3.238412109375000000e+03
5.113720703125000000e+03
4.047796875000000000e+03
3.761893310546875000e+03
5.042252929687500000e+03
4.973597167968750000e+03
3.766436523437500000e+03
5.679909179687500000e+03
4.866701660156250000e+03
3.324323730468750000e+03
3.949633544921875000e+03
6.013704101562500000e+03
3.718541503906250000e+03
3.673341064453125000e+03
5.219605468750000000e+03
3.356658691406250000e+03
3.779233398437500000e+03
4.618964355468750000e+03
5.427243164062500000e+03
3.354406982421875000e+03
4.617048828125000000e+03
3.344476318359375000e+03
4.921919433593750000e+03
4.378175292968750000e+03
3.962838867187500000e+03
3.882767333984375000e+03
4.282117187500000000e+03
4.184133300781250000e+03
4.471703125000000000e+03
3.835226562500000000e+03
4.180587890625000000e+03
3.759986328125000000e+03
5.732671386718750000e+03
3.534939941406250000e+03
4.606016601562500000e+03
3.316339843750000000e+03
5.009994628906250000e+03
4.283686523437500000e+03
4.249315429687500000e+03
4.588396484375000000e+03
3.325947265625000000e+03
3.583041503906250000e+03
4.636559082031250000e+03
3.741498046875000000e+03
3.633485839843750000e+03
4.726589843750000000e+03
3.779196777343750000e+03
3.690775634765625000e+03
3.698627441406250000e+03
4.291814941406250000e+03
4.067270263671875000e+03
3.758015380859375000e+03
4.008134765625000000e+03
4.342751953125000000e+03
4.711980957031250000e+03
3.460361083984375000e+03
4.380596679687500000e+03
4.176421875000000000e+03
4.277371093750000000e+03
3.638431396484375000e+03
3.569632080078125000e+03
3.628897460937500000e+03
4.315573730468750000e+03
3.740314453125000000e+03
4.433764648437500000e+03
4.068982910156250000e+03
3.722949707031250000e+03
3.839883056640625000e+03
4.674896484375000000e+03
4.672752929687500000e+03
3.275061279296875000e+03
3.853881591796875000e+03
3.716123046875000000e+03
3.379164794921875000e+03
3.702937255859375000e+03
3.607450439453125000e+03
3.917187255859375000e+03
3.307100341796875000e+03
4.094453125000000000e+03
3.394632568359375000e+03
4.167728515625000000e+03
3.837986328125000000e+03
3.712291992187500000e+03
4.292170898437500000e+03
4.232643066406250000e+03
3.611870605468750000e+03
3.893422851562500000e+03
5.101803710937500000e+03
3.824320800781250000e+03
3.827362792968750000e+03
4.252892578125000000e+03
3.662064453125000000e+03
3.550419189453125000e+03
3.633669433593750000e+03
3.758708007812500000e+03
3.755378906250000000e+03
4.858789062500000000e+03
6.361800781250000000e+03
3.154677001953125000e+03
3.936466308593750000e+03
3.844272216796875000e+03
3.858346679687500000e+03
3.849739746093750000e+03
4.395728515625000000e+03
4.184345214843750000e+03
2.890877929687500000e+03
4.269630371093750000e+03
3.824615234375000000e+03
2.928163818359375000e+03
4.034682617187500000e+03
3.349144775390625000e+03
3.873764648437500000e+03
3.322716552734375000e+03
5.429153320312500000e+03
5.063111328125000000e+03
3.312436767578125000e+03
4.442995605468750000e+03
3.034688232421875000e+03
3.651213378906250000e+03
4.080155029296875000e+03
4.619425781250000000e+03
3.640319091796875000e+03
3.147515136718750000e+03
4.036292968750000000e+03
4.076878662109375000e+03
3.551144775390625000e+03
3.202190917968750000e+03
3.864975341796875000e+03
3.763437011718750000e+03
3.757486572265625000e+03
4.236566406250000000e+03
3.079225341796875000e+03
4.017264160156250000e+03
4.527848632812500000e+03
3.694709716796875000e+03
3.482218750000000000e+03
3.021385009765625000e+03
3.331650878906250000e+03
4.528779296875000000e+03
3.641554199218750000e+03
3.356664794921875000e+03
3.579203125000000000e+03
3.188333740234375000e+03
3.542407714843750000e+03
3.398865234375000000e+03
3.524208496093750000e+03
4.416532226562500000e+03
4.095814941406250000e+03
5.258800781250000000e+03
3.912886230468750000e+03
4.022012695312500000e+03
3.576811035156250000e+03
4.122496093750000000e+03
3.503767089843750000e+03
3.817683593750000000e+03
3.210794433593750000e+03
3.135525390625000000e+03
3.199107666015625000e+03
2.377186767578125000e+03
3.841210937500000000e+03
3.399157958984375000e+03
3.876897460937500000e+03
3.015006347656250000e+03
3.566190429687500000e+03
3.540686035156250000e+03
3.270303710937500000e+03
3.519680664062500000e+03
3.798932128906250000e+03
3.066882324218750000e+03
3.805106933593750000e+03
4.019006103515625000e+03
3.561932617187500000e+03
4.050553710937500000e+03
2.973243164062500000e+03
3.958154052734375000e+03
3.792154785156250000e+03
3.868525390625000000e+03
3.224157226562500000e+03
3.414306640625000000e+03
2.803877441406250000e+03
2.987719970703125000e+03
4.375177246093750000e+03
2.884165771484375000e+03
3.944992675781250000e+03
3.457452880859375000e+03
2.841394531250000000e+03
3.928648437500000000e+03
3.801875488281250000e+03
2.442864013671875000e+03
3.498142822265625000e+03
3.937085449218750000e+03
3.546393798828125000e+03
3.098149414062500000e+03
3.300798339843750000e+03
3.246326416015625000e+03
2.728242919921875000e+03
3.349078613281250000e+03
3.452443115234375000e+03
2.924066406250000000e+03
3.237124511718750000e+03
3.655204345703125000e+03
3.760104980468750000e+03
3.541578369140625000e+03
3.671238281250000000e+03
3.622384765625000000e+03
3.535804443359375000e+03
3.885016845703125000e+03
3.581151367187500000e+03
4.086634765625000000e+03
4.154607421875000000e+03
3.087508544921875000e+03
3.997089355468750000e+03
3.089377441406250000e+03
3.264474609375000000e+03
3.938536132812500000e+03
3.163659667968750000e+03
3.689470214843750000e+03
4.241176757812500000e+03
3.080071289062500000e+03
2.942146484375000000e+03
3.090578125000000000e+03
3.837058105468750000e+03
3.030248046875000000e+03
3.621553222656250000e+03
3.240485351562500000e+03
3.469324462890625000e+03
3.104586669921875000e+03
3.428428710937500000e+03
2.986253417968750000e+03
3.128396484375000000e+03
4.029910156250000000e+03
3.757628906250000000e+03
3.316748535156250000e+03
3.243623046875000000e+03
3.960508789062500000e+03
3.394135742187500000e+03
3.443586914062500000e+03
3.143955566406250000e+03
3.267546386718750000e+03
3.066530761718750000e+03
3.357687500000000000e+03
2.909123779296875000e+03
3.217474365234375000e+03
3.368845703125000000e+03
3.484699707031250000e+03
3.075358886718750000e+03
2.919196777343750000e+03
3.601306152343750000e+03
2.655193359375000000e+03
3.473393798828125000e+03
2.771397460937500000e+03
3.458609130859375000e+03
3.473332519531250000e+03
3.353787109375000000e+03
3.394023925781250000e+03
3.412587402343750000e+03
3.648824462890625000e+03
2.959981201171875000e+03
4.717047851562500000e+03
3.332469726562500000e+03
3.242213378906250000e+03
3.581285156250000000e+03
2.862952148437500000e+03
3.306378662109375000e+03
2.663464843750000000e+03
2.835787841796875000e+03
3.499946533203125000e+03
3.209893066406250000e+03
3.233206787109375000e+03
3.567175048828125000e+03
3.979279296875000000e+03
3.790255859375000000e+03
3.041057861328125000e+03
3.160264160156250000e+03
3.777561279296875000e+03
2.480060058593750000e+03
2.562502929687500000e+03
3.016698486328125000e+03
3.156548339843750000e+03
3.136631591796875000e+03
2.678963867187500000e+03
3.076831787109375000e+03
2.992885742187500000e+03
3.386083007812500000e+03
3.002439941406250000e+03
2.767272949218750000e+03
3.738175781250000000e+03
3.670159912109375000e+03
2.735715820312500000e+03
3.218283691406250000e+03
3.080534667968750000e+03
2.645498046875000000e+03
2.935361572265625000e+03
3.546173095703125000e+03
2.743012939453125000e+03
3.975699707031250000e+03
3.518773925781250000e+03
2.917004394531250000e+03
3.550791259765625000e+03
2.995825927734375000e+03
3.106044433593750000e+03
2.813967529296875000e+03
3.184181152343750000e+03
2.735356445312500000e+03
2.765385498046875000e+03
3.257735351562500000e+03
3.056125976562500000e+03
3.170827148437500000e+03
3.313918945312500000e+03
2.592885742187500000e+03
3.034852539062500000e+03
4.002840087890625000e+03
3.175139160156250000e+03
2.915739746093750000e+03
3.071206542968750000e+03
2.496622070312500000e+03
2.758611816406250000e+03
2.780046630859375000e+03
3.172714355468750000e+03
2.959258300781250000e+03
3.815175048828125000e+03
2.524598632812500000e+03
3.532439453125000000e+03
2.744328613281250000e+03
2.592165283203125000e+03
2.731224609375000000e+03
2.808455566406250000e+03
3.086598144531250000e+03
2.712728027343750000e+03
3.060042968750000000e+03
2.782108886718750000e+03
2.887939453125000000e+03
2.213401611328125000e+03
2.684555175781250000e+03
3.887378173828125000e+03
2.567284667968750000e+03
3.182046386718750000e+03
2.423849609375000000e+03
2.376627929687500000e+03
2.525863769531250000e+03
4.221648437500000000e+03
2.903969970703125000e+03
3.385753662109375000e+03
3.321787353515625000e+03
3.033201416015625000e+03
2.179714355468750000e+03
3.331732666015625000e+03
2.614800048828125000e+03
3.307200195312500000e+03
3.301893066406250000e+03
3.082373779296875000e+03
3.021875000000000000e+03
3.103617919921875000e+03
2.641506347656250000e+03
2.645106689453125000e+03
3.498459228515625000e+03
2.389843994140625000e+03
3.293173095703125000e+03
3.080001464843750000e+03
2.581215820312500000e+03
3.180350341796875000e+03
2.968982666015625000e+03
3.771078613281250000e+03
3.069020263671875000e+03
3.490715087890625000e+03
2.799549316406250000e+03
3.291364257812500000e+03
2.483923828125000000e+03
3.129473144531250000e+03
2.594383300781250000e+03
2.128556640625000000e+03
2.437312011718750000e+03
2.594996337890625000e+03
3.052444335937500000e+03
3.107011230468750000e+03
3.128708984375000000e+03
2.446103027343750000e+03
3.190566894531250000e+03
3.175229980468750000e+03
2.804968505859375000e+03
2.876459472656250000e+03
2.991589111328125000e+03
2.461887695312500000e+03
3.070688232421875000e+03
2.423222900390625000e+03
2.704966308593750000e+03
3.196083496093750000e+03
2.896082519531250000e+03
2.858647705078125000e+03
2.941419921875000000e+03
2.628665039062500000e+03
3.138612304687500000e+03
3.416221923828125000e+03
2.661502929687500000e+03
2.539832031250000000e+03
2.659508544921875000e+03
3.943903564453125000e+03
2.847291992187500000e+03
2.712188476562500000e+03
3.379406250000000000e+03
2.485098632812500000e+03
2.798333496093750000e+03
3.424749755859375000e+03
3.057012451171875000e+03
2.317074218750000000e+03
2.595656738281250000e+03
2.818904296875000000e+03
2.440684570312500000e+03
2.658872558593750000e+03
2.578394775390625000e+03
2.451980468750000000e+03
3.592227050781250000e+03
2.645875976562500000e+03
2.495992187500000000e+03
2.862309570312500000e+03
2.816183837890625000e+03
2.807270507812500000e+03
2.592575195312500000e+03
2.636197753906250000e+03
2.934778808593750000e+03
3.039507080078125000e+03
2.727509277343750000e+03
2.727548828125000000e+03
2.631243896484375000e+03
2.393365478515625000e+03
2.646447753906250000e+03
2.602338134765625000e+03
3.032235351562500000e+03
2.978417480468750000e+03
2.770693359375000000e+03
2.305060546875000000e+03
2.956020507812500000e+03
2.665542480468750000e+03
2.687722412109375000e+03
2.909839355468750000e+03
2.689789306640625000e+03
2.614368164062500000e+03
2.282721435546875000e+03
2.717418945312500000e+03
2.979429687500000000e+03
2.383452392578125000e+03
2.665280761718750000e+03
3.468399169921875000e+03
1.955636962890625000e+03
2.681712646484375000e+03
2.527583251953125000e+03
2.907163330078125000e+03
2.676604492187500000e+03
2.614327880859375000e+03
2.639356689453125000e+03
2.569804199218750000e+03
2.512677246093750000e+03
2.954067138671875000e+03
1.895908569335937500e+03
3.226950195312500000e+03
1.868333984375000000e+03
2.991344726562500000e+03
2.128662841796875000e+03
2.637579589843750000e+03
2.802750488281250000e+03
2.501239501953125000e+03
2.014524658203125000e+03
2.440693603515625000e+03
1.958879516601562500e+03
2.452555664062500000e+03
2.332935302734375000e+03
3.213154785156250000e+03
2.811276123046875000e+03
1.850322998046875000e+03
2.289228027343750000e+03
2.433017578125000000e+03
2.525297851562500000e+03
2.459327636718750000e+03
2.026321777343750000e+03
2.416594238281250000e+03
2.940027099609375000e+03
2.744003662109375000e+03
2.034796630859375000e+03
2.669860839843750000e+03
2.106867675781250000e+03
1.838314941406250000e+03
2.817842773437500000e+03
2.741769531250000000e+03
2.698197265625000000e+03
2.089982910156250000e+03
2.025066528320312500e+03
2.357000488281250000e+03
2.254286132812500000e+03
2.153607910156250000e+03
2.733655761718750000e+03
2.529811035156250000e+03
2.480794677734375000e+03
1.699208740234375000e+03
2.406971191406250000e+03
3.008495361328125000e+03
2.694084960937500000e+03
2.171000000000000000e+03
2.285837890625000000e+03
2.554158935546875000e+03
2.689216796875000000e+03
2.673814453125000000e+03
2.982503906250000000e+03
2.732655029296875000e+03
2.503445800781250000e+03
2.561583740234375000e+03
2.652760009765625000e+03
3.403206787109375000e+03
2.104395019531250000e+03
2.374345703125000000e+03
2.160065185546875000e+03
2.679197021484375000e+03
2.175890625000000000e+03
1.854099731445312500e+03
2.159991699218750000e+03
2.652459716796875000e+03
2.157665527343750000e+03
1.692356567382812500e+03
1.915071044921875000e+03
2.786359375000000000e+03
2.060290527343750000e+03
2.512652343750000000e+03
2.130359130859375000e+03
2.365369384765625000e+03
2.438560546875000000e+03
2.221014404296875000e+03
2.142366943359375000e+03
2.041272827148437500e+03
2.206448730468750000e+03
2.458279052734375000e+03
2.632411376953125000e+03
2.513972900390625000e+03
1.938336425781250000e+03
2.361680419921875000e+03
2.325114746093750000e+03
2.859261230468750000e+03
2.614473144531250000e+03
1.825397949218750000e+03
2.433937255859375000e+03
1.630203613281250000e+03
2.019494140625000000e+03
1.923723510742187500e+03
2.521592285156250000e+03
2.244189697265625000e+03
2.294311035156250000e+03
2.413670410156250000e+03
2.134984863281250000e+03
2.392322021484375000e+03
2.171284912109375000e+03
2.461956542968750000e+03
2.271557861328125000e+03
2.322597656250000000e+03
1.963698242187500000e+03
2.005711669921875000e+03
1.621575683593750000e+03
1.801961425781250000e+03
2.027513427734375000e+03
1.914167114257812500e+03
2.056660400390625000e+03
2.259576171875000000e+03
1.820746704101562500e+03
1.650953125000000000e+03
2.058939453125000000e+03
2.273305664062500000e+03
2.154363281250000000e+03
2.728187500000000000e+03
1.720584228515625000e+03
1.495408447265625000e+03
2.317887207031250000e+03
1.905103271484375000e+03
2.286211669921875000e+03
2.144967773437500000e+03
1.956280639648437500e+03
2.238460449218750000e+03
1.610515136718750000e+03
1.958460205078125000e+03
2.093172363281250000e+03
2.313747802734375000e+03
2.446198730468750000e+03
2.233323730468750000e+03
1.811008666992187500e+03
2.360737304687500000e+03
1.731819824218750000e+03
1.803833984375000000e+03
2.161534423828125000e+03
2.202844970703125000e+03
2.008735351562500000e+03
1.683054199218750000e+03
2.520958007812500000e+03
1.849057128906250000e+03
2.021560058593750000e+03
2.336389160156250000e+03
1.781031738281250000e+03
1.851920776367187500e+03
2.140138427734375000e+03
1.925303466796875000e+03
1.848791503906250000e+03
1.768776733398437500e+03
1.650452880859375000e+03
2.188448974609375000e+03
2.350410644531250000e+03
1.768073974609375000e+03
2.095540771484375000e+03
2.209064941406250000e+03
2.034724853515625000e+03
2.576653808593750000e+03
1.934007446289062500e+03
2.434439697265625000e+03
1.791503417968750000e+03
1.480559082031250000e+03
1.521838623046875000e+03
1.789200317382812500e+03
1.759506469726562500e+03
2.457190917968750000e+03
2.350797607421875000e+03
2.213700439453125000e+03
2.286230468750000000e+03
1.757318115234375000e+03
2.245469726562500000e+03
1.955930419921875000e+03
1.864646484375000000e+03
1.639798583984375000e+03
1.884067626953125000e+03
1.926526855468750000e+03
1.677317382812500000e+03
2.089940673828125000e+03
1.670124145507812500e+03
1.942716430664062500e+03
1.830003417968750000e+03
2.217144775390625000e+03
1.577946044921875000e+03
1.537694091796875000e+03
1.703669189453125000e+03
2.335068359375000000e+03
1.850224121093750000e+03
1.490590820312500000e+03
2.673334716796875000e+03
1.724244628906250000e+03
1.424044677734375000e+03
1.598133789062500000e+03
1.912654418945312500e+03
1.771358154296875000e+03
1.896885009765625000e+03
1.775188476562500000e+03
1.575947265625000000e+03
1.675216674804687500e+03
2.296514160156250000e+03
1.606815673828125000e+03
1.756886840820312500e+03
1.693285034179687500e+03
1.844059814453125000e+03
1.319073852539062500e+03
1.670448242187500000e+03
1.977516479492187500e+03
2.151164550781250000e+03
1.818211669921875000e+03
1.570187744140625000e+03
1.767186523437500000e+03
1.220029785156250000e+03
1.629142578125000000e+03
1.767566650390625000e+03
1.824081909179687500e+03
2.000109375000000000e+03
1.927912841796875000e+03
1.814713623046875000e+03
1.924750488281250000e+03
1.631462158203125000e+03
2.010555419921875000e+03
1.541330688476562500e+03
1.913912353515625000e+03
2.121889160156250000e+03
2.184575927734375000e+03
1.717874755859375000e+03
1.665250976562500000e+03
1.678264404296875000e+03
2.047199707031250000e+03
2.035897705078125000e+03
1.508934082031250000e+03
1.684176391601562500e+03
1.369656738281250000e+03
1.644414916992187500e+03
1.486665527343750000e+03
1.361911621093750000e+03
1.478294921875000000e+03
1.709989257812500000e+03
1.876242919921875000e+03
1.145226562500000000e+03
1.643865722656250000e+03
1.500793945312500000e+03
1.371066284179687500e+03
1.443981689453125000e+03
1.828881225585937500e+03
1.833885498046875000e+03
1.372015258789062500e+03
1.570815673828125000e+03
1.206748779296875000e+03
1.425447753906250000e+03
1.835383911132812500e+03
1.664598632812500000e+03
1.732360107421875000e+03
1.626172607421875000e+03
1.773225830078125000e+03
1.642164672851562500e+03
1.354731933593750000e+03
1.904505615234375000e+03
1.882944091796875000e+03
1.797130126953125000e+03
1.540243164062500000e+03
1.677725952148437500e+03
1.640825195312500000e+03
1.197980957031250000e+03
2.038921020507812500e+03
1.724322753906250000e+03
1.580561401367187500e+03
1.393805297851562500e+03
1.685902343750000000e+03
1.468729125976562500e+03
1.785031616210937500e+03
1.556964111328125000e+03
1.478126342773437500e+03
1.863115722656250000e+03
1.473712280273437500e+03
1.515579101562500000e+03
1.141148193359375000e+03
1.210987792968750000e+03
1.588448974609375000e+03
1.626306884765625000e+03
1.490883178710937500e+03
1.795337646484375000e+03
1.226281005859375000e+03
1.391751464843750000e+03
1.587085937500000000e+03
1.695430175781250000e+03
1.967729492187500000e+03
1.313816162109375000e+03
1.235715332031250000e+03
1.058325195312500000e+03
1.664147460937500000e+03
1.427916259765625000e+03
1.415029541015625000e+03
1.818468505859375000e+03
1.291241455078125000e+03
1.400950195312500000e+03
1.745096069335937500e+03
1.640154296875000000e+03
1.147654663085937500e+03
1.378167968750000000e+03
1.675699584960937500e+03
1.593063476562500000e+03
1.399030883789062500e+03
1.523503906250000000e+03
1.461713134765625000e+03
1.498647460937500000e+03
1.560450439453125000e+03
1.727257934570312500e+03
1.640484985351562500e+03
1.727556396484375000e+03
1.275710693359375000e+03
1.384937011718750000e+03
1.253621337890625000e+03
1.326923950195312500e+03
1.803155883789062500e+03
1.501816162109375000e+03
1.145313842773437500e+03
1.126584838867187500e+03
1.761108642578125000e+03
1.531625976562500000e+03
1.651443969726562500e+03
1.535495117187500000e+03
1.662963134765625000e+03
1.225022216796875000e+03
1.232213745117187500e+03
1.291427734375000000e+03
1.379124389648437500e+03
1.260673583984375000e+03
1.732653442382812500e+03
1.320284179687500000e+03
1.491452880859375000e+03
1.114120727539062500e+03
1.155647338867187500e+03
1.558867431640625000e+03
1.240368286132812500e+03
1.380988159179687500e+03
1.345480468750000000e+03
1.401834716796875000e+03
1.467632324218750000e+03
1.355728393554687500e+03
1.459493652343750000e+03
1.227292968750000000e+03
1.582386230468750000e+03
1.415192626953125000e+03
1.304436523437500000e+03
1.387927734375000000e+03
1.252584472656250000e+03
1.358577636718750000e+03
1.812162841796875000e+03
1.370628173828125000e+03
1.357662353515625000e+03
1.548083129882812500e+03
1.135092895507812500e+03
1.276640625000000000e+03
1.327352050781250000e+03
1.169316772460937500e+03
9.700367431640625000e+02
1.425855712890625000e+03
1.129207031250000000e+03
1.233447998046875000e+03
1.300611083984375000e+03
1.297121459960937500e+03
1.504828857421875000e+03
1.543053222656250000e+03
1.183477905273437500e+03
1.614705932617187500e+03
1.180567138671875000e+03
1.368656616210937500e+03
1.236651123046875000e+03
9.847768554687500000e+02
1.177063476562500000e+03
1.310650146484375000e+03
1.591322265625000000e+03
1.486362060546875000e+03
9.457359619140625000e+02
1.161726074218750000e+03
1.255211791992187500e+03
1.225700317382812500e+03
9.303394775390625000e+02
1.284108032226562500e+03
1.626012939453125000e+03
1.350748291015625000e+03
1.166531738281250000e+03
1.755056640625000000e+03
1.104481201171875000e+03
1.182100585937500000e+03
1.097729736328125000e+03
9.534375000000000000e+02
8.869769287109375000e+02
1.403385742187500000e+03
1.220368896484375000e+03
1.368400268554687500e+03
1.333963378906250000e+03
1.398297973632812500e+03
1.114454711914062500e+03
1.542792968750000000e+03
1.082753784179687500e+03
1.062108642578125000e+03
1.053501098632812500e+03
1.207679199218750000e+03
1.073194458007812500e+03
1.524027099609375000e+03
1.354408691406250000e+03
1.322622436523437500e+03
1.370268554687500000e+03
1.232958007812500000e+03
1.132630859375000000e+03
1.061802246093750000e+03
1.191537597656250000e+03
1.232369384765625000e+03
1.049041259765625000e+03
9.612505493164062500e+02
1.353883544921875000e+03
1.490215454101562500e+03
1.332931396484375000e+03
1.470278442382812500e+03
1.590036132812500000e+03
1.247889648437500000e+03
1.383820678710937500e+03
1.330786865234375000e+03
1.137614013671875000e+03
1.142301269531250000e+03
9.987054443359375000e+02
1.238242919921875000e+03
1.291399902343750000e+03
1.132695800781250000e+03
1.020156616210937500e+03
1.277695190429687500e+03
1.163685913085937500e+03
1.179171875000000000e+03
1.129675537109375000e+03
1.140770263671875000e+03
1.116442626953125000e+03
1.130749389648437500e+03
1.194956054687500000e+03
1.222642333984375000e+03
1.236085815429687500e+03
1.073521606445312500e+03
1.197295410156250000e+03
1.146945678710937500e+03
1.307529052734375000e+03
1.317086181640625000e+03
1.101450927734375000e+03
1.369608642578125000e+03
1.207960937500000000e+03
1.272828125000000000e+03
9.509251708984375000e+02
1.103972167968750000e+03
1.251356201171875000e+03
1.126880615234375000e+03
1.176908813476562500e+03
1.004363769531250000e+03
1.120726196289062500e+03
1.468175659179687500e+03
1.032811279296875000e+03
1.019911499023437500e+03
1.192527954101562500e+03
1.016259033203125000e+03
1.353019653320312500e+03
1.059348022460937500e+03
1.090775268554687500e+03
1.411168212890625000e+03
1.031425659179687500e+03
9.724603271484375000e+02
1.399416503906250000e+03
1.183943725585937500e+03
9.854241943359375000e+02
9.320010986328125000e+02
1.140431274414062500e+03
1.243506835937500000e+03
1.339452758789062500e+03
9.699979858398437500e+02
1.119918457031250000e+03
9.815130004882812500e+02
1.056071899414062500e+03
1.171110229492187500e+03
1.007153686523437500e+03
1.213364501953125000e+03
1.431035644531250000e+03
1.032622436523437500e+03
1.259201904296875000e+03
1.111641967773437500e+03
8.397078247070312500e+02
1.025737182617187500e+03
1.034584472656250000e+03
1.042906982421875000e+03
1.287410644531250000e+03
1.280338989257812500e+03
1.277560302734375000e+03
9.662230224609375000e+02
1.098428588867187500e+03
1.146354614257812500e+03
9.162877197265625000e+02
9.975375976562500000e+02
1.002682495117187500e+03
1.180244384765625000e+03
1.010439697265625000e+03
1.051482421875000000e+03
7.500610961914062500e+02
1.118088134765625000e+03
1.057845703125000000e+03
9.491885986328125000e+02
9.350917968750000000e+02
1.042844116210937500e+03
1.458750244140625000e+03
1.026620849609375000e+03
1.085289428710937500e+03
9.985899658203125000e+02
1.209433105468750000e+03
9.422928466796875000e+02
8.635521240234375000e+02
1.125623291015625000e+03
1.085893066406250000e+03
1.212645263671875000e+03
1.126859741210937500e+03
1.200618652343750000e+03
1.113618041992187500e+03
9.886007690429687500e+02
1.024353759765625000e+03
1.038381469726562500e+03
1.016999145507812500e+03
8.985025024414062500e+02
8.677418212890625000e+02
1.044203002929687500e+03
1.079421020507812500e+03
1.047521118164062500e+03
1.029868652343750000e+03
9.262365722656250000e+02
1.221258422851562500e+03
9.480408935546875000e+02
9.409484863281250000e+02
1.010138732910156250e+03
1.106345214843750000e+03
1.092281982421875000e+03
1.124374267578125000e+03
1.171989013671875000e+03
1.166451416015625000e+03
9.975729980468750000e+02
1.090283203125000000e+03
1.227895507812500000e+03
1.102459472656250000e+03
8.066887817382812500e+02
1.266959472656250000e+03
1.092246704101562500e+03
1.026865356445312500e+03
1.042402954101562500e+03
8.768278808593750000e+02
9.992246093750000000e+02
1.061978881835937500e+03
9.809249877929687500e+02
1.101456787109375000e+03
9.065565185546875000e+02
9.298444824218750000e+02
1.161556640625000000e+03
9.943586425781250000e+02
1.190596191406250000e+03
8.159762573242187500e+02
7.673355712890625000e+02
8.148770751953125000e+02
1.164750000000000000e+03
8.683114013671875000e+02
8.825776367187500000e+02
1.139131591796875000e+03
8.297619018554687500e+02
9.250860595703125000e+02
1.061550659179687500e+03
1.047028320312500000e+03
1.070443603515625000e+03
9.732213745117187500e+02
1.296589843750000000e+03
6.583588256835937500e+02
9.688306884765625000e+02
9.945832519531250000e+02
7.885490722656250000e+02
9.121562500000000000e+02
1.120192871093750000e+03
9.898709716796875000e+02
9.532041625976562500e+02
1.247172241210937500e+03
9.977051391601562500e+02
1.116255004882812500e+03
8.392315673828125000e+02
1.024871582031250000e+03
9.551229248046875000e+02
1.034825927734375000e+03
1.170277832031250000e+03
1.413106201171875000e+03
1.315134521484375000e+03
1.001055175781250000e+03
7.479385986328125000e+02
9.168513183593750000e+02
9.865427856445312500e+02
7.892293701171875000e+02
9.417791748046875000e+02
9.298092041015625000e+02
9.742078857421875000e+02
8.877189941406250000e+02
9.295474243164062500e+02
7.126881103515625000e+02
1.096138427734375000e+03
1.097456787109375000e+03
1.120863769531250000e+03
8.474042968750000000e+02
8.548456420898437500e+02
8.608166503906250000e+02
8.734895019531250000e+02
1.164890380859375000e+03
9.557510986328125000e+02
7.307154541015625000e+02
9.877675781250000000e+02
1.252784790039062500e+03
1.075153320312500000e+03
9.176013183593750000e+02
1.043402954101562500e+03
1.034522216796875000e+03
1.048041625976562500e+03
7.670317382812500000e+02
8.705457763671875000e+02
1.195427734375000000e+03
9.131534423828125000e+02
9.647986450195312500e+02
1.009889526367187500e+03
1.099901000976562500e+03
7.931560668945312500e+02
1.115194091796875000e+03
8.530310058593750000e+02
8.814140014648437500e+02
7.438625488281250000e+02
7.573664550781250000e+02
1.069272338867187500e+03
8.780557250976562500e+02
9.109686279296875000e+02
9.876843261718750000e+02
8.585789184570312500e+02
9.580455932617187500e+02
1.000294067382812500e+03
9.032293701171875000e+02
1.092416015625000000e+03
9.077649536132812500e+02
1.030062988281250000e+03
1.157105224609375000e+03
8.898647460937500000e+02
9.007136230468750000e+02
1.346955688476562500e+03
8.715775146484375000e+02
9.129871826171875000e+02
1.158008544921875000e+03
8.025610351562500000e+02
7.106978759765625000e+02
9.831968994140625000e+02
1.030772827148437500e+03
9.534510498046875000e+02
9.687847900390625000e+02
1.137376464843750000e+03
8.797537231445312500e+02
9.075766601562500000e+02
7.812926025390625000e+02
9.886753540039062500e+02
1.006710693359375000e+03
1.089869995117187500e+03
7.322855224609375000e+02
9.319533691406250000e+02
1.173056030273437500e+03
7.728178710937500000e+02
6.401573486328125000e+02
1.057789306640625000e+03
9.640126342773437500e+02
7.543566894531250000e+02
9.610877685546875000e+02
9.845835571289062500e+02
1.004013244628906250e+03
9.567222900390625000e+02
9.705484008789062500e+02
8.285987548828125000e+02
8.520939941406250000e+02
8.045664062500000000e+02
8.586553955078125000e+02
9.536435546875000000e+02
9.572382202148437500e+02
8.928554687500000000e+02
8.073820800781250000e+02
9.783970947265625000e+02
7.585748901367187500e+02
1.150930908203125000e+03
9.265419921875000000e+02
8.158099365234375000e+02
1.073966064453125000e+03
8.878642578125000000e+02
9.818724365234375000e+02
8.729958496093750000e+02
9.540430908203125000e+02
9.869260253906250000e+02
8.038760986328125000e+02
8.598592529296875000e+02
1.061842285156250000e+03
9.585538330078125000e+02
8.130191650390625000e+02
8.021142578125000000e+02
8.237025146484375000e+02
6.371970214843750000e+02
8.458699951171875000e+02
9.249072875976562500e+02
1.052909423828125000e+03
8.643231811523437500e+02
8.325587158203125000e+02
8.969191894531250000e+02
9.367495117187500000e+02
1.130763427734375000e+03
9.740136718750000000e+02
9.618432617187500000e+02
1.176675537109375000e+03
9.794886474609375000e+02
7.942980957031250000e+02
9.122100219726562500e+02
8.712813720703125000e+02
7.438945312500000000e+02
1.099500976562500000e+03
1.000590454101562500e+03
8.995427246093750000e+02
6.232111206054687500e+02
9.704570312500000000e+02
8.942739257812500000e+02
7.464875488281250000e+02
8.189148559570312500e+02
8.428400268554687500e+02
9.544339599609375000e+02
1.020922485351562500e+03
8.619753417968750000e+02
1.008746337890625000e+03
9.121869506835937500e+02
8.826500244140625000e+02
1.218983642578125000e+03
6.470039062500000000e+02
1.042938354492187500e+03
8.178338623046875000e+02
1.066254394531250000e+03
9.500308837890625000e+02
1.109021728515625000e+03
9.746543579101562500e+02
9.598739624023437500e+02
9.170484619140625000e+02
9.025477294921875000e+02
9.226290283203125000e+02
7.361053466796875000e+02
9.464362792968750000e+02
8.185081787109375000e+02
7.866583251953125000e+02
7.243560791015625000e+02
9.898045654296875000e+02
9.480754394531250000e+02
9.639298095703125000e+02
7.178777465820312500e+02
8.592890014648437500e+02
6.865309448242187500e+02
9.309888916015625000e+02
8.855141601562500000e+02
8.144857788085937500e+02
9.402119140625000000e+02
9.966868896484375000e+02
8.610197143554687500e+02
7.795910644531250000e+02
8.972326660156250000e+02
8.618358154296875000e+02
9.439597167968750000e+02
8.508648071289062500e+02
9.357374267578125000e+02
9.471240234375000000e+02
8.929079589843750000e+02
9.518427734375000000e+02
9.122872314453125000e+02
7.975494384765625000e+02
7.984676513671875000e+02
6.826976928710937500e+02
9.821666259765625000e+02
9.746223754882812500e+02
6.566059570312500000e+02
9.327213134765625000e+02
7.402219238281250000e+02
8.920527343750000000e+02
6.433348999023437500e+02
9.040224609375000000e+02
9.874594726562500000e+02
7.738619995117187500e+02
8.619494628906250000e+02
6.929944458007812500e+02
7.805012207031250000e+02
7.957272949218750000e+02
9.115450439453125000e+02
9.001695556640625000e+02
8.756524658203125000e+02
9.069616699218750000e+02
7.996441650390625000e+02
9.682063598632812500e+02
7.737395019531250000e+02
8.985806884765625000e+02
6.377932128906250000e+02
9.816711425781250000e+02
9.111955566406250000e+02
9.381893920898437500e+02
8.536873779296875000e+02
9.197720947265625000e+02
9.553525390625000000e+02
6.281938476562500000e+02
8.624037475585937500e+02
7.727534179687500000e+02
6.512937011718750000e+02
7.628153076171875000e+02
9.638659667968750000e+02
9.267903442382812500e+02
8.200142822265625000e+02
7.024561767578125000e+02
6.691311645507812500e+02
8.015181274414062500e+02
7.964172363281250000e+02
9.097088012695312500e+02
8.520917968750000000e+02
8.303720092773437500e+02
7.756239624023437500e+02
7.612669677734375000e+02
8.836468505859375000e+02
7.035728149414062500e+02
8.158884277343750000e+02
9.922288818359375000e+02
6.842338867187500000e+02
8.956276855468750000e+02
6.192048950195312500e+02
8.223123168945312500e+02
8.490360717773437500e+02
7.823085937500000000e+02
7.740071411132812500e+02
9.969367675781250000e+02
1.101632446289062500e+03
7.064758911132812500e+02
8.354759521484375000e+02
8.185920410156250000e+02
7.523803710937500000e+02
1.015457946777343750e+03
9.291787719726562500e+02
9.802211914062500000e+02
8.185086059570312500e+02
8.810248413085937500e+02
8.415584716796875000e+02
1.168500732421875000e+03
7.970263671875000000e+02
8.307103271484375000e+02
1.067032226562500000e+03
7.745475463867187500e+02
8.022105712890625000e+02
8.099168701171875000e+02
7.030272216796875000e+02
9.087463378906250000e+02
6.793389892578125000e+02
9.820690917968750000e+02
