5.100815625000000000e+05
5.180523125000000000e+05
5.232809062500000000e+05
5.326471250000000000e+05
5.211136875000000000e+05
5.373278750000000000e+05
4.968040625000000000e+05
4.984042187500000000e+05
5.229631250000000000e+05
5.209691875000000000e+05
5.314521875000000000e+05
4.906731250000000000e+05
5.423136250000000000e+05
5.217932500000000000e+05
4.948396250000000000e+05
5.355560625000000000e+05
5.128105625000000000e+05
5.115933125000000000e+05
5.098815625000000000e+05
5.335474375000000000e+05
5.263933750000000000e+05
4.976949375000000000e+05
5.294148750000000000e+05
5.217081250000000000e+05
5.032336875000000000e+05
4.908128750000000000e+05
4.921844687500000000e+05
4.748220312500000000e+05
4.834581562500000000e+05
4.610974375000000000e+05
4.543710625000000000e+05
4.374514375000000000e+05
4.265065625000000000e+05
4.156557812500000000e+05
3.882015000000000000e+05
3.595345312500000000e+05
3.244199687500000000e+05
2.925722187500000000e+05
2.585224531250000000e+05
2.246025625000000000e+05
1.678257187500000000e+05
1.287602421875000000e+05
8.532700781250000000e+04
4.670980078125000000e+04
2.089944531250000000e+04
1.138990722656250000e+04
2.602740820312500000e+04
5.583835937500000000e+04
6.949016406250000000e+04
7.541446093750000000e+04
6.157682421875000000e+04
4.976344531250000000e+04
2.865776367187500000e+04
1.411132812500000000e+04
6.724109863281250000e+03
4.491259765625000000e+03
7.236694824218750000e+03
1.127713769531250000e+04
1.640914453125000000e+04
1.817037890625000000e+04
2.244033593750000000e+04
2.375502148437500000e+04
2.204780859375000000e+04
1.923117578125000000e+04
1.577646679687500000e+04
1.005115234375000000e+04
7.774409667968750000e+03
5.796401855468750000e+03
3.842474609375000000e+03
4.703702636718750000e+03
5.266319335937500000e+03
7.222307617187500000e+03
7.909393554687500000e+03
9.333086914062500000e+03
7.201470214843750000e+03
8.539644531250000000e+03
7.471808105468750000e+03
5.866410156250000000e+03
4.352738281250000000e+03
4.035615722656250000e+03
3.300905273437500000e+03
3.427617675781250000e+03
4.036010742187500000e+03
4.975303710937500000e+03
4.742283203125000000e+03
5.822315429687500000e+03
5.154844726562500000e+03
3.994633789062500000e+03
3.777614746093750000e+03
3.992491943359375000e+03
3.837538574218750000e+03
3.490838378906250000e+03
3.230006835937500000e+03
3.524853515625000000e+03
3.320537841796875000e+03
3.558774169921875000e+03
3.835108642578125000e+03
3.377856445312500000e+03
3.495057617187500000e+03
3.751950683593750000e+03
3.293347656250000000e+03
3.525481445312500000e+03
3.207114257812500000e+03
3.337018798828125000e+03
3.174715820312500000e+03
3.047830322265625000e+03
3.324643066406250000e+03
3.743304687500000000e+03
3.047725097656250000e+03
3.793643066406250000e+03
3.613745605468750000e+03
3.523742431640625000e+03
3.168811523437500000e+03
3.260135253906250000e+03
3.472895996093750000e+03
3.058091308593750000e+03
3.176884765625000000e+03
3.094754394531250000e+03
3.511338134765625000e+03
2.991908203125000000e+03
3.491546386718750000e+03
2.853407714843750000e+03
3.663620605468750000e+03
3.094531494140625000e+03
3.180256835937500000e+03
3.153979248046875000e+03
3.089955322265625000e+03
3.376204345703125000e+03
2.977906494140625000e+03
3.328637451171875000e+03
2.599996582031250000e+03
3.228146972656250000e+03
3.334146484375000000e+03
3.365218994140625000e+03
2.726803710937500000e+03
3.035373046875000000e+03
3.245064453125000000e+03
3.397887207031250000e+03
3.247159179687500000e+03
3.229770019531250000e+03
2.875465820312500000e+03
3.451703857421875000e+03
3.015368896484375000e+03
3.170070556640625000e+03
3.379993164062500000e+03
3.429172851562500000e+03
3.045019042968750000e+03
3.009186035156250000e+03
3.419573730468750000e+03
3.245603271484375000e+03
2.885374023437500000e+03
3.042022216796875000e+03
2.992667968750000000e+03
2.975487792968750000e+03
3.135247070312500000e+03
2.959935791015625000e+03
3.263928710937500000e+03
3.067080078125000000e+03
3.191184082031250000e+03
3.207794433593750000e+03
3.215896972656250000e+03
2.951345214843750000e+03
3.206087402343750000e+03
2.956240234375000000e+03
3.353127441406250000e+03
3.220772460937500000e+03
2.814282714843750000e+03
3.020032714843750000e+03
3.499349121093750000e+03
3.013169433593750000e+03
3.090166992187500000e+03
3.532035644531250000e+03
3.029455078125000000e+03
2.532025390625000000e+03
2.770317382812500000e+03
3.065789306640625000e+03
3.227994140625000000e+03
2.892073974609375000e+03
3.213393066406250000e+03
2.794623046875000000e+03
2.466055908203125000e+03
3.207617675781250000e+03
2.720019287109375000e+03
3.163961914062500000e+03
2.925037109375000000e+03
2.776519042968750000e+03
3.164360839843750000e+03
3.080956054687500000e+03
3.023739746093750000e+03
2.725367187500000000e+03
2.712286621093750000e+03
3.059154052734375000e+03
3.181874023437500000e+03
3.055698242187500000e+03
3.181512939453125000e+03
2.744470458984375000e+03
2.801758056640625000e+03
2.896933105468750000e+03
3.187080566406250000e+03
2.959074218750000000e+03
2.977888183593750000e+03
3.206585693359375000e+03
2.971463623046875000e+03
2.752872558593750000e+03
2.875336425781250000e+03
2.964076171875000000e+03
2.849413574218750000e+03
2.844624023437500000e+03
2.800247070312500000e+03
3.008710205078125000e+03
3.062412597656250000e+03
2.647017578125000000e+03
3.123865234375000000e+03
2.733212890625000000e+03
2.975562988281250000e+03
2.997640869140625000e+03
2.532564941406250000e+03
2.856928710937500000e+03
2.645964843750000000e+03
3.136045898437500000e+03
3.031244628906250000e+03
2.700792968750000000e+03
2.812231201171875000e+03
3.107702636718750000e+03
2.639532714843750000e+03
2.679777832031250000e+03
3.134253417968750000e+03
2.866089843750000000e+03
2.683872314453125000e+03
2.895682861328125000e+03
2.937977783203125000e+03
3.204296875000000000e+03
2.787641357421875000e+03
2.771092773437500000e+03
2.715701416015625000e+03
2.886742919921875000e+03
2.743090820312500000e+03
2.742343261718750000e+03
3.033519042968750000e+03
2.867559570312500000e+03
2.515261718750000000e+03
2.864352539062500000e+03
3.160538085937500000e+03
2.857544433593750000e+03
2.560417480468750000e+03
2.770981201171875000e+03
2.858961425781250000e+03
2.917913574218750000e+03
2.826244140625000000e+03
2.536687011718750000e+03
2.537885742187500000e+03
2.918440917968750000e+03
2.750957519531250000e+03
2.966097656250000000e+03
2.625054199218750000e+03
2.480539550781250000e+03
2.667786621093750000e+03
2.526633544921875000e+03
2.765340332031250000e+03
2.675651123046875000e+03
2.839014160156250000e+03
2.846853271484375000e+03
2.995226074218750000e+03
2.876197265625000000e+03
2.734252441406250000e+03
2.718085937500000000e+03
2.872722900390625000e+03
2.857664062500000000e+03
2.702890136718750000e+03
2.608413818359375000e+03
2.601796142578125000e+03
2.527618408203125000e+03
3.117169433593750000e+03
2.794198242187500000e+03
2.732146484375000000e+03
2.678538085937500000e+03
2.714447753906250000e+03
2.385467285156250000e+03
2.716418945312500000e+03
2.675868164062500000e+03
2.601608398437500000e+03
2.601611572265625000e+03
2.578584960937500000e+03
2.764883789062500000e+03
2.707097167968750000e+03
2.568399902343750000e+03
2.511797851562500000e+03
2.660387695312500000e+03
2.541974609375000000e+03
2.488012695312500000e+03
2.580402832031250000e+03
2.657546386718750000e+03
2.793752441406250000e+03
2.717734863281250000e+03
3.199483886718750000e+03
2.375104736328125000e+03
2.444520996093750000e+03
2.809163085937500000e+03
2.541052246093750000e+03
2.583706542968750000e+03
2.476435546875000000e+03
2.542424560546875000e+03
2.617519042968750000e+03
2.493063964843750000e+03
2.449958740234375000e+03
2.624508544921875000e+03
2.525508789062500000e+03
2.694458007812500000e+03
2.446627441406250000e+03
2.639973388671875000e+03
2.517919433593750000e+03
2.319537841796875000e+03
2.471526855468750000e+03
2.848069335937500000e+03
2.640520263671875000e+03
2.564987792968750000e+03
2.697262207031250000e+03
3.029627929687500000e+03
2.492252197265625000e+03
2.429728515625000000e+03
2.476442382812500000e+03
2.493981933593750000e+03
2.583415039062500000e+03
2.483338378906250000e+03
2.345350585937500000e+03
2.565742431640625000e+03
2.544698730468750000e+03
2.894339843750000000e+03
2.283323730468750000e+03
2.517578613281250000e+03
2.329167968750000000e+03
2.882454589843750000e+03
2.670735351562500000e+03
2.643417968750000000e+03
2.399889160156250000e+03
2.304359375000000000e+03
2.118567382812500000e+03
2.441396240234375000e+03
2.312713378906250000e+03
2.364373046875000000e+03
2.939665771484375000e+03
2.576072265625000000e+03
2.893400634765625000e+03
2.488116455078125000e+03
2.589082519531250000e+03
2.460240722656250000e+03
2.322020996093750000e+03
2.487759277343750000e+03
2.523130859375000000e+03
2.276350830078125000e+03
2.364794677734375000e+03
2.214356201171875000e+03
2.599659423828125000e+03
2.558574707031250000e+03
2.358731933593750000e+03
2.552754638671875000e+03
2.483899414062500000e+03
2.349033935546875000e+03
2.304973388671875000e+03
2.433799804687500000e+03
2.406967041015625000e+03
2.645050292968750000e+03
2.667165283203125000e+03
2.417185302734375000e+03
2.206433105468750000e+03
2.711254882812500000e+03
2.443144775390625000e+03
2.474559082031250000e+03
2.098420654296875000e+03
2.417673828125000000e+03
2.610762695312500000e+03
2.365343261718750000e+03
2.123111328125000000e+03
2.264117919921875000e+03
2.516499023437500000e+03
2.334551269531250000e+03
2.314688476562500000e+03
2.314259765625000000e+03
2.256086914062500000e+03
2.085285156250000000e+03
2.385316162109375000e+03
2.355551757812500000e+03
2.404160400390625000e+03
2.372786132812500000e+03
2.536481201171875000e+03
2.358451660156250000e+03
2.482049804687500000e+03
2.498678710937500000e+03
2.287382080078125000e+03
2.356451171875000000e+03
2.542842529296875000e+03
2.280815429687500000e+03
2.485934082031250000e+03
2.184246093750000000e+03
2.191407226562500000e+03
2.544351074218750000e+03
2.331268554687500000e+03
2.321609619140625000e+03
2.554125976562500000e+03
2.015734375000000000e+03
2.157069580078125000e+03
2.311368164062500000e+03
2.355257812500000000e+03
2.377346679687500000e+03
2.531551757812500000e+03
2.323627929687500000e+03
2.681843750000000000e+03
2.121243408203125000e+03
2.495897460937500000e+03
2.415911621093750000e+03
2.118245605468750000e+03
2.362138183593750000e+03
2.226028320312500000e+03
2.223145507812500000e+03
2.337131103515625000e+03
2.182977783203125000e+03
2.455191650390625000e+03
2.507823974609375000e+03
2.463134521484375000e+03
2.111796875000000000e+03
2.102437744140625000e+03
2.250430664062500000e+03
2.358001708984375000e+03
2.355319335937500000e+03
2.320174804687500000e+03
2.149795898437500000e+03
2.251892578125000000e+03
2.236125732421875000e+03
2.453644042968750000e+03
2.134015625000000000e+03
2.497799316406250000e+03
2.221322265625000000e+03
1.983201171875000000e+03
2.343038085937500000e+03
1.962140136718750000e+03
2.424256103515625000e+03
2.095999267578125000e+03
2.443220947265625000e+03
2.326811035156250000e+03
2.271452636718750000e+03
2.130297851562500000e+03
2.457960693359375000e+03
2.197057128906250000e+03
2.121829101562500000e+03
2.339523925781250000e+03
2.321410156250000000e+03
2.189199951171875000e+03
2.160243652343750000e+03
2.192436523437500000e+03
2.114535156250000000e+03
1.963851074218750000e+03
2.227017822265625000e+03
2.234201904296875000e+03
2.299111816406250000e+03
2.175128417968750000e+03
2.281826171875000000e+03
2.493158935546875000e+03
2.305725097656250000e+03
2.230050292968750000e+03
2.447614746093750000e+03
1.974030761718750000e+03
2.365701660156250000e+03
2.492081787109375000e+03
2.154200683593750000e+03
2.160986328125000000e+03
2.205446777343750000e+03
2.210216552734375000e+03
2.172524902343750000e+03
2.160466796875000000e+03
1.932875854492187500e+03
2.337441406250000000e+03
2.183916992187500000e+03
2.182967529296875000e+03
2.116445068359375000e+03
2.195259277343750000e+03
2.222781738281250000e+03
2.085475097656250000e+03
2.223009765625000000e+03
2.223119873046875000e+03
2.058538085937500000e+03
2.018616088867187500e+03
2.170837402343750000e+03
2.142352050781250000e+03
2.039807373046875000e+03
2.275954589843750000e+03
2.141414062500000000e+03
2.091983398437500000e+03
2.169528320312500000e+03
2.122857421875000000e+03
2.184383300781250000e+03
2.159831054687500000e+03
1.839933349609375000e+03
2.119087890625000000e+03
2.040835205078125000e+03
2.352651855468750000e+03
2.100464355468750000e+03
2.255380859375000000e+03
1.974644287109375000e+03
2.259195068359375000e+03
2.133264404296875000e+03
2.189941650390625000e+03
2.180519042968750000e+03
2.137095458984375000e+03
1.963507568359375000e+03
2.229559570312500000e+03
2.063940673828125000e+03
1.963406494140625000e+03
2.157682861328125000e+03
2.026760742187500000e+03
2.271428466796875000e+03
2.094859863281250000e+03
2.196276855468750000e+03
2.188227783203125000e+03
2.031916992187500000e+03
2.048128417968750000e+03
1.998361694335937500e+03
2.191163085937500000e+03
1.975150268554687500e+03
2.171095703125000000e+03
1.908425170898437500e+03
1.928224853515625000e+03
1.960525146484375000e+03
2.149708251953125000e+03
2.155774169921875000e+03
2.042397216796875000e+03
2.150279296875000000e+03
2.110337158203125000e+03
1.840712036132812500e+03
1.912568115234375000e+03
2.003610717773437500e+03
2.065087402343750000e+03
2.100341308593750000e+03
2.005206054687500000e+03
2.102349121093750000e+03
2.149226562500000000e+03
2.265015380859375000e+03
1.876055908203125000e+03
2.039802612304687500e+03
1.835503417968750000e+03
1.928427246093750000e+03
1.917677612304687500e+03
1.831253417968750000e+03
1.827624877929687500e+03
2.141992919921875000e+03
1.894734130859375000e+03
2.007375854492187500e+03
1.879613525390625000e+03
1.895274414062500000e+03
1.782870361328125000e+03
1.890143920898437500e+03
2.034733154296875000e+03
2.014710693359375000e+03
2.146977539062500000e+03
2.175993164062500000e+03
1.940828125000000000e+03
2.060309082031250000e+03
1.886991455078125000e+03
1.969353149414062500e+03
1.701408569335937500e+03
2.021388549804687500e+03
2.049343750000000000e+03
1.899198974609375000e+03
1.906528808593750000e+03
2.033524536132812500e+03
2.208998535156250000e+03
2.004798950195312500e+03
1.807058715820312500e+03
2.062428710937500000e+03
1.904907104492187500e+03
1.881908691406250000e+03
2.195974365234375000e+03
1.758458496093750000e+03
2.002174560546875000e+03
1.712954467773437500e+03
1.923801757812500000e+03
2.014388793945312500e+03
1.866635253906250000e+03
1.912802490234375000e+03
1.903849365234375000e+03
2.167229736328125000e+03
2.136613769531250000e+03
1.932841430664062500e+03
1.899532470703125000e+03
1.804218994140625000e+03
2.097490234375000000e+03
2.101260253906250000e+03
1.754592773437500000e+03
2.056513671875000000e+03
1.981685546875000000e+03
2.101294921875000000e+03
1.893498535156250000e+03
1.921832763671875000e+03
1.670338134765625000e+03
1.997862304687500000e+03
1.711796508789062500e+03
1.803649047851562500e+03
1.793184326171875000e+03
1.992279174804687500e+03
1.801699951171875000e+03
1.970895629882812500e+03
1.922731933593750000e+03
1.917913574218750000e+03
1.920788208007812500e+03
1.976666870117187500e+03
1.882538818359375000e+03
1.831742309570312500e+03
1.918553344726562500e+03
1.796066284179687500e+03
1.960635131835937500e+03
1.788804687500000000e+03
1.980224731445312500e+03
2.032995727539062500e+03
1.698365356445312500e+03
2.006775878906250000e+03
1.709108886718750000e+03
1.711698730468750000e+03
1.592257080078125000e+03
1.737096923828125000e+03
1.692491455078125000e+03
1.863697021484375000e+03
1.795042358398437500e+03
1.777535156250000000e+03
1.994475341796875000e+03
1.692342163085937500e+03
1.845437500000000000e+03
1.956532104492187500e+03
1.973478271484375000e+03
1.740376586914062500e+03
1.649077026367187500e+03
1.841872802734375000e+03
1.693850463867187500e+03
1.749361450195312500e+03
1.696554565429687500e+03
1.862645019531250000e+03
1.819765136718750000e+03
1.871899291992187500e+03
1.755556274414062500e+03
1.560170654296875000e+03
1.834894897460937500e+03
1.689607788085937500e+03
1.830105957031250000e+03
1.729881591796875000e+03
1.891393554687500000e+03
2.014824707031250000e+03
1.787192260742187500e+03
1.719237060546875000e+03
1.778404785156250000e+03
1.727601562500000000e+03
1.678100219726562500e+03
1.916729980468750000e+03
1.770306518554687500e+03
1.750733154296875000e+03
1.717485229492187500e+03
1.779818969726562500e+03
1.645615112304687500e+03
1.716996337890625000e+03
1.767947753906250000e+03
1.665479492187500000e+03
1.902470214843750000e+03
1.608781982421875000e+03
1.758035400390625000e+03
1.788505371093750000e+03
1.569597290039062500e+03
1.664727294921875000e+03
1.850898315429687500e+03
1.680217041015625000e+03
1.460218383789062500e+03
1.477012817382812500e+03
1.736428955078125000e+03
1.859709960937500000e+03
1.854827514648437500e+03
1.768327148437500000e+03
1.560239501953125000e+03
1.679697021484375000e+03
1.882559570312500000e+03
1.631298828125000000e+03
1.666814331054687500e+03
1.611103515625000000e+03
1.820214721679687500e+03
1.684467041015625000e+03
1.691908081054687500e+03
1.644203002929687500e+03
1.478134887695312500e+03
1.811649658203125000e+03
1.845926269531250000e+03
1.755422119140625000e+03
1.725450073242187500e+03
1.596873291015625000e+03
1.626655761718750000e+03
1.632013671875000000e+03
1.745986328125000000e+03
1.589015869140625000e+03
1.633629394531250000e+03
1.639830078125000000e+03
1.654835205078125000e+03
1.508380859375000000e+03
1.687550537109375000e+03
1.586403076171875000e+03
1.751207885742187500e+03
1.668306396484375000e+03
