5.201293750000000000e+05
5.194209375000000000e+05
5.139394375000000000e+05
5.265132500000000000e+05
5.180701875000000000e+05
5.173279375000000000e+05
5.247089375000000000e+05
5.003380625000000000e+05
5.244982500000000000e+05
5.238791562500000000e+05
5.314738750000000000e+05
5.315235625000000000e+05
5.197240000000000000e+05
5.006944375000000000e+05
5.294125625000000000e+05
5.266305625000000000e+05
4.994356250000000000e+05
5.178806875000000000e+05
5.225610625000000000e+05
5.115549375000000000e+05
5.087187500000000000e+05
5.047212812500000000e+05
5.114979375000000000e+05
5.023447187500000000e+05
5.045774062500000000e+05
5.194401562500000000e+05
5.089663437500000000e+05
5.012785000000000000e+05
5.022538125000000000e+05
4.992100625000000000e+05
4.638750937500000000e+05
4.888132187500000000e+05
4.565965937500000000e+05
4.513284375000000000e+05
4.403065312500000000e+05
4.282029375000000000e+05
3.919799687500000000e+05
3.867286562500000000e+05
3.751978125000000000e+05
3.346658125000000000e+05
2.825903437500000000e+05
2.491048437500000000e+05
2.080730468750000000e+05
1.779450625000000000e+05
1.323600937500000000e+05
8.848321093750000000e+04
5.408690234375000000e+04
3.101252148437500000e+04
1.618611328125000000e+04
2.854708203125000000e+04
4.558906250000000000e+04
6.685692187500000000e+04
7.543702343750000000e+04
7.452589843750000000e+04
6.026873828125000000e+04
3.315279687500000000e+04
1.763774218750000000e+04
8.622571289062500000e+03
5.743697265625000000e+03
4.831129882812500000e+03
8.502724609375000000e+03
1.417376953125000000e+04
1.785132031250000000e+04
2.123950976562500000e+04
2.126619335937500000e+04
1.823562304687500000e+04
1.906125585937500000e+04
1.501218945312500000e+04
1.311544238281250000e+04
9.901288085937500000e+03
6.307016601562500000e+03
5.891981933593750000e+03
4.319501953125000000e+03
4.929705566406250000e+03
7.321383789062500000e+03
7.729327148437500000e+03
9.624123046875000000e+03
9.956333007812500000e+03
7.858668457031250000e+03
7.990611328125000000e+03
6.738792480468750000e+03
4.967252929687500000e+03
4.178919433593750000e+03
3.626684570312500000e+03
3.106952148437500000e+03
3.924234863281250000e+03
4.019081542968750000e+03
4.556335937500000000e+03
4.613969726562500000e+03
4.669718750000000000e+03
4.303128906250000000e+03
3.960470703125000000e+03
4.211118164062500000e+03
3.304712402343750000e+03
3.187348144531250000e+03
3.288523925781250000e+03
3.004132812500000000e+03
3.580953857421875000e+03
3.002772460937500000e+03
3.492134521484375000e+03
3.323321289062500000e+03
3.185530273437500000e+03
3.817475097656250000e+03
3.672688476562500000e+03
3.305607910156250000e+03
3.293247070312500000e+03
2.929253417968750000e+03
2.949991943359375000e+03
2.824311767578125000e+03
3.090414794921875000e+03
3.144486328125000000e+03
3.580477539062500000e+03
2.964049804687500000e+03
3.061999755859375000e+03
3.313554443359375000e+03
2.996873535156250000e+03
2.959040527343750000e+03
2.876838134765625000e+03
2.801713134765625000e+03
3.120757812500000000e+03
2.723816650390625000e+03
2.604532958984375000e+03
3.060025878906250000e+03
3.176093261718750000e+03
2.956323730468750000e+03
2.907715820312500000e+03
3.135760986328125000e+03
2.880424072265625000e+03
2.838390380859375000e+03
2.807217773437500000e+03
2.649857910156250000e+03
2.629629150390625000e+03
3.020459472656250000e+03
2.747566162109375000e+03
2.852515380859375000e+03
3.169450195312500000e+03
2.763763183593750000e+03
2.840881835937500000e+03
2.902383789062500000e+03
2.715077880859375000e+03
2.834447998046875000e+03
2.684579101562500000e+03
2.602065185546875000e+03
2.868239746093750000e+03
2.942732910156250000e+03
3.050699707031250000e+03
3.248755615234375000e+03
2.725518554687500000e+03
2.791135742187500000e+03
2.650029785156250000e+03
2.977244873046875000e+03
2.900148437500000000e+03
2.836916992187500000e+03
2.816923828125000000e+03
2.752023437500000000e+03
2.988617675781250000e+03
2.672655273437500000e+03
2.606074951171875000e+03
2.736021972656250000e+03
2.836645263671875000e+03
2.910455566406250000e+03
2.519603027343750000e+03
2.643798339843750000e+03
2.548527099609375000e+03
2.916107177734375000e+03
2.654436035156250000e+03
3.004417480468750000e+03
2.445671386718750000e+03
2.562861816406250000e+03
2.710149902343750000e+03
2.696301269531250000e+03
2.726065185546875000e+03
2.663040527343750000e+03
2.602063232421875000e+03
2.743591064453125000e+03
2.838728271484375000e+03
2.646612304687500000e+03
2.377728271484375000e+03
2.894085937500000000e+03
2.671395996093750000e+03
2.693142089843750000e+03
2.714105224609375000e+03
2.694502441406250000e+03
2.725713867187500000e+03
2.625085937500000000e+03
2.609730957031250000e+03
2.937724609375000000e+03
2.344061523437500000e+03
2.685756103515625000e+03
2.575582519531250000e+03
2.754590576171875000e+03
2.532714599609375000e+03
2.827088867187500000e+03
2.918151367187500000e+03
2.428202392578125000e+03
2.546260253906250000e+03
2.796088134765625000e+03
2.728723632812500000e+03
2.637157714843750000e+03
2.672111328125000000e+03
2.512360351562500000e+03
2.875148925781250000e+03
2.376723388671875000e+03
2.696545166015625000e+03
2.746439453125000000e+03
2.696339111328125000e+03
2.432554199218750000e+03
2.595980957031250000e+03
2.507116455078125000e+03
2.805689941406250000e+03
2.610184082031250000e+03
2.687728027343750000e+03
2.820211425781250000e+03
2.514792480468750000e+03
2.527052246093750000e+03
2.617501464843750000e+03
2.630838134765625000e+03
2.551238525390625000e+03
2.881848144531250000e+03
2.685913085937500000e+03
2.680135253906250000e+03
2.408893066406250000e+03
2.425512695312500000e+03
2.659821289062500000e+03
2.814865966796875000e+03
2.534648437500000000e+03
2.558697509765625000e+03
2.426854492187500000e+03
2.621097656250000000e+03
2.656782714843750000e+03
2.566715332031250000e+03
2.745501464843750000e+03
2.458698242187500000e+03
2.554384033203125000e+03
2.579665283203125000e+03
2.516254150390625000e+03
2.795145507812500000e+03
2.605810058593750000e+03
2.638457519531250000e+03
2.383585205078125000e+03
2.747273925781250000e+03
2.516135986328125000e+03
2.575054931640625000e+03
2.700591552734375000e+03
2.613825195312500000e+03
2.533800048828125000e+03
2.587464843750000000e+03
2.528511230468750000e+03
2.321095214843750000e+03
2.823457031250000000e+03
2.897395019531250000e+03
2.541968261718750000e+03
2.541660156250000000e+03
2.416734375000000000e+03
2.417764404296875000e+03
2.364197265625000000e+03
2.420388183593750000e+03
2.793263183593750000e+03
2.842708496093750000e+03
2.419657958984375000e+03
2.582802246093750000e+03
2.564099609375000000e+03
2.754942382812500000e+03
2.456812011718750000e+03
2.593788574218750000e+03
2.646156250000000000e+03
2.540917480468750000e+03
2.745014404296875000e+03
2.522901367187500000e+03
2.286109375000000000e+03
2.504526123046875000e+03
2.567105224609375000e+03
2.438493896484375000e+03
2.415175537109375000e+03
2.613493652343750000e+03
2.464411865234375000e+03
2.451660644531250000e+03
2.709414062500000000e+03
2.613958251953125000e+03
2.568368652343750000e+03
2.618267578125000000e+03
2.478259277343750000e+03
2.634459960937500000e+03
2.518057128906250000e+03
2.755725830078125000e+03
2.449284667968750000e+03
2.529703369140625000e+03
2.544708740234375000e+03
2.513238281250000000e+03
2.249335205078125000e+03
2.504377197265625000e+03
2.445269042968750000e+03
2.385841796875000000e+03
2.802447021484375000e+03
2.757158691406250000e+03
2.338509765625000000e+03
2.458514160156250000e+03
2.754736328125000000e+03
2.485376464843750000e+03
2.552777099609375000e+03
2.491288085937500000e+03
2.411920898437500000e+03
2.677034667968750000e+03
2.362214599609375000e+03
2.507481201171875000e+03
2.697876953125000000e+03
2.523521972656250000e+03
2.443475341796875000e+03
2.415278808593750000e+03
2.415862060546875000e+03
2.430350341796875000e+03
2.629412109375000000e+03
2.432722167968750000e+03
2.606213378906250000e+03
2.559003417968750000e+03
2.227098144531250000e+03
2.648483642578125000e+03
2.540395507812500000e+03
2.369959960937500000e+03
2.403620605468750000e+03
2.668171386718750000e+03
2.765961425781250000e+03
2.088238037109375000e+03
2.628536621093750000e+03
2.477792236328125000e+03
2.494002441406250000e+03
2.531722656250000000e+03
2.619027832031250000e+03
2.540367187500000000e+03
2.419612792968750000e+03
2.651841552734375000e+03
2.520955078125000000e+03
2.378142578125000000e+03
2.268715820312500000e+03
2.433533691406250000e+03
2.634325683593750000e+03
2.562771240234375000e+03
2.602079589843750000e+03
2.411891601562500000e+03
2.352868652343750000e+03
2.325951904296875000e+03
2.379210449218750000e+03
2.616140869140625000e+03
2.574588378906250000e+03
2.769971679687500000e+03
2.499341064453125000e+03
2.267706054687500000e+03
2.442406982421875000e+03
2.345044921875000000e+03
2.366234863281250000e+03
2.609074218750000000e+03
2.641139160156250000e+03
2.760715087890625000e+03
2.319240722656250000e+03
2.221510742187500000e+03
2.515915527343750000e+03
2.332973632812500000e+03
2.518307128906250000e+03
2.333719238281250000e+03
2.303237792968750000e+03
2.645418457031250000e+03
2.399857421875000000e+03
2.246284667968750000e+03
2.449246582031250000e+03
2.309612792968750000e+03
2.478411376953125000e+03
2.312653320312500000e+03
2.637573486328125000e+03
2.227263183593750000e+03
2.484549804687500000e+03
2.645283203125000000e+03
2.456398925781250000e+03
2.044670532226562500e+03
2.831506835937500000e+03
2.547413330078125000e+03
2.466168701171875000e+03
2.366410156250000000e+03
2.066335693359375000e+03
2.443694580078125000e+03
2.408726318359375000e+03
2.275101806640625000e+03
2.571284667968750000e+03
2.415482421875000000e+03
2.410391357421875000e+03
2.222481933593750000e+03
2.324286132812500000e+03
2.462002441406250000e+03
2.516460449218750000e+03
2.375517333984375000e+03
2.238755859375000000e+03
2.308699218750000000e+03
2.578092773437500000e+03
2.347196289062500000e+03
2.447135742187500000e+03
2.398254882812500000e+03
2.405665527343750000e+03
2.192624511718750000e+03
2.559432128906250000e+03
2.418815917968750000e+03
2.357610351562500000e+03
2.402550048828125000e+03
2.218707763671875000e+03
2.478847656250000000e+03
2.237399414062500000e+03
2.613214111328125000e+03
2.502537109375000000e+03
2.367563720703125000e+03
2.307593017578125000e+03
2.380911376953125000e+03
2.363634765625000000e+03
2.622490722656250000e+03
2.420948486328125000e+03
2.268462646484375000e+03
2.411413085937500000e+03
2.420030273437500000e+03
2.318107910156250000e+03
2.450862792968750000e+03
2.273482910156250000e+03
2.470250244140625000e+03
2.441723144531250000e+03
2.559228759765625000e+03
2.595328369140625000e+03
2.272096679687500000e+03
2.543067626953125000e+03
2.493286376953125000e+03
2.149789062500000000e+03
2.067859375000000000e+03
2.248505126953125000e+03
2.372183105468750000e+03
2.284803955078125000e+03
2.590450683593750000e+03
2.463473632812500000e+03
2.368335693359375000e+03
2.198712402343750000e+03
2.429865722656250000e+03
2.354899902343750000e+03
2.504838623046875000e+03
2.402591308593750000e+03
2.223580566406250000e+03
2.242647949218750000e+03
2.316479492187500000e+03
2.345577148437500000e+03
2.225237792968750000e+03
2.092283935546875000e+03
2.239222656250000000e+03
2.318888427734375000e+03
2.462674804687500000e+03
2.328792724609375000e+03
2.314934326171875000e+03
2.339526855468750000e+03
2.394316894531250000e+03
2.238532714843750000e+03
2.297022949218750000e+03
2.133802490234375000e+03
2.429383056640625000e+03
2.285243652343750000e+03
2.407618652343750000e+03
2.457085937500000000e+03
2.399870361328125000e+03
2.139351318359375000e+03
2.426572753906250000e+03
2.367169921875000000e+03
2.272399658203125000e+03
2.208475830078125000e+03
2.243456542968750000e+03
2.510470947265625000e+03
2.185306152343750000e+03
2.491206054687500000e+03
2.209151367187500000e+03
2.174477783203125000e+03
2.321625488281250000e+03
2.225466064453125000e+03
2.442200683593750000e+03
2.192964843750000000e+03
2.503397460937500000e+03
2.120682128906250000e+03
2.436025634765625000e+03
2.462122314453125000e+03
2.225963378906250000e+03
2.033896972656250000e+03
2.496212646484375000e+03
2.092700927734375000e+03
2.186200195312500000e+03
2.344910644531250000e+03
2.478970214843750000e+03
2.401640869140625000e+03
2.425688232421875000e+03
2.207395751953125000e+03
2.086291503906250000e+03
2.259059082031250000e+03
2.168986816406250000e+03
2.044762695312500000e+03
2.476807617187500000e+03
2.129048339843750000e+03
2.379764160156250000e+03
2.238636230468750000e+03
2.383549804687500000e+03
2.186879882812500000e+03
2.286149414062500000e+03
2.145864990234375000e+03
2.625886718750000000e+03
2.384937500000000000e+03
2.275359619140625000e+03
2.182401855468750000e+03
2.363854492187500000e+03
2.575887695312500000e+03
2.179725341796875000e+03
2.218424316406250000e+03
2.058729980468750000e+03
2.249488037109375000e+03
2.367310302734375000e+03
2.130748046875000000e+03
2.290897460937500000e+03
2.266332519531250000e+03
2.344873046875000000e+03
2.331328613281250000e+03
2.145973388671875000e+03
2.231097412109375000e+03
2.242828613281250000e+03
2.509314941406250000e+03
2.212657714843750000e+03
2.131773437500000000e+03
2.187042236328125000e+03
2.566114257812500000e+03
1.968022216796875000e+03
2.446707519531250000e+03
2.500662109375000000e+03
2.119771972656250000e+03
2.271344726562500000e+03
2.225678710937500000e+03
1.990799560546875000e+03
2.042619384765625000e+03
2.169019042968750000e+03
2.221248291015625000e+03
2.146448242187500000e+03
2.206974609375000000e+03
2.295687988281250000e+03
2.535613281250000000e+03
2.353400634765625000e+03
2.207851806640625000e+03
2.175078369140625000e+03
2.283756835937500000e+03
2.243563964843750000e+03
2.184417480468750000e+03
2.275812011718750000e+03
2.190412353515625000e+03
2.217005126953125000e+03
2.192252685546875000e+03
2.087271728515625000e+03
2.285405273437500000e+03
2.318802734375000000e+03
2.134623046875000000e+03
2.152150634765625000e+03
2.292362548828125000e+03
2.055317626953125000e+03
2.022014770507812500e+03
2.262061279296875000e+03
2.386751953125000000e+03
2.163504394531250000e+03
2.419356689453125000e+03
2.243018554687500000e+03
2.273631347656250000e+03
2.216967773437500000e+03
2.218250000000000000e+03
2.197629394531250000e+03
2.203325683593750000e+03
2.315602050781250000e+03
2.048982666015625000e+03
2.120496582031250000e+03
2.340646972656250000e+03
1.998928710937500000e+03
2.314569580078125000e+03
2.161501464843750000e+03
2.347895019531250000e+03
2.094762695312500000e+03
2.117440673828125000e+03
2.194098388671875000e+03
2.416961914062500000e+03
2.151397949218750000e+03
2.261877197265625000e+03
2.254110351562500000e+03
2.323572753906250000e+03
2.327764404296875000e+03
2.233574951171875000e+03
2.090700927734375000e+03
2.282358886718750000e+03
2.071958496093750000e+03
2.100749511718750000e+03
2.221188964843750000e+03
2.280605468750000000e+03
2.080661621093750000e+03
2.151157226562500000e+03
2.086451416015625000e+03
2.088518310546875000e+03
2.289028320312500000e+03
2.054855468750000000e+03
2.035860595703125000e+03
2.108892089843750000e+03
1.975765380859375000e+03
1.998748657226562500e+03
2.185502197265625000e+03
2.431259765625000000e+03
2.262867675781250000e+03
2.121739746093750000e+03
2.186030761718750000e+03
2.066613769531250000e+03
1.979318725585937500e+03
2.106888916015625000e+03
2.086269531250000000e+03
2.182429199218750000e+03
2.165960449218750000e+03
2.175277343750000000e+03
2.117101318359375000e+03
2.166936279296875000e+03
2.185715087890625000e+03
2.299302246093750000e+03
2.177320312500000000e+03
2.219907226562500000e+03
2.041631347656250000e+03
2.088003173828125000e+03
2.088962890625000000e+03
2.271466796875000000e+03
2.390885498046875000e+03
1.956092163085937500e+03
2.073685791015625000e+03
1.975802490234375000e+03
2.277401855468750000e+03
2.057130126953125000e+03
2.133910156250000000e+03
2.305014160156250000e+03
2.071218261718750000e+03
2.109937988281250000e+03
2.176047851562500000e+03
2.153167968750000000e+03
1.942109863281250000e+03
2.091266845703125000e+03
2.078200195312500000e+03
2.095944824218750000e+03
2.228252929687500000e+03
2.046379028320312500e+03
2.083098144531250000e+03
2.071783935546875000e+03
1.949821899414062500e+03
2.162890625000000000e+03
1.947908325195312500e+03
2.099744628906250000e+03
2.121600341796875000e+03
1.868811645507812500e+03
2.225720214843750000e+03
2.128365234375000000e+03
2.151646484375000000e+03
2.042241210937500000e+03
1.981185180664062500e+03
2.255215820312500000e+03
1.958592041015625000e+03
2.006160156250000000e+03
2.089083007812500000e+03
1.992742553710937500e+03
2.022101196289062500e+03
2.184714599609375000e+03
2.069082763671875000e+03
2.023033203125000000e+03
1.942667480468750000e+03
2.080646484375000000e+03
2.055038574218750000e+03
2.167197021484375000e+03
1.865875732421875000e+03
2.375672851562500000e+03
2.030948974609375000e+03
2.056148437500000000e+03
1.872978515625000000e+03
2.037031127929687500e+03
2.052561035156250000e+03
2.026499023437500000e+03
2.106175781250000000e+03
2.076047119140625000e+03
2.111018066406250000e+03
2.015487548828125000e+03
1.992071289062500000e+03
2.238739990234375000e+03
1.888102050781250000e+03
2.149717773437500000e+03
2.154119628906250000e+03
2.081435546875000000e+03
2.089434326171875000e+03
1.996207885742187500e+03
1.984676147460937500e+03
1.974194091796875000e+03
2.051134033203125000e+03
1.883855712890625000e+03
2.076846435546875000e+03
2.087192626953125000e+03
2.010543945312500000e+03
2.171802246093750000e+03
2.094437500000000000e+03
1.860819335937500000e+03
1.939146728515625000e+03
1.904130493164062500e+03
1.969253906250000000e+03
2.095075683593750000e+03
2.188227294921875000e+03
2.104857177734375000e+03
1.960402832031250000e+03
1.898717407226562500e+03
2.145507568359375000e+03
1.804154907226562500e+03
1.908452148437500000e+03
2.031431762695312500e+03
1.993508544921875000e+03
1.943765258789062500e+03
1.985785766601562500e+03
2.102075683593750000e+03
1.804026611328125000e+03
1.882982055664062500e+03
1.913529785156250000e+03
1.949819335937500000e+03
1.867302001953125000e+03
1.911912963867187500e+03
2.109198730468750000e+03
2.037016235351562500e+03
1.907384033203125000e+03
1.946697265625000000e+03
1.917851562500000000e+03
1.964070190429687500e+03
1.998559204101562500e+03
1.873496337890625000e+03
2.020234130859375000e+03
1.820851318359375000e+03
2.028728271484375000e+03
1.940447753906250000e+03
1.741427490234375000e+03
2.005738891601562500e+03
2.098269531250000000e+03
1.857359008789062500e+03
2.009163452148437500e+03
2.207372558593750000e+03
1.940558471679687500e+03
1.829062377929687500e+03
1.836716430664062500e+03
1.926204101562500000e+03
1.881281005859375000e+03
1.855519287109375000e+03
1.787096801757812500e+03
1.915889648437500000e+03
1.878062255859375000e+03
1.934300415039062500e+03
1.967451293945312500e+03
2.149195800781250000e+03
1.722962158203125000e+03
1.952464355468750000e+03
1.948281616210937500e+03
1.773110473632812500e+03
1.878549804687500000e+03
2.034363891601562500e+03
1.785432617187500000e+03
1.984616333007812500e+03
1.797696533203125000e+03
1.933696044921875000e+03
2.041273071289062500e+03
1.741566528320312500e+03
1.708330200195312500e+03
2.064683837890625000e+03
1.839737670898437500e+03
1.949861083984375000e+03
1.895466064453125000e+03
2.016107421875000000e+03
1.923185180664062500e+03
1.938055175781250000e+03
1.833509155273437500e+03
1.683444335937500000e+03
1.819040405273437500e+03
1.904738769531250000e+03
1.996213745117187500e+03
1.768859252929687500e+03
1.957144042968750000e+03
1.603721435546875000e+03
1.815005615234375000e+03
1.827551513671875000e+03
1.739471923828125000e+03
1.819394775390625000e+03
1.963496826171875000e+03
1.643251831054687500e+03
2.036457153320312500e+03
1.796117309570312500e+03
1.931937622070312500e+03
1.972701660156250000e+03
1.761476684570312500e+03
1.730889038085937500e+03
1.760062377929687500e+03
1.857247436523437500e+03
1.751528076171875000e+03
1.856773681640625000e+03
2.029307006835937500e+03
1.725007324218750000e+03
1.585828369140625000e+03
1.875797973632812500e+03
1.734070312500000000e+03
1.858941650390625000e+03
1.784916503906250000e+03
1.842278442382812500e+03
1.635261718750000000e+03
1.813556396484375000e+03
1.659081054687500000e+03
1.706414672851562500e+03
1.884845458984375000e+03
1.740448974609375000e+03
1.715426635742187500e+03
1.824413330078125000e+03
1.734161499023437500e+03
1.840436157226562500e+03
1.805358642578125000e+03
1.825627075195312500e+03
1.819077880859375000e+03
1.815155517578125000e+03
1.724816650390625000e+03
1.749829833984375000e+03
1.619742187500000000e+03
1.792853515625000000e+03
1.820373046875000000e+03
1.849653564453125000e+03
1.665908569335937500e+03
1.833561523437500000e+03
1.712288574218750000e+03
1.759669799804687500e+03
1.676662597656250000e+03
1.747286499023437500e+03
1.794606445312500000e+03
1.530736083984375000e+03
1.714821655273437500e+03
1.774263916015625000e+03
1.737499023437500000e+03
1.829237670898437500e+03
1.547093994140625000e+03
1.801962158203125000e+03
1.669593994140625000e+03
1.661189697265625000e+03
1.647268310546875000e+03
1.676450317382812500e+03
1.758647705078125000e+03
1.766393310546875000e+03
1.753193237304687500e+03
1.601614013671875000e+03
1.645084960937500000e+03
1.831998291015625000e+03
1.885510131835937500e+03
1.611675659179687500e+03
1.671463867187500000e+03
1.748719482421875000e+03
1.760375976562500000e+03
1.786766235351562500e+03
1.679388305664062500e+03
1.731651611328125000e+03
1.575012207031250000e+03
1.698931884765625000e+03
1.525465820312500000e+03
1.651673095703125000e+03
1.661685546875000000e+03
1.737226440429687500e+03
1.666308715820312500e+03
1.724491577148437500e+03
1.713270263671875000e+03
1.650655761718750000e+03
1.591801147460937500e+03
1.654621582031250000e+03
1.798328613281250000e+03
1.536767456054687500e+03
1.478727050781250000e+03
1.709332763671875000e+03
1.556064208984375000e+03
1.598357421875000000e+03
1.633441894531250000e+03
1.828821289062500000e+03
1.612169677734375000e+03
1.534489746093750000e+03
1.610060791015625000e+03
1.618855590820312500e+03
1.530199707031250000e+03
1.646405761718750000e+03
1.577761718750000000e+03
1.519864990234375000e+03
1.698223999023437500e+03
1.529700195312500000e+03
1.559342041015625000e+03
1.704386352539062500e+03
1.615780761718750000e+03
1.500864746093750000e+03
1.656105224609375000e+03
1.411815917968750000e+03
1.629565917968750000e+03
1.624884765625000000e+03
1.462571777343750000e+03
1.456513427734375000e+03
1.564446899414062500e+03
1.666124755859375000e+03
1.545398681640625000e+03
1.561784790039062500e+03
1.679343383789062500e+03
1.515180664062500000e+03
1.563920410156250000e+03
1.524221679687500000e+03
1.682147705078125000e+03
1.553800048828125000e+03
1.396641479492187500e+03
1.572823364257812500e+03
1.403618164062500000e+03
1.556186523437500000e+03
1.707082275390625000e+03
1.512546752929687500e+03
1.678743408203125000e+03
1.415775634765625000e+03
1.610134277343750000e+03
1.401836181640625000e+03
1.561409912109375000e+03
1.480226806640625000e+03
1.354602783203125000e+03
1.517392089843750000e+03
1.507772949218750000e+03
1.593796630859375000e+03
1.465483642578125000e+03
1.579798583984375000e+03
1.690511230468750000e+03
1.366969238281250000e+03
1.360840209960937500e+03
1.437668945312500000e+03
1.385501464843750000e+03
1.491900390625000000e+03
1.476244384765625000e+03
1.376568847656250000e+03
1.489303833007812500e+03
1.528886962890625000e+03
1.617121826171875000e+03
1.414594970703125000e+03
1.461626708984375000e+03
1.628809204101562500e+03
1.492691894531250000e+03
1.477846069335937500e+03
1.379323364257812500e+03
1.359320068359375000e+03
1.364219482421875000e+03
1.400544311523437500e+03
1.528508300781250000e+03
1.562821289062500000e+03
1.394075683593750000e+03
1.274401123046875000e+03
1.463493286132812500e+03
1.483663818359375000e+03
1.500684570312500000e+03
1.329899536132812500e+03
1.437833984375000000e+03
1.400495117187500000e+03
1.306712646484375000e+03
1.444770263671875000e+03
1.415825927734375000e+03
1.300743408203125000e+03
1.446769775390625000e+03
1.364365478515625000e+03
1.456270996093750000e+03
1.546198486328125000e+03
1.472514526367187500e+03
1.322538696289062500e+03
1.412675537109375000e+03
1.484749877929687500e+03
1.417715576171875000e+03
1.322989624023437500e+03
1.414283203125000000e+03
1.424433471679687500e+03
1.452015380859375000e+03
1.501603027343750000e+03
1.312833129882812500e+03
1.401964599609375000e+03
1.398334594726562500e+03
1.280825927734375000e+03
1.371499267578125000e+03
1.559578735351562500e+03
1.400081420898437500e+03
1.357449707031250000e+03
1.227601318359375000e+03
1.335409912109375000e+03
1.356699951171875000e+03
1.550337402343750000e+03
1.452250244140625000e+03
1.369176025390625000e+03
1.310540283203125000e+03
1.405969726562500000e+03
1.318442626953125000e+03
1.351303222656250000e+03
1.302654418945312500e+03
1.425549560546875000e+03
1.428736328125000000e+03
1.274548828125000000e+03
1.365324218750000000e+03
1.282251953125000000e+03
1.172901733398437500e+03
1.426990966796875000e+03
1.393708740234375000e+03
1.264229370117187500e+03
1.169408203125000000e+03
1.385885253906250000e+03
1.349786743164062500e+03
1.389439208984375000e+03
1.344127685546875000e+03
1.198899658203125000e+03
1.263350830078125000e+03
1.295050903320312500e+03
1.157436035156250000e+03
1.344629760742187500e+03
1.424181396484375000e+03
1.297263427734375000e+03
1.192830444335937500e+03
1.344745117187500000e+03
1.221474853515625000e+03
1.271980224609375000e+03
1.405789550781250000e+03
1.520114135742187500e+03
1.307243408203125000e+03
1.315375122070312500e+03
1.398897705078125000e+03
1.319271240234375000e+03
1.229316406250000000e+03
1.397159912109375000e+03
1.329805541992187500e+03
1.365864746093750000e+03
1.358553833007812500e+03
1.298053710937500000e+03
1.388661132812500000e+03
1.130318847656250000e+03
1.177032226562500000e+03
1.323100097656250000e+03
1.390614379882812500e+03
1.211285278320312500e+03
1.445243896484375000e+03
1.351198242187500000e+03
1.225452880859375000e+03
1.201269287109375000e+03
1.401310058593750000e+03
1.229626464843750000e+03
1.239061035156250000e+03
1.317084716796875000e+03
1.264302001953125000e+03
1.392562744140625000e+03
1.095205322265625000e+03
1.229932495117187500e+03
1.166763427734375000e+03
1.249714843750000000e+03
1.259856933593750000e+03
1.249227050781250000e+03
1.239869384765625000e+03
1.143621459960937500e+03
1.187963989257812500e+03
1.440885009765625000e+03
1.085665039062500000e+03
1.233222167968750000e+03
1.209747802734375000e+03
1.407083740234375000e+03
1.059742675781250000e+03
1.300154296875000000e+03
1.254099121093750000e+03
1.184369018554687500e+03
1.197730590820312500e+03
1.251050781250000000e+03
1.206947265625000000e+03
1.252267822265625000e+03
1.209431640625000000e+03
1.099142822265625000e+03
1.078510375976562500e+03
1.069559326171875000e+03
1.355920654296875000e+03
1.190787597656250000e+03
1.266980346679687500e+03
1.254580322265625000e+03
1.156155273437500000e+03
1.090568969726562500e+03
1.180199462890625000e+03
1.198615966796875000e+03
1.220557495117187500e+03
1.105229736328125000e+03
1.146894653320312500e+03
1.169389404296875000e+03
1.252141235351562500e+03
1.089640625000000000e+03
1.210866210937500000e+03
1.135102294921875000e+03
1.096380371093750000e+03
1.220907470703125000e+03
1.073600585937500000e+03
1.221028076171875000e+03
1.271640380859375000e+03
1.149677734375000000e+03
1.182721557617187500e+03
1.029998779296875000e+03
1.407305664062500000e+03
1.076274291992187500e+03
1.171170410156250000e+03
1.156036865234375000e+03
1.020714904785156250e+03
1.202184326171875000e+03
1.138791503906250000e+03
1.063980346679687500e+03
1.070433349609375000e+03
1.148807739257812500e+03
1.179219726562500000e+03
1.044367065429687500e+03
1.157347167968750000e+03
1.127052734375000000e+03
1.096330322265625000e+03
1.175783691406250000e+03
1.117649414062500000e+03
1.082862548828125000e+03
1.114837890625000000e+03
1.052521972656250000e+03
1.316355468750000000e+03
1.081750488281250000e+03
1.066391845703125000e+03
1.012720275878906250e+03
1.111019042968750000e+03
1.324652832031250000e+03
1.046872314453125000e+03
1.275197998046875000e+03
1.060683471679687500e+03
1.074882446289062500e+03
1.058716064453125000e+03
1.134851318359375000e+03
1.119967041015625000e+03
1.179768554687500000e+03
1.104665649414062500e+03
1.106945068359375000e+03
9.854939575195312500e+02
1.070411865234375000e+03
1.250110351562500000e+03
1.079876708984375000e+03
1.236077636718750000e+03
1.269033203125000000e+03
1.077530029296875000e+03
1.047661010742187500e+03
1.167536865234375000e+03
1.178560058593750000e+03
1.088486816406250000e+03
1.076111816406250000e+03
1.110881469726562500e+03
1.091843505859375000e+03
9.982370605468750000e+02
1.164937988281250000e+03
1.059399169921875000e+03
1.012321044921875000e+03
1.096829101562500000e+03
9.994222412109375000e+02
1.107560302734375000e+03
1.165524414062500000e+03
9.759020996093750000e+02
1.003725891113281250e+03
9.752075195312500000e+02
1.172859619140625000e+03
1.159916748046875000e+03
1.073318969726562500e+03
1.190562377929687500e+03
1.096439453125000000e+03
1.051400268554687500e+03
1.220309814453125000e+03
1.162220214843750000e+03
1.081301391601562500e+03
9.996450195312500000e+02
9.290749511718750000e+02
1.039766235351562500e+03
9.977027587890625000e+02
1.044477783203125000e+03
9.827033691406250000e+02
1.071628173828125000e+03
1.150399902343750000e+03
9.787564086914062500e+02
1.086850463867187500e+03
9.217606201171875000e+02
9.770889892578125000e+02
1.104292236328125000e+03
1.050977172851562500e+03
1.072479980468750000e+03
1.045551269531250000e+03
9.542943115234375000e+02
8.879755249023437500e+02
9.697882080078125000e+02
9.542127685546875000e+02
1.077531005859375000e+03
1.084738281250000000e+03
1.061622558593750000e+03
1.069011474609375000e+03
7.987722167968750000e+02
9.032039794921875000e+02
1.136696777343750000e+03
1.080169189453125000e+03
1.103335815429687500e+03
1.149869262695312500e+03
8.985867309570312500e+02
9.433023681640625000e+02
1.019010009765625000e+03
1.030251220703125000e+03
1.144809204101562500e+03
1.015525634765625000e+03
1.055275634765625000e+03
8.756361083984375000e+02
1.027419799804687500e+03
9.330801391601562500e+02
9.850122070312500000e+02
1.202007324218750000e+03
9.880953369140625000e+02
9.300425415039062500e+02
1.069100341796875000e+03
1.010662658691406250e+03
9.806248779296875000e+02
8.865507812500000000e+02
8.345839843750000000e+02
1.021833129882812500e+03
1.107208007812500000e+03
9.501619873046875000e+02
9.892094726562500000e+02
1.145581298828125000e+03
9.550166015625000000e+02
9.952423095703125000e+02
8.864544677734375000e+02
9.243580322265625000e+02
1.147231933593750000e+03
9.409261474609375000e+02
9.999602050781250000e+02
8.609741210937500000e+02
1.007751586914062500e+03
8.463489990234375000e+02
9.696553344726562500e+02
9.304974975585937500e+02
1.052986450195312500e+03
1.198056030273437500e+03
8.797229003906250000e+02
9.390129394531250000e+02
9.170347900390625000e+02
8.999880371093750000e+02
9.469227294921875000e+02
9.205751953125000000e+02
9.538148193359375000e+02
9.797720336914062500e+02
1.091830078125000000e+03
9.618339843750000000e+02
9.631166992187500000e+02
1.100762695312500000e+03
9.545521240234375000e+02
8.553322753906250000e+02
9.518630371093750000e+02
1.065942626953125000e+03
9.512308959960937500e+02
9.751343994140625000e+02
1.015087036132812500e+03
1.129431884765625000e+03
8.871854248046875000e+02
9.878953247070312500e+02
1.040105346679687500e+03
8.956062011718750000e+02
9.807526855468750000e+02
8.694334716796875000e+02
1.010052124023437500e+03
9.190864257812500000e+02
1.041029052734375000e+03
9.626506347656250000e+02
9.091093750000000000e+02
9.300700683593750000e+02
9.606503295898437500e+02
9.498820800781250000e+02
9.134785766601562500e+02
8.256719970703125000e+02
8.828510742187500000e+02
9.449722900390625000e+02
9.575509033203125000e+02
9.135989990234375000e+02
9.253671875000000000e+02
9.441754150390625000e+02
9.527646484375000000e+02
1.077281738281250000e+03
8.730966186523437500e+02
9.733627929687500000e+02
1.046158325195312500e+03
9.212842407226562500e+02
9.292250976562500000e+02
9.379749755859375000e+02
8.912057495117187500e+02
9.407641601562500000e+02
9.608540039062500000e+02
7.579536132812500000e+02
8.878928833007812500e+02
8.775621337890625000e+02
9.851306152343750000e+02
1.004742675781250000e+03
9.196643066406250000e+02
8.852969970703125000e+02
9.085500488281250000e+02
9.365833740234375000e+02
9.680141601562500000e+02
9.230758666992187500e+02
8.926304931640625000e+02
7.851787109375000000e+02
8.603380126953125000e+02
8.584614868164062500e+02
8.931437988281250000e+02
9.243986816406250000e+02
8.797420654296875000e+02
7.782928466796875000e+02
8.319608154296875000e+02
9.143389892578125000e+02
7.956809082031250000e+02
9.108201904296875000e+02
7.808445434570312500e+02
9.199745483398437500e+02
8.637813110351562500e+02
9.544840087890625000e+02
8.136892700195312500e+02
9.047888183593750000e+02
8.617744750976562500e+02
8.803328247070312500e+02
8.525373535156250000e+02
9.083449707031250000e+02
9.489188232421875000e+02
7.976956787109375000e+02
8.595008544921875000e+02
9.387006835937500000e+02
6.957053222656250000e+02
9.412163085937500000e+02
8.824191894531250000e+02
9.027006835937500000e+02
9.976973266601562500e+02
7.844472656250000000e+02
8.729394531250000000e+02
7.991286621093750000e+02
9.344522705078125000e+02
9.404372558593750000e+02
8.358835449218750000e+02
9.013099365234375000e+02
8.040507812500000000e+02
8.371815795898437500e+02
9.250561523437500000e+02
9.584707031250000000e+02
8.068476562500000000e+02
8.831080322265625000e+02
8.112896118164062500e+02
9.920286865234375000e+02
8.832797851562500000e+02
8.637474365234375000e+02
7.568872070312500000e+02
9.008947143554687500e+02
8.061684570312500000e+02
8.314020385742187500e+02
8.184913330078125000e+02
8.222655639648437500e+02
9.315288085937500000e+02
9.918524780273437500e+02
9.121297607421875000e+02
7.883428955078125000e+02
7.469266357421875000e+02
9.352239990234375000e+02
9.091486816406250000e+02
8.264846191406250000e+02
7.232346801757812500e+02
8.696712646484375000e+02
8.959526977539062500e+02
9.052939453125000000e+02
7.878047485351562500e+02
1.112195190429687500e+03
8.522979736328125000e+02
8.620945434570312500e+02
8.023624267578125000e+02
8.715567016601562500e+02
8.094312133789062500e+02
9.557308349609375000e+02
9.624609375000000000e+02
8.127160034179687500e+02
8.072225341796875000e+02
8.977468261718750000e+02
9.537799072265625000e+02
7.626533203125000000e+02
1.023683898925781250e+03
1.119281616210937500e+03
8.494177856445312500e+02
7.730872802734375000e+02
9.946082763671875000e+02
7.918907470703125000e+02
7.675223388671875000e+02
9.357391967773437500e+02
7.429173583984375000e+02
8.665773925781250000e+02
8.730012207031250000e+02
7.915769042968750000e+02
9.953269042968750000e+02
8.027520141601562500e+02
8.967971191406250000e+02
7.661929931640625000e+02
8.411802978515625000e+02
8.900406494140625000e+02
7.928577880859375000e+02
8.001885375976562500e+02
7.537144775390625000e+02
8.472988281250000000e+02
9.386564941406250000e+02
8.835412597656250000e+02
7.858604736328125000e+02
8.921129150390625000e+02
7.505046386718750000e+02
7.700573120117187500e+02
7.133884277343750000e+02
7.737738037109375000e+02
8.692434082031250000e+02
8.131472778320312500e+02
8.791521606445312500e+02
9.156026611328125000e+02
8.662285766601562500e+02
7.280167846679687500e+02
7.868511962890625000e+02
7.866571044921875000e+02
1.028346923828125000e+03
8.061207885742187500e+02
9.856660156250000000e+02
7.855251464843750000e+02
8.917794189453125000e+02
8.311738281250000000e+02
8.132743530273437500e+02
8.705073242187500000e+02
7.802644042968750000e+02
8.788386230468750000e+02
7.911433105468750000e+02
7.695499267578125000e+02
7.975201416015625000e+02
9.077730712890625000e+02
8.410030517578125000e+02
9.793529052734375000e+02
8.634978027343750000e+02
8.449956054687500000e+02
8.657351684570312500e+02
6.869830932617187500e+02
8.294564819335937500e+02
7.650147094726562500e+02
8.042032470703125000e+02
8.676295166015625000e+02
9.311474609375000000e+02
8.039511718750000000e+02
8.176683349609375000e+02
7.265732421875000000e+02
8.166524658203125000e+02
7.503858642578125000e+02
7.733211059570312500e+02
8.708665771484375000e+02
6.903480224609375000e+02
7.631340332031250000e+02
7.856080932617187500e+02
8.109791259765625000e+02
7.452885742187500000e+02
7.626630859375000000e+02
8.713315429687500000e+02
7.681928100585937500e+02
7.991768188476562500e+02
7.281501464843750000e+02
8.075067749023437500e+02
8.325746459960937500e+02
8.143339843750000000e+02
7.951453857421875000e+02
8.188652954101562500e+02
7.885452270507812500e+02
8.677625122070312500e+02
8.247998046875000000e+02
7.326486816406250000e+02
8.394276123046875000e+02
7.633919677734375000e+02
8.269179687500000000e+02
8.684947509765625000e+02
6.636523437500000000e+02
6.748253784179687500e+02
7.694902343750000000e+02
8.901213378906250000e+02
8.672668457031250000e+02
7.485524291992187500e+02
7.971760253906250000e+02
7.614157714843750000e+02
7.384414062500000000e+02
8.356004028320312500e+02
7.079619750976562500e+02
8.574105834960937500e+02
8.913657226562500000e+02
7.445637817382812500e+02
7.642810058593750000e+02
7.088994140625000000e+02
8.017694702148437500e+02
8.576126708984375000e+02
8.992955322265625000e+02
7.245361938476562500e+02
6.985372314453125000e+02
9.187402343750000000e+02
8.182265625000000000e+02
8.395925903320312500e+02
6.068889770507812500e+02
8.569730224609375000e+02
8.374240722656250000e+02
7.348526611328125000e+02
7.985266113281250000e+02
8.005323486328125000e+02
7.611735839843750000e+02
8.123811035156250000e+02
7.252619628906250000e+02
8.199058227539062500e+02
7.286903076171875000e+02
8.679464111328125000e+02
8.727214355468750000e+02
6.955126953125000000e+02
7.379821777343750000e+02
7.525297241210937500e+02
7.731676025390625000e+02
8.677039794921875000e+02
9.503365478515625000e+02
6.612681274414062500e+02
7.345462036132812500e+02
7.084395751953125000e+02
6.918153076171875000e+02
7.443901977539062500e+02
6.824666137695312500e+02
7.426920166015625000e+02
7.251670532226562500e+02
8.092678222656250000e+02
8.236518554687500000e+02
7.219098510742187500e+02
7.036613769531250000e+02
9.016127319335937500e+02
7.745916137695312500e+02
6.948095703125000000e+02
6.684030151367187500e+02
6.889890136718750000e+02
8.871903076171875000e+02
7.524423828125000000e+02
9.494658203125000000e+02
7.744987792968750000e+02
8.760485839843750000e+02
7.340261230468750000e+02
7.128357543945312500e+02
7.478029174804687500e+02
6.452333984375000000e+02
7.662489624023437500e+02
7.065242919921875000e+02
7.260745239257812500e+02
7.575383300781250000e+02
9.214251708984375000e+02
7.709792480468750000e+02
8.792232666015625000e+02
7.782149658203125000e+02
8.728967895507812500e+02
6.337586669921875000e+02
7.595698852539062500e+02
6.505820922851562500e+02
6.815315551757812500e+02
7.352838745117187500e+02
7.387803955078125000e+02
8.609322509765625000e+02
6.841098632812500000e+02
7.279124145507812500e+02
7.642666015625000000e+02
7.492934570312500000e+02
7.682329711914062500e+02
7.237994384765625000e+02
6.534539794921875000e+02
8.348356323242187500e+02
7.163640747070312500e+02
7.068051147460937500e+02
8.764315185546875000e+02
7.504949340820312500e+02
7.525334472656250000e+02
6.811168212890625000e+02
9.125667724609375000e+02
6.512135620117187500e+02
7.541294555664062500e+02
7.065111083984375000e+02
6.361411132812500000e+02
7.550316162109375000e+02
7.950078125000000000e+02
6.389925537109375000e+02
7.767073974609375000e+02
7.771609497070312500e+02
7.077015991210937500e+02
6.747562255859375000e+02
7.349808959960937500e+02
7.056277465820312500e+02
7.453007812500000000e+02
7.693203125000000000e+02
7.183933105468750000e+02
7.218401489257812500e+02
7.363197021484375000e+02
8.002960205078125000e+02
7.113305053710937500e+02
7.046301879882812500e+02
7.020108642578125000e+02
7.418341064453125000e+02
7.650614013671875000e+02
6.819385375976562500e+02
6.634647827148437500e+02
7.844104003906250000e+02
8.082423095703125000e+02
6.580867919921875000e+02
8.060144042968750000e+02
7.582844848632812500e+02
7.884801025390625000e+02
7.421411743164062500e+02
6.504611206054687500e+02
6.848420410156250000e+02
6.874353027343750000e+02
7.367799072265625000e+02
9.270767822265625000e+02
6.619632568359375000e+02
8.093797607421875000e+02
7.352525634765625000e+02
8.073776245117187500e+02
6.703239746093750000e+02
7.107684326171875000e+02
8.297826538085937500e+02
6.128351440429687500e+02
8.609393920898437500e+02
7.274617919921875000e+02
7.070002441406250000e+02
7.120358886718750000e+02
7.604101562500000000e+02
8.369912719726562500e+02
7.915404052734375000e+02
6.627368164062500000e+02
6.673099365234375000e+02
8.201468505859375000e+02
6.829091796875000000e+02
5.982656860351562500e+02
8.350090332031250000e+02
6.707861938476562500e+02
6.932268066406250000e+02
6.392304687500000000e+02
8.690949707031250000e+02
7.391035156250000000e+02
7.257227783203125000e+02
7.216087646484375000e+02
7.643522949218750000e+02
7.054701538085937500e+02
7.588826904296875000e+02
6.844086303710937500e+02
7.317102050781250000e+02
7.311839599609375000e+02
6.323968505859375000e+02
6.624086303710937500e+02
6.852681274414062500e+02
6.507490234375000000e+02
8.142885131835937500e+02
6.987366943359375000e+02
7.097575683593750000e+02
7.597378540039062500e+02
8.746867675781250000e+02
7.470056762695312500e+02
7.533325195312500000e+02
7.080089721679687500e+02
6.211638183593750000e+02
5.859627075195312500e+02
7.506691894531250000e+02
7.815631713867187500e+02
7.419596557617187500e+02
6.790365600585937500e+02
6.663699951171875000e+02
7.150404663085937500e+02
6.692716064453125000e+02
6.711911621093750000e+02
7.470662231445312500e+02
7.411515502929687500e+02
7.421218261718750000e+02
7.428337402343750000e+02
8.148082275390625000e+02
7.781453857421875000e+02
6.635937500000000000e+02
7.832642822265625000e+02
7.021700439453125000e+02
6.172254028320312500e+02
8.659063720703125000e+02
6.847734375000000000e+02
6.368315429687500000e+02
7.147155761718750000e+02
7.936267700195312500e+02
7.893784790039062500e+02
7.061479492187500000e+02
6.086842041015625000e+02
7.601358032226562500e+02
6.640861816406250000e+02
6.908710327148437500e+02
7.189559326171875000e+02
7.344678344726562500e+02
6.429132080078125000e+02
7.988257446289062500e+02
6.083360595703125000e+02
7.565250244140625000e+02
6.433408203125000000e+02
7.732197875976562500e+02
7.356252441406250000e+02
6.071064453125000000e+02
7.522013549804687500e+02
6.743513183593750000e+02
8.510870971679687500e+02
5.593558349609375000e+02
8.290957031250000000e+02
7.741677246093750000e+02
6.415153198242187500e+02
5.503822021484375000e+02
8.157452392578125000e+02
7.436545410156250000e+02
6.113944091796875000e+02
8.612853393554687500e+02
7.211753540039062500e+02
8.358395996093750000e+02
7.261943359375000000e+02
5.472427368164062500e+02
7.095101928710937500e+02
5.635842285156250000e+02
6.829594116210937500e+02
6.260667724609375000e+02
6.473311767578125000e+02
5.584093627929687500e+02
6.468914794921875000e+02
7.342828369140625000e+02
7.985300292968750000e+02
7.295023193359375000e+02
7.072424316406250000e+02
7.579133911132812500e+02
5.718357543945312500e+02
7.516708984375000000e+02
7.139721069335937500e+02
6.567200927734375000e+02
6.701419677734375000e+02
7.334897460937500000e+02
7.931688842773437500e+02
6.362321777343750000e+02
7.334093017578125000e+02
6.868776855468750000e+02
6.111635742187500000e+02
7.549511718750000000e+02
6.614862060546875000e+02
6.604963378906250000e+02
9.079619750976562500e+02
6.423977661132812500e+02
6.311602783203125000e+02
7.022962646484375000e+02
6.133440551757812500e+02
6.497890014648437500e+02
7.371046752929687500e+02
7.422446899414062500e+02
7.408076171875000000e+02
7.068625488281250000e+02
6.643668212890625000e+02
7.525394287109375000e+02
6.986677246093750000e+02
7.990988769531250000e+02
6.212328491210937500e+02
7.113724365234375000e+02
8.215693969726562500e+02
7.536270141601562500e+02
7.493906860351562500e+02
6.262562255859375000e+02
6.998082275390625000e+02
6.702611083984375000e+02
7.447954101562500000e+02
5.921428833007812500e+02
6.492161865234375000e+02
6.570090332031250000e+02
7.018666992187500000e+02
6.523433837890625000e+02
8.146247558593750000e+02
6.413550415039062500e+02
7.243276367187500000e+02
6.490755004882812500e+02
6.290517578125000000e+02
7.780450439453125000e+02
5.731345214843750000e+02
6.914376220703125000e+02
7.533636474609375000e+02
6.987848510742187500e+02
6.177822265625000000e+02
7.616658935546875000e+02
6.913967285156250000e+02
6.904904174804687500e+02
6.570867309570312500e+02
7.456295776367187500e+02
5.972796020507812500e+02
7.826871337890625000e+02
7.075391235351562500e+02
6.165649414062500000e+02
6.908767089843750000e+02
7.817373657226562500e+02
6.800870361328125000e+02
7.785875854492187500e+02
7.404620361328125000e+02
6.564925537109375000e+02
5.907851562500000000e+02
9.356000976562500000e+02
7.931242675781250000e+02
5.786838989257812500e+02
9.051077270507812500e+02
7.129674072265625000e+02
6.622436523437500000e+02
7.875753173828125000e+02
8.228903808593750000e+02
6.745612182617187500e+02
7.575305175781250000e+02
7.332528686523437500e+02
6.931475219726562500e+02
5.844671630859375000e+02
6.881374511718750000e+02
6.138563232421875000e+02
6.668897705078125000e+02
6.897621459960937500e+02
7.010010375976562500e+02
7.353696289062500000e+02
5.575878906250000000e+02
7.038638305664062500e+02
7.862916259765625000e+02
6.733853759765625000e+02
5.143544311523437500e+02
6.258083496093750000e+02
6.926594238281250000e+02
7.300307617187500000e+02
5.798119506835937500e+02
6.532086791992187500e+02
6.869519653320312500e+02
6.856856689453125000e+02
6.026460571289062500e+02
6.631844482421875000e+02
6.564425048828125000e+02
8.147864990234375000e+02
5.651041259765625000e+02
6.924588623046875000e+02
6.941037597656250000e+02
6.808924560546875000e+02
6.131431884765625000e+02
6.746284179687500000e+02
6.997800292968750000e+02
7.349069824218750000e+02
6.582023925781250000e+02
5.940322875976562500e+02
5.281657714843750000e+02
7.395471191406250000e+02
6.984101562500000000e+02
7.364700927734375000e+02
5.972194213867187500e+02
6.463572998046875000e+02
6.695798339843750000e+02
7.636490478515625000e+02
6.808671875000000000e+02
7.734006347656250000e+02
6.822033691406250000e+02
8.232791748046875000e+02
8.108419189453125000e+02
6.971837158203125000e+02
7.659251708984375000e+02
7.766809082031250000e+02
5.857930297851562500e+02
9.170420532226562500e+02
7.455971069335937500e+02
6.611846313476562500e+02
6.723655395507812500e+02
6.284100341796875000e+02
6.242598876953125000e+02
6.499732055664062500e+02
5.566971435546875000e+02
8.914639282226562500e+02
6.595778808593750000e+02
5.499730224609375000e+02
6.283928833007812500e+02
7.215573730468750000e+02
6.556156005859375000e+02
6.669937133789062500e+02
6.645938110351562500e+02
6.341623535156250000e+02
6.578327026367187500e+02
6.789586181640625000e+02
6.855002441406250000e+02
7.039652099609375000e+02
5.712269897460937500e+02
6.862371826171875000e+02
6.305154418945312500e+02
7.267713012695312500e+02
5.589638061523437500e+02
7.748846435546875000e+02
6.349638061523437500e+02
5.002997131347656250e+02
7.331692504882812500e+02
6.769631347656250000e+02
5.739379882812500000e+02
7.467069091796875000e+02
7.579770507812500000e+02
6.876446533203125000e+02
5.452168579101562500e+02
7.182545166015625000e+02
6.260688476562500000e+02
8.237658691406250000e+02
5.622093505859375000e+02
6.481500854492187500e+02
6.557048950195312500e+02
7.253390502929687500e+02
6.853116455078125000e+02
6.917585449218750000e+02
6.525522460937500000e+02
6.775703735351562500e+02
6.161539916992187500e+02
7.542482299804687500e+02
5.598563232421875000e+02
6.413862915039062500e+02
6.260157470703125000e+02
7.106099243164062500e+02
5.833475341796875000e+02
7.004475097656250000e+02
6.160150756835937500e+02
6.833090820312500000e+02
6.452180175781250000e+02
6.842515869140625000e+02
6.255147705078125000e+02
6.579467163085937500e+02
6.143141479492187500e+02
6.114648437500000000e+02
6.840890502929687500e+02
5.452012939453125000e+02
7.472225341796875000e+02
6.814238891601562500e+02
7.164536132812500000e+02
5.312376098632812500e+02
6.242885131835937500e+02
7.001749267578125000e+02
6.802673950195312500e+02
5.882279663085937500e+02
6.019470825195312500e+02
7.511014404296875000e+02
6.169752807617187500e+02
7.131005859375000000e+02
6.593455810546875000e+02
5.556519775390625000e+02
5.739080810546875000e+02
6.409616699218750000e+02
7.213658447265625000e+02
5.956088256835937500e+02
6.117341918945312500e+02
6.817219238281250000e+02
8.072521972656250000e+02
5.557697753906250000e+02
6.305150756835937500e+02
6.710858154296875000e+02
5.382118530273437500e+02
6.733560791015625000e+02
6.083873901367187500e+02
6.617854614257812500e+02
7.032045898437500000e+02
7.009625854492187500e+02
6.821711425781250000e+02
5.070373840332031250e+02
6.006668701171875000e+02
7.226741943359375000e+02
5.700445556640625000e+02
6.714324340820312500e+02
7.084039306640625000e+02
6.054031982421875000e+02
6.185150756835937500e+02
6.002856445312500000e+02
6.280827636718750000e+02
6.256645507812500000e+02
7.081676025390625000e+02
7.347674560546875000e+02
7.100831909179687500e+02
6.321635742187500000e+02
8.161334228515625000e+02
5.605010375976562500e+02
6.435697631835937500e+02
7.378093261718750000e+02
5.738038940429687500e+02
5.667990112304687500e+02
6.318369140625000000e+02
7.210052490234375000e+02
7.157436523437500000e+02
6.345612792968750000e+02
5.491473999023437500e+02
6.635675659179687500e+02
5.875721435546875000e+02
6.190355834960937500e+02
6.892106933593750000e+02
6.597070922851562500e+02
6.287860717773437500e+02
5.436607666015625000e+02
6.547770385742187500e+02
5.774554443359375000e+02
6.585677490234375000e+02
7.477579345703125000e+02
5.953056640625000000e+02
6.785234375000000000e+02
6.725289306640625000e+02
6.227927246093750000e+02
5.427421264648437500e+02
6.765360717773437500e+02
5.100411376953125000e+02
6.945294189453125000e+02
7.506239013671875000e+02
7.507180175781250000e+02
7.204824829101562500e+02
5.628636474609375000e+02
6.066096801757812500e+02
5.770195922851562500e+02
6.350216064453125000e+02
5.850773925781250000e+02
5.885410766601562500e+02
7.746946411132812500e+02
7.032429809570312500e+02
6.347552490234375000e+02
6.127100830078125000e+02
7.367878417968750000e+02
6.419747314453125000e+02
6.562089843750000000e+02
6.247883911132812500e+02
5.457636718750000000e+02
6.360808105468750000e+02
5.589128417968750000e+02
7.783934326171875000e+02
6.984626464843750000e+02
6.341160888671875000e+02
7.782969970703125000e+02
6.507113037109375000e+02
6.753228759765625000e+02
5.205752563476562500e+02
6.647382812500000000e+02
7.605321044921875000e+02
6.159102172851562500e+02
7.301032714843750000e+02
6.619353027343750000e+02
6.540977172851562500e+02
6.884710693359375000e+02
5.591285400390625000e+02
6.699576416015625000e+02
7.436169433593750000e+02
6.188096923828125000e+02
6.270297851562500000e+02
7.536066894531250000e+02
5.992775268554687500e+02
5.386091308593750000e+02
7.311678466796875000e+02
6.709780273437500000e+02
6.453073730468750000e+02
6.275223388671875000e+02
6.034349365234375000e+02
6.686718750000000000e+02
5.699658203125000000e+02
6.174574584960937500e+02
6.585802612304687500e+02
7.381358032226562500e+02
6.025671997070312500e+02
6.263005981445312500e+02
5.148416137695312500e+02
6.804441528320312500e+02
6.698001098632812500e+02
5.692791748046875000e+02
6.733695678710937500e+02
6.671641235351562500e+02
7.225552978515625000e+02
5.549893798828125000e+02
6.437236328125000000e+02
7.319882202148437500e+02
5.635437622070312500e+02
6.173010253906250000e+02
7.060369873046875000e+02
7.235685424804687500e+02
5.605725708007812500e+02
6.086510009765625000e+02
6.986813354492187500e+02
5.833629150390625000e+02
7.333618164062500000e+02
7.400468750000000000e+02
5.555720825195312500e+02
5.897761840820312500e+02
6.792409057617187500e+02
7.921955566406250000e+02
5.444118652343750000e+02
6.016981201171875000e+02
5.876816406250000000e+02
7.341069335937500000e+02
6.905852050781250000e+02
5.750379028320312500e+02
6.210060424804687500e+02
5.722037353515625000e+02
7.005071411132812500e+02
6.659059448242187500e+02
6.903080444335937500e+02
6.220751953125000000e+02
5.702271118164062500e+02
5.577868041992187500e+02
8.194113159179687500e+02
5.149447631835937500e+02
6.930502319335937500e+02
6.994214477539062500e+02
6.022392578125000000e+02
5.743342895507812500e+02
7.036614990234375000e+02
6.193775024414062500e+02
6.660501708984375000e+02
6.576781616210937500e+02
5.790166625976562500e+02
5.851911621093750000e+02
6.117450561523437500e+02
5.994896850585937500e+02
6.230061035156250000e+02
5.870626831054687500e+02
7.803274536132812500e+02
6.787098999023437500e+02
5.694201660156250000e+02
6.794804687500000000e+02
6.121258544921875000e+02
5.995939941406250000e+02
6.324463500976562500e+02
7.223394775390625000e+02
6.351600952148437500e+02
6.616503906250000000e+02
8.060410766601562500e+02
5.254240112304687500e+02
6.666444091796875000e+02
5.940946044921875000e+02
6.669239501953125000e+02
6.932136230468750000e+02
7.755197753906250000e+02
5.900930786132812500e+02
6.857934570312500000e+02
6.125377807617187500e+02
6.014639282226562500e+02
6.001708374023437500e+02
7.574779052734375000e+02
