5.244036250000000000e+05
5.117698750000000000e+05
5.337922500000000000e+05
5.378573750000000000e+05
5.172215312500000000e+05
4.943191250000000000e+05
5.149930937500000000e+05
5.227675625000000000e+05
5.185351562500000000e+05
5.154190625000000000e+05
5.129054687500000000e+05
5.352452500000000000e+05
5.042838125000000000e+05
5.221263750000000000e+05
5.209116875000000000e+05
5.052053125000000000e+05
5.341422500000000000e+05
5.119310000000000000e+05
5.317510625000000000e+05
5.085522812500000000e+05
4.977250625000000000e+05
5.188954062500000000e+05
4.935958125000000000e+05
5.069191250000000000e+05
4.854903437500000000e+05
5.077761250000000000e+05
4.908558750000000000e+05
4.709827500000000000e+05
4.830380937500000000e+05
4.599393125000000000e+05
4.415647187500000000e+05
4.330895937500000000e+05
4.264098125000000000e+05
3.978670000000000000e+05
3.645264062500000000e+05
3.472522812500000000e+05
3.069225937500000000e+05
2.629015312500000000e+05
2.477825937500000000e+05
1.942848125000000000e+05
1.421687656250000000e+05
9.643907812500000000e+04
5.268551171875000000e+04
3.104178710937500000e+04
1.621836914062500000e+04
2.301538085937500000e+04
4.713780078125000000e+04
6.898198437500000000e+04
8.273784375000000000e+04
7.409019531250000000e+04
5.056900000000000000e+04
3.056933203125000000e+04
1.923082031250000000e+04
7.545647949218750000e+03
4.805369140625000000e+03
7.862694335937500000e+03
1.147015722656250000e+04
1.914280859375000000e+04
2.052063867187500000e+04
2.050675195312500000e+04
2.201607812500000000e+04
2.009684179687500000e+04
1.727146093750000000e+04
1.469589062500000000e+04
1.282775488281250000e+04
8.096383789062500000e+03
5.230542968750000000e+03
4.785740234375000000e+03
5.152049804687500000e+03
6.712317871093750000e+03
6.804218750000000000e+03
1.079412500000000000e+04
1.105604394531250000e+04
9.009583007812500000e+03
8.819100585937500000e+03
6.511442871093750000e+03
4.787794921875000000e+03
5.111608398437500000e+03
3.854945312500000000e+03
3.484616455078125000e+03
3.925134277343750000e+03
4.315096679687500000e+03
4.941963867187500000e+03
5.261712890625000000e+03
4.350028320312500000e+03
4.193938476562500000e+03
4.749955566406250000e+03
4.322394042968750000e+03
3.793118164062500000e+03
3.800031982421875000e+03
3.202433349609375000e+03
3.399315917968750000e+03
3.661636474609375000e+03
3.348017089843750000e+03
3.852544921875000000e+03
4.116599121093750000e+03
3.700403808593750000e+03
3.310193359375000000e+03
3.907518310546875000e+03
3.639619140625000000e+03
3.360520996093750000e+03
3.167865478515625000e+03
3.671696777343750000e+03
3.156862548828125000e+03
3.053241699218750000e+03
3.613385253906250000e+03
3.235375244140625000e+03
3.731752441406250000e+03
3.193665039062500000e+03
3.484489257812500000e+03
3.189943359375000000e+03
3.110663085937500000e+03
3.285423583984375000e+03
3.428697265625000000e+03
3.037679931640625000e+03
3.472796142578125000e+03
3.581068603515625000e+03
2.724569335937500000e+03
2.933009765625000000e+03
3.675484619140625000e+03
2.855055664062500000e+03
3.194521484375000000e+03
3.045733398437500000e+03
2.902544921875000000e+03
3.438639160156250000e+03
3.090672363281250000e+03
3.307602539062500000e+03
2.956319335937500000e+03
3.005674804687500000e+03
3.187828125000000000e+03
3.120002929687500000e+03
3.207824218750000000e+03
2.914732910156250000e+03
2.798989013671875000e+03
2.973959472656250000e+03
2.995583007812500000e+03
3.290885742187500000e+03
2.959471679687500000e+03
3.214489746093750000e+03
3.087150878906250000e+03
3.440723632812500000e+03
2.826294921875000000e+03
3.034475830078125000e+03
2.553986328125000000e+03
3.394066162109375000e+03
3.113815185546875000e+03
2.939994628906250000e+03
2.986088378906250000e+03
2.745069824218750000e+03
3.323712402343750000e+03
2.777264648437500000e+03
3.089932617187500000e+03
2.762097656250000000e+03
3.077924316406250000e+03
2.871673828125000000e+03
2.978063476562500000e+03
2.768191894531250000e+03
3.212561035156250000e+03
2.934010742187500000e+03
2.761993164062500000e+03
2.812971923828125000e+03
2.488748779296875000e+03
3.094495361328125000e+03
3.106844482421875000e+03
3.040459472656250000e+03
2.880850341796875000e+03
3.393163085937500000e+03
2.866187988281250000e+03
3.094931640625000000e+03
2.964562500000000000e+03
2.999711914062500000e+03
2.935174316406250000e+03
2.590865966796875000e+03
3.307380371093750000e+03
2.615013183593750000e+03
3.072425292968750000e+03
2.840667480468750000e+03
2.898973388671875000e+03
3.041715087890625000e+03
2.781955810546875000e+03
2.873159423828125000e+03
2.772297851562500000e+03
2.920633300781250000e+03
2.707617675781250000e+03
2.911401367187500000e+03
2.673204101562500000e+03
2.631142578125000000e+03
2.909409179687500000e+03
3.103237060546875000e+03
2.986803222656250000e+03
2.740117187500000000e+03
3.061105224609375000e+03
2.981394042968750000e+03
2.615050292968750000e+03
2.507076171875000000e+03
3.319373535156250000e+03
3.020060058593750000e+03
2.686983886718750000e+03
2.778520019531250000e+03
2.930023437500000000e+03
3.007774658203125000e+03
2.778865234375000000e+03
2.752034179687500000e+03
2.731666748046875000e+03
2.697935546875000000e+03
2.708883789062500000e+03
2.860394531250000000e+03
2.710802734375000000e+03
2.929845947265625000e+03
3.028806396484375000e+03
3.160961181640625000e+03
2.798067871093750000e+03
2.726270507812500000e+03
2.643219726562500000e+03
2.787111816406250000e+03
2.527241699218750000e+03
3.072561523437500000e+03
2.859499023437500000e+03
2.689894531250000000e+03
2.845273193359375000e+03
2.962842041015625000e+03
2.950903320312500000e+03
3.125073242187500000e+03
2.395699218750000000e+03
2.754333740234375000e+03
2.702091796875000000e+03
2.622473388671875000e+03
2.751249755859375000e+03
2.746936523437500000e+03
2.898059082031250000e+03
2.833438476562500000e+03
2.882105468750000000e+03
2.696125244140625000e+03
2.521873046875000000e+03
2.875478027343750000e+03
2.831984375000000000e+03
2.835006347656250000e+03
2.938034179687500000e+03
2.844341796875000000e+03
2.679088134765625000e+03
2.925999023437500000e+03
2.768294433593750000e+03
2.632640136718750000e+03
2.388129638671875000e+03
2.750534179687500000e+03
2.672645019531250000e+03
2.954373535156250000e+03
2.969131591796875000e+03
2.519794433593750000e+03
2.655517822265625000e+03
2.467085937500000000e+03
2.944546875000000000e+03
2.796822265625000000e+03
2.802220703125000000e+03
2.805066406250000000e+03
2.721866210937500000e+03
2.756757812500000000e+03
2.898560058593750000e+03
2.684998046875000000e+03
2.566808105468750000e+03
2.707836914062500000e+03
2.611758544921875000e+03
2.570902099609375000e+03
2.930916503906250000e+03
3.006607910156250000e+03
2.620819824218750000e+03
2.430508300781250000e+03
3.002745605468750000e+03
2.638504882812500000e+03
2.906807373046875000e+03
2.811674804687500000e+03
2.555990722656250000e+03
2.754374267578125000e+03
2.762730468750000000e+03
2.637245849609375000e+03
2.601725830078125000e+03
2.524618408203125000e+03
2.847057617187500000e+03
2.536569091796875000e+03
2.490593261718750000e+03
2.640177246093750000e+03
2.690332031250000000e+03
2.447268554687500000e+03
2.419695312500000000e+03
2.839609619140625000e+03
2.651315917968750000e+03
2.758105957031250000e+03
2.580733642578125000e+03
2.587246093750000000e+03
2.460925048828125000e+03
2.815762207031250000e+03
2.648176513671875000e+03
2.772098876953125000e+03
2.722307617187500000e+03
2.502999267578125000e+03
2.819210937500000000e+03
2.613836425781250000e+03
2.404985595703125000e+03
2.715304199218750000e+03
2.879918457031250000e+03
2.416198486328125000e+03
2.462131347656250000e+03
2.751984863281250000e+03
2.250910644531250000e+03
2.646647949218750000e+03
2.711131835937500000e+03
2.556835449218750000e+03
3.019954101562500000e+03
2.380370117187500000e+03
2.552351562500000000e+03
2.835891601562500000e+03
2.705915771484375000e+03
2.695222412109375000e+03
2.322060546875000000e+03
2.868900878906250000e+03
2.681616699218750000e+03
2.656820800781250000e+03
2.747860595703125000e+03
2.426224121093750000e+03
2.787824951171875000e+03
2.839138916015625000e+03
2.398753417968750000e+03
2.541022949218750000e+03
2.340286376953125000e+03
2.696562988281250000e+03
2.441044433593750000e+03
2.554244628906250000e+03
2.727223632812500000e+03
2.657581054687500000e+03
2.553677246093750000e+03
2.654967773437500000e+03
2.490552734375000000e+03
2.712614257812500000e+03
2.677444824218750000e+03
2.486720458984375000e+03
2.313433349609375000e+03
2.784239746093750000e+03
2.491068115234375000e+03
2.301354492187500000e+03
2.374245117187500000e+03
2.597730224609375000e+03
2.475716796875000000e+03
2.770877929687500000e+03
2.234204101562500000e+03
2.523687988281250000e+03
2.653954833984375000e+03
2.759945312500000000e+03
2.492166992187500000e+03
2.196008789062500000e+03
2.768262695312500000e+03
2.568139160156250000e+03
2.794059326171875000e+03
2.533834472656250000e+03
2.434285156250000000e+03
2.237711425781250000e+03
2.553652832031250000e+03
2.595901123046875000e+03
2.463370361328125000e+03
2.633459960937500000e+03
2.510151855468750000e+03
2.387628906250000000e+03
2.600459472656250000e+03
2.675524902343750000e+03
2.388182617187500000e+03
2.346512207031250000e+03
2.350905761718750000e+03
2.638368408203125000e+03
2.531683593750000000e+03
2.202981445312500000e+03
2.411931640625000000e+03
2.520173828125000000e+03
2.618571044921875000e+03
2.222610839843750000e+03
2.285980712890625000e+03
2.622643066406250000e+03
2.507830566406250000e+03
2.467516113281250000e+03
2.406885742187500000e+03
2.338529052734375000e+03
2.450534667968750000e+03
2.446301757812500000e+03
2.226698486328125000e+03
2.276902832031250000e+03
2.337416503906250000e+03
2.338438476562500000e+03
2.426468994140625000e+03
2.619097167968750000e+03
2.590740966796875000e+03
2.583793457031250000e+03
2.523200195312500000e+03
2.227962646484375000e+03
2.300718994140625000e+03
2.342410156250000000e+03
2.284833007812500000e+03
2.493250732421875000e+03
2.427663085937500000e+03
2.334132324218750000e+03
2.464720458984375000e+03
2.638667968750000000e+03
2.494352783203125000e+03
2.391059570312500000e+03
2.417175048828125000e+03
2.321502685546875000e+03
2.642789062500000000e+03
2.162444824218750000e+03
2.474652832031250000e+03
2.256477050781250000e+03
2.414386718750000000e+03
2.507827148437500000e+03
2.164395263671875000e+03
2.413376464843750000e+03
2.306224121093750000e+03
2.053477050781250000e+03
2.112544677734375000e+03
2.391614257812500000e+03
2.592855957031250000e+03
2.312437988281250000e+03
2.205675292968750000e+03
2.404176757812500000e+03
2.483955078125000000e+03
2.393348632812500000e+03
2.298167968750000000e+03
2.460185791015625000e+03
2.402465820312500000e+03
2.265876953125000000e+03
2.379777832031250000e+03
2.329243896484375000e+03
2.094429687500000000e+03
2.375822265625000000e+03
2.311554199218750000e+03
2.288254638671875000e+03
2.568720214843750000e+03
2.429377685546875000e+03
2.368278808593750000e+03
2.314713623046875000e+03
2.326558105468750000e+03
2.339866699218750000e+03
2.090067138671875000e+03
2.372351074218750000e+03
2.193553466796875000e+03
2.419947021484375000e+03
2.256057373046875000e+03
2.026064819335937500e+03
1.899347900390625000e+03
2.428331787109375000e+03
2.409182861328125000e+03
2.297737792968750000e+03
2.439736572265625000e+03
2.385712646484375000e+03
2.312682128906250000e+03
2.400980224609375000e+03
2.082365234375000000e+03
2.126801757812500000e+03
2.001946533203125000e+03
2.346475830078125000e+03
2.361352783203125000e+03
2.298884521484375000e+03
2.112190185546875000e+03
2.271991455078125000e+03
2.335359375000000000e+03
2.012958007812500000e+03
2.147764648437500000e+03
2.153042968750000000e+03
1.991885742187500000e+03
2.245871093750000000e+03
2.202108154296875000e+03
2.338610351562500000e+03
2.140296386718750000e+03
2.011816406250000000e+03
2.138471679687500000e+03
2.202312011718750000e+03
2.146735839843750000e+03
2.154629394531250000e+03
2.387751953125000000e+03
1.999301269531250000e+03
2.273708496093750000e+03
2.065689697265625000e+03
2.069153564453125000e+03
2.177814941406250000e+03
2.054428222656250000e+03
2.097760253906250000e+03
2.220553222656250000e+03
2.334290771484375000e+03
1.990531127929687500e+03
2.045188720703125000e+03
2.157333740234375000e+03
2.134667480468750000e+03
1.960729248046875000e+03
2.259017089843750000e+03
2.071293212890625000e+03
2.111483154296875000e+03
2.201808105468750000e+03
2.091914062500000000e+03
2.079271484375000000e+03
1.858607177734375000e+03
2.270573730468750000e+03
2.196855957031250000e+03
2.132419921875000000e+03
1.989313232421875000e+03
2.120257080078125000e+03
1.956995117187500000e+03
2.099192138671875000e+03
2.092347167968750000e+03
1.965712280273437500e+03
2.194315185546875000e+03
2.064608642578125000e+03
1.832303466796875000e+03
2.081872314453125000e+03
2.099623535156250000e+03
2.049090087890625000e+03
2.175453369140625000e+03
2.115532714843750000e+03
2.068277343750000000e+03
1.841211914062500000e+03
1.919769165039062500e+03
2.089915771484375000e+03
2.141491455078125000e+03
2.008523559570312500e+03
1.879882080078125000e+03
1.955594726562500000e+03
2.228323242187500000e+03
1.928584594726562500e+03
2.021299560546875000e+03
2.040812988281250000e+03
2.084590332031250000e+03
1.923493652343750000e+03
1.943387695312500000e+03
1.956878662109375000e+03
2.043788818359375000e+03
2.016201904296875000e+03
1.865945800781250000e+03
1.875024658203125000e+03
1.810060546875000000e+03
1.891127807617187500e+03
1.824806030273437500e+03
1.925240844726562500e+03
1.929665283203125000e+03
2.088385742187500000e+03
1.945663330078125000e+03
1.752141235351562500e+03
1.930797607421875000e+03
1.892597656250000000e+03
1.877391113281250000e+03
1.943020263671875000e+03
2.129514160156250000e+03
2.012395751953125000e+03
1.808134033203125000e+03
1.879957153320312500e+03
1.839284912109375000e+03
1.898243041992187500e+03
1.657338867187500000e+03
1.952061279296875000e+03
1.723122192382812500e+03
1.813114990234375000e+03
1.933836425781250000e+03
1.816169555664062500e+03
1.836928955078125000e+03
1.723602539062500000e+03
1.825540771484375000e+03
2.078587402343750000e+03
1.989591430664062500e+03
1.732228515625000000e+03
1.868597290039062500e+03
1.952079833984375000e+03
1.825570556640625000e+03
2.044450317382812500e+03
1.800257812500000000e+03
1.677642333984375000e+03
1.734774658203125000e+03
1.758460571289062500e+03
1.870146118164062500e+03
1.824266357421875000e+03
1.727465454101562500e+03
1.805275634765625000e+03
1.589826904296875000e+03
1.692244384765625000e+03
1.673570434570312500e+03
1.704739746093750000e+03
1.862701049804687500e+03
1.723840576171875000e+03
2.018203979492187500e+03
1.777974243164062500e+03
1.775987060546875000e+03
1.678308105468750000e+03
1.595518310546875000e+03
1.956367919921875000e+03
1.755209838867187500e+03
1.751513061523437500e+03
1.780042480468750000e+03
1.824305541992187500e+03
1.695156372070312500e+03
1.790277832031250000e+03
1.710643066406250000e+03
1.649238525390625000e+03
1.757660522460937500e+03
1.844150878906250000e+03
1.718284912109375000e+03
1.623301269531250000e+03
1.545406494140625000e+03
1.747142456054687500e+03
1.591617675781250000e+03
1.617731445312500000e+03
1.802019897460937500e+03
1.672109375000000000e+03
1.654833007812500000e+03
1.677781372070312500e+03
1.618541137695312500e+03
1.652880371093750000e+03
1.667450561523437500e+03
1.562531127929687500e+03
1.580869140625000000e+03
1.696844238281250000e+03
1.618905639648437500e+03
1.614231445312500000e+03
1.885339355468750000e+03
1.840317993164062500e+03
1.603011230468750000e+03
1.579098266601562500e+03
1.640965576171875000e+03
1.694286010742187500e+03
1.743483886718750000e+03
1.673251708984375000e+03
1.559247680664062500e+03
1.650872314453125000e+03
1.616307128906250000e+03
1.621888061523437500e+03
1.513627685546875000e+03
1.649883666992187500e+03
1.662708862304687500e+03
1.549188354492187500e+03
1.554792480468750000e+03
1.628083496093750000e+03
1.629122070312500000e+03
1.561405273437500000e+03
1.564808105468750000e+03
1.499210937500000000e+03
1.437190429687500000e+03
1.440437377929687500e+03
1.626593261718750000e+03
1.813099853515625000e+03
1.372072509765625000e+03
1.642286621093750000e+03
1.529605590820312500e+03
1.637398681640625000e+03
1.620585449218750000e+03
1.470730468750000000e+03
1.463876464843750000e+03
1.618498535156250000e+03
1.481001586914062500e+03
1.517621093750000000e+03
1.512717163085937500e+03
1.498569335937500000e+03
1.651682373046875000e+03
1.438404052734375000e+03
1.541583984375000000e+03
1.383756591796875000e+03
1.449441284179687500e+03
1.559178955078125000e+03
1.476587280273437500e+03
1.538853027343750000e+03
1.484635864257812500e+03
1.435958007812500000e+03
1.384625976562500000e+03
1.636677734375000000e+03
1.483746582031250000e+03
1.498694335937500000e+03
1.244364990234375000e+03
1.423629882812500000e+03
1.455300659179687500e+03
1.568293457031250000e+03
1.340349121093750000e+03
1.515226196289062500e+03
1.476451782226562500e+03
1.491586181640625000e+03
1.454395507812500000e+03
1.606517578125000000e+03
1.537686767578125000e+03
1.210117431640625000e+03
1.459269775390625000e+03
1.413918945312500000e+03
1.458291015625000000e+03
1.309286865234375000e+03
1.398258544921875000e+03
1.439445068359375000e+03
1.528174560546875000e+03
1.352195678710937500e+03
1.426852294921875000e+03
1.441467285156250000e+03
1.430489257812500000e+03
1.522175292968750000e+03
1.267794677734375000e+03
1.353391601562500000e+03
1.302499511718750000e+03
1.348945800781250000e+03
1.357937988281250000e+03
1.490568725585937500e+03
1.378959472656250000e+03
1.226377441406250000e+03
1.368799316406250000e+03
1.306551269531250000e+03
