1.800083200000000000e+08
1.822111680000000000e+08
1.628870080000000000e+08
1.700660480000000000e+08
1.529649280000000000e+08
1.638695680000000000e+08
1.590471520000000000e+08
1.670726400000000000e+08
1.534312640000000000e+08
1.781749120000000000e+08
1.482601600000000000e+08
1.492299520000000000e+08
1.738793760000000000e+08
1.554237600000000000e+08
1.938538880000000000e+08
1.751038080000000000e+08
1.656619200000000000e+08
1.684499040000000000e+08
1.692969280000000000e+08
1.837691200000000000e+08
1.596152960000000000e+08
1.491269120000000000e+08
1.858298560000000000e+08
1.888065920000000000e+08
1.637871200000000000e+08
1.963579520000000000e+08
1.755169600000000000e+08
1.434188320000000000e+08
1.554480640000000000e+08
1.631735680000000000e+08
1.479344960000000000e+08
1.690108480000000000e+08
1.712990080000000000e+08
1.475676800000000000e+08
1.723872800000000000e+08
1.591977280000000000e+08
1.396705920000000000e+08
1.640653440000000000e+08
1.379321600000000000e+08
2.014995520000000000e+08
1.947880640000000000e+08
1.354587200000000000e+08
1.387531200000000000e+08
1.787405760000000000e+08
1.564342720000000000e+08
1.605460640000000000e+08
1.819382400000000000e+08
1.910143360000000000e+08
1.895060160000000000e+08
1.805330560000000000e+08
1.573495680000000000e+08
1.464760480000000000e+08
1.821369280000000000e+08
1.533319520000000000e+08
1.697241440000000000e+08
1.654067200000000000e+08
1.680933920000000000e+08
1.576026240000000000e+08
1.659695200000000000e+08
1.816301280000000000e+08
1.612980000000000000e+08
1.528621120000000000e+08
1.850623040000000000e+08
1.410341120000000000e+08
1.317733600000000000e+08
1.494432800000000000e+08
1.686199200000000000e+08
1.580525760000000000e+08
1.545695840000000000e+08
1.559945280000000000e+08
1.655864960000000000e+08
1.588418560000000000e+08
1.403131680000000000e+08
1.988884160000000000e+08
1.427016800000000000e+08
1.582894720000000000e+08
1.378896000000000000e+08
1.747225920000000000e+08
1.497129920000000000e+08
1.581420960000000000e+08
1.903998720000000000e+08
1.644936640000000000e+08
1.531405920000000000e+08
1.578794880000000000e+08
1.713373120000000000e+08
1.709317600000000000e+08
1.570547520000000000e+08
1.682148160000000000e+08
1.773621120000000000e+08
1.807762880000000000e+08
1.485244160000000000e+08
1.630805920000000000e+08
1.885168160000000000e+08
1.457595520000000000e+08
1.661826080000000000e+08
1.715536960000000000e+08
1.910645120000000000e+08
1.322122160000000000e+08
1.667248160000000000e+08
1.554180960000000000e+08
1.192744800000000000e+08
1.496864000000000000e+08
1.804995360000000000e+08
1.605222560000000000e+08
1.761488640000000000e+08
1.452084800000000000e+08
1.888568160000000000e+08
1.767174400000000000e+08
1.526379520000000000e+08
1.542858880000000000e+08
1.718590240000000000e+08
1.359137920000000000e+08
1.490352320000000000e+08
1.575176640000000000e+08
1.562352000000000000e+08
1.589275200000000000e+08
1.568356960000000000e+08
1.402645120000000000e+08
1.258240640000000000e+08
1.493074240000000000e+08
1.645488480000000000e+08
1.642071840000000000e+08
1.699088960000000000e+08
1.518024640000000000e+08
1.312122720000000000e+08
1.551304960000000000e+08
1.617406400000000000e+08
1.572393600000000000e+08
1.541900160000000000e+08
1.729395840000000000e+08
1.470362240000000000e+08
1.533124800000000000e+08
1.609651520000000000e+08
1.797524000000000000e+08
1.708861120000000000e+08
1.693068480000000000e+08
1.686882240000000000e+08
1.643927360000000000e+08
1.677491840000000000e+08
1.548896000000000000e+08
1.718800320000000000e+08
1.638057600000000000e+08
1.462787200000000000e+08
1.858881920000000000e+08
1.473856960000000000e+08
1.815651840000000000e+08
1.630582080000000000e+08
1.594378240000000000e+08
1.426319680000000000e+08
1.487096960000000000e+08
1.564727680000000000e+08
1.830802880000000000e+08
1.647988800000000000e+08
1.597329760000000000e+08
1.693444960000000000e+08
1.532509440000000000e+08
1.708394240000000000e+08
1.503871680000000000e+08
1.680143520000000000e+08
1.738001600000000000e+08
1.498108800000000000e+08
1.521028640000000000e+08
1.566745920000000000e+08
1.595376640000000000e+08
1.509063680000000000e+08
1.699843680000000000e+08
1.503798880000000000e+08
1.443962560000000000e+08
1.709699840000000000e+08
1.563135520000000000e+08
1.786948640000000000e+08
1.644299360000000000e+08
1.388372480000000000e+08
1.521598400000000000e+08
1.704652000000000000e+08
1.712311040000000000e+08
1.630668160000000000e+08
1.467755520000000000e+08
1.447650240000000000e+08
1.574478560000000000e+08
1.448168320000000000e+08
1.595401920000000000e+08
1.506067680000000000e+08
1.611105280000000000e+08
1.481245120000000000e+08
1.586382400000000000e+08
1.661905600000000000e+08
1.655146240000000000e+08
1.560142720000000000e+08
1.427598400000000000e+08
1.643642400000000000e+08
1.599799520000000000e+08
1.949664000000000000e+08
1.627956000000000000e+08
1.311049120000000000e+08
1.755467040000000000e+08
1.526194240000000000e+08
1.575823680000000000e+08
1.497737760000000000e+08
1.648783360000000000e+08
1.414415040000000000e+08
1.591483200000000000e+08
1.721169920000000000e+08
1.667629600000000000e+08
1.370645120000000000e+08
1.900699520000000000e+08
1.656433280000000000e+08
1.550470080000000000e+08
1.369257280000000000e+08
1.599310880000000000e+08
1.385320960000000000e+08
1.632254240000000000e+08
1.637129600000000000e+08
1.637096320000000000e+08
1.599398560000000000e+08
1.870480320000000000e+08
1.631515520000000000e+08
1.755960800000000000e+08
1.704948960000000000e+08
1.787858240000000000e+08
2.101251520000000000e+08
1.325949280000000000e+08
1.596995520000000000e+08
1.711498080000000000e+08
1.673927360000000000e+08
1.862688960000000000e+08
1.644532480000000000e+08
1.829587040000000000e+08
1.726705280000000000e+08
1.658835360000000000e+08
1.633575680000000000e+08
1.638996160000000000e+08
1.562762400000000000e+08
1.499327200000000000e+08
1.584996800000000000e+08
2.010004960000000000e+08
1.408026400000000000e+08
1.738329280000000000e+08
1.635623040000000000e+08
1.757465600000000000e+08
1.540112960000000000e+08
1.478340320000000000e+08
1.557182400000000000e+08
1.423372960000000000e+08
1.826588480000000000e+08
1.757549120000000000e+08
1.506615840000000000e+08
1.803400640000000000e+08
1.872912640000000000e+08
1.581932000000000000e+08
1.648107040000000000e+08
1.504651840000000000e+08
1.785488000000000000e+08
1.864283840000000000e+08
1.724074400000000000e+08
1.826554400000000000e+08
1.832656960000000000e+08
1.648294080000000000e+08
1.596369600000000000e+08
1.833226240000000000e+08
1.745467200000000000e+08
1.575213280000000000e+08
1.658021600000000000e+08
1.565441280000000000e+08
1.513895040000000000e+08
1.690453920000000000e+08
1.643329760000000000e+08
1.601667200000000000e+08
1.230927040000000000e+08
1.370372000000000000e+08
1.791154400000000000e+08
1.632573920000000000e+08
1.656310560000000000e+08
1.482717120000000000e+08
1.722510080000000000e+08
1.715461280000000000e+08
1.575387200000000000e+08
1.665206560000000000e+08
1.607753280000000000e+08
1.603569280000000000e+08
1.699139200000000000e+08
1.389446080000000000e+08
1.563392320000000000e+08
1.555060480000000000e+08
1.452533920000000000e+08
1.606291040000000000e+08
1.539546240000000000e+08
1.428737280000000000e+08
1.639947680000000000e+08
1.662893760000000000e+08
1.564775840000000000e+08
1.692031360000000000e+08
1.717920960000000000e+08
1.711705920000000000e+08
1.833175840000000000e+08
1.669224320000000000e+08
1.608358080000000000e+08
1.567874560000000000e+08
1.619156800000000000e+08
1.713074720000000000e+08
1.805265280000000000e+08
1.523825600000000000e+08
1.530621440000000000e+08
1.781419360000000000e+08
1.638086080000000000e+08
1.633145920000000000e+08
1.479570560000000000e+08
1.475214400000000000e+08
1.630974720000000000e+08
1.639838400000000000e+08
1.793238720000000000e+08
1.520556320000000000e+08
1.633726080000000000e+08
1.746605280000000000e+08
1.438985280000000000e+08
1.521980160000000000e+08
1.384556960000000000e+08
1.749500320000000000e+08
1.588964000000000000e+08
1.510246080000000000e+08
1.576333920000000000e+08
