7.792708121764520183e+06
7.267927649164925329e+06
6.811579906499796547e+06
6.423594177508068271e+06
6.085500615272471681e+06
5.793346445152100176e+06
5.538551620184998028e+06
5.314611601072043180e+06
5.118783638997909613e+06
4.946825477782654576e+06
4.790056489379559644e+06
4.652722554333241656e+06
4.529484364454152994e+06
4.417028041803578846e+06
4.317136767788238823e+06
4.228698624549654312e+06
4.147276841420904268e+06
4.073638567095419858e+06
4.004866596337065101e+06
3.939387015040160622e+06
3.876961348392155021e+06
3.825137528649009764e+06
3.772821715508145746e+06
3.725983073482054751e+06
3.680675389161061496e+06
3.638530771800514776e+06
3.600418724937377032e+06
3.563137671872695908e+06
3.527923219098107424e+06
3.493863628525969107e+06
3.459676445127957501e+06
3.429940828254945576e+06
3.399405382007276174e+06
3.370350432091735769e+06
3.345313789397124201e+06
3.319138337090038229e+06
3.291408664178436156e+06
3.265161840015973430e+06
3.243155697048753966e+06
3.222671572310431395e+06
3.202070204753163271e+06
3.180049847973878030e+06
3.160299243706561159e+06
3.139934763336531352e+06
3.121778148994817398e+06
3.103363514320197981e+06
3.086131594613018446e+06
3.069555369168877602e+06
3.052768192096714396e+06
3.036106101152735762e+06
3.019879251625353470e+06
3.004602488982768264e+06
2.991012488466391340e+06
2.978116992600060999e+06
2.964116541533190291e+06
2.950646343558672816e+06
2.937922322306876071e+06
2.925542104048065376e+06
2.911927133303836919e+06
2.898872984250718262e+06
2.886870809308971278e+06
2.875045130224736873e+06
2.864471148468802683e+06
2.853693612210136838e+06
2.841480088744255248e+06
2.830774489333481528e+06
2.819970816297220066e+06
2.809378816964764614e+06
2.799668223433588166e+06
2.789562327259557322e+06
2.780614912474753801e+06
2.771018990057162009e+06
2.761436300032103900e+06
2.752667577050395776e+06
2.743259494943188969e+06
2.734738657446810510e+06
2.726047630019400734e+06
2.716977828860677779e+06
2.709054253986887168e+06
2.701229685996754561e+06
2.693240592539955862e+06
2.685302318831729237e+06
2.677542963260306511e+06
2.670147529303838965e+06
2.662816461737494450e+06
2.655548594287919346e+06
2.648216487944661640e+06
2.641713202911817934e+06
2.634820879434088245e+06
2.626875815299418755e+06
2.619973931391786784e+06
2.612982123359517660e+06
2.605833422074924689e+06
2.599895677340271417e+06
2.592811605399834458e+06
2.586279017296617385e+06
2.580234413141112775e+06
2.574306583365257364e+06
2.567318771710003261e+06
2.561996338698776439e+06
