7.686895147443738766e+06
7.157564102529830299e+06
6.704950977141795680e+06
6.309785138699170202e+06
5.970590037025410682e+06
5.678010722716743127e+06
5.422573545336252078e+06
5.198374028882723302e+06
5.004072157277149148e+06
4.832383288566705771e+06
4.676237321066101082e+06
4.538791061322978698e+06
4.417140597454016097e+06
4.305407704056899995e+06
4.207773646753691137e+06
4.116989511471863370e+06
4.034433293179166503e+06
3.963240718411484733e+06
3.896227465100547764e+06
3.833538211325456854e+06
3.773100304252519272e+06
3.718280722652956378e+06
3.671096053535467014e+06
3.623114815041830298e+06
3.579002282378331758e+06
3.537582498665092047e+06
3.501600829128168523e+06
3.464415760599005036e+06
3.428448832728673704e+06
3.396696082845317200e+06
3.365437909677031916e+06
3.336603822689306922e+06
3.309648551713986322e+06
3.284688552238965873e+06
3.258867127847868949e+06
3.233936621694012079e+06
3.210717697512728162e+06
3.189848373464627191e+06
3.166677053706574254e+06
3.145815963014856447e+06
3.125719737972450443e+06
3.103353204229775816e+06
3.084217148796363268e+06
3.064767828497855924e+06
3.047981680625842884e+06
3.029849792568162084e+06
3.012710689526461065e+06
2.996802188337205444e+06
2.981393628813632764e+06
2.966086161049151327e+06
2.951357275314080995e+06
2.936792202176275197e+06
2.923584350023288745e+06
2.909982255442788824e+06
2.895543833777199034e+06
2.882831567028335296e+06
2.869547671128114220e+06
2.856758994467758574e+06
2.845041078633461613e+06
2.833911065971319564e+06
2.822657343236403540e+06
2.809843158728949726e+06
2.797923467328380793e+06
2.787426814136359841e+06
2.777215320698492229e+06
2.767196509533900768e+06
2.756758040492008906e+06
2.746661048113156110e+06
2.737122969221628271e+06
2.727551718012642115e+06
2.717338575636047404e+06
2.709417500203575939e+06
2.700743747599546332e+06
2.690583814468229190e+06
2.681587063083330635e+06
2.673409800191567279e+06
2.664867131490933709e+06
2.656168036516284104e+06
2.648239065488747787e+06
2.639544397159964778e+06
2.630933474605959374e+06
2.622445741703444161e+06
2.615400508023084141e+06
2.608736460174303502e+06
2.600122998438231647e+06
2.593212573597882409e+06
2.586466984922587872e+06
2.579546319709758740e+06
2.572210445567429066e+06
2.566254024067575112e+06
2.559467439104367513e+06
2.553677057904950809e+06
2.546454811084647663e+06
2.539939282326736953e+06
2.533094889691331424e+06
2.526801030710731167e+06
2.521475724413143005e+06
2.515108149135551881e+06
2.508527828016886953e+06
2.503280105021819007e+06
