5.056230545043945312e+00
5.056227207183837891e+00
5.056045532226562500e+00
5.056031703948974609e+00
5.055327415466308594e+00
5.048365116119384766e+00
5.049958705902099609e+00
5.064292430877685547e+00
5.057457447052001953e+00
5.056437492370605469e+00
5.055586338043212891e+00
5.062376022338867188e+00
5.063254356384277344e+00
5.048234462738037109e+00
5.060869693756103516e+00
5.060960769653320312e+00
5.051564693450927734e+00
5.038720130920410156e+00
5.048851013183593750e+00
5.030957698822021484e+00
5.050800323486328125e+00
5.035769939422607422e+00
5.044999599456787109e+00
5.049859046936035156e+00
5.050943851470947266e+00
5.048968791961669922e+00
5.057099342346191406e+00
5.040769577026367188e+00
5.058094024658203125e+00
5.052258014678955078e+00
5.045718669891357422e+00
5.049705982208251953e+00
5.054498672485351562e+00
5.055521011352539062e+00
5.046187877655029297e+00
5.058927536010742188e+00
5.048975944519042969e+00
5.055293083190917969e+00
5.054054737091064453e+00
5.055387020111083984e+00
5.041513442993164062e+00
5.027930736541748047e+00
5.053551673889160156e+00
5.062357902526855469e+00
5.054380893707275391e+00
5.032257556915283203e+00
5.055587768554687500e+00
5.038922309875488281e+00
5.053843975067138672e+00
5.040077686309814453e+00
5.033429622650146484e+00
5.050603866577148438e+00
5.038561344146728516e+00
5.047578811645507812e+00
5.049911499023437500e+00
5.044006824493408203e+00
5.045270919799804688e+00
5.055050373077392578e+00
5.038361549377441406e+00
5.018050670623779297e+00
5.049818038940429688e+00
5.048829555511474609e+00
5.049697399139404297e+00
5.042761325836181641e+00
5.056599617004394531e+00
5.041062355041503906e+00
5.051292419433593750e+00
5.057918548583984375e+00
5.045281887054443359e+00
5.025739192962646484e+00
5.034524917602539062e+00
5.063212871551513672e+00
5.059252262115478516e+00
5.048929691314697266e+00
5.033157825469970703e+00
5.039485931396484375e+00
5.038693904876708984e+00
5.050372600555419922e+00
5.056311130523681641e+00
5.039608001708984375e+00
5.051087856292724609e+00
5.049803256988525391e+00
5.048662185668945312e+00
5.056155681610107422e+00
5.049115657806396484e+00
5.035768508911132812e+00
5.031037330627441406e+00
5.026630401611328125e+00
5.036421775817871094e+00
5.032347202301025391e+00
5.056138515472412109e+00
5.046476364135742188e+00
5.041323661804199219e+00
5.052919387817382812e+00
5.052169322967529297e+00
5.052759170532226562e+00
5.050333976745605469e+00
5.019367218017578125e+00
5.054139614105224609e+00
5.048142433166503906e+00
5.041963577270507812e+00
5.063581943511962891e+00
5.032910346984863281e+00
5.056371212005615234e+00
5.031371116638183594e+00
5.048241615295410156e+00
5.062727928161621094e+00
5.053922176361083984e+00
5.035273551940917969e+00
5.055655002593994141e+00
5.050779342651367188e+00
5.032797813415527344e+00
5.065545082092285156e+00
5.066020011901855469e+00
5.050679683685302734e+00
5.052714824676513672e+00
5.057944774627685547e+00
5.050247192382812500e+00
5.034426212310791016e+00
5.049225330352783203e+00
5.056910037994384766e+00
5.045462608337402344e+00
5.052803039550781250e+00
5.064460277557373047e+00
5.036971569061279297e+00
5.062208175659179688e+00
5.054882526397705078e+00
5.060459136962890625e+00
5.051568508148193359e+00
5.052856445312500000e+00
5.048326015472412109e+00
5.049758434295654297e+00
5.054985046386718750e+00
5.053939342498779297e+00
5.044799804687500000e+00
5.048303604125976562e+00
5.060791015625000000e+00
5.054293155670166016e+00
5.049519538879394531e+00
5.054621696472167969e+00
5.046182632446289062e+00
5.043096065521240234e+00
5.048984050750732422e+00
5.039104938507080078e+00
5.053596973419189453e+00
5.028813362121582031e+00
5.057938575744628906e+00
5.054743766784667969e+00
5.023867130279541016e+00
5.043131828308105469e+00
5.050527095794677734e+00
5.042476177215576172e+00
5.058418750762939453e+00
5.050488948822021484e+00
5.043751716613769531e+00
5.051627159118652344e+00
5.058666229248046875e+00
5.059738159179687500e+00
5.047913551330566406e+00
5.054129600524902344e+00
5.065712928771972656e+00
5.033314704895019531e+00
5.059041500091552734e+00
5.056806087493896484e+00
5.051296234130859375e+00
5.057380199432373047e+00
5.052739143371582031e+00
5.056500434875488281e+00
5.051247119903564453e+00
5.043595790863037109e+00
5.065657615661621094e+00
5.060160636901855469e+00
5.047833919525146484e+00
5.058543682098388672e+00
5.025251388549804688e+00
5.021312713623046875e+00
5.035340309143066406e+00
5.035782814025878906e+00
5.059055328369140625e+00
5.057921886444091797e+00
5.038100719451904297e+00
5.044494628906250000e+00
5.059493541717529297e+00
5.043474674224853516e+00
5.045657157897949219e+00
5.058154582977294922e+00
5.028987884521484375e+00
5.050594806671142578e+00
5.050061702728271484e+00
5.056355953216552734e+00
5.051278114318847656e+00
5.065643787384033203e+00
5.051719665527343750e+00
5.042676448822021484e+00
5.033329963684082031e+00
5.056021690368652344e+00
5.058181285858154297e+00
5.050819396972656250e+00
5.039284229278564453e+00
5.044006824493408203e+00
5.057485580444335938e+00
5.028645992279052734e+00
5.056549549102783203e+00
5.058262825012207031e+00
5.058495521545410156e+00
5.048935413360595703e+00
5.043762683868408203e+00
5.056086063385009766e+00
5.053313732147216797e+00
5.057404994964599609e+00
5.040320873260498047e+00
5.060409545898437500e+00
5.044474601745605469e+00
5.053766727447509766e+00
5.064343452453613281e+00
5.057927131652832031e+00
5.051169872283935547e+00
5.049392223358154297e+00
5.056241035461425781e+00
5.058118343353271484e+00
5.061142921447753906e+00
5.058224201202392578e+00
5.058678627014160156e+00
5.042110919952392578e+00
5.066895484924316406e+00
5.056386947631835938e+00
5.036214351654052734e+00
5.058291912078857422e+00
5.064270973205566406e+00
5.052786827087402344e+00
5.052314281463623047e+00
5.057874679565429688e+00
5.059990882873535156e+00
5.060026645660400391e+00
5.049354553222656250e+00
5.066928863525390625e+00
5.059759140014648438e+00
5.062691688537597656e+00
5.059605598449707031e+00
5.054172515869140625e+00
5.049809932708740234e+00
5.066928863525390625e+00
5.036915302276611328e+00
5.060378551483154297e+00
5.054724693298339844e+00
5.042006015777587891e+00
5.059906959533691406e+00
5.059884548187255859e+00
5.043874740600585938e+00
5.052248477935791016e+00
5.052299976348876953e+00
5.052324295043945312e+00
5.067712306976318359e+00
5.067925930023193359e+00
5.068472385406494141e+00
5.052539348602294922e+00
5.060165882110595703e+00
5.067970752716064453e+00
5.068060398101806641e+00
5.068146705627441406e+00
5.060206413269042969e+00
5.067782878875732422e+00
5.052447795867919922e+00
5.067887783050537109e+00
5.068014621734619141e+00
5.067955493927001953e+00
5.067907810211181641e+00
5.067971229553222656e+00
5.045343875885009766e+00
5.044569492340087891e+00
5.044725894927978516e+00
5.044506072998046875e+00
5.036650180816650391e+00
5.037210464477539062e+00
5.067802906036376953e+00
5.060072422027587891e+00
5.052325248718261719e+00
5.059986591339111328e+00
5.044996261596679688e+00
5.052206516265869141e+00
5.059882640838623047e+00
5.052552700042724609e+00
5.052106380462646484e+00
5.052379131317138672e+00
5.067965507507324219e+00
5.067654132843017578e+00
5.036901473999023438e+00
5.044226646423339844e+00
5.052091121673583984e+00
5.036622047424316406e+00
5.059916019439697266e+00
5.067864894866943359e+00
5.052295207977294922e+00
5.067604541778564453e+00
5.060202121734619141e+00
5.059949874877929688e+00
5.052313804626464844e+00
5.036433219909667969e+00
5.060199737548828125e+00
5.068087577819824219e+00
5.059616565704345703e+00
5.036372661590576172e+00
5.067789554595947266e+00
5.044291496276855469e+00
5.060146808624267578e+00
5.044337272644042969e+00
5.059978008270263672e+00
5.061154365539550781e+00
5.028708934783935547e+00
5.052387237548828125e+00
5.067921638488769531e+00
5.052314281463623047e+00
5.052035808563232422e+00
5.067799568176269531e+00
5.044610500335693359e+00
5.060127735137939453e+00
5.060116291046142578e+00
5.059995651245117188e+00
5.060108661651611328e+00
5.060232639312744141e+00
5.067953586578369141e+00
5.060003280639648438e+00
5.052735805511474609e+00
5.052396297454833984e+00
5.068171024322509766e+00
5.068170070648193359e+00
5.067921161651611328e+00
5.060079574584960938e+00
5.060175895690917969e+00
5.052492141723632812e+00
5.052340507507324219e+00
5.060032844543457031e+00
5.036696910858154297e+00
5.052217006683349609e+00
5.059953689575195312e+00
5.067992210388183594e+00
5.044404506683349609e+00
5.036536216735839844e+00
5.044406414031982422e+00
5.060059547424316406e+00
5.044258117675781250e+00
5.060103893280029297e+00
5.060185909271240234e+00
5.051986694335937500e+00
5.067763805389404297e+00
5.067846775054931641e+00
5.060366630554199219e+00
5.059818267822265625e+00
5.051959514617919922e+00
5.059785842895507812e+00
5.067640781402587891e+00
5.067922115325927734e+00
5.044155597686767578e+00
5.036461353302001953e+00
5.059877395629882812e+00
5.059680938720703125e+00
5.059772968292236328e+00
5.051713943481445312e+00
5.059778690338134766e+00
5.067375659942626953e+00
5.059752464294433594e+00
5.059627056121826172e+00
5.051730632781982422e+00
5.067145347595214844e+00
5.059415817260742188e+00
5.067112922668457031e+00
5.067131996154785156e+00
5.059319496154785156e+00
5.067131996154785156e+00
5.067131996154785156e+00
5.051506996154785156e+00
5.059319496154785156e+00
5.059319496154785156e+00
5.035881996154785156e+00
5.051506996154785156e+00
5.043694496154785156e+00
5.059319496154785156e+00
5.067131996154785156e+00
5.051506996154785156e+00
5.059319496154785156e+00
5.067131996154785156e+00
5.051506996154785156e+00
5.051506996154785156e+00
5.067131996154785156e+00
5.067131996154785156e+00
5.051506996154785156e+00
5.051506996154785156e+00
5.051506996154785156e+00
5.043694496154785156e+00
5.059319496154785156e+00
5.043694496154785156e+00
5.051506996154785156e+00
5.043694496154785156e+00
5.051506996154785156e+00
5.059319496154785156e+00
5.067131996154785156e+00
5.059319496154785156e+00
5.067131996154785156e+00
5.067131996154785156e+00
5.067131996154785156e+00
5.051506996154785156e+00
5.059319496154785156e+00
5.051506996154785156e+00
5.051506996154785156e+00
5.059319496154785156e+00
5.059319496154785156e+00
5.035881996154785156e+00
5.067131996154785156e+00
5.043694496154785156e+00
5.059319496154785156e+00
5.059319496154785156e+00
5.059319496154785156e+00
5.043694496154785156e+00
5.043694496154785156e+00
5.051506996154785156e+00
5.059319496154785156e+00
5.067131996154785156e+00
5.051506996154785156e+00
5.059319496154785156e+00
5.059319496154785156e+00
5.059319496154785156e+00
5.059319496154785156e+00
5.051506996154785156e+00
5.051506996154785156e+00
5.051506996154785156e+00
5.051506996154785156e+00
5.059319496154785156e+00
5.043694496154785156e+00
5.043694496154785156e+00
5.051506996154785156e+00
5.043694496154785156e+00
5.051506996154785156e+00
5.051506996154785156e+00
5.059319496154785156e+00
5.059319496154785156e+00
5.051506996154785156e+00
5.051506996154785156e+00
5.035881996154785156e+00
5.043694496154785156e+00
5.067131996154785156e+00
5.067131996154785156e+00
5.043694496154785156e+00
5.059319496154785156e+00
5.051506996154785156e+00
5.067131996154785156e+00
5.059319496154785156e+00
5.051506996154785156e+00
5.051506996154785156e+00
5.043694496154785156e+00
5.059319496154785156e+00
5.051506996154785156e+00
5.067131996154785156e+00
5.051506996154785156e+00
5.067131996154785156e+00
5.051506996154785156e+00
5.059319496154785156e+00
5.059319496154785156e+00
5.067131996154785156e+00
5.067131996154785156e+00
5.067131996154785156e+00
5.035881996154785156e+00
5.059319496154785156e+00
5.051506996154785156e+00
5.043694496154785156e+00
5.067131996154785156e+00
5.067131996154785156e+00
5.059319496154785156e+00
5.051506996154785156e+00
5.059319496154785156e+00
5.059319496154785156e+00
5.051506996154785156e+00
5.043694496154785156e+00
5.059319496154785156e+00
5.059319496154785156e+00
5.051506996154785156e+00
5.059319496154785156e+00
5.059319496154785156e+00
5.051506996154785156e+00
5.067131996154785156e+00
5.051506996154785156e+00
5.067131996154785156e+00
5.043694496154785156e+00
5.067131996154785156e+00
5.067131996154785156e+00
5.051506996154785156e+00
5.059319496154785156e+00
5.051506996154785156e+00
5.059319496154785156e+00
5.067131996154785156e+00
5.067131996154785156e+00
5.051506996154785156e+00
5.067131996154785156e+00
5.059319496154785156e+00
5.043694496154785156e+00
5.067131996154785156e+00
5.067131996154785156e+00
5.051506996154785156e+00
5.059319496154785156e+00
5.067131996154785156e+00
5.051506996154785156e+00
5.067131996154785156e+00
5.067131996154785156e+00
5.059319496154785156e+00
5.051506996154785156e+00
5.035881996154785156e+00
5.043694496154785156e+00
5.059319496154785156e+00
5.051506996154785156e+00
5.028069496154785156e+00
5.067131996154785156e+00
5.059319496154785156e+00
5.035881996154785156e+00
5.051506996154785156e+00
5.059319496154785156e+00
5.059319496154785156e+00
5.067131996154785156e+00
5.059319496154785156e+00
5.067131996154785156e+00
5.043694496154785156e+00
5.059319496154785156e+00
5.059319496154785156e+00
5.051506996154785156e+00
5.059319496154785156e+00
5.043694496154785156e+00
5.067131996154785156e+00
5.067131996154785156e+00
5.051506996154785156e+00
5.051506996154785156e+00
5.059319496154785156e+00
5.059319496154785156e+00
5.067131996154785156e+00
5.059319496154785156e+00
5.067131996154785156e+00
5.051506996154785156e+00
5.051506996154785156e+00
5.051506996154785156e+00
5.059319496154785156e+00
5.059319496154785156e+00
5.067131996154785156e+00
5.059319496154785156e+00
5.067131996154785156e+00
5.051506996154785156e+00
5.059319496154785156e+00
5.051506996154785156e+00
5.059319496154785156e+00
5.043694496154785156e+00
5.043694496154785156e+00
5.035881996154785156e+00
5.043694496154785156e+00
5.059319496154785156e+00
5.059319496154785156e+00
5.059319496154785156e+00
5.051506996154785156e+00
5.067131996154785156e+00
5.051506996154785156e+00
5.035881996154785156e+00
5.059319496154785156e+00
5.059319496154785156e+00
5.051506996154785156e+00
5.043694496154785156e+00
5.067131996154785156e+00
5.051506996154785156e+00
5.059319496154785156e+00
5.059319496154785156e+00
5.067131996154785156e+00
5.051506996154785156e+00
5.059319496154785156e+00
5.059319496154785156e+00
5.059319496154785156e+00
5.067131996154785156e+00
5.067131996154785156e+00
5.059319496154785156e+00
5.051506996154785156e+00
5.043694496154785156e+00
5.059319496154785156e+00
5.059319496154785156e+00
5.059319496154785156e+00
5.067131996154785156e+00
5.067131996154785156e+00
5.043694496154785156e+00
5.051506996154785156e+00
5.051506996154785156e+00
5.051506996154785156e+00
5.051506996154785156e+00
5.059319496154785156e+00
5.067131996154785156e+00
5.059319496154785156e+00
5.067131996154785156e+00
5.059319496154785156e+00
5.067131996154785156e+00
5.059319496154785156e+00
5.067131996154785156e+00
5.051506996154785156e+00
5.059319496154785156e+00
5.051506996154785156e+00
5.051506996154785156e+00
5.051506996154785156e+00
5.067131996154785156e+00
5.051506996154785156e+00
5.035881996154785156e+00
5.043694496154785156e+00
5.067131996154785156e+00
5.051506996154785156e+00
5.043694496154785156e+00
5.059319496154785156e+00
5.043694496154785156e+00
5.067131996154785156e+00
5.059319496154785156e+00
5.051506996154785156e+00
5.043694496154785156e+00
5.059319496154785156e+00
5.059319496154785156e+00
5.067131996154785156e+00
5.059319496154785156e+00
5.059319496154785156e+00
5.051506996154785156e+00
5.059319496154785156e+00
5.067131996154785156e+00
5.043694496154785156e+00
5.059319496154785156e+00
5.059319496154785156e+00
5.067131996154785156e+00
5.051506996154785156e+00
5.043694496154785156e+00
5.067131996154785156e+00
5.059319496154785156e+00
5.059319496154785156e+00
5.067131996154785156e+00
5.028069496154785156e+00
5.051506996154785156e+00
5.051506996154785156e+00
5.035881996154785156e+00
5.043694496154785156e+00
5.043694496154785156e+00
5.051506996154785156e+00
5.043694496154785156e+00
5.067131996154785156e+00
5.059319496154785156e+00
5.059319496154785156e+00
5.067131996154785156e+00
5.059319496154785156e+00
5.051506996154785156e+00
5.067131996154785156e+00
5.051506996154785156e+00
5.043694496154785156e+00
5.051506996154785156e+00
5.043694496154785156e+00
5.067131996154785156e+00
5.051506996154785156e+00
5.067131996154785156e+00
5.059319496154785156e+00
5.051506996154785156e+00
5.059319496154785156e+00
5.059319496154785156e+00
5.067131996154785156e+00
5.051506996154785156e+00
5.067131996154785156e+00
5.051506996154785156e+00
5.059319496154785156e+00
5.051506996154785156e+00
5.059319496154785156e+00
5.067131996154785156e+00
5.067131996154785156e+00
5.059319496154785156e+00
5.067131996154785156e+00
5.051506996154785156e+00
5.059319496154785156e+00
5.059319496154785156e+00
5.059319496154785156e+00
5.067131996154785156e+00
5.067131996154785156e+00
5.051506996154785156e+00
5.059319496154785156e+00
5.059319496154785156e+00
5.051506996154785156e+00
5.059319496154785156e+00
5.051506996154785156e+00
5.051506996154785156e+00
5.059319496154785156e+00
5.051506996154785156e+00
5.043694496154785156e+00
5.059319496154785156e+00
5.051506996154785156e+00
5.043694496154785156e+00
5.067131996154785156e+00
5.067131996154785156e+00
5.059319496154785156e+00
5.051506996154785156e+00
5.067131996154785156e+00
5.059319496154785156e+00
5.051506996154785156e+00
5.043694496154785156e+00
5.059319496154785156e+00
5.059319496154785156e+00
5.067131996154785156e+00
5.043694496154785156e+00
5.067131996154785156e+00
5.051506996154785156e+00
5.043694496154785156e+00
5.051506996154785156e+00
5.067131996154785156e+00
5.059319496154785156e+00
5.051506996154785156e+00
5.051506996154785156e+00
5.051506996154785156e+00
5.059319496154785156e+00
5.059319496154785156e+00
5.067131996154785156e+00
5.051506996154785156e+00
5.051506996154785156e+00
5.059319496154785156e+00
5.059319496154785156e+00
5.059319496154785156e+00
5.059319496154785156e+00
5.059319496154785156e+00
5.059319496154785156e+00
5.051506996154785156e+00
5.051506996154785156e+00
5.043694496154785156e+00
5.059319496154785156e+00
5.067131996154785156e+00
5.059319496154785156e+00
5.051506996154785156e+00
5.051506996154785156e+00
5.051506996154785156e+00
5.067131996154785156e+00
5.051506996154785156e+00
5.067131996154785156e+00
5.059319496154785156e+00
5.051506996154785156e+00
5.043694496154785156e+00
5.067131996154785156e+00
5.051506996154785156e+00
5.059319496154785156e+00
5.043694496154785156e+00
5.067131996154785156e+00
5.051506996154785156e+00
5.043694496154785156e+00
5.059319496154785156e+00
5.067131996154785156e+00
5.067131996154785156e+00
5.051506996154785156e+00
5.059319496154785156e+00
5.067131996154785156e+00
5.051506996154785156e+00
5.035881996154785156e+00
5.051506996154785156e+00
5.067131996154785156e+00
5.051506996154785156e+00
5.051506996154785156e+00
5.067131996154785156e+00
5.067131996154785156e+00
5.051506996154785156e+00
5.043694496154785156e+00
5.067131996154785156e+00
5.059319496154785156e+00
5.051506996154785156e+00
5.067131996154785156e+00
5.035881996154785156e+00
5.067131996154785156e+00
5.043694496154785156e+00
5.043694496154785156e+00
5.067131996154785156e+00
5.059319496154785156e+00
5.051506996154785156e+00
5.059319496154785156e+00
5.067131996154785156e+00
5.051506996154785156e+00
5.059319496154785156e+00
5.067131996154785156e+00
5.043694496154785156e+00
5.051506996154785156e+00
5.067131996154785156e+00
5.059319496154785156e+00
5.043694496154785156e+00
5.067131996154785156e+00
5.067131996154785156e+00
5.059319496154785156e+00
5.051506996154785156e+00
5.059319496154785156e+00
5.067131996154785156e+00
5.028069496154785156e+00
5.059319496154785156e+00
5.043694496154785156e+00
5.059319496154785156e+00
5.051506996154785156e+00
5.051506996154785156e+00
5.051506996154785156e+00
5.051506996154785156e+00
5.051506996154785156e+00
5.043694496154785156e+00
5.051506996154785156e+00
5.067131996154785156e+00
5.043694496154785156e+00
5.067131996154785156e+00
5.067131996154785156e+00
5.051506996154785156e+00
5.051506996154785156e+00
5.059319496154785156e+00
5.059319496154785156e+00
5.035881996154785156e+00
5.059319496154785156e+00
5.051506996154785156e+00
5.067131996154785156e+00
5.067131996154785156e+00
5.059319496154785156e+00
5.059319496154785156e+00
5.059319496154785156e+00
5.051506996154785156e+00
5.067131996154785156e+00
5.059319496154785156e+00
5.051506996154785156e+00
5.043694496154785156e+00
5.059319496154785156e+00
5.051506996154785156e+00
5.059319496154785156e+00
5.051506996154785156e+00
5.051506996154785156e+00
5.035881996154785156e+00
5.051506996154785156e+00
5.051506996154785156e+00
5.067131996154785156e+00
5.067131996154785156e+00
5.051506996154785156e+00
5.067131996154785156e+00
5.067131996154785156e+00
5.059319496154785156e+00
5.059319496154785156e+00
5.051506996154785156e+00
5.051506996154785156e+00
5.051506996154785156e+00
5.051506996154785156e+00
5.059319496154785156e+00
5.051506996154785156e+00
5.043694496154785156e+00
5.051506996154785156e+00
5.059319496154785156e+00
5.051506996154785156e+00
5.043694496154785156e+00
5.051506996154785156e+00
5.067131996154785156e+00
5.059319496154785156e+00
5.051506996154785156e+00
5.035881996154785156e+00
5.067131996154785156e+00
5.043694496154785156e+00
5.059319496154785156e+00
5.067131996154785156e+00
5.059319496154785156e+00
5.059319496154785156e+00
5.051506996154785156e+00
5.059319496154785156e+00
5.059319496154785156e+00
5.059319496154785156e+00
5.043694496154785156e+00
5.067131996154785156e+00
5.059319496154785156e+00
5.051506996154785156e+00
5.059319496154785156e+00
5.067131996154785156e+00
5.059319496154785156e+00
5.051506996154785156e+00
5.067131996154785156e+00
5.059319496154785156e+00
5.059319496154785156e+00
5.043694496154785156e+00
5.059319496154785156e+00
5.067131996154785156e+00
5.051506996154785156e+00
5.051506996154785156e+00
5.051506996154785156e+00
5.051506996154785156e+00
5.059319496154785156e+00
5.051506996154785156e+00
5.067131996154785156e+00
5.043694496154785156e+00
5.059319496154785156e+00
5.051506996154785156e+00
5.067131996154785156e+00
5.059319496154785156e+00
5.043694496154785156e+00
5.051506996154785156e+00
5.043694496154785156e+00
5.059319496154785156e+00
5.067131996154785156e+00
5.051506996154785156e+00
5.051506996154785156e+00
5.043694496154785156e+00
5.051506996154785156e+00
5.051506996154785156e+00
5.067131996154785156e+00
5.028069496154785156e+00
5.051506996154785156e+00
5.059319496154785156e+00
5.059319496154785156e+00
5.059319496154785156e+00
5.059319496154785156e+00
5.035881996154785156e+00
5.067131996154785156e+00
5.059319496154785156e+00
5.059319496154785156e+00
5.043694496154785156e+00
5.051506996154785156e+00
5.067131996154785156e+00
5.043694496154785156e+00
5.059319496154785156e+00
5.059319496154785156e+00
5.051506996154785156e+00
5.067131996154785156e+00
5.059319496154785156e+00
5.059319496154785156e+00
5.059319496154785156e+00
5.051506996154785156e+00
5.067131996154785156e+00
5.059319496154785156e+00
5.059319496154785156e+00
5.059319496154785156e+00
5.051506996154785156e+00
5.059319496154785156e+00
5.059319496154785156e+00
5.051506996154785156e+00
5.051506996154785156e+00
5.067131996154785156e+00
5.051506996154785156e+00
5.051506996154785156e+00
5.059319496154785156e+00
5.067131996154785156e+00
5.067131996154785156e+00
5.051506996154785156e+00
5.059319496154785156e+00
5.067131996154785156e+00
5.067131996154785156e+00
5.059319496154785156e+00
5.067131996154785156e+00
5.067131996154785156e+00
5.051506996154785156e+00
5.067131996154785156e+00
5.035881996154785156e+00
5.067131996154785156e+00
5.051506996154785156e+00
5.059319496154785156e+00
5.051506996154785156e+00
5.067131996154785156e+00
5.067131996154785156e+00
5.035881996154785156e+00
5.067131996154785156e+00
5.059319496154785156e+00
5.067131996154785156e+00
5.059319496154785156e+00
5.059319496154785156e+00
5.051506996154785156e+00
5.059319496154785156e+00
5.059319496154785156e+00
5.067131996154785156e+00
5.059319496154785156e+00
5.051506996154785156e+00
5.059319496154785156e+00
5.067131996154785156e+00
5.059319496154785156e+00
5.067131996154785156e+00
5.059319496154785156e+00
5.035881996154785156e+00
5.059319496154785156e+00
5.051506996154785156e+00
5.059319496154785156e+00
5.059319496154785156e+00
5.059319496154785156e+00
5.059319496154785156e+00
5.043694496154785156e+00
5.067131996154785156e+00
5.059319496154785156e+00
5.028069496154785156e+00
5.067131996154785156e+00
5.043694496154785156e+00
5.043694496154785156e+00
5.051506996154785156e+00
5.067131996154785156e+00
5.051506996154785156e+00
5.059319496154785156e+00
5.035881996154785156e+00
5.059319496154785156e+00
5.043694496154785156e+00
5.043694496154785156e+00
5.059319496154785156e+00
5.051506996154785156e+00
5.059319496154785156e+00
5.059319496154785156e+00
5.059319496154785156e+00
5.051506996154785156e+00
5.059319496154785156e+00
5.067131996154785156e+00
5.067131996154785156e+00
5.067131996154785156e+00
5.067131996154785156e+00
5.051506996154785156e+00
5.059319496154785156e+00
5.051506996154785156e+00
5.059319496154785156e+00
5.043694496154785156e+00
5.051506996154785156e+00
5.043694496154785156e+00
5.067131996154785156e+00
5.059319496154785156e+00
5.051506996154785156e+00
5.067131996154785156e+00
5.067131996154785156e+00
5.059319496154785156e+00
5.051506996154785156e+00
5.059319496154785156e+00
5.059319496154785156e+00
5.067131996154785156e+00
5.035881996154785156e+00
5.067131996154785156e+00
5.059319496154785156e+00
5.035881996154785156e+00
5.059319496154785156e+00
5.051506996154785156e+00
5.051506996154785156e+00
5.051506996154785156e+00
5.035881996154785156e+00
5.043694496154785156e+00
5.059319496154785156e+00
5.059319496154785156e+00
5.059319496154785156e+00
5.051506996154785156e+00
5.067131996154785156e+00
5.067131996154785156e+00
5.059319496154785156e+00
5.067131996154785156e+00
5.059319496154785156e+00
5.067131996154785156e+00
5.059319496154785156e+00
5.043694496154785156e+00
5.059319496154785156e+00
5.035881996154785156e+00
5.051506996154785156e+00
5.043694496154785156e+00
5.067131996154785156e+00
5.043694496154785156e+00
5.067131996154785156e+00
5.051506996154785156e+00
5.067131996154785156e+00
5.043694496154785156e+00
5.067131996154785156e+00
5.067131996154785156e+00
5.043694496154785156e+00
5.051506996154785156e+00
5.059319496154785156e+00
5.059319496154785156e+00
5.043694496154785156e+00
5.059319496154785156e+00
5.059319496154785156e+00
5.067131996154785156e+00
5.051506996154785156e+00
5.051506996154785156e+00
5.051506996154785156e+00
5.059319496154785156e+00
5.059319496154785156e+00
5.059319496154785156e+00
5.067131996154785156e+00
5.043694496154785156e+00
5.043694496154785156e+00
5.059319496154785156e+00
5.059319496154785156e+00
5.059319496154785156e+00
5.051506996154785156e+00
5.059319496154785156e+00
5.067131996154785156e+00
5.059319496154785156e+00
5.059319496154785156e+00
5.051506996154785156e+00
5.051506996154785156e+00
5.067131996154785156e+00
5.035881996154785156e+00
5.059319496154785156e+00
5.051506996154785156e+00
5.051506996154785156e+00
5.059319496154785156e+00
5.043694496154785156e+00
5.059319496154785156e+00
5.043694496154785156e+00
5.051506996154785156e+00
5.059319496154785156e+00
5.059319496154785156e+00
5.059319496154785156e+00
5.059319496154785156e+00
5.051506996154785156e+00
5.059319496154785156e+00
5.059319496154785156e+00
5.043694496154785156e+00
5.067131996154785156e+00
5.059319496154785156e+00
5.059319496154785156e+00
5.035881996154785156e+00
5.059319496154785156e+00
5.067131996154785156e+00
5.043694496154785156e+00
5.051506996154785156e+00
5.043694496154785156e+00
5.059319496154785156e+00
5.059319496154785156e+00
5.059319496154785156e+00
5.051506996154785156e+00
5.051506996154785156e+00
5.067131996154785156e+00
5.051506996154785156e+00
5.067131996154785156e+00
5.059319496154785156e+00
5.059319496154785156e+00
5.051506996154785156e+00
5.051506996154785156e+00
5.059319496154785156e+00
5.067131996154785156e+00
5.059319496154785156e+00
5.067131996154785156e+00
5.067131996154785156e+00
5.051506996154785156e+00
5.067131996154785156e+00
5.051506996154785156e+00
5.059319496154785156e+00
5.043694496154785156e+00
5.051506996154785156e+00
5.035881996154785156e+00
5.059319496154785156e+00
5.059319496154785156e+00
5.067131996154785156e+00
5.051506996154785156e+00
5.067131996154785156e+00
5.051506996154785156e+00
5.059319496154785156e+00
5.020256996154785156e+00
5.051506996154785156e+00
5.059319496154785156e+00
5.051506996154785156e+00
5.051506996154785156e+00
5.067131996154785156e+00
5.067131996154785156e+00
5.051506996154785156e+00
5.059319496154785156e+00
5.059319496154785156e+00
5.051506996154785156e+00
5.067131996154785156e+00
5.067131996154785156e+00
5.043694496154785156e+00
5.059319496154785156e+00
5.051506996154785156e+00
5.067131996154785156e+00
5.067131996154785156e+00
5.067131996154785156e+00
5.043694496154785156e+00
5.059319496154785156e+00
5.043694496154785156e+00
5.059319496154785156e+00
5.051506996154785156e+00
5.059319496154785156e+00
5.051506996154785156e+00
5.051506996154785156e+00
5.059319496154785156e+00
5.067131996154785156e+00
5.067131996154785156e+00
5.059319496154785156e+00
5.035881996154785156e+00
5.067131996154785156e+00
5.067131996154785156e+00
5.051506996154785156e+00
5.028069496154785156e+00
5.059319496154785156e+00
5.035881996154785156e+00
5.067131996154785156e+00
5.059319496154785156e+00
5.067131996154785156e+00
5.051506996154785156e+00
5.067131996154785156e+00
5.067131996154785156e+00
5.067131996154785156e+00
5.051506996154785156e+00
5.051506996154785156e+00
5.051506996154785156e+00
5.059319496154785156e+00
5.051506996154785156e+00
5.059319496154785156e+00
5.067131996154785156e+00
5.051506996154785156e+00
5.059319496154785156e+00
5.051506996154785156e+00
5.059319496154785156e+00
5.059319496154785156e+00
5.067131996154785156e+00
5.067131996154785156e+00
5.043694496154785156e+00
5.051506996154785156e+00
5.059319496154785156e+00
5.059319496154785156e+00
5.035881996154785156e+00
5.051506996154785156e+00
5.059319496154785156e+00
5.035881996154785156e+00
5.051506996154785156e+00
5.051506996154785156e+00
5.051506996154785156e+00
5.059319496154785156e+00
5.035881996154785156e+00
5.059319496154785156e+00
5.067131996154785156e+00
5.051506996154785156e+00
5.059319496154785156e+00
5.059319496154785156e+00
5.051506996154785156e+00
5.051506996154785156e+00
5.051506996154785156e+00
5.059319496154785156e+00
5.059319496154785156e+00
5.067131996154785156e+00
5.051506996154785156e+00
5.067131996154785156e+00
5.059319496154785156e+00
5.059319496154785156e+00
5.059319496154785156e+00
5.035881996154785156e+00
5.067131996154785156e+00
5.067131996154785156e+00
5.067131996154785156e+00
5.067131996154785156e+00
5.067131996154785156e+00
5.051506996154785156e+00
5.067131996154785156e+00
5.067131996154785156e+00
5.059319496154785156e+00
5.067131996154785156e+00
5.059319496154785156e+00
5.059319496154785156e+00
5.043694496154785156e+00
5.067131996154785156e+00
5.067131996154785156e+00
5.043694496154785156e+00
5.051506996154785156e+00
5.043694496154785156e+00
5.043694496154785156e+00
5.043694496154785156e+00
5.067131996154785156e+00
5.067131996154785156e+00
5.051506996154785156e+00
5.059319496154785156e+00
5.067131996154785156e+00
5.059319496154785156e+00
5.059319496154785156e+00
5.059319496154785156e+00
5.059319496154785156e+00
5.059319496154785156e+00
5.051506996154785156e+00
5.059319496154785156e+00
5.043694496154785156e+00
5.067131996154785156e+00
5.051506996154785156e+00
5.035881996154785156e+00
5.067131996154785156e+00
5.059319496154785156e+00
5.067131996154785156e+00
5.059319496154785156e+00
5.067131996154785156e+00
5.067131996154785156e+00
5.051506996154785156e+00
5.059319496154785156e+00
5.043694496154785156e+00
5.043694496154785156e+00
5.067131996154785156e+00
5.043694496154785156e+00
5.059319496154785156e+00
5.051506996154785156e+00
5.059319496154785156e+00
5.059319496154785156e+00
5.059319496154785156e+00
5.067131996154785156e+00
5.051506996154785156e+00
5.051506996154785156e+00
5.051506996154785156e+00
5.051506996154785156e+00
5.035881996154785156e+00
5.035881996154785156e+00
5.059319496154785156e+00
5.028069496154785156e+00
5.059319496154785156e+00
5.051506996154785156e+00
5.043694496154785156e+00
5.035881996154785156e+00
5.059319496154785156e+00
5.051506996154785156e+00
5.051506996154785156e+00
5.059319496154785156e+00
5.059319496154785156e+00
5.051506996154785156e+00
5.067131996154785156e+00
5.043694496154785156e+00
5.059319496154785156e+00
5.051506996154785156e+00
5.043694496154785156e+00
5.059319496154785156e+00
5.059319496154785156e+00
5.059319496154785156e+00
5.059319496154785156e+00
5.067131996154785156e+00
5.059319496154785156e+00
5.059319496154785156e+00
5.067131996154785156e+00
5.059319496154785156e+00
5.059319496154785156e+00
5.059319496154785156e+00
5.059319496154785156e+00
5.059319496154785156e+00
5.067131996154785156e+00
5.051506996154785156e+00
5.067131996154785156e+00
5.051506996154785156e+00
5.059319496154785156e+00
5.051506996154785156e+00
5.059319496154785156e+00
5.051506996154785156e+00
5.059319496154785156e+00
5.067131996154785156e+00
5.067131996154785156e+00
5.067131996154785156e+00
5.028069496154785156e+00
5.059319496154785156e+00
5.067131996154785156e+00
5.059319496154785156e+00
5.059319496154785156e+00
5.051506996154785156e+00
5.059319496154785156e+00
5.035881996154785156e+00
5.059319496154785156e+00
5.051506996154785156e+00
5.051506996154785156e+00
5.067131996154785156e+00
5.043694496154785156e+00
5.043694496154785156e+00
5.059319496154785156e+00
5.059319496154785156e+00
5.051506996154785156e+00
5.035881996154785156e+00
5.059319496154785156e+00
5.059319496154785156e+00
5.067131996154785156e+00
5.067131996154785156e+00
5.043694496154785156e+00
5.043694496154785156e+00
5.059319496154785156e+00
5.059319496154785156e+00
5.051506996154785156e+00
5.067131996154785156e+00
5.043694496154785156e+00
5.067131996154785156e+00
5.059319496154785156e+00
5.059319496154785156e+00
5.067131996154785156e+00
5.051506996154785156e+00
5.059319496154785156e+00
5.059319496154785156e+00
5.059319496154785156e+00
5.059319496154785156e+00
5.059319496154785156e+00
5.043694496154785156e+00
5.059319496154785156e+00
5.067131996154785156e+00
5.035881996154785156e+00
5.051506996154785156e+00
5.051506996154785156e+00
5.051506996154785156e+00
5.059319496154785156e+00
5.051506996154785156e+00
5.059319496154785156e+00
5.051506996154785156e+00
5.051506996154785156e+00
5.051506996154785156e+00
5.051506996154785156e+00
5.059319496154785156e+00
5.051506996154785156e+00
5.059319496154785156e+00
5.051506996154785156e+00
5.051506996154785156e+00
5.051506996154785156e+00
5.043694496154785156e+00
5.059319496154785156e+00
5.043694496154785156e+00
5.067131996154785156e+00
5.043694496154785156e+00
5.043694496154785156e+00
5.059319496154785156e+00
5.059319496154785156e+00
5.059319496154785156e+00
5.059319496154785156e+00
5.043694496154785156e+00
5.067131996154785156e+00
5.059319496154785156e+00
5.059319496154785156e+00
5.059319496154785156e+00
5.051506042480468750e+00
5.067131996154785156e+00
5.059319496154785156e+00
5.059319496154785156e+00
5.051506996154785156e+00
5.051506996154785156e+00
5.051506996154785156e+00
5.051506996154785156e+00
5.059319496154785156e+00
5.067131996154785156e+00
5.051506996154785156e+00
5.059319496154785156e+00
5.067131996154785156e+00
5.067131996154785156e+00
5.059319496154785156e+00
5.051506996154785156e+00
5.059319496154785156e+00
5.059319496154785156e+00
5.051506996154785156e+00
5.051506996154785156e+00
5.059319496154785156e+00
5.043694496154785156e+00
5.059319496154785156e+00
5.067131996154785156e+00
5.067131996154785156e+00
5.043694496154785156e+00
5.051506996154785156e+00
5.067131996154785156e+00
5.051506996154785156e+00
5.067131996154785156e+00
5.035881996154785156e+00
5.067131996154785156e+00
5.067131996154785156e+00
5.051506996154785156e+00
5.043694496154785156e+00
5.059319496154785156e+00
5.067131996154785156e+00
5.035881996154785156e+00
5.059319496154785156e+00
5.035881996154785156e+00
5.059319496154785156e+00
5.043694496154785156e+00
5.051506996154785156e+00
5.059319496154785156e+00
5.043694496154785156e+00
5.059319496154785156e+00
5.059319496154785156e+00
5.067131996154785156e+00
5.051506996154785156e+00
5.059319496154785156e+00
5.051506996154785156e+00
5.067131996154785156e+00
5.067131996154785156e+00
5.059319496154785156e+00
5.059319496154785156e+00
5.051506996154785156e+00
5.059319496154785156e+00
5.067131996154785156e+00
5.059319496154785156e+00
5.051506996154785156e+00
5.059319496154785156e+00
5.043693542480468750e+00
5.059319496154785156e+00
5.059319496154785156e+00
5.067131996154785156e+00
5.051506996154785156e+00
5.043694496154785156e+00
5.067131996154785156e+00
5.067131996154785156e+00
5.067131996154785156e+00
5.051506996154785156e+00
5.051506996154785156e+00
5.067131996154785156e+00
5.043694496154785156e+00
5.028069496154785156e+00
5.043694496154785156e+00
5.059319496154785156e+00
5.067131996154785156e+00
5.051506996154785156e+00
5.067131996154785156e+00
5.067131996154785156e+00
5.051506996154785156e+00
5.067131996154785156e+00
5.051506996154785156e+00
5.051506996154785156e+00
5.059319496154785156e+00
5.051506996154785156e+00
5.067131996154785156e+00
5.051506996154785156e+00
5.059319496154785156e+00
5.059319496154785156e+00
5.059319496154785156e+00
5.067131996154785156e+00
5.051506996154785156e+00
5.067131996154785156e+00
5.059319496154785156e+00
5.059319496154785156e+00
5.067131996154785156e+00
5.043693542480468750e+00
5.059319496154785156e+00
5.067131996154785156e+00
5.051506996154785156e+00
5.067131996154785156e+00
5.051506996154785156e+00
5.059319496154785156e+00
5.059319496154785156e+00
5.043694496154785156e+00
5.059319496154785156e+00
5.067131996154785156e+00
5.051506996154785156e+00
5.051506996154785156e+00
5.051506996154785156e+00
5.043694496154785156e+00
5.067131996154785156e+00
5.059319496154785156e+00
5.059319496154785156e+00
5.067131996154785156e+00
5.059319496154785156e+00
5.043694496154785156e+00
5.043694496154785156e+00
5.067131996154785156e+00
5.051506042480468750e+00
5.067131996154785156e+00
5.051506996154785156e+00
5.035881996154785156e+00
5.051506996154785156e+00
5.067131996154785156e+00
5.028069496154785156e+00
5.051506996154785156e+00
5.059319496154785156e+00
5.051506996154785156e+00
5.059319496154785156e+00
5.059319496154785156e+00
5.059319496154785156e+00
5.059319496154785156e+00
5.035881996154785156e+00
5.067131996154785156e+00
5.051506996154785156e+00
5.059319496154785156e+00
5.059318542480468750e+00
5.059319496154785156e+00
5.059319496154785156e+00
5.059319496154785156e+00
5.067131996154785156e+00
5.051506996154785156e+00
5.043694496154785156e+00
5.059319496154785156e+00
5.059319496154785156e+00
5.028069496154785156e+00
5.059319496154785156e+00
5.051506996154785156e+00
5.067131996154785156e+00
5.059319496154785156e+00
5.059319496154785156e+00
5.051506996154785156e+00
5.059319496154785156e+00
5.059319496154785156e+00
5.028069496154785156e+00
5.051506996154785156e+00
5.043694496154785156e+00
5.067131996154785156e+00
5.067131996154785156e+00
5.059319496154785156e+00
5.043694496154785156e+00
5.059319496154785156e+00
5.059319496154785156e+00
5.059319496154785156e+00
5.059319496154785156e+00
5.067131996154785156e+00
5.043694496154785156e+00
5.067131996154785156e+00
5.067131996154785156e+00
5.067131996154785156e+00
5.067131996154785156e+00
5.059319496154785156e+00
5.059319496154785156e+00
5.051506996154785156e+00
5.043694496154785156e+00
5.059319496154785156e+00
5.059319496154785156e+00
5.067131996154785156e+00
5.059319496154785156e+00
5.043694496154785156e+00
5.067131996154785156e+00
5.067131996154785156e+00
5.067131996154785156e+00
5.059319496154785156e+00
5.059319496154785156e+00
5.067131996154785156e+00
5.059319496154785156e+00
5.051506996154785156e+00
5.035881996154785156e+00
5.059319496154785156e+00
5.051506996154785156e+00
5.059319496154785156e+00
5.051506996154785156e+00
5.067131996154785156e+00
5.059319496154785156e+00
5.067131996154785156e+00
5.059319496154785156e+00
5.059319496154785156e+00
5.043694496154785156e+00
5.043694496154785156e+00
5.051506996154785156e+00
5.067131996154785156e+00
5.043694496154785156e+00
5.059319496154785156e+00
5.059319496154785156e+00
5.067131996154785156e+00
5.051506996154785156e+00
5.059319496154785156e+00
5.043694496154785156e+00
5.051506996154785156e+00
5.051506996154785156e+00
5.051506996154785156e+00
5.051506996154785156e+00
5.067131996154785156e+00
5.035881996154785156e+00
5.043694496154785156e+00
5.059319496154785156e+00
5.051506996154785156e+00
5.051506996154785156e+00
5.035881996154785156e+00
5.059319496154785156e+00
5.059319496154785156e+00
5.051506996154785156e+00
5.059319496154785156e+00
5.043694496154785156e+00
5.059319496154785156e+00
5.028069496154785156e+00
5.043694496154785156e+00
5.059319496154785156e+00
5.067131996154785156e+00
5.051506996154785156e+00
5.051506996154785156e+00
5.059319496154785156e+00
5.051506996154785156e+00
5.035881996154785156e+00
5.028069496154785156e+00
5.043694496154785156e+00
5.051506996154785156e+00
5.067131996154785156e+00
5.067131996154785156e+00
5.051506996154785156e+00
5.067131996154785156e+00
5.051506996154785156e+00
5.059319496154785156e+00
5.051506996154785156e+00
5.067131996154785156e+00
5.059319496154785156e+00
5.043694496154785156e+00
5.067131996154785156e+00
5.059319496154785156e+00
5.043694496154785156e+00
5.067131996154785156e+00
5.067131996154785156e+00
5.051506996154785156e+00
5.051506996154785156e+00
5.067131996154785156e+00
5.059318542480468750e+00
5.067131996154785156e+00
5.051506996154785156e+00
5.059319496154785156e+00
5.059319496154785156e+00
5.051506996154785156e+00
5.067130088806152344e+00
5.067131996154785156e+00
5.051506996154785156e+00
5.067131996154785156e+00
5.059319496154785156e+00
5.059319496154785156e+00
5.059319496154785156e+00
5.051506996154785156e+00
5.059319496154785156e+00
5.059319496154785156e+00
5.043694496154785156e+00
5.067131996154785156e+00
5.059319496154785156e+00
5.059319496154785156e+00
5.059319496154785156e+00
5.043694496154785156e+00
5.067131996154785156e+00
5.067131996154785156e+00
5.051506996154785156e+00
5.043694496154785156e+00
5.067131996154785156e+00
5.059319496154785156e+00
5.059319496154785156e+00
5.059319496154785156e+00
5.051506996154785156e+00
5.059319496154785156e+00
5.059319496154785156e+00
5.059319496154785156e+00
5.051506996154785156e+00
5.059319496154785156e+00
5.067124366760253906e+00
5.067131996154785156e+00
5.051506996154785156e+00
5.043691635131835938e+00
5.035881996154785156e+00
5.051506996154785156e+00
5.051506996154785156e+00
5.059168815612792969e+00
5.067116737365722656e+00
5.067071437835693359e+00
5.051483154296875000e+00
5.059288024902343750e+00
5.059245586395263672e+00
5.051459312438964844e+00
5.051356315612792969e+00
5.066696166992187500e+00
5.050642967224121094e+00
5.063884258270263672e+00
5.057558059692382812e+00
5.049829483032226562e+00
5.057036876678466797e+00
5.056702613830566406e+00
5.052652359008789062e+00
5.032852172851562500e+00
5.042042732238769531e+00
5.044343471527099609e+00
5.044367790222167969e+00
5.031204223632812500e+00
5.044687747955322266e+00
5.060279846191406250e+00
5.036671161651611328e+00
5.036010265350341797e+00
5.059318542480468750e+00
5.067131996154785156e+00
5.059319496154785156e+00
5.059319496154785156e+00
5.067131996154785156e+00
5.067131996154785156e+00
5.043694496154785156e+00
5.067131996154785156e+00
5.067131996154785156e+00
5.043694496154785156e+00
5.051506996154785156e+00
5.059319496154785156e+00
5.067131996154785156e+00
5.051506996154785156e+00
5.051506996154785156e+00
5.051506996154785156e+00
5.059319496154785156e+00
5.067131996154785156e+00
5.051506996154785156e+00
5.043694496154785156e+00
5.067131996154785156e+00
5.043694496154785156e+00
5.043694496154785156e+00
5.067131996154785156e+00
5.067131996154785156e+00
5.051506996154785156e+00
5.043694496154785156e+00
5.067131996154785156e+00
5.035881996154785156e+00
5.067131996154785156e+00
5.059319496154785156e+00
5.067131996154785156e+00
5.043694496154785156e+00
5.059319496154785156e+00
5.067131996154785156e+00
5.059319496154785156e+00
5.059319496154785156e+00
5.051506996154785156e+00
5.067131996154785156e+00
5.059319496154785156e+00
5.051506996154785156e+00
5.051506996154785156e+00
5.059319496154785156e+00
5.051506996154785156e+00
5.051506996154785156e+00
5.059319496154785156e+00
5.051506996154785156e+00
5.051506996154785156e+00
5.059319496154785156e+00
5.067131996154785156e+00
5.051506996154785156e+00
5.059319496154785156e+00
5.059319496154785156e+00
5.059319496154785156e+00
5.059319496154785156e+00
5.059319496154785156e+00
5.028069496154785156e+00
5.043694496154785156e+00
5.059319496154785156e+00
5.067131996154785156e+00
5.067131996154785156e+00
5.051506996154785156e+00
5.067131996154785156e+00
5.051506996154785156e+00
5.020256996154785156e+00
5.067131996154785156e+00
5.051506996154785156e+00
5.067131996154785156e+00
5.051506996154785156e+00
5.059319496154785156e+00
5.067131996154785156e+00
5.067131996154785156e+00
5.067131996154785156e+00
5.059319496154785156e+00
5.059319496154785156e+00
5.043694496154785156e+00
5.051506996154785156e+00
5.043694496154785156e+00
5.043694496154785156e+00
5.051506996154785156e+00
5.043694496154785156e+00
5.059319496154785156e+00
5.059319496154785156e+00
5.051506996154785156e+00
5.059319496154785156e+00
5.067131996154785156e+00
5.051506996154785156e+00
5.059319496154785156e+00
5.059319496154785156e+00
5.059319496154785156e+00
5.059319496154785156e+00
5.051506996154785156e+00
5.059319496154785156e+00
5.051506996154785156e+00
5.043694496154785156e+00
5.051506996154785156e+00
5.059319496154785156e+00
5.059319496154785156e+00
5.067131996154785156e+00
5.067131996154785156e+00
5.051506996154785156e+00
5.059319496154785156e+00
5.059319496154785156e+00
5.043694496154785156e+00
5.051506996154785156e+00
5.028069496154785156e+00
5.043694496154785156e+00
5.051506996154785156e+00
5.059319496154785156e+00
5.059319496154785156e+00
5.067131996154785156e+00
5.059319496154785156e+00
5.051506996154785156e+00
5.059319496154785156e+00
5.067131996154785156e+00
5.067131996154785156e+00
5.051506996154785156e+00
5.067131996154785156e+00
5.043694496154785156e+00
5.059319496154785156e+00
5.051506996154785156e+00
5.051506996154785156e+00
5.067131996154785156e+00
5.059319496154785156e+00
5.051506996154785156e+00
5.059319496154785156e+00
5.067131996154785156e+00
5.059319496154785156e+00
5.059319496154785156e+00
5.043694496154785156e+00
5.035881996154785156e+00
5.059319496154785156e+00
5.059319496154785156e+00
5.067131996154785156e+00
5.051506996154785156e+00
5.059319496154785156e+00
5.043694496154785156e+00
5.059319496154785156e+00
5.067131996154785156e+00
5.059319496154785156e+00
5.067131996154785156e+00
5.059319496154785156e+00
5.043694496154785156e+00
5.067131996154785156e+00
5.051506996154785156e+00
5.051506996154785156e+00
5.035881996154785156e+00
5.059319496154785156e+00
5.059319496154785156e+00
5.067131996154785156e+00
5.051506996154785156e+00
5.067131996154785156e+00
5.051506996154785156e+00
5.059319496154785156e+00
5.059319496154785156e+00
5.043694496154785156e+00
5.059319496154785156e+00
5.067131996154785156e+00
5.035881996154785156e+00
5.035881996154785156e+00
5.067131996154785156e+00
5.059319496154785156e+00
5.059319496154785156e+00
5.059319496154785156e+00
5.051506996154785156e+00
5.067131996154785156e+00
5.059319496154785156e+00
5.051506996154785156e+00
5.035881996154785156e+00
5.059319496154785156e+00
5.051506996154785156e+00
5.067131996154785156e+00
5.067131996154785156e+00
5.067131996154785156e+00
5.043694496154785156e+00
5.059319496154785156e+00
5.043694496154785156e+00
5.051506996154785156e+00
5.059319496154785156e+00
5.059319496154785156e+00
5.051506996154785156e+00
5.059319496154785156e+00
5.043694496154785156e+00
5.059319496154785156e+00
5.051506996154785156e+00
5.043694496154785156e+00
5.067131996154785156e+00
5.051506996154785156e+00
5.067131996154785156e+00
5.043694496154785156e+00
5.020256996154785156e+00
5.051506996154785156e+00
5.059319496154785156e+00
5.059319496154785156e+00
5.059319496154785156e+00
5.067131996154785156e+00
5.051506996154785156e+00
5.051506996154785156e+00
5.051506996154785156e+00
5.051506996154785156e+00
5.059319496154785156e+00
5.067131996154785156e+00
5.059319496154785156e+00
5.059319496154785156e+00
5.059319496154785156e+00
5.051506996154785156e+00
5.067131996154785156e+00
5.051506996154785156e+00
5.043694496154785156e+00
5.059319496154785156e+00
5.051506996154785156e+00
5.059319496154785156e+00
5.051506996154785156e+00
5.059319496154785156e+00
5.059319496154785156e+00
5.051506996154785156e+00
5.051506996154785156e+00
5.067131996154785156e+00
5.059319496154785156e+00
5.067131996154785156e+00
5.059319496154785156e+00
5.059319496154785156e+00
5.035881996154785156e+00
5.059319496154785156e+00
5.059319496154785156e+00
5.059319496154785156e+00
5.059319496154785156e+00
5.067131996154785156e+00
5.059319496154785156e+00
5.043694496154785156e+00
5.059319496154785156e+00
5.067131996154785156e+00
5.051506996154785156e+00
5.067131996154785156e+00
5.043694496154785156e+00
5.067131996154785156e+00
5.059319496154785156e+00
5.059319496154785156e+00
5.059319496154785156e+00
5.067131996154785156e+00
5.067131996154785156e+00
5.067131996154785156e+00
5.043694496154785156e+00
5.059319496154785156e+00
5.051506996154785156e+00
5.043694496154785156e+00
5.059319496154785156e+00
5.051506996154785156e+00
5.059319496154785156e+00
5.059319496154785156e+00
5.043694496154785156e+00
5.051506996154785156e+00
5.035881996154785156e+00
5.067131996154785156e+00
5.051506996154785156e+00
5.059319496154785156e+00
5.051506996154785156e+00
5.051506996154785156e+00
5.051506996154785156e+00
5.067131996154785156e+00
5.067131996154785156e+00
5.059319496154785156e+00
5.067131996154785156e+00
5.043694496154785156e+00
5.059319496154785156e+00
5.059319496154785156e+00
5.051506996154785156e+00
5.059319496154785156e+00
5.067131996154785156e+00
5.051506996154785156e+00
5.035881996154785156e+00
5.059319496154785156e+00
5.067131996154785156e+00
5.067131996154785156e+00
5.051506996154785156e+00
5.067131996154785156e+00
5.059319496154785156e+00
5.059319496154785156e+00
5.059319496154785156e+00
5.051506996154785156e+00
5.059319496154785156e+00
5.051506996154785156e+00
5.043694496154785156e+00
5.067131996154785156e+00
5.059319496154785156e+00
5.051506996154785156e+00
5.059319496154785156e+00
5.067131996154785156e+00
5.059319496154785156e+00
5.059319496154785156e+00
5.059319496154785156e+00
5.051506996154785156e+00
5.059319496154785156e+00
5.051506996154785156e+00
5.059319496154785156e+00
5.059319496154785156e+00
5.043694496154785156e+00
5.043694496154785156e+00
5.059319496154785156e+00
5.051506996154785156e+00
5.051506996154785156e+00
5.043694496154785156e+00
5.059319496154785156e+00
5.059319496154785156e+00
5.067131996154785156e+00
5.067131996154785156e+00
5.067131996154785156e+00
5.059319496154785156e+00
5.051506996154785156e+00
5.059319496154785156e+00
5.051506996154785156e+00
5.028069496154785156e+00
5.059319496154785156e+00
5.059319496154785156e+00
5.067131996154785156e+00
5.059319496154785156e+00
5.043694496154785156e+00
5.059319496154785156e+00
5.067131996154785156e+00
5.059319496154785156e+00
5.067131996154785156e+00
5.067131996154785156e+00
5.067131996154785156e+00
5.067131996154785156e+00
5.067131996154785156e+00
5.051506996154785156e+00
5.043694496154785156e+00
5.059319496154785156e+00
5.067131996154785156e+00
5.043694496154785156e+00
5.051506996154785156e+00
5.051506996154785156e+00
5.043694496154785156e+00
5.043694496154785156e+00
5.067131996154785156e+00
5.059319496154785156e+00
5.051506996154785156e+00
5.059319496154785156e+00
5.067131996154785156e+00
5.051506996154785156e+00
5.035881996154785156e+00
5.059319496154785156e+00
5.059319496154785156e+00
5.051506996154785156e+00
5.059319496154785156e+00
5.059319496154785156e+00
5.059319496154785156e+00
5.059319496154785156e+00
5.043694496154785156e+00
5.059319496154785156e+00
5.067131996154785156e+00
5.059319496154785156e+00
5.051506996154785156e+00
5.051506996154785156e+00
5.059319496154785156e+00
5.067131996154785156e+00
5.051506996154785156e+00
5.051506996154785156e+00
5.059319496154785156e+00
5.059319496154785156e+00
5.051506996154785156e+00
5.043694496154785156e+00
5.067131996154785156e+00
5.067131996154785156e+00
5.051506996154785156e+00
5.067131996154785156e+00
5.067131996154785156e+00
5.067131996154785156e+00
5.051506996154785156e+00
5.051506996154785156e+00
5.051506996154785156e+00
5.051506996154785156e+00
5.059319496154785156e+00
5.051506996154785156e+00
5.043694496154785156e+00
5.051506996154785156e+00
5.051506996154785156e+00
5.059319496154785156e+00
5.051506996154785156e+00
5.020256996154785156e+00
5.067131996154785156e+00
5.051506996154785156e+00
5.067131996154785156e+00
5.059319496154785156e+00
5.059319496154785156e+00
5.043694496154785156e+00
5.059319496154785156e+00
5.051506996154785156e+00
5.067131996154785156e+00
5.043694496154785156e+00
5.059319496154785156e+00
5.067131996154785156e+00
5.043694496154785156e+00
5.051506996154785156e+00
5.028069496154785156e+00
5.067131996154785156e+00
5.059319496154785156e+00
5.067131996154785156e+00
5.059319496154785156e+00
5.051506996154785156e+00
5.043694496154785156e+00
5.059319496154785156e+00
5.059319496154785156e+00
5.059319496154785156e+00
5.051506996154785156e+00
5.059319496154785156e+00
5.043694496154785156e+00
5.059319496154785156e+00
5.059319496154785156e+00
5.059319496154785156e+00
5.051506996154785156e+00
5.043694496154785156e+00
5.067131996154785156e+00
5.051506996154785156e+00
5.028069496154785156e+00
5.067131996154785156e+00
5.051506996154785156e+00
5.051506996154785156e+00
5.051506996154785156e+00
5.043694496154785156e+00
5.067131996154785156e+00
5.059319496154785156e+00
5.067131996154785156e+00
5.059319496154785156e+00
5.051506996154785156e+00
5.043694496154785156e+00
5.067131996154785156e+00
5.059319496154785156e+00
5.067131996154785156e+00
5.028069496154785156e+00
5.067131996154785156e+00
5.059319496154785156e+00
5.067131996154785156e+00
5.059319496154785156e+00
5.043694496154785156e+00
5.059319496154785156e+00
5.067131996154785156e+00
5.059319496154785156e+00
5.059319496154785156e+00
5.059319496154785156e+00
5.059319496154785156e+00
5.051506996154785156e+00
5.059319496154785156e+00
5.067131996154785156e+00
5.059319496154785156e+00
5.059319496154785156e+00
5.051506996154785156e+00
5.067131996154785156e+00
5.059319496154785156e+00
5.059319496154785156e+00
5.059319496154785156e+00
5.051506996154785156e+00
5.059319496154785156e+00
5.067131996154785156e+00
5.067131996154785156e+00
5.051506996154785156e+00
5.051506996154785156e+00
5.059319496154785156e+00
5.067131996154785156e+00
5.059319496154785156e+00
5.067131996154785156e+00
5.067131996154785156e+00
5.051506996154785156e+00
5.059319496154785156e+00
5.051506996154785156e+00
5.043694496154785156e+00
5.051506996154785156e+00
5.059319496154785156e+00
5.059319496154785156e+00
5.043694496154785156e+00
5.059319496154785156e+00
5.067131996154785156e+00
5.043694496154785156e+00
5.067131996154785156e+00
5.059319496154785156e+00
5.051506996154785156e+00
5.067131996154785156e+00
5.051506996154785156e+00
5.059319496154785156e+00
5.043694496154785156e+00
5.059319496154785156e+00
5.051506996154785156e+00
5.067131996154785156e+00
5.067131996154785156e+00
5.059319496154785156e+00
5.067131996154785156e+00
5.059319496154785156e+00
5.059319496154785156e+00
5.067131996154785156e+00
5.067131996154785156e+00
5.059319496154785156e+00
5.059319496154785156e+00
5.059319496154785156e+00
5.043694496154785156e+00
5.059319496154785156e+00
5.051506996154785156e+00
5.059319496154785156e+00
5.035881996154785156e+00
5.051506996154785156e+00
5.051506996154785156e+00
5.059319496154785156e+00
5.051506996154785156e+00
5.067131996154785156e+00
5.043694496154785156e+00
5.051506996154785156e+00
5.059319496154785156e+00
5.051506996154785156e+00
5.067131996154785156e+00
5.043694496154785156e+00
5.059319496154785156e+00
5.059319496154785156e+00
5.059319496154785156e+00
5.059319496154785156e+00
5.067131996154785156e+00
5.051506996154785156e+00
5.059319496154785156e+00
5.051506996154785156e+00
5.067131996154785156e+00
5.051506996154785156e+00
5.059319496154785156e+00
5.067131996154785156e+00
5.051506996154785156e+00
5.051506996154785156e+00
5.067131996154785156e+00
5.059319496154785156e+00
5.043694496154785156e+00
5.043694496154785156e+00
5.059319496154785156e+00
5.059319496154785156e+00
5.067131996154785156e+00
5.059319496154785156e+00
5.035881996154785156e+00
5.067131996154785156e+00
5.067131996154785156e+00
5.051506996154785156e+00
5.051506996154785156e+00
5.067131996154785156e+00
5.059319496154785156e+00
5.028069496154785156e+00
5.059319496154785156e+00
5.043694496154785156e+00
5.051506996154785156e+00
5.043694496154785156e+00
5.059319496154785156e+00
5.051506996154785156e+00
5.059319496154785156e+00
5.059319496154785156e+00
5.059319496154785156e+00
5.059319496154785156e+00
5.035881996154785156e+00
5.035881996154785156e+00
5.043694496154785156e+00
5.043694496154785156e+00
5.051506996154785156e+00
5.059319496154785156e+00
5.067131996154785156e+00
5.051506996154785156e+00
5.051506996154785156e+00
5.067131996154785156e+00
5.059319496154785156e+00
5.067131996154785156e+00
5.059319496154785156e+00
5.051506996154785156e+00
5.051506996154785156e+00
5.043694496154785156e+00
5.059319496154785156e+00
5.043694496154785156e+00
5.059319496154785156e+00
5.043694496154785156e+00
5.051506996154785156e+00
5.043694496154785156e+00
5.043694496154785156e+00
5.059319496154785156e+00
5.051506996154785156e+00
5.067131996154785156e+00
5.043694496154785156e+00
5.059319496154785156e+00
5.067131996154785156e+00
5.051506996154785156e+00
5.067131996154785156e+00
5.059319496154785156e+00
5.059319496154785156e+00
5.051506996154785156e+00
5.059319496154785156e+00
5.059319496154785156e+00
5.051506996154785156e+00
5.059319496154785156e+00
5.059319496154785156e+00
5.067131996154785156e+00
5.059319496154785156e+00
5.067131996154785156e+00
5.051506996154785156e+00
5.067131996154785156e+00
5.067131996154785156e+00
5.051506996154785156e+00
5.059319496154785156e+00
5.059319496154785156e+00
5.059319496154785156e+00
5.059319496154785156e+00
5.051506996154785156e+00
5.059319496154785156e+00
5.059319496154785156e+00
5.043694496154785156e+00
5.067131996154785156e+00
5.051506996154785156e+00
5.035881996154785156e+00
5.067131996154785156e+00
5.043694496154785156e+00
5.051506996154785156e+00
5.067131996154785156e+00
5.059319496154785156e+00
5.059319496154785156e+00
5.051506996154785156e+00
5.035881996154785156e+00
5.059319496154785156e+00
5.043694496154785156e+00
5.059319496154785156e+00
5.059319496154785156e+00
5.059319496154785156e+00
5.043694496154785156e+00
5.067131996154785156e+00
5.059319496154785156e+00
5.051506996154785156e+00
5.067131996154785156e+00
5.035881996154785156e+00
5.043694496154785156e+00
5.059319496154785156e+00
5.051506996154785156e+00
5.043694496154785156e+00
5.059319496154785156e+00
5.067131996154785156e+00
5.051506996154785156e+00
5.059319496154785156e+00
5.035881996154785156e+00
5.059319496154785156e+00
5.051506996154785156e+00
5.043694496154785156e+00
5.051506996154785156e+00
5.059319496154785156e+00
5.059319496154785156e+00
5.067131996154785156e+00
5.067131996154785156e+00
5.051506996154785156e+00
5.067131996154785156e+00
5.051506996154785156e+00
5.051506996154785156e+00
5.059319496154785156e+00
5.059319496154785156e+00
5.051506996154785156e+00
5.059319496154785156e+00
5.035881996154785156e+00
5.059319496154785156e+00
5.067131996154785156e+00
5.067131996154785156e+00
5.067131996154785156e+00
5.051506996154785156e+00
5.035881996154785156e+00
5.067131996154785156e+00
5.051506996154785156e+00
5.067131996154785156e+00
5.059319496154785156e+00
5.051506996154785156e+00
5.035881996154785156e+00
5.059319496154785156e+00
5.043694496154785156e+00
5.059319496154785156e+00
5.059319496154785156e+00
5.067131996154785156e+00
5.051506996154785156e+00
5.059319496154785156e+00
5.067131996154785156e+00
5.067131996154785156e+00
5.051506996154785156e+00
5.067131996154785156e+00
5.059319496154785156e+00
5.051506996154785156e+00
5.051506996154785156e+00
5.067131996154785156e+00
5.051506996154785156e+00
5.043694496154785156e+00
5.059319496154785156e+00
5.059319496154785156e+00
5.059319496154785156e+00
5.059319496154785156e+00
5.051506996154785156e+00
5.067131996154785156e+00
5.051506996154785156e+00
5.035881996154785156e+00
5.067131996154785156e+00
5.059319496154785156e+00
5.043694496154785156e+00
5.035881996154785156e+00
5.051506996154785156e+00
5.059319496154785156e+00
5.035881996154785156e+00
5.051506996154785156e+00
5.067131996154785156e+00
5.067131996154785156e+00
5.051506996154785156e+00
5.051506996154785156e+00
5.051506996154785156e+00
5.067131996154785156e+00
5.051506996154785156e+00
5.059319496154785156e+00
5.067131996154785156e+00
5.051506996154785156e+00
5.059319496154785156e+00
5.059319496154785156e+00
5.059319496154785156e+00
5.059319496154785156e+00
5.067131996154785156e+00
5.059319496154785156e+00
5.067131996154785156e+00
5.059319496154785156e+00
5.067131996154785156e+00
5.059319496154785156e+00
5.059319496154785156e+00
5.067131996154785156e+00
5.067131996154785156e+00
5.059319496154785156e+00
5.067131996154785156e+00
5.067131996154785156e+00
5.059319496154785156e+00
5.067131996154785156e+00
5.059319496154785156e+00
5.067131996154785156e+00
5.028069496154785156e+00
5.067131996154785156e+00
5.028069496154785156e+00
5.043694496154785156e+00
5.067131996154785156e+00
5.035881996154785156e+00
5.051506996154785156e+00
5.067131996154785156e+00
5.043694496154785156e+00
5.051506996154785156e+00
5.067131996154785156e+00
5.051506996154785156e+00
5.043694496154785156e+00
5.059319496154785156e+00
5.035881996154785156e+00
5.051506996154785156e+00
5.059319496154785156e+00
5.051506996154785156e+00
5.067131996154785156e+00
5.067131996154785156e+00
5.059319496154785156e+00
5.067131996154785156e+00
5.059319496154785156e+00
5.043694496154785156e+00
5.059319496154785156e+00
5.067131996154785156e+00
5.051506996154785156e+00
5.059319496154785156e+00
5.059319496154785156e+00
5.059319496154785156e+00
5.067131996154785156e+00
5.043694496154785156e+00
5.051506996154785156e+00
5.059319496154785156e+00
5.067131996154785156e+00
5.059319496154785156e+00
5.059319496154785156e+00
5.043694496154785156e+00
5.059319496154785156e+00
5.059319496154785156e+00
5.051506996154785156e+00
5.051506996154785156e+00
5.051506996154785156e+00
5.059319496154785156e+00
5.059319496154785156e+00
5.051506996154785156e+00
5.051506996154785156e+00
5.043694496154785156e+00
5.051506996154785156e+00
5.043694496154785156e+00
5.059319496154785156e+00
5.035881996154785156e+00
5.059319496154785156e+00
5.059319496154785156e+00
5.067131996154785156e+00
5.051506996154785156e+00
5.067131996154785156e+00
5.051506996154785156e+00
5.059319496154785156e+00
5.043694496154785156e+00
5.051506996154785156e+00
5.043694496154785156e+00
5.067131996154785156e+00
5.067131996154785156e+00
5.035881996154785156e+00
5.059319496154785156e+00
5.043694496154785156e+00
5.067131996154785156e+00
5.067131996154785156e+00
5.067131996154785156e+00
5.059319496154785156e+00
5.067131996154785156e+00
5.067131996154785156e+00
5.043694496154785156e+00
5.051506996154785156e+00
5.059319496154785156e+00
5.067131996154785156e+00
5.059319496154785156e+00
5.051506996154785156e+00
5.028069496154785156e+00
5.051506996154785156e+00
5.051506996154785156e+00
5.051506996154785156e+00
5.043694496154785156e+00
5.067131996154785156e+00
5.051506996154785156e+00
5.067131996154785156e+00
5.067131996154785156e+00
5.035881996154785156e+00
5.035881996154785156e+00
5.059319496154785156e+00
5.059319496154785156e+00
5.067131996154785156e+00
5.043694496154785156e+00
5.059319496154785156e+00
5.059319496154785156e+00
5.051506996154785156e+00
5.051506996154785156e+00
5.051506996154785156e+00
5.043694496154785156e+00
5.059319496154785156e+00
5.067131996154785156e+00
5.059319496154785156e+00
5.051506996154785156e+00
5.067131996154785156e+00
5.043694496154785156e+00
5.067131996154785156e+00
5.059319496154785156e+00
5.059319496154785156e+00
5.051506996154785156e+00
5.067131996154785156e+00
5.051506996154785156e+00
5.059319496154785156e+00
5.043694496154785156e+00
5.067131996154785156e+00
5.043694496154785156e+00
5.059319496154785156e+00
5.059319496154785156e+00
5.067131996154785156e+00
5.059319496154785156e+00
5.043694496154785156e+00
5.067131996154785156e+00
5.067131996154785156e+00
5.059319496154785156e+00
5.059319496154785156e+00
5.051506996154785156e+00
5.067131996154785156e+00
5.051506996154785156e+00
5.059319496154785156e+00
5.067131996154785156e+00
5.067131996154785156e+00
5.067131996154785156e+00
5.043694496154785156e+00
5.043694496154785156e+00
5.059319496154785156e+00
5.059319496154785156e+00
5.059319496154785156e+00
5.043694496154785156e+00
5.035881996154785156e+00
5.067131996154785156e+00
5.059319496154785156e+00
5.059319496154785156e+00
5.059319496154785156e+00
5.059319496154785156e+00
5.067131996154785156e+00
5.051506996154785156e+00
5.059319496154785156e+00
5.067131996154785156e+00
5.051506996154785156e+00
5.051506996154785156e+00
5.067131996154785156e+00
5.059319496154785156e+00
5.051506996154785156e+00
5.035881996154785156e+00
5.059319496154785156e+00
5.043694496154785156e+00
5.051506996154785156e+00
5.035881996154785156e+00
5.067131996154785156e+00
5.059319496154785156e+00
5.059319496154785156e+00
5.059319496154785156e+00
5.067131996154785156e+00
5.067131996154785156e+00
5.051506996154785156e+00
5.059319496154785156e+00
5.059319496154785156e+00
5.059319496154785156e+00
5.051506996154785156e+00
5.043694496154785156e+00
5.051506996154785156e+00
5.051506996154785156e+00
5.043694496154785156e+00
5.043694496154785156e+00
5.067131996154785156e+00
5.035881996154785156e+00
5.067131996154785156e+00
5.043694496154785156e+00
5.059319496154785156e+00
5.059319496154785156e+00
5.067131996154785156e+00
5.059319496154785156e+00
5.059319496154785156e+00
5.059319496154785156e+00
5.067131996154785156e+00
5.051506996154785156e+00
5.059319496154785156e+00
5.051506996154785156e+00
5.059319496154785156e+00
5.067131996154785156e+00
5.051506996154785156e+00
5.067131996154785156e+00
5.059319496154785156e+00
5.028069496154785156e+00
5.051506996154785156e+00
5.067131996154785156e+00
5.059319496154785156e+00
5.051506996154785156e+00
5.059319496154785156e+00
5.067131996154785156e+00
5.035881996154785156e+00
5.059319496154785156e+00
5.051506996154785156e+00
5.051506996154785156e+00
5.051506996154785156e+00
5.043694496154785156e+00
5.043694496154785156e+00
5.043694496154785156e+00
5.051506996154785156e+00
5.059319496154785156e+00
5.059319496154785156e+00
5.051506996154785156e+00
5.059319496154785156e+00
5.059319496154785156e+00
5.059319496154785156e+00
5.043694496154785156e+00
5.067131996154785156e+00
5.067131996154785156e+00
5.059319496154785156e+00
5.067131996154785156e+00
5.067131996154785156e+00
5.059319496154785156e+00
5.043694496154785156e+00
5.059319496154785156e+00
5.051506996154785156e+00
5.067131996154785156e+00
5.059319496154785156e+00
5.051506996154785156e+00
5.059319496154785156e+00
5.059319496154785156e+00
5.067131996154785156e+00
5.067131996154785156e+00
5.067131996154785156e+00
5.051506996154785156e+00
5.059319496154785156e+00
5.051506996154785156e+00
5.051506996154785156e+00
5.051506996154785156e+00
5.051506996154785156e+00
5.035881996154785156e+00
5.035881996154785156e+00
5.059319496154785156e+00
5.067131996154785156e+00
5.067131996154785156e+00
5.035881996154785156e+00
5.051506996154785156e+00
5.051506996154785156e+00
5.059319496154785156e+00
5.059319496154785156e+00
5.043694496154785156e+00
5.059319496154785156e+00
5.059319496154785156e+00
5.067131996154785156e+00
5.067131996154785156e+00
5.059319496154785156e+00
5.035881996154785156e+00
5.051506996154785156e+00
5.059319496154785156e+00
5.059319496154785156e+00
5.059319496154785156e+00
5.043694496154785156e+00
5.059319496154785156e+00
5.051506996154785156e+00
5.051506996154785156e+00
5.051506996154785156e+00
5.035881996154785156e+00
5.067131996154785156e+00
5.035881996154785156e+00
5.043694496154785156e+00
5.059319496154785156e+00
5.059319496154785156e+00
5.067131996154785156e+00
5.059319496154785156e+00
5.051506996154785156e+00
5.067131996154785156e+00
5.059319496154785156e+00
5.059319496154785156e+00
5.051506996154785156e+00
5.051506996154785156e+00
5.059319496154785156e+00
5.059319496154785156e+00
5.059319496154785156e+00
5.067131996154785156e+00
5.051506996154785156e+00
5.059319496154785156e+00
5.067131996154785156e+00
5.051506996154785156e+00
5.020256996154785156e+00
5.059319496154785156e+00
5.051506996154785156e+00
5.059319496154785156e+00
5.043694496154785156e+00
5.067131996154785156e+00
5.059319496154785156e+00
5.051506996154785156e+00
5.067131996154785156e+00
5.035881996154785156e+00
5.043694496154785156e+00
5.051506996154785156e+00
5.067131996154785156e+00
5.059319496154785156e+00
5.059319496154785156e+00
5.059319496154785156e+00
5.059319496154785156e+00
5.059319496154785156e+00
5.059319496154785156e+00
5.059319496154785156e+00
5.067131996154785156e+00
5.051506996154785156e+00
5.043694496154785156e+00
5.051506996154785156e+00
5.067131996154785156e+00
5.059319496154785156e+00
5.059319496154785156e+00
5.051506996154785156e+00
5.067131996154785156e+00
5.067131996154785156e+00
5.059319496154785156e+00
5.043694496154785156e+00
5.051506996154785156e+00
5.067131996154785156e+00
5.051506996154785156e+00
5.059319496154785156e+00
5.051506996154785156e+00
5.067131996154785156e+00
5.051506996154785156e+00
5.059319496154785156e+00
5.059319496154785156e+00
5.067131996154785156e+00
5.051506996154785156e+00
5.067131996154785156e+00
5.051506996154785156e+00
5.051506996154785156e+00
5.059319496154785156e+00
5.059319496154785156e+00
5.059319496154785156e+00
5.059319496154785156e+00
5.059319496154785156e+00
5.067131996154785156e+00
5.067131996154785156e+00
5.043694496154785156e+00
5.059319496154785156e+00
5.059319496154785156e+00
5.067131996154785156e+00
5.059319496154785156e+00
5.067131996154785156e+00
5.067131996154785156e+00
5.059319496154785156e+00
5.059319496154785156e+00
5.043694496154785156e+00
5.051506996154785156e+00
5.059319496154785156e+00
5.059319496154785156e+00
5.059319496154785156e+00
5.059319496154785156e+00
5.051506996154785156e+00
5.051506996154785156e+00
5.059319496154785156e+00
5.059319496154785156e+00
5.028069496154785156e+00
5.059319496154785156e+00
5.059319496154785156e+00
5.051506996154785156e+00
5.059319496154785156e+00
5.051506996154785156e+00
5.043694496154785156e+00
5.051506996154785156e+00
5.051506996154785156e+00
5.051506996154785156e+00
5.059319496154785156e+00
5.059319496154785156e+00
5.043694496154785156e+00
5.051506996154785156e+00
5.059319496154785156e+00
5.067131996154785156e+00
5.051506996154785156e+00
5.035881996154785156e+00
5.043694496154785156e+00
5.059319496154785156e+00
5.059319496154785156e+00
5.051506996154785156e+00
5.067131996154785156e+00
5.067131996154785156e+00
5.051506996154785156e+00
5.043694496154785156e+00
5.067131996154785156e+00
5.051506996154785156e+00
5.067131996154785156e+00
5.051506996154785156e+00
5.035881996154785156e+00
5.059319496154785156e+00
5.035881996154785156e+00
5.035881996154785156e+00
5.051506996154785156e+00
5.051506996154785156e+00
5.051506996154785156e+00
5.067131996154785156e+00
5.059319496154785156e+00
5.059319496154785156e+00
5.067131996154785156e+00
5.059319496154785156e+00
5.059319496154785156e+00
5.051506996154785156e+00
5.051506996154785156e+00
5.043694496154785156e+00
5.059319496154785156e+00
5.059319496154785156e+00
5.059319496154785156e+00
5.059319496154785156e+00
5.059319496154785156e+00
5.067131996154785156e+00
5.067131996154785156e+00
5.051506996154785156e+00
5.051506996154785156e+00
5.059319496154785156e+00
5.067131996154785156e+00
5.051506996154785156e+00
5.067131996154785156e+00
5.059319496154785156e+00
5.067131996154785156e+00
5.067131996154785156e+00
5.043694496154785156e+00
5.051506996154785156e+00
5.067131996154785156e+00
5.043694496154785156e+00
5.059319496154785156e+00
5.059319496154785156e+00
5.059319496154785156e+00
5.059319496154785156e+00
5.043694496154785156e+00
5.059319496154785156e+00
5.035881996154785156e+00
5.059319496154785156e+00
5.051506996154785156e+00
5.059319496154785156e+00
5.059319496154785156e+00
5.067131996154785156e+00
5.035881996154785156e+00
5.067131996154785156e+00
5.043694496154785156e+00
5.035881996154785156e+00
5.067131996154785156e+00
5.051506996154785156e+00
5.059319496154785156e+00
5.059319496154785156e+00
5.067131996154785156e+00
5.051506996154785156e+00
5.059319496154785156e+00
5.043694496154785156e+00
5.051506996154785156e+00
5.067131996154785156e+00
5.043694496154785156e+00
5.059319496154785156e+00
5.059319496154785156e+00
5.043694496154785156e+00
5.059319496154785156e+00
5.043694496154785156e+00
5.043694496154785156e+00
5.059319496154785156e+00
5.059319496154785156e+00
5.059319496154785156e+00
5.067131996154785156e+00
5.059319496154785156e+00
5.059319496154785156e+00
5.067131996154785156e+00
5.067131996154785156e+00
5.059319496154785156e+00
5.059319496154785156e+00
5.059319496154785156e+00
5.059319496154785156e+00
5.059319496154785156e+00
5.067131996154785156e+00
5.051506996154785156e+00
5.067131996154785156e+00
5.059319496154785156e+00
5.051506996154785156e+00
5.059319496154785156e+00
5.012444496154785156e+00
5.067131996154785156e+00
5.059319496154785156e+00
5.059319496154785156e+00
5.043694496154785156e+00
5.067131996154785156e+00
5.059319496154785156e+00
5.043694496154785156e+00
5.067131996154785156e+00
5.051506996154785156e+00
5.059319496154785156e+00
5.051506996154785156e+00
5.059319496154785156e+00
5.059319496154785156e+00
5.067131996154785156e+00
5.051506996154785156e+00
5.067131996154785156e+00
5.051506996154785156e+00
5.059319496154785156e+00
5.035881996154785156e+00
5.059319496154785156e+00
5.059319496154785156e+00
5.043694496154785156e+00
5.051506996154785156e+00
5.059319496154785156e+00
5.043694496154785156e+00
5.067131996154785156e+00
5.051506996154785156e+00
5.067131996154785156e+00
5.051506996154785156e+00
5.067131996154785156e+00
5.051506996154785156e+00
5.051506996154785156e+00
5.067131996154785156e+00
5.035881996154785156e+00
5.067131996154785156e+00
5.059319496154785156e+00
5.043694496154785156e+00
5.067131996154785156e+00
5.059319496154785156e+00
5.043694496154785156e+00
5.051506996154785156e+00
5.067131996154785156e+00
5.067131996154785156e+00
5.059319496154785156e+00
