5.176143169403076172e+00
5.176085948944091797e+00
5.175914287567138672e+00
5.175772666931152344e+00
5.174037456512451172e+00
5.175690650939941406e+00
5.172859668731689453e+00
5.170890331268310547e+00
5.172665119171142578e+00
5.170863151550292969e+00
5.179615497589111328e+00
5.171715259552001953e+00
5.164302349090576172e+00
5.176384925842285156e+00
5.176540851593017578e+00
5.176402091979980469e+00
5.178821086883544922e+00
5.176686763763427734e+00
5.176868438720703125e+00
5.173676967620849609e+00
5.175005435943603516e+00
5.174019813537597656e+00
5.175415992736816406e+00
5.173931121826171875e+00
5.175508975982666016e+00
5.170153141021728516e+00
5.178120136260986328e+00
5.175275802612304688e+00
5.175822734832763672e+00
5.172224998474121094e+00
5.172021389007568359e+00
5.172840595245361328e+00
5.167997360229492188e+00
5.170130252838134766e+00
5.162001609802246094e+00
5.165517330169677734e+00
5.174702644348144531e+00
5.166163444519042969e+00
5.168865680694580078e+00
5.171367645263671875e+00
5.171351432800292969e+00
5.177161693572998047e+00
5.176282405853271484e+00
5.163601875305175781e+00
5.175446510314941406e+00
5.160812854766845703e+00
5.179393768310546875e+00
5.178107261657714844e+00
5.177386283874511719e+00
5.171433925628662109e+00
5.161143779754638672e+00
5.162927150726318359e+00
5.171680927276611328e+00
5.172341346740722656e+00
5.178291320800781250e+00
5.173038482666015625e+00
5.169200897216796875e+00
5.172182559967041016e+00
5.175685882568359375e+00
5.177933216094970703e+00
5.177420139312744141e+00
5.178982734680175781e+00
5.166517257690429688e+00
5.163527488708496094e+00
5.171604633331298828e+00
5.165887832641601562e+00
5.172246456146240234e+00
5.170997142791748047e+00
5.160024166107177734e+00
5.169425010681152344e+00
5.176748275756835938e+00
5.172239780426025391e+00
5.161189556121826172e+00
5.153854370117187500e+00
5.164379596710205078e+00
5.166275978088378906e+00
5.175484180450439453e+00
5.165778636932373047e+00
5.166722297668457031e+00
5.174651622772216797e+00
5.173745632171630859e+00
5.171331405639648438e+00
5.153238773345947266e+00
5.156529903411865234e+00
5.154868125915527344e+00
5.170415878295898438e+00
5.170284271240234375e+00
5.161857128143310547e+00
5.171131134033203125e+00
5.176589012145996094e+00
5.169559001922607422e+00
5.179135322570800781e+00
5.157236099243164062e+00
5.164082050323486328e+00
5.173070907592773438e+00
5.157491683959960938e+00
5.160850048065185547e+00
5.173761844635009766e+00
5.172472953796386719e+00
5.179790496826171875e+00
5.168403148651123047e+00
5.164087772369384766e+00
5.169924259185791016e+00
5.170838356018066406e+00
5.178047657012939453e+00
5.169207572937011719e+00
5.171003341674804688e+00
5.168704509735107422e+00
5.166883945465087891e+00
5.176465988159179688e+00
5.161679267883300781e+00
5.166697502136230469e+00
5.175050258636474609e+00
5.143682003021240234e+00
5.164819717407226562e+00
5.169345855712890625e+00
5.165413856506347656e+00
5.182479381561279297e+00
5.173597335815429688e+00
5.175643920898437500e+00
5.181932926177978516e+00
5.169011116027832031e+00
5.164122104644775391e+00
5.173404693603515625e+00
5.175655841827392578e+00
5.176332473754882812e+00
5.174088001251220703e+00
5.159169197082519531e+00
5.176713466644287109e+00
5.165604591369628906e+00
5.167251586914062500e+00
5.174465179443359375e+00
5.165446281433105469e+00
5.173455715179443359e+00
5.164345264434814453e+00
5.166313171386718750e+00
5.175129413604736328e+00
5.167774200439453125e+00
5.172212123870849609e+00
5.173702239990234375e+00
5.164909839630126953e+00
5.178032398223876953e+00
5.160414695739746094e+00
5.155115604400634766e+00
5.164011478424072266e+00
5.179281234741210938e+00
5.183619976043701172e+00
5.183543682098388672e+00
5.183752536773681641e+00
5.159883499145507812e+00
5.174015522003173828e+00
5.172789573669433594e+00
5.163925647735595703e+00
5.166985034942626953e+00
5.176843643188476562e+00
5.166296958923339844e+00
5.168042659759521484e+00
5.175790786743164062e+00
5.168337821960449219e+00
5.170611381530761719e+00
5.178345203399658203e+00
5.163666725158691406e+00
5.176201343536376953e+00
5.145225048065185547e+00
5.184821605682373047e+00
5.176942348480224609e+00
5.175220966339111328e+00
5.177391529083251953e+00
5.153607845306396484e+00
5.177886009216308594e+00
5.168829917907714844e+00
5.176859855651855469e+00
5.158346652984619141e+00
5.155032157897949219e+00
5.164167404174804688e+00
5.143204689025878906e+00
5.182727336883544922e+00
5.174337863922119141e+00
5.174228668212890625e+00
5.174320697784423828e+00
5.176198005676269531e+00
5.169484138488769531e+00
5.175634384155273438e+00
5.177136421203613281e+00
5.176623344421386719e+00
5.177711009979248047e+00
5.156416416168212891e+00
5.163770675659179688e+00
5.181354045867919922e+00
5.171004772186279297e+00
5.170202732086181641e+00
5.179034709930419922e+00
5.168771266937255859e+00
5.184254646301269531e+00
5.170166015625000000e+00
5.176051616668701172e+00
5.162714481353759766e+00
5.178389549255371094e+00
5.170056343078613281e+00
5.177613258361816406e+00
5.178421974182128906e+00
5.176485538482666016e+00
5.160844326019287109e+00
5.163259983062744141e+00
5.169809818267822266e+00
5.147049903869628906e+00
5.174521923065185547e+00
5.171103954315185547e+00
5.177745342254638672e+00
5.163112640380859375e+00
5.176689147949218750e+00
5.175128936767578125e+00
5.168961048126220703e+00
5.159153461456298828e+00
5.169328689575195312e+00
5.180083274841308594e+00
5.168394565582275391e+00
5.182192802429199219e+00
5.173329353332519531e+00
5.171249389648437500e+00
5.174454212188720703e+00
5.167435169219970703e+00
5.167137145996093750e+00
5.167342662811279297e+00
5.177876472473144531e+00
5.183499813079833984e+00
5.168369770050048828e+00
5.169949531555175781e+00
5.151918411254882812e+00
5.171754837036132812e+00
5.166355609893798828e+00
5.183670520782470703e+00
5.169157505035400391e+00
5.185040473937988281e+00
5.144197463989257812e+00
5.169785022735595703e+00
5.170104980468750000e+00
5.185440540313720703e+00
5.167083740234375000e+00
5.185276508331298828e+00
5.176373481750488281e+00
5.178147315979003906e+00
5.169342041015625000e+00
5.161728382110595703e+00
5.176126003265380859e+00
5.184653282165527344e+00
5.164125442504882812e+00
5.185185432434082031e+00
5.171435356140136719e+00
5.168768405914306641e+00
5.176555156707763672e+00
5.176266670227050781e+00
5.184436321258544922e+00
5.174251079559326172e+00
5.182356834411621094e+00
5.169731616973876953e+00
5.176086425781250000e+00
5.184572696685791016e+00
5.182828903198242188e+00
5.175415515899658203e+00
5.176246166229248047e+00
5.181339740753173828e+00
5.181093692779541016e+00
5.169408798217773438e+00
5.167831420898437500e+00
5.158686161041259766e+00
5.177886009216308594e+00
5.177638530731201172e+00
5.174113273620605469e+00
5.172914505004882812e+00
5.164834499359130859e+00
5.171631336212158203e+00
5.180209159851074219e+00
5.182011127471923828e+00
5.166645050048828125e+00
5.171953678131103516e+00
5.167399883270263672e+00
5.170325279235839844e+00
5.157232761383056641e+00
5.168913364410400391e+00
5.175877571105957031e+00
5.178222179412841797e+00
5.171496868133544922e+00
5.178694725036621094e+00
5.167697906494140625e+00
5.167796611785888672e+00
5.175242900848388672e+00
5.183894634246826172e+00
5.169490337371826172e+00
5.177160263061523438e+00
5.173630714416503906e+00
5.180890560150146484e+00
5.163998603820800781e+00
5.173774719238281250e+00
5.164928913116455078e+00
5.173761844635009766e+00
5.179780483245849609e+00
5.166691303253173828e+00
5.176944732666015625e+00
5.179344654083251953e+00
5.183771133422851562e+00
5.177625656127929688e+00
5.176532268524169922e+00
5.184681892395019531e+00
5.176348686218261719e+00
5.156498908996582031e+00
5.176769733428955078e+00
5.185910224914550781e+00
5.177363395690917969e+00
5.178189277648925781e+00
5.169463157653808594e+00
5.168080329895019531e+00
5.185086727142333984e+00
5.177812099456787109e+00
5.168529033660888672e+00
5.186460494995117188e+00
5.170027732849121094e+00
5.162671089172363281e+00
5.169013023376464844e+00
5.154234886169433594e+00
5.185841083526611328e+00
5.178057670593261719e+00
5.185064315795898438e+00
5.181244850158691406e+00
5.182801723480224609e+00
5.176894664764404297e+00
5.176516532897949219e+00
5.175947189331054688e+00
5.169167995452880859e+00
5.175920963287353516e+00
5.185164928436279297e+00
5.177542209625244141e+00
5.170042037963867188e+00
5.154445648193359375e+00
5.185667991638183594e+00
5.177873134613037109e+00
5.162332534790039062e+00
5.185732364654541016e+00
5.170093059539794922e+00
5.185555934906005859e+00
5.177670478820800781e+00
5.177583217620849609e+00
5.182752609252929688e+00
5.161995887756347656e+00
5.177980899810791016e+00
5.185760021209716797e+00
5.185770034790039062e+00
5.177950382232666016e+00
5.167966365814208984e+00
5.178110599517822266e+00
5.178459167480468750e+00
5.174121856689453125e+00
5.178009033203125000e+00
5.185693740844726562e+00
5.177990436553955078e+00
5.185810089111328125e+00
5.162373065948486328e+00
5.170171737670898438e+00
5.178005695343017578e+00
5.177997589111328125e+00
5.177998065948486328e+00
5.177998065948486328e+00
5.185810565948486328e+00
5.177998065948486328e+00
5.185810565948486328e+00
5.185810565948486328e+00
5.185810565948486328e+00
5.177998065948486328e+00
5.185811042785644531e+00
5.185810565948486328e+00
5.177998065948486328e+00
5.185810565948486328e+00
5.185810565948486328e+00
5.185810565948486328e+00
5.177998065948486328e+00
5.170185565948486328e+00
5.185810565948486328e+00
5.177998065948486328e+00
5.185810565948486328e+00
5.185810565948486328e+00
5.154558658599853516e+00
5.185810089111328125e+00
5.185810565948486328e+00
5.185810565948486328e+00
5.185809612274169922e+00
5.177974700927734375e+00
5.170185565948486328e+00
5.185810565948486328e+00
5.185810565948486328e+00
5.185810565948486328e+00
5.185808181762695312e+00
5.185810565948486328e+00
5.162373065948486328e+00
5.185810565948486328e+00
5.177998065948486328e+00
5.177998065948486328e+00
5.177996635437011719e+00
5.177998065948486328e+00
5.177998065948486328e+00
5.170185565948486328e+00
5.185810565948486328e+00
5.185811042785644531e+00
5.170162677764892578e+00
5.185810565948486328e+00
5.177998065948486328e+00
5.185810089111328125e+00
5.162371158599853516e+00
5.185810565948486328e+00
5.177998065948486328e+00
5.154560565948486328e+00
5.185811519622802734e+00
5.170185565948486328e+00
5.185811042785644531e+00
5.177998542785644531e+00
5.185810565948486328e+00
5.178002834320068359e+00
5.170185565948486328e+00
5.177996635437011719e+00
5.177998542785644531e+00
5.185805320739746094e+00
5.185807228088378906e+00
5.170185089111328125e+00
5.177952289581298828e+00
5.177983760833740234e+00
5.177975654602050781e+00
5.185809612274169922e+00
5.177984714508056641e+00
5.185780048370361328e+00
5.185790061950683594e+00
5.177913188934326172e+00
5.178006649017333984e+00
5.185926437377929688e+00
5.185751914978027344e+00
5.177999496459960938e+00
5.162374019622802734e+00
5.185791969299316406e+00
5.177853584289550781e+00
5.170990943908691406e+00
5.162373065948486328e+00
5.185810565948486328e+00
5.185810565948486328e+00
5.177998065948486328e+00
5.177998065948486328e+00
5.185798645019531250e+00
5.162373065948486328e+00
5.170185565948486328e+00
5.170185565948486328e+00
5.177998065948486328e+00
5.177998065948486328e+00
5.177998065948486328e+00
5.185810565948486328e+00
5.177998065948486328e+00
5.162373065948486328e+00
5.185810565948486328e+00
5.185810565948486328e+00
5.177998065948486328e+00
5.177998065948486328e+00
5.185810565948486328e+00
5.170185565948486328e+00
5.170185565948486328e+00
5.170185565948486328e+00
5.177998065948486328e+00
5.185810565948486328e+00
5.185810565948486328e+00
5.177998065948486328e+00
5.185810565948486328e+00
5.185810565948486328e+00
5.177998065948486328e+00
5.177998065948486328e+00
5.177998065948486328e+00
5.185810565948486328e+00
5.170185565948486328e+00
5.185810565948486328e+00
5.185810565948486328e+00
5.177998065948486328e+00
5.185810565948486328e+00
5.154560565948486328e+00
5.185810565948486328e+00
5.177998065948486328e+00
5.185810565948486328e+00
5.185810565948486328e+00
5.177998065948486328e+00
5.185810565948486328e+00
5.177998065948486328e+00
5.177998065948486328e+00
5.177998065948486328e+00
5.170185565948486328e+00
5.177998065948486328e+00
5.185810565948486328e+00
5.185810565948486328e+00
5.185810565948486328e+00
5.185810565948486328e+00
5.177998065948486328e+00
5.177998065948486328e+00
5.185810565948486328e+00
5.185810565948486328e+00
5.177998065948486328e+00
5.170185565948486328e+00
5.185810565948486328e+00
5.185810565948486328e+00
5.177998065948486328e+00
5.177998065948486328e+00
5.177998065948486328e+00
5.177998065948486328e+00
5.185810565948486328e+00
5.162373065948486328e+00
5.162373065948486328e+00
5.185810565948486328e+00
5.185810565948486328e+00
5.177998065948486328e+00
5.185810565948486328e+00
5.185810565948486328e+00
5.170185565948486328e+00
5.170185565948486328e+00
5.185810565948486328e+00
5.185810565948486328e+00
5.185810565948486328e+00
5.185810565948486328e+00
5.170185565948486328e+00
5.177998065948486328e+00
5.185810565948486328e+00
5.177998065948486328e+00
5.185810565948486328e+00
5.170185565948486328e+00
5.185810565948486328e+00
5.177998065948486328e+00
5.185810565948486328e+00
5.185810565948486328e+00
5.185810565948486328e+00
5.177998065948486328e+00
5.162373065948486328e+00
5.177998065948486328e+00
5.185810089111328125e+00
5.177998065948486328e+00
5.177998065948486328e+00
5.177998065948486328e+00
5.177998065948486328e+00
5.177998065948486328e+00
5.185810565948486328e+00
5.177998065948486328e+00
5.154560565948486328e+00
5.177998065948486328e+00
5.185810565948486328e+00
5.185810565948486328e+00
5.177998065948486328e+00
5.162373065948486328e+00
5.185810565948486328e+00
5.170185565948486328e+00
5.185810565948486328e+00
5.177998065948486328e+00
5.185810565948486328e+00
5.177998065948486328e+00
5.177998065948486328e+00
5.177998065948486328e+00
5.185810565948486328e+00
5.177998065948486328e+00
5.162373065948486328e+00
5.185810565948486328e+00
5.185810565948486328e+00
5.177998065948486328e+00
5.170185565948486328e+00
5.185810565948486328e+00
5.177998065948486328e+00
5.185810565948486328e+00
5.170185565948486328e+00
5.185810565948486328e+00
5.170185565948486328e+00
5.170185565948486328e+00
5.185810565948486328e+00
5.185810565948486328e+00
5.170185565948486328e+00
5.177998065948486328e+00
5.177998065948486328e+00
5.170185565948486328e+00
5.177998065948486328e+00
5.185810565948486328e+00
5.185810565948486328e+00
5.185810565948486328e+00
5.177998065948486328e+00
5.185810565948486328e+00
5.177998065948486328e+00
5.185810565948486328e+00
5.185810565948486328e+00
5.177998065948486328e+00
5.162373065948486328e+00
5.177998065948486328e+00
5.185810565948486328e+00
5.185810565948486328e+00
5.177998065948486328e+00
5.185810565948486328e+00
5.177998065948486328e+00
5.170185565948486328e+00
5.185810565948486328e+00
5.177998065948486328e+00
5.185810565948486328e+00
5.185810565948486328e+00
5.177998065948486328e+00
5.177998065948486328e+00
5.185810565948486328e+00
5.177998065948486328e+00
5.185810565948486328e+00
5.185810565948486328e+00
5.177998065948486328e+00
5.170164585113525391e+00
5.185810565948486328e+00
5.170185565948486328e+00
5.177998065948486328e+00
5.177998065948486328e+00
5.185810565948486328e+00
5.185810565948486328e+00
5.185810565948486328e+00
5.177998065948486328e+00
5.170185565948486328e+00
5.177998065948486328e+00
5.170185565948486328e+00
5.185810089111328125e+00
5.162373065948486328e+00
5.185810565948486328e+00
5.185810565948486328e+00
5.177998065948486328e+00
5.185810565948486328e+00
5.170185565948486328e+00
5.185810565948486328e+00
5.185810565948486328e+00
5.177998065948486328e+00
5.185802936553955078e+00
5.185817241668701172e+00
5.185810565948486328e+00
5.185810565948486328e+00
5.185810565948486328e+00
5.185810565948486328e+00
5.177998065948486328e+00
5.185810565948486328e+00
5.177998065948486328e+00
5.177998065948486328e+00
5.185810565948486328e+00
5.177998065948486328e+00
5.170185565948486328e+00
5.185810565948486328e+00
5.170185565948486328e+00
5.177998065948486328e+00
5.185810565948486328e+00
5.170185565948486328e+00
5.185810565948486328e+00
5.162373542785644531e+00
5.162373065948486328e+00
5.170185565948486328e+00
5.177998065948486328e+00
5.185810565948486328e+00
5.170185565948486328e+00
5.185810565948486328e+00
5.177998065948486328e+00
5.185810565948486328e+00
5.185810565948486328e+00
5.177998065948486328e+00
5.185810565948486328e+00
5.170185565948486328e+00
5.185810565948486328e+00
5.170185565948486328e+00
5.185810565948486328e+00
5.177998065948486328e+00
5.170185565948486328e+00
5.177998065948486328e+00
5.162373065948486328e+00
5.170185565948486328e+00
5.185810565948486328e+00
5.185810565948486328e+00
5.185810565948486328e+00
5.162373065948486328e+00
5.177998065948486328e+00
5.185810565948486328e+00
5.185810565948486328e+00
5.170185565948486328e+00
5.170185565948486328e+00
5.185810565948486328e+00
5.185810565948486328e+00
5.177998065948486328e+00
5.177998065948486328e+00
5.177998065948486328e+00
5.170185565948486328e+00
5.177998065948486328e+00
5.185721397399902344e+00
5.185810565948486328e+00
5.185810565948486328e+00
5.170185565948486328e+00
5.170185565948486328e+00
5.177998065948486328e+00
5.177998542785644531e+00
5.170185565948486328e+00
5.185810565948486328e+00
5.185811519622802734e+00
5.177997589111328125e+00
5.177998065948486328e+00
5.185810565948486328e+00
5.177998065948486328e+00
5.185810565948486328e+00
5.177998065948486328e+00
5.177998065948486328e+00
5.185810089111328125e+00
5.177998065948486328e+00
5.162385463714599609e+00
5.185811042785644531e+00
5.170185565948486328e+00
5.185811996459960938e+00
5.170185565948486328e+00
5.177998065948486328e+00
5.170185565948486328e+00
5.177998065948486328e+00
5.177998065948486328e+00
5.185810565948486328e+00
5.185810565948486328e+00
5.185810565948486328e+00
5.170122623443603516e+00
5.185810565948486328e+00
5.185810089111328125e+00
5.185810565948486328e+00
5.185809135437011719e+00
5.177998065948486328e+00
5.185810565948486328e+00
5.177998065948486328e+00
5.177998065948486328e+00
5.177995681762695312e+00
5.185810565948486328e+00
5.185810565948486328e+00
5.177993774414062500e+00
5.185810565948486328e+00
5.177998065948486328e+00
5.177999496459960938e+00
5.185810565948486328e+00
5.185808181762695312e+00
5.185810565948486328e+00
5.185810565948486328e+00
5.185810565948486328e+00
5.177998065948486328e+00
5.185815334320068359e+00
5.170185565948486328e+00
5.185810565948486328e+00
5.177558898925781250e+00
5.185817718505859375e+00
5.178010940551757812e+00
5.177997589111328125e+00
5.185793399810791016e+00
5.162312984466552734e+00
5.170187473297119141e+00
5.162394523620605469e+00
5.170199394226074219e+00
5.177926063537597656e+00
5.170261383056640625e+00
5.185841083526611328e+00
5.162382602691650391e+00
5.185858249664306641e+00
5.185811042785644531e+00
5.185804843902587891e+00
5.185688018798828125e+00
5.170183181762695312e+00
5.177998065948486328e+00
5.170216083526611328e+00
5.185915470123291016e+00
5.185841560363769531e+00
5.185758590698242188e+00
5.178040027618408203e+00
5.170155048370361328e+00
5.177964210510253906e+00
5.185756206512451172e+00
5.185848236083984375e+00
5.177998542785644531e+00
5.170160770416259766e+00
5.185762405395507812e+00
5.162390708923339844e+00
5.185821533203125000e+00
5.177985191345214844e+00
5.162353992462158203e+00
5.178019046783447266e+00
5.177887916564941406e+00
5.177904605865478516e+00
5.185844421386718750e+00
5.177962303161621094e+00
5.170123100280761719e+00
5.177567958831787109e+00
5.170002937316894531e+00
5.174933433532714844e+00
5.178083896636962891e+00
5.177934646606445312e+00
5.186105251312255859e+00
5.177764892578125000e+00
5.178153991699218750e+00
5.185409545898437500e+00
5.177678585052490234e+00
5.176609992980957031e+00
5.180184841156005859e+00
5.176676750183105469e+00
5.184775829315185547e+00
5.177216053009033203e+00
5.179413318634033203e+00
5.185450077056884766e+00
5.185333251953125000e+00
5.184275627136230469e+00
5.185176849365234375e+00
5.169956207275390625e+00
5.161011219024658203e+00
5.164463520050048828e+00
5.184632778167724609e+00
5.177170753479003906e+00
5.174247741699218750e+00
5.171309947967529297e+00
5.183159828186035156e+00
5.186044692993164062e+00
5.161169528961181641e+00
5.177166938781738281e+00
5.182925701141357422e+00
5.178002834320068359e+00
5.158710002899169922e+00
5.177536010742187500e+00
5.156064033508300781e+00
5.162206649780273438e+00
5.177719116210937500e+00
5.178784847259521484e+00
5.168752193450927734e+00
5.162261009216308594e+00
5.170137405395507812e+00
5.177517890930175781e+00
5.178165435791015625e+00
5.170501708984375000e+00
5.178178310394287109e+00
5.185611724853515625e+00
5.161921024322509766e+00
5.185853481292724609e+00
5.170496940612792969e+00
5.169797897338867188e+00
5.178190708160400391e+00
5.159800529479980469e+00
5.170261383056640625e+00
5.154559612274169922e+00
5.185976982116699219e+00
5.170045375823974609e+00
5.177880287170410156e+00
5.185853481292724609e+00
5.182602405548095703e+00
5.170218467712402344e+00
5.185809612274169922e+00
5.185784339904785156e+00
5.177631855010986328e+00
5.170273780822753906e+00
5.165503978729248047e+00
5.178016185760498047e+00
5.185849189758300781e+00
5.178110122680664062e+00
5.162471771240234375e+00
5.177983283996582031e+00
5.178049087524414062e+00
5.170218467712402344e+00
5.162365436553955078e+00
5.185811996459960938e+00
5.170185565948486328e+00
5.185810565948486328e+00
5.170185565948486328e+00
5.185810565948486328e+00
5.170185565948486328e+00
5.185810565948486328e+00
5.170185565948486328e+00
5.177998065948486328e+00
5.185810565948486328e+00
5.170185565948486328e+00
5.185810565948486328e+00
5.177998065948486328e+00
5.177998065948486328e+00
5.177998065948486328e+00
5.177998065948486328e+00
5.185810565948486328e+00
5.177998065948486328e+00
5.185810565948486328e+00
5.170185565948486328e+00
5.170185565948486328e+00
5.185810565948486328e+00
5.170185565948486328e+00
5.177998065948486328e+00
5.162373065948486328e+00
5.177998065948486328e+00
5.170185565948486328e+00
5.177998065948486328e+00
5.170185565948486328e+00
5.170185565948486328e+00
5.170185565948486328e+00
5.170185565948486328e+00
5.185810565948486328e+00
5.185810565948486328e+00
5.170185565948486328e+00
5.177998065948486328e+00
5.162373065948486328e+00
5.154560565948486328e+00
5.170185565948486328e+00
5.177998065948486328e+00
5.177998065948486328e+00
5.177998065948486328e+00
5.185810565948486328e+00
5.177998065948486328e+00
5.170185565948486328e+00
5.170185565948486328e+00
5.170185565948486328e+00
5.185810565948486328e+00
5.185810565948486328e+00
5.177998065948486328e+00
5.154560565948486328e+00
5.154560565948486328e+00
5.177998065948486328e+00
5.177998065948486328e+00
5.170185565948486328e+00
5.177998065948486328e+00
5.162373065948486328e+00
5.177998065948486328e+00
5.170185565948486328e+00
5.154560565948486328e+00
5.177998065948486328e+00
5.177998065948486328e+00
5.185810565948486328e+00
5.162373065948486328e+00
5.185810565948486328e+00
5.170185565948486328e+00
5.177998065948486328e+00
5.177998065948486328e+00
5.177998065948486328e+00
5.185810565948486328e+00
5.185810565948486328e+00
5.170185565948486328e+00
5.177998065948486328e+00
5.138935565948486328e+00
5.162373065948486328e+00
5.177998065948486328e+00
5.185810565948486328e+00
5.185810565948486328e+00
5.170185565948486328e+00
5.185810565948486328e+00
5.170185565948486328e+00
5.170185565948486328e+00
5.177998065948486328e+00
5.185810565948486328e+00
5.177998065948486328e+00
5.170185565948486328e+00
5.170185565948486328e+00
5.162373065948486328e+00
5.177998065948486328e+00
5.185810565948486328e+00
5.185810565948486328e+00
5.177998065948486328e+00
5.185810565948486328e+00
5.185810565948486328e+00
5.177998065948486328e+00
5.170185565948486328e+00
5.170185565948486328e+00
5.177998065948486328e+00
5.177998065948486328e+00
5.177998065948486328e+00
5.170185565948486328e+00
5.162373065948486328e+00
5.170185565948486328e+00
5.170185565948486328e+00
5.154560565948486328e+00
5.177998065948486328e+00
5.177998065948486328e+00
5.162373065948486328e+00
5.185810565948486328e+00
5.162373065948486328e+00
5.177998065948486328e+00
5.177998065948486328e+00
5.185810565948486328e+00
5.162373065948486328e+00
5.177998065948486328e+00
5.185810565948486328e+00
5.185810565948486328e+00
5.185810565948486328e+00
5.162373065948486328e+00
5.185810565948486328e+00
5.170185565948486328e+00
5.170185565948486328e+00
5.177998065948486328e+00
5.177998065948486328e+00
5.162373065948486328e+00
5.162373065948486328e+00
5.162373065948486328e+00
5.177998065948486328e+00
5.170185565948486328e+00
5.170185565948486328e+00
5.177998065948486328e+00
5.177998065948486328e+00
5.177998065948486328e+00
5.177998065948486328e+00
5.170185565948486328e+00
5.177998065948486328e+00
5.185810565948486328e+00
5.170185565948486328e+00
5.185810565948486328e+00
5.170185565948486328e+00
5.170185565948486328e+00
5.177998065948486328e+00
5.170185565948486328e+00
5.177998065948486328e+00
5.177998065948486328e+00
5.177998065948486328e+00
5.177998065948486328e+00
5.185810565948486328e+00
5.177998065948486328e+00
5.185810565948486328e+00
5.177998065948486328e+00
5.170185565948486328e+00
5.170185565948486328e+00
5.177998065948486328e+00
5.170185565948486328e+00
5.185810565948486328e+00
5.177998065948486328e+00
5.185810565948486328e+00
5.170185565948486328e+00
5.154560565948486328e+00
5.185810565948486328e+00
5.177998065948486328e+00
5.177998065948486328e+00
5.170185565948486328e+00
5.177998065948486328e+00
5.162373065948486328e+00
5.177998065948486328e+00
5.177998065948486328e+00
5.177998065948486328e+00
5.185810565948486328e+00
5.177998065948486328e+00
5.177998065948486328e+00
5.177998065948486328e+00
5.177998065948486328e+00
5.185810565948486328e+00
5.177998065948486328e+00
5.170185565948486328e+00
5.154560565948486328e+00
5.185810565948486328e+00
5.177998065948486328e+00
5.177998065948486328e+00
5.185810565948486328e+00
5.185810565948486328e+00
5.177998065948486328e+00
5.185810565948486328e+00
5.177998065948486328e+00
5.162373065948486328e+00
5.185810565948486328e+00
5.170185565948486328e+00
5.177998065948486328e+00
5.162373065948486328e+00
5.170185565948486328e+00
5.162373065948486328e+00
5.154560565948486328e+00
5.185810565948486328e+00
5.185810565948486328e+00
5.177998065948486328e+00
5.170185565948486328e+00
5.154560565948486328e+00
5.185810565948486328e+00
5.185810565948486328e+00
5.162373065948486328e+00
5.170185565948486328e+00
5.185810565948486328e+00
5.170185565948486328e+00
5.177998065948486328e+00
5.185810565948486328e+00
5.177998065948486328e+00
5.177998065948486328e+00
5.170185565948486328e+00
5.177998065948486328e+00
5.185810565948486328e+00
5.170185565948486328e+00
5.177998065948486328e+00
5.162373065948486328e+00
5.177998065948486328e+00
5.170185565948486328e+00
5.170185565948486328e+00
5.185810565948486328e+00
5.177998065948486328e+00
5.170185565948486328e+00
5.170185565948486328e+00
5.185810565948486328e+00
5.185810565948486328e+00
5.154560565948486328e+00
5.177998065948486328e+00
5.177998065948486328e+00
5.170185565948486328e+00
5.154560565948486328e+00
5.170185565948486328e+00
5.177998065948486328e+00
5.177998065948486328e+00
5.185810565948486328e+00
5.185810565948486328e+00
5.154560565948486328e+00
5.177998065948486328e+00
5.185810565948486328e+00
5.185810565948486328e+00
5.162373065948486328e+00
5.170185565948486328e+00
5.154560565948486328e+00
5.177998065948486328e+00
5.177998065948486328e+00
5.170185565948486328e+00
5.185810565948486328e+00
5.170185565948486328e+00
5.162373065948486328e+00
5.185810565948486328e+00
5.185810565948486328e+00
5.177998065948486328e+00
5.170185565948486328e+00
5.185810565948486328e+00
5.177998065948486328e+00
5.170185565948486328e+00
5.185810565948486328e+00
5.177998065948486328e+00
5.170185565948486328e+00
5.170185565948486328e+00
5.170185565948486328e+00
5.162373065948486328e+00
5.185810565948486328e+00
5.162373065948486328e+00
5.177998065948486328e+00
5.154560565948486328e+00
5.162373065948486328e+00
5.170185565948486328e+00
5.185810565948486328e+00
5.170185565948486328e+00
5.177998065948486328e+00
5.185810565948486328e+00
5.177998065948486328e+00
5.170185565948486328e+00
5.185810565948486328e+00
5.185810565948486328e+00
5.162373065948486328e+00
5.162373065948486328e+00
5.177998065948486328e+00
5.177998065948486328e+00
5.185810565948486328e+00
5.177998065948486328e+00
5.177998065948486328e+00
5.170185565948486328e+00
5.177998065948486328e+00
5.170185565948486328e+00
5.170185565948486328e+00
5.177998065948486328e+00
5.177998065948486328e+00
5.170185565948486328e+00
5.170185565948486328e+00
5.177998065948486328e+00
5.170185565948486328e+00
5.170185565948486328e+00
5.162373065948486328e+00
5.170185565948486328e+00
5.185810565948486328e+00
5.185810565948486328e+00
5.177998065948486328e+00
5.177998065948486328e+00
5.185810565948486328e+00
5.177998065948486328e+00
5.170185565948486328e+00
5.185810565948486328e+00
5.185810565948486328e+00
5.170185565948486328e+00
5.170185565948486328e+00
5.185810565948486328e+00
5.177998065948486328e+00
5.185810565948486328e+00
5.177998065948486328e+00
5.177998065948486328e+00
5.185810565948486328e+00
5.177998065948486328e+00
5.177998065948486328e+00
5.177998065948486328e+00
5.185810565948486328e+00
5.170185565948486328e+00
5.185810565948486328e+00
5.185810565948486328e+00
5.185810565948486328e+00
5.177998065948486328e+00
5.177998065948486328e+00
5.177998065948486328e+00
5.170185565948486328e+00
5.177998065948486328e+00
5.170185565948486328e+00
5.185810565948486328e+00
5.170185565948486328e+00
5.185810565948486328e+00
5.185810565948486328e+00
5.177998065948486328e+00
5.170185565948486328e+00
5.177998065948486328e+00
5.177998065948486328e+00
5.185810565948486328e+00
5.170185565948486328e+00
5.177998065948486328e+00
5.154560565948486328e+00
5.185810565948486328e+00
5.177998065948486328e+00
5.177998065948486328e+00
5.138935565948486328e+00
5.154560565948486328e+00
5.185810565948486328e+00
5.162373065948486328e+00
5.185810565948486328e+00
5.177998065948486328e+00
5.185810565948486328e+00
5.170185565948486328e+00
5.177998065948486328e+00
5.170185565948486328e+00
5.185810565948486328e+00
5.162373065948486328e+00
5.185810565948486328e+00
5.185810565948486328e+00
5.154560565948486328e+00
5.170185565948486328e+00
5.170185565948486328e+00
5.177998065948486328e+00
5.162373065948486328e+00
5.170185565948486328e+00
5.185810565948486328e+00
5.170185565948486328e+00
5.154560565948486328e+00
5.170185565948486328e+00
5.185810565948486328e+00
5.170185565948486328e+00
5.162373065948486328e+00
5.185810565948486328e+00
5.170185565948486328e+00
5.185810565948486328e+00
5.177998065948486328e+00
5.177998065948486328e+00
5.162373065948486328e+00
5.170185565948486328e+00
5.177998065948486328e+00
5.185810565948486328e+00
5.185810565948486328e+00
5.170185565948486328e+00
5.177998065948486328e+00
5.170185565948486328e+00
5.177998065948486328e+00
5.177998065948486328e+00
5.185810565948486328e+00
5.177998065948486328e+00
5.170185565948486328e+00
5.185810565948486328e+00
5.185810565948486328e+00
5.170185565948486328e+00
5.170185565948486328e+00
5.177998065948486328e+00
5.170185565948486328e+00
5.170185565948486328e+00
5.185810565948486328e+00
5.170185565948486328e+00
5.170185565948486328e+00
5.170185565948486328e+00
5.162373065948486328e+00
5.185810565948486328e+00
5.185810565948486328e+00
5.162373065948486328e+00
5.170185565948486328e+00
5.177998065948486328e+00
5.185810565948486328e+00
5.177998065948486328e+00
5.154560565948486328e+00
5.170185565948486328e+00
5.162373065948486328e+00
5.177998065948486328e+00
5.177998065948486328e+00
5.170185565948486328e+00
5.170185565948486328e+00
5.177998065948486328e+00
5.170185565948486328e+00
5.170185565948486328e+00
5.177998065948486328e+00
5.177998065948486328e+00
5.162373065948486328e+00
5.177998065948486328e+00
5.185810565948486328e+00
5.185810565948486328e+00
5.177998065948486328e+00
5.170185565948486328e+00
5.177998065948486328e+00
5.170185565948486328e+00
5.170185565948486328e+00
5.170185565948486328e+00
5.185810565948486328e+00
5.170185565948486328e+00
5.185810565948486328e+00
5.177998065948486328e+00
5.177998065948486328e+00
5.185810565948486328e+00
5.177998065948486328e+00
5.185810565948486328e+00
5.185810565948486328e+00
5.177998065948486328e+00
5.170185565948486328e+00
5.185810565948486328e+00
5.162373065948486328e+00
5.177998065948486328e+00
5.170185565948486328e+00
5.146748065948486328e+00
5.170185565948486328e+00
5.154560565948486328e+00
5.177998065948486328e+00
5.170185565948486328e+00
5.170185565948486328e+00
5.177998065948486328e+00
5.177998065948486328e+00
5.185810565948486328e+00
5.177998065948486328e+00
5.177998065948486328e+00
5.185810565948486328e+00
5.185810565948486328e+00
5.185810565948486328e+00
5.162373065948486328e+00
5.170185565948486328e+00
5.170185565948486328e+00
5.162373065948486328e+00
5.177998065948486328e+00
5.177998065948486328e+00
5.185810565948486328e+00
5.170185565948486328e+00
5.177998065948486328e+00
5.170185565948486328e+00
5.177998065948486328e+00
5.177998065948486328e+00
5.170185565948486328e+00
5.177998065948486328e+00
5.177998065948486328e+00
5.170185565948486328e+00
5.170185565948486328e+00
5.177998065948486328e+00
5.185810565948486328e+00
5.177998065948486328e+00
5.177998065948486328e+00
5.177998065948486328e+00
5.185810565948486328e+00
5.170185565948486328e+00
5.170185565948486328e+00
5.177998065948486328e+00
5.162373065948486328e+00
5.185810565948486328e+00
5.185810565948486328e+00
5.177998065948486328e+00
5.170185565948486328e+00
5.162373065948486328e+00
5.185810565948486328e+00
5.177998065948486328e+00
5.162373065948486328e+00
5.170185565948486328e+00
5.177998065948486328e+00
5.185810565948486328e+00
5.185810565948486328e+00
5.154560565948486328e+00
5.170185565948486328e+00
5.177998065948486328e+00
5.185810565948486328e+00
5.177998065948486328e+00
5.185810565948486328e+00
5.177998065948486328e+00
5.177998065948486328e+00
5.177998065948486328e+00
5.170185565948486328e+00
5.170185565948486328e+00
5.162373065948486328e+00
5.185810565948486328e+00
5.177998065948486328e+00
5.177998065948486328e+00
5.177998065948486328e+00
5.177998065948486328e+00
5.162373065948486328e+00
5.177998065948486328e+00
5.162373065948486328e+00
5.170185565948486328e+00
5.185810565948486328e+00
5.185810565948486328e+00
5.177998065948486328e+00
5.177998065948486328e+00
5.170185565948486328e+00
5.170185565948486328e+00
5.177998065948486328e+00
5.162373065948486328e+00
5.177998065948486328e+00
5.162373065948486328e+00
5.170185565948486328e+00
5.177998065948486328e+00
5.170185565948486328e+00
5.177998065948486328e+00
5.177998065948486328e+00
5.185810565948486328e+00
5.177998065948486328e+00
5.177998065948486328e+00
5.185810565948486328e+00
5.177998065948486328e+00
5.185810565948486328e+00
5.170185565948486328e+00
5.177998065948486328e+00
5.185810565948486328e+00
5.177998065948486328e+00
5.162373065948486328e+00
5.185810565948486328e+00
5.154560565948486328e+00
5.185810565948486328e+00
5.170185565948486328e+00
5.185810565948486328e+00
5.177998065948486328e+00
5.162373065948486328e+00
5.177998065948486328e+00
5.177998065948486328e+00
5.177998065948486328e+00
5.185810565948486328e+00
5.170185565948486328e+00
5.170185565948486328e+00
5.185810565948486328e+00
5.177998065948486328e+00
5.177998065948486328e+00
5.154560565948486328e+00
5.170185565948486328e+00
5.177998065948486328e+00
5.177998065948486328e+00
5.177998065948486328e+00
5.185810565948486328e+00
5.177998065948486328e+00
5.177998065948486328e+00
5.177998065948486328e+00
5.177998065948486328e+00
5.177998065948486328e+00
5.170185565948486328e+00
5.185810565948486328e+00
5.177998065948486328e+00
5.162373065948486328e+00
5.185810565948486328e+00
5.162373065948486328e+00
5.177998065948486328e+00
5.185810565948486328e+00
5.177998065948486328e+00
5.177998065948486328e+00
5.177998065948486328e+00
5.177998065948486328e+00
5.185810565948486328e+00
5.170185565948486328e+00
5.154560565948486328e+00
5.170185565948486328e+00
5.177998065948486328e+00
5.185810565948486328e+00
5.177998065948486328e+00
5.170185565948486328e+00
5.154560565948486328e+00
5.170185565948486328e+00
5.162373065948486328e+00
5.177998065948486328e+00
5.170185565948486328e+00
5.177998065948486328e+00
5.170185565948486328e+00
5.154560565948486328e+00
5.170185565948486328e+00
5.185810565948486328e+00
5.177998065948486328e+00
5.177998065948486328e+00
5.185810565948486328e+00
5.185810565948486328e+00
5.162373065948486328e+00
5.185810565948486328e+00
5.177998065948486328e+00
5.170185565948486328e+00
5.177998065948486328e+00
5.170185565948486328e+00
5.177998065948486328e+00
5.162373065948486328e+00
5.185810565948486328e+00
5.185810565948486328e+00
5.170185565948486328e+00
5.177998065948486328e+00
5.162373065948486328e+00
5.154560565948486328e+00
5.185810565948486328e+00
5.170185565948486328e+00
5.170185565948486328e+00
5.177998065948486328e+00
5.177998065948486328e+00
5.177998065948486328e+00
5.177998065948486328e+00
5.170185565948486328e+00
5.170185565948486328e+00
5.177998065948486328e+00
5.185810565948486328e+00
5.177998065948486328e+00
5.185810565948486328e+00
5.162373065948486328e+00
5.170185565948486328e+00
5.170185565948486328e+00
5.177998065948486328e+00
5.162373065948486328e+00
5.177998065948486328e+00
5.185810565948486328e+00
5.170185565948486328e+00
5.154560565948486328e+00
5.185810565948486328e+00
5.162373065948486328e+00
5.185810565948486328e+00
5.177998065948486328e+00
5.170185565948486328e+00
5.162373065948486328e+00
5.185810565948486328e+00
5.177998065948486328e+00
5.170185565948486328e+00
5.177998065948486328e+00
5.170185565948486328e+00
5.177998065948486328e+00
5.154560565948486328e+00
5.177998065948486328e+00
5.170185565948486328e+00
5.162373065948486328e+00
5.177998065948486328e+00
5.177998065948486328e+00
5.162373065948486328e+00
5.177998065948486328e+00
5.177998065948486328e+00
5.177998065948486328e+00
5.177998065948486328e+00
5.185810565948486328e+00
5.170185565948486328e+00
5.170185565948486328e+00
5.170185565948486328e+00
5.177998065948486328e+00
5.162373065948486328e+00
5.170185565948486328e+00
5.185810565948486328e+00
5.170185565948486328e+00
5.177998065948486328e+00
5.177998065948486328e+00
5.177998065948486328e+00
5.177998065948486328e+00
5.177998065948486328e+00
5.154560565948486328e+00
5.177998065948486328e+00
5.177998065948486328e+00
5.170185565948486328e+00
5.170185565948486328e+00
5.185810565948486328e+00
5.170185565948486328e+00
5.177998065948486328e+00
5.185810565948486328e+00
5.146748065948486328e+00
5.177998065948486328e+00
5.185810565948486328e+00
5.170185565948486328e+00
5.177998065948486328e+00
5.170185565948486328e+00
5.185810565948486328e+00
5.177998065948486328e+00
5.170185565948486328e+00
5.177998065948486328e+00
5.185810565948486328e+00
5.177998065948486328e+00
5.177998065948486328e+00
5.154560565948486328e+00
5.177998065948486328e+00
5.170185565948486328e+00
5.177998065948486328e+00
5.177998065948486328e+00
5.170185565948486328e+00
5.185810565948486328e+00
5.170185565948486328e+00
5.177998065948486328e+00
5.185810565948486328e+00
5.170185565948486328e+00
5.177998065948486328e+00
5.185810565948486328e+00
5.185810565948486328e+00
5.177998065948486328e+00
5.170185565948486328e+00
5.170185565948486328e+00
5.177998065948486328e+00
5.185810565948486328e+00
5.185810565948486328e+00
5.177998065948486328e+00
5.177998065948486328e+00
5.185810565948486328e+00
5.185810565948486328e+00
5.170185565948486328e+00
5.162373065948486328e+00
5.185810565948486328e+00
5.185810565948486328e+00
5.170185565948486328e+00
5.170185565948486328e+00
5.177998065948486328e+00
5.154560565948486328e+00
5.185810565948486328e+00
5.185810565948486328e+00
5.170185565948486328e+00
5.162373065948486328e+00
5.170185565948486328e+00
5.177998065948486328e+00
5.170185565948486328e+00
5.177998065948486328e+00
5.177998065948486328e+00
5.185810565948486328e+00
5.177998065948486328e+00
5.170185565948486328e+00
5.185810565948486328e+00
5.162373065948486328e+00
5.177998065948486328e+00
5.177998065948486328e+00
5.177998065948486328e+00
5.177998065948486328e+00
5.170185565948486328e+00
5.177998065948486328e+00
5.177998065948486328e+00
5.177998065948486328e+00
5.170185565948486328e+00
5.185810565948486328e+00
5.185810565948486328e+00
5.162373065948486328e+00
5.170185565948486328e+00
5.162373065948486328e+00
5.177998065948486328e+00
5.177998065948486328e+00
5.177998065948486328e+00
5.185810565948486328e+00
5.177998065948486328e+00
5.170185565948486328e+00
5.162373065948486328e+00
5.177998065948486328e+00
5.177998065948486328e+00
5.185810565948486328e+00
5.177998065948486328e+00
5.185810565948486328e+00
5.177998065948486328e+00
5.170185565948486328e+00
5.162373065948486328e+00
5.185810565948486328e+00
5.185810565948486328e+00
5.162373065948486328e+00
5.177998065948486328e+00
5.170185565948486328e+00
5.162373065948486328e+00
5.177998065948486328e+00
5.185810565948486328e+00
5.177998065948486328e+00
5.162373065948486328e+00
5.170185565948486328e+00
5.177998065948486328e+00
5.154560565948486328e+00
5.185810565948486328e+00
5.162373065948486328e+00
5.185810565948486328e+00
5.177998065948486328e+00
5.170185565948486328e+00
5.170185565948486328e+00
5.162373065948486328e+00
5.170185565948486328e+00
5.177998065948486328e+00
5.162373065948486328e+00
5.185810565948486328e+00
5.177998065948486328e+00
5.185810565948486328e+00
5.162373065948486328e+00
5.177998065948486328e+00
5.170185565948486328e+00
5.162373065948486328e+00
5.185810565948486328e+00
5.170185565948486328e+00
5.170185565948486328e+00
5.185810565948486328e+00
5.185810565948486328e+00
5.170185565948486328e+00
5.177998065948486328e+00
5.170185565948486328e+00
5.185810565948486328e+00
5.177998065948486328e+00
5.170185565948486328e+00
5.177998065948486328e+00
5.162373065948486328e+00
5.162373065948486328e+00
5.185810565948486328e+00
5.177998065948486328e+00
5.177998065948486328e+00
5.177998065948486328e+00
5.177998065948486328e+00
5.185810565948486328e+00
5.162373065948486328e+00
5.177998065948486328e+00
5.185810565948486328e+00
5.185810565948486328e+00
5.185810565948486328e+00
5.170185565948486328e+00
5.177998065948486328e+00
5.170185565948486328e+00
5.162373065948486328e+00
5.185810565948486328e+00
5.177998065948486328e+00
5.177998065948486328e+00
5.177998065948486328e+00
5.170185565948486328e+00
5.162373065948486328e+00
5.177998065948486328e+00
5.154560565948486328e+00
5.170185565948486328e+00
5.177998065948486328e+00
5.185810565948486328e+00
5.185810565948486328e+00
5.177998065948486328e+00
5.177998065948486328e+00
5.177998065948486328e+00
5.185810565948486328e+00
5.177998065948486328e+00
5.170185565948486328e+00
5.162373065948486328e+00
5.185810565948486328e+00
5.162373065948486328e+00
5.185810565948486328e+00
5.162373065948486328e+00
5.162373065948486328e+00
5.185810565948486328e+00
5.185810565948486328e+00
5.185810565948486328e+00
5.154560565948486328e+00
5.170185565948486328e+00
5.177998065948486328e+00
5.185810565948486328e+00
5.170185565948486328e+00
5.185810565948486328e+00
5.185810565948486328e+00
5.185810565948486328e+00
5.177998065948486328e+00
5.170185565948486328e+00
5.185810565948486328e+00
5.177998065948486328e+00
5.170185565948486328e+00
5.154560565948486328e+00
5.177998065948486328e+00
5.162373065948486328e+00
5.170185565948486328e+00
5.185810565948486328e+00
5.170185565948486328e+00
5.170185565948486328e+00
5.170185565948486328e+00
5.162373065948486328e+00
5.170185565948486328e+00
5.146748065948486328e+00
5.185810565948486328e+00
5.177998065948486328e+00
5.177998065948486328e+00
5.177998065948486328e+00
5.177998065948486328e+00
5.177998065948486328e+00
5.177998065948486328e+00
5.170185565948486328e+00
5.177998065948486328e+00
5.177998065948486328e+00
5.185810565948486328e+00
5.185810565948486328e+00
5.177998065948486328e+00
5.177998065948486328e+00
5.185810565948486328e+00
5.170185565948486328e+00
5.185810565948486328e+00
5.185810565948486328e+00
5.170185565948486328e+00
5.177998065948486328e+00
5.177998065948486328e+00
5.162373065948486328e+00
5.177998065948486328e+00
5.162373065948486328e+00
5.162373065948486328e+00
5.177998065948486328e+00
5.185810565948486328e+00
5.177998065948486328e+00
5.177998065948486328e+00
5.162373065948486328e+00
5.185810565948486328e+00
5.170185565948486328e+00
5.185810565948486328e+00
5.177998065948486328e+00
5.162373065948486328e+00
5.177998065948486328e+00
5.177998065948486328e+00
5.185810565948486328e+00
5.177998065948486328e+00
5.185810565948486328e+00
5.177998065948486328e+00
5.185810565948486328e+00
5.185810565948486328e+00
5.177998065948486328e+00
5.162373065948486328e+00
5.162373065948486328e+00
5.177998065948486328e+00
5.170185565948486328e+00
5.177998065948486328e+00
5.170185565948486328e+00
5.154560565948486328e+00
5.185810565948486328e+00
5.170185565948486328e+00
5.170185565948486328e+00
5.170185565948486328e+00
5.177998065948486328e+00
5.185810565948486328e+00
5.185810565948486328e+00
5.170185565948486328e+00
5.185810565948486328e+00
5.185810565948486328e+00
5.170185565948486328e+00
5.177998065948486328e+00
5.185810565948486328e+00
5.170185565948486328e+00
5.162373065948486328e+00
5.185810565948486328e+00
5.177998065948486328e+00
5.154560565948486328e+00
5.170185565948486328e+00
5.154560565948486328e+00
5.170185565948486328e+00
5.146748065948486328e+00
5.185810565948486328e+00
5.162373065948486328e+00
5.170185565948486328e+00
5.170185565948486328e+00
5.170185565948486328e+00
5.177998065948486328e+00
5.177998065948486328e+00
5.170185565948486328e+00
5.177998065948486328e+00
5.185810565948486328e+00
5.177998065948486328e+00
5.177998065948486328e+00
5.185810565948486328e+00
5.177998065948486328e+00
5.177998065948486328e+00
5.170185565948486328e+00
5.170185565948486328e+00
5.185810565948486328e+00
5.185810565948486328e+00
5.170185565948486328e+00
5.177998065948486328e+00
5.162373065948486328e+00
5.170185565948486328e+00
5.177998065948486328e+00
5.185810565948486328e+00
5.170185565948486328e+00
5.170185565948486328e+00
5.185810565948486328e+00
5.177998065948486328e+00
5.185810565948486328e+00
5.185810565948486328e+00
5.177998065948486328e+00
5.170185565948486328e+00
5.177998065948486328e+00
5.177998065948486328e+00
5.170185565948486328e+00
5.185810565948486328e+00
5.170185565948486328e+00
5.177998065948486328e+00
5.170185565948486328e+00
5.177998065948486328e+00
5.162373065948486328e+00
5.162373065948486328e+00
5.185810565948486328e+00
5.185810565948486328e+00
5.154560565948486328e+00
5.185810565948486328e+00
5.185810565948486328e+00
5.170185565948486328e+00
5.185810565948486328e+00
5.154560565948486328e+00
5.177998065948486328e+00
5.185810565948486328e+00
5.177998065948486328e+00
5.177998065948486328e+00
5.177998065948486328e+00
5.185810565948486328e+00
5.162373065948486328e+00
5.177998065948486328e+00
5.146748065948486328e+00
5.177998065948486328e+00
5.170185565948486328e+00
5.185810565948486328e+00
5.170185565948486328e+00
5.177998065948486328e+00
5.162373065948486328e+00
5.170185565948486328e+00
5.185810565948486328e+00
5.170185565948486328e+00
5.185810565948486328e+00
5.177998065948486328e+00
5.177998065948486328e+00
5.177998065948486328e+00
5.177998065948486328e+00
5.185810565948486328e+00
5.170185565948486328e+00
5.177998065948486328e+00
5.177998065948486328e+00
5.185810565948486328e+00
5.177998065948486328e+00
5.170185565948486328e+00
5.170185565948486328e+00
5.185810565948486328e+00
5.177998065948486328e+00
5.185810565948486328e+00
5.177998065948486328e+00
5.162373065948486328e+00
5.177998065948486328e+00
5.154560565948486328e+00
5.177998065948486328e+00
5.185810565948486328e+00
5.177998065948486328e+00
5.177998065948486328e+00
5.177998065948486328e+00
5.185810565948486328e+00
5.185810565948486328e+00
5.177998065948486328e+00
5.177998065948486328e+00
5.170185565948486328e+00
5.185810565948486328e+00
5.177998065948486328e+00
5.177998065948486328e+00
5.185810565948486328e+00
5.170185565948486328e+00
5.185810565948486328e+00
5.185810565948486328e+00
5.170185565948486328e+00
5.170185565948486328e+00
5.170185565948486328e+00
5.154560565948486328e+00
5.170185565948486328e+00
5.170185565948486328e+00
5.177998065948486328e+00
5.170185565948486328e+00
5.185810565948486328e+00
5.185810565948486328e+00
5.170185565948486328e+00
5.170185565948486328e+00
5.185810565948486328e+00
5.170185565948486328e+00
5.177998065948486328e+00
5.177998065948486328e+00
5.177998065948486328e+00
5.170185565948486328e+00
5.177998065948486328e+00
5.170185565948486328e+00
5.162373065948486328e+00
5.177998065948486328e+00
5.177998065948486328e+00
5.170185565948486328e+00
5.185810565948486328e+00
5.177998065948486328e+00
5.170185565948486328e+00
5.185810565948486328e+00
5.185810565948486328e+00
5.177998065948486328e+00
5.170185565948486328e+00
5.162373065948486328e+00
5.177998065948486328e+00
5.154560565948486328e+00
5.185810565948486328e+00
5.177998065948486328e+00
5.162373065948486328e+00
5.170185565948486328e+00
5.162373065948486328e+00
5.146748065948486328e+00
5.177998065948486328e+00
5.185810565948486328e+00
5.170185565948486328e+00
5.170185565948486328e+00
5.170185565948486328e+00
5.162373065948486328e+00
5.177998065948486328e+00
5.170185565948486328e+00
5.177998065948486328e+00
5.177998065948486328e+00
5.185810565948486328e+00
5.170185565948486328e+00
5.177998065948486328e+00
5.177998065948486328e+00
5.177998065948486328e+00
5.170185565948486328e+00
5.177998065948486328e+00
5.170185565948486328e+00
5.162373065948486328e+00
5.185810565948486328e+00
5.170185565948486328e+00
5.170185565948486328e+00
5.185810565948486328e+00
5.170185565948486328e+00
5.185810565948486328e+00
5.170185565948486328e+00
5.162373065948486328e+00
5.162373065948486328e+00
5.162373065948486328e+00
5.185810565948486328e+00
5.162373065948486328e+00
5.177998065948486328e+00
5.185810565948486328e+00
5.185810565948486328e+00
5.170185565948486328e+00
5.154560565948486328e+00
5.177998065948486328e+00
5.162373065948486328e+00
5.185810565948486328e+00
5.185810565948486328e+00
5.177998065948486328e+00
5.177998065948486328e+00
5.185810565948486328e+00
5.177998065948486328e+00
5.185810565948486328e+00
5.170185565948486328e+00
5.170185565948486328e+00
5.177998065948486328e+00
5.162373065948486328e+00
5.177998065948486328e+00
5.185810565948486328e+00
5.170185565948486328e+00
5.177998065948486328e+00
5.177998065948486328e+00
5.177998065948486328e+00
5.177998065948486328e+00
5.170185565948486328e+00
5.170185565948486328e+00
5.177998065948486328e+00
5.185810565948486328e+00
5.162373065948486328e+00
5.177998065948486328e+00
5.177998065948486328e+00
5.177998065948486328e+00
5.170185565948486328e+00
5.185810565948486328e+00
5.185810565948486328e+00
5.177998065948486328e+00
5.177998065948486328e+00
5.177998065948486328e+00
5.185810565948486328e+00
5.177998065948486328e+00
5.185810565948486328e+00
5.177998065948486328e+00
5.177998065948486328e+00
5.154560565948486328e+00
5.185810565948486328e+00
5.177998065948486328e+00
5.162373065948486328e+00
5.170185565948486328e+00
5.154560565948486328e+00
5.162373065948486328e+00
5.185810565948486328e+00
5.170185565948486328e+00
5.170185565948486328e+00
5.185810565948486328e+00
5.170185565948486328e+00
5.185810565948486328e+00
5.185810565948486328e+00
5.177998065948486328e+00
5.170185565948486328e+00
5.185810565948486328e+00
5.177998065948486328e+00
5.185810565948486328e+00
5.177998065948486328e+00
5.162373065948486328e+00
5.177998065948486328e+00
5.177998065948486328e+00
5.177998065948486328e+00
5.170185565948486328e+00
5.177998065948486328e+00
5.177998065948486328e+00
5.177998065948486328e+00
5.177998065948486328e+00
5.170185565948486328e+00
5.154560565948486328e+00
5.162373065948486328e+00
5.170185565948486328e+00
5.177998065948486328e+00
5.177998065948486328e+00
5.177998065948486328e+00
5.170185565948486328e+00
5.154560565948486328e+00
5.177998065948486328e+00
5.177998065948486328e+00
5.170185565948486328e+00
5.162373065948486328e+00
5.185810565948486328e+00
5.185810565948486328e+00
5.170185565948486328e+00
5.170185565948486328e+00
5.170185565948486328e+00
5.138935565948486328e+00
5.177998065948486328e+00
5.185810565948486328e+00
5.177998065948486328e+00
5.170185565948486328e+00
5.170185565948486328e+00
5.170185565948486328e+00
5.177998065948486328e+00
5.177998065948486328e+00
5.170185565948486328e+00
5.185810565948486328e+00
5.162373065948486328e+00
5.185810565948486328e+00
5.185810565948486328e+00
5.170185565948486328e+00
5.177998065948486328e+00
5.170185565948486328e+00
5.185810565948486328e+00
5.177998065948486328e+00
5.170185565948486328e+00
5.185810565948486328e+00
5.177998065948486328e+00
5.170185565948486328e+00
5.177998065948486328e+00
5.185810565948486328e+00
5.170185565948486328e+00
5.185810565948486328e+00
5.185810565948486328e+00
5.185810565948486328e+00
5.185810565948486328e+00
5.185810565948486328e+00
5.162373065948486328e+00
5.177998065948486328e+00
5.177998065948486328e+00
5.170185565948486328e+00
5.170185565948486328e+00
5.185810565948486328e+00
5.185810565948486328e+00
5.162373065948486328e+00
5.185810565948486328e+00
5.177998065948486328e+00
5.177998065948486328e+00
5.170185565948486328e+00
5.177998065948486328e+00
5.177998065948486328e+00
5.185810565948486328e+00
5.185810565948486328e+00
5.170185565948486328e+00
5.177998065948486328e+00
5.170185565948486328e+00
5.154560565948486328e+00
5.185810565948486328e+00
5.177998065948486328e+00
5.185810565948486328e+00
5.177998065948486328e+00
5.177998065948486328e+00
5.170185565948486328e+00
5.185810565948486328e+00
5.170185565948486328e+00
5.170185565948486328e+00
5.162373065948486328e+00
5.177998065948486328e+00
5.162373065948486328e+00
5.185810565948486328e+00
5.177998065948486328e+00
5.177998065948486328e+00
5.185810565948486328e+00
5.146748065948486328e+00
5.185810565948486328e+00
5.185810565948486328e+00
5.185810565948486328e+00
5.177998065948486328e+00
5.185810565948486328e+00
5.162373065948486328e+00
5.162373065948486328e+00
5.177998065948486328e+00
5.177998065948486328e+00
5.162373065948486328e+00
5.177998065948486328e+00
5.170185565948486328e+00
5.185810565948486328e+00
5.170185565948486328e+00
5.177998065948486328e+00
5.177998065948486328e+00
5.162373065948486328e+00
5.177998065948486328e+00
5.177998065948486328e+00
5.170185565948486328e+00
5.177998065948486328e+00
5.185810565948486328e+00
5.170185565948486328e+00
5.154560565948486328e+00
5.170185565948486328e+00
5.162373065948486328e+00
5.185810565948486328e+00
5.170185565948486328e+00
5.185810565948486328e+00
5.185810565948486328e+00
5.185810565948486328e+00
5.185810565948486328e+00
5.170185565948486328e+00
5.177998065948486328e+00
5.177998065948486328e+00
5.185810565948486328e+00
5.185810565948486328e+00
5.170185565948486328e+00
5.154560565948486328e+00
5.162373065948486328e+00
5.170185565948486328e+00
5.170185565948486328e+00
5.177998065948486328e+00
5.185810565948486328e+00
5.170185565948486328e+00
5.170185565948486328e+00
5.162373065948486328e+00
5.170185565948486328e+00
5.177998065948486328e+00
5.177998065948486328e+00
5.185810565948486328e+00
5.170185565948486328e+00
5.185810565948486328e+00
5.185810565948486328e+00
5.177998065948486328e+00
5.177998065948486328e+00
5.154560565948486328e+00
5.177998065948486328e+00
5.170185565948486328e+00
5.170185565948486328e+00
5.170185565948486328e+00
5.177998065948486328e+00
5.162373065948486328e+00
5.146748065948486328e+00
5.154560565948486328e+00
5.154560565948486328e+00
5.185810565948486328e+00
5.170185565948486328e+00
5.185810565948486328e+00
5.185810565948486328e+00
5.177998065948486328e+00
5.185810565948486328e+00
5.170185565948486328e+00
5.177998065948486328e+00
5.162373065948486328e+00
5.177998065948486328e+00
5.177998065948486328e+00
5.170185565948486328e+00
5.177998065948486328e+00
5.177998065948486328e+00
5.170185565948486328e+00
5.170185565948486328e+00
5.177998065948486328e+00
5.185810565948486328e+00
5.170185565948486328e+00
5.177998065948486328e+00
5.185810565948486328e+00
5.170185565948486328e+00
5.177998065948486328e+00
5.177998065948486328e+00
5.185810565948486328e+00
5.162373065948486328e+00
5.177998065948486328e+00
5.177998065948486328e+00
5.162373065948486328e+00
5.162373065948486328e+00
5.170185565948486328e+00
5.177998065948486328e+00
5.177998065948486328e+00
5.177998065948486328e+00
5.177998065948486328e+00
5.177998065948486328e+00
5.177998065948486328e+00
5.162373065948486328e+00
5.185810565948486328e+00
5.162373065948486328e+00
5.177998065948486328e+00
5.177998065948486328e+00
5.170185565948486328e+00
5.185810565948486328e+00
5.177998065948486328e+00
5.177998065948486328e+00
5.154560565948486328e+00
5.177998065948486328e+00
5.170185565948486328e+00
5.177998065948486328e+00
5.177998065948486328e+00
5.177998065948486328e+00
5.177998065948486328e+00
5.185810565948486328e+00
5.177998065948486328e+00
5.170185565948486328e+00
5.170185565948486328e+00
5.185810565948486328e+00
5.177998065948486328e+00
5.177998065948486328e+00
5.185810565948486328e+00
5.185810565948486328e+00
5.177998065948486328e+00
5.162373065948486328e+00
5.177998065948486328e+00
5.185810565948486328e+00
5.162373065948486328e+00
5.177998065948486328e+00
5.185810565948486328e+00
5.177998065948486328e+00
5.185810565948486328e+00
5.185810565948486328e+00
5.170185565948486328e+00
5.177998065948486328e+00
5.185810565948486328e+00
5.170185565948486328e+00
5.170185565948486328e+00
5.185810565948486328e+00
5.177998065948486328e+00
5.170185565948486328e+00
5.177998065948486328e+00
5.177998065948486328e+00
5.177998065948486328e+00
5.177998065948486328e+00
5.170185565948486328e+00
5.177998065948486328e+00
5.177998065948486328e+00
5.170185565948486328e+00
5.170185565948486328e+00
5.177998542785644531e+00
5.177998065948486328e+00
5.177998065948486328e+00
5.177998065948486328e+00
5.177998065948486328e+00
5.185810565948486328e+00
5.154560565948486328e+00
5.185810565948486328e+00
5.177998065948486328e+00
5.185810565948486328e+00
5.170185565948486328e+00
5.185810565948486328e+00
5.185810565948486328e+00
5.185810565948486328e+00
5.185810565948486328e+00
5.177998065948486328e+00
5.185810565948486328e+00
5.177998065948486328e+00
5.177998065948486328e+00
5.170185565948486328e+00
5.170185565948486328e+00
5.154560565948486328e+00
5.162373065948486328e+00
5.185810565948486328e+00
5.170185565948486328e+00
5.185810565948486328e+00
5.162373065948486328e+00
5.177998065948486328e+00
5.162373065948486328e+00
5.177998065948486328e+00
5.162373065948486328e+00
5.146748065948486328e+00
5.185810565948486328e+00
5.170186042785644531e+00
5.177998065948486328e+00
5.162373065948486328e+00
5.177998065948486328e+00
5.170185565948486328e+00
5.170185565948486328e+00
5.170185565948486328e+00
5.177998065948486328e+00
5.177998065948486328e+00
5.170185565948486328e+00
5.177998065948486328e+00
5.177998065948486328e+00
5.146748065948486328e+00
5.185810565948486328e+00
5.170185565948486328e+00
5.154560565948486328e+00
5.185810565948486328e+00
5.177998065948486328e+00
5.185810565948486328e+00
5.177998065948486328e+00
5.185810565948486328e+00
5.185810565948486328e+00
5.185810565948486328e+00
5.170185565948486328e+00
5.154560565948486328e+00
5.177998065948486328e+00
5.154560565948486328e+00
5.177998065948486328e+00
5.170185565948486328e+00
5.185810565948486328e+00
5.185810565948486328e+00
5.177998065948486328e+00
5.177998065948486328e+00
5.177998065948486328e+00
5.177998065948486328e+00
5.185810565948486328e+00
5.177998065948486328e+00
5.185810565948486328e+00
5.177998065948486328e+00
5.185810565948486328e+00
5.170185565948486328e+00
5.185810565948486328e+00
5.185810565948486328e+00
5.177998065948486328e+00
5.177998065948486328e+00
5.170185565948486328e+00
5.170185565948486328e+00
5.185810565948486328e+00
5.162373065948486328e+00
5.177998065948486328e+00
5.162373065948486328e+00
5.185810565948486328e+00
5.170185565948486328e+00
5.177998065948486328e+00
5.177998065948486328e+00
5.162373065948486328e+00
5.170185565948486328e+00
5.185810565948486328e+00
5.170185565948486328e+00
5.185810565948486328e+00
5.170185565948486328e+00
5.154560565948486328e+00
5.185810565948486328e+00
5.154560565948486328e+00
5.185810565948486328e+00
5.177998065948486328e+00
5.177998065948486328e+00
5.170185565948486328e+00
5.177998065948486328e+00
5.162373065948486328e+00
5.170185565948486328e+00
5.177998065948486328e+00
5.185810565948486328e+00
5.170185565948486328e+00
5.177998065948486328e+00
5.185810565948486328e+00
5.162373065948486328e+00
5.185810565948486328e+00
5.185810565948486328e+00
5.185810565948486328e+00
5.177998065948486328e+00
5.185810565948486328e+00
5.170185565948486328e+00
5.170185565948486328e+00
5.154560565948486328e+00
5.185810565948486328e+00
5.185810565948486328e+00
5.146748065948486328e+00
5.185810565948486328e+00
5.170185565948486328e+00
5.177998065948486328e+00
5.185810565948486328e+00
5.177998065948486328e+00
5.170185565948486328e+00
5.177998065948486328e+00
5.162373065948486328e+00
5.170185565948486328e+00
5.177998065948486328e+00
5.177998065948486328e+00
5.185810565948486328e+00
5.162373065948486328e+00
5.146748065948486328e+00
5.177998065948486328e+00
5.170185565948486328e+00
5.170185565948486328e+00
5.185810565948486328e+00
5.177998065948486328e+00
5.185810565948486328e+00
5.177998065948486328e+00
5.185810565948486328e+00
5.170185565948486328e+00
5.170185565948486328e+00
5.177998065948486328e+00
5.170185565948486328e+00
5.170185565948486328e+00
5.177998065948486328e+00
5.185810565948486328e+00
5.185810565948486328e+00
5.177998065948486328e+00
5.162373065948486328e+00
5.185810565948486328e+00
5.177998065948486328e+00
5.177998065948486328e+00
5.170185565948486328e+00
5.177998065948486328e+00
5.185810565948486328e+00
5.185810565948486328e+00
5.177998065948486328e+00
5.185810565948486328e+00
5.177998065948486328e+00
5.177998065948486328e+00
5.170185565948486328e+00
5.177998065948486328e+00
5.177998065948486328e+00
5.170185565948486328e+00
5.177998065948486328e+00
5.177998065948486328e+00
5.177998065948486328e+00
5.185810565948486328e+00
5.185810565948486328e+00
5.162373065948486328e+00
5.177998065948486328e+00
5.185810565948486328e+00
5.162373065948486328e+00
5.170185565948486328e+00
5.170185565948486328e+00
5.185810565948486328e+00
5.177998065948486328e+00
5.170185565948486328e+00
5.177998065948486328e+00
5.177998065948486328e+00
5.177998065948486328e+00
5.170185565948486328e+00
5.170185565948486328e+00
5.177998065948486328e+00
5.170185565948486328e+00
5.170185565948486328e+00
5.177998065948486328e+00
5.170185565948486328e+00
5.170185565948486328e+00
5.154560565948486328e+00
5.170185565948486328e+00
5.162373065948486328e+00
5.177998065948486328e+00
5.162373065948486328e+00
5.170185565948486328e+00
5.170185565948486328e+00
5.185810565948486328e+00
5.185810565948486328e+00
5.170185565948486328e+00
5.177998065948486328e+00
5.177998065948486328e+00
5.177998065948486328e+00
5.185810565948486328e+00
5.154560565948486328e+00
5.185810565948486328e+00
5.162373065948486328e+00
5.177998065948486328e+00
5.170185565948486328e+00
5.170185565948486328e+00
5.185810565948486328e+00
5.185810565948486328e+00
5.185810565948486328e+00
5.177998065948486328e+00
5.185810565948486328e+00
5.177998065948486328e+00
5.185810565948486328e+00
5.177998065948486328e+00
5.154560565948486328e+00
5.170185565948486328e+00
5.185810565948486328e+00
5.170185565948486328e+00
5.162373065948486328e+00
5.154560565948486328e+00
5.177998065948486328e+00
5.170185565948486328e+00
5.170185565948486328e+00
5.170185565948486328e+00
5.177998065948486328e+00
5.177998065948486328e+00
5.185810565948486328e+00
5.170185565948486328e+00
5.170185565948486328e+00
5.162373065948486328e+00
5.177998065948486328e+00
5.170185565948486328e+00
5.177998065948486328e+00
5.177998065948486328e+00
5.177998065948486328e+00
5.177998065948486328e+00
5.185810565948486328e+00
5.170185565948486328e+00
5.177998065948486328e+00
5.177998065948486328e+00
5.177998065948486328e+00
5.177998065948486328e+00
5.170185565948486328e+00
5.177998065948486328e+00
5.170185565948486328e+00
5.170185565948486328e+00
5.177998065948486328e+00
5.177998065948486328e+00
5.185810565948486328e+00
5.170185565948486328e+00
5.185810565948486328e+00
5.177998065948486328e+00
5.146748065948486328e+00
5.177998065948486328e+00
5.177998065948486328e+00
5.177998065948486328e+00
5.177998065948486328e+00
5.177998065948486328e+00
5.185810565948486328e+00
5.170185565948486328e+00
5.177998065948486328e+00
5.162373065948486328e+00
5.154560565948486328e+00
5.146748065948486328e+00
5.154560565948486328e+00
5.185810565948486328e+00
5.162373065948486328e+00
5.162373065948486328e+00
5.170185565948486328e+00
5.177998065948486328e+00
5.185810565948486328e+00
5.177998065948486328e+00
5.177998065948486328e+00
5.185810565948486328e+00
5.185810565948486328e+00
5.162373065948486328e+00
5.185810565948486328e+00
5.185810565948486328e+00
5.154560565948486328e+00
5.185810565948486328e+00
5.185810565948486328e+00
5.170185565948486328e+00
5.162373065948486328e+00
5.177998065948486328e+00
5.177998065948486328e+00
5.177998065948486328e+00
5.162373065948486328e+00
5.177998065948486328e+00
5.177998065948486328e+00
5.162373065948486328e+00
5.185810565948486328e+00
5.185810565948486328e+00
5.162373065948486328e+00
5.170185565948486328e+00
5.185810565948486328e+00
5.177998065948486328e+00
5.170185565948486328e+00
5.177998065948486328e+00
5.170185565948486328e+00
5.170185565948486328e+00
5.170185565948486328e+00
5.162373065948486328e+00
5.170185565948486328e+00
5.177998065948486328e+00
5.185810565948486328e+00
5.185810565948486328e+00
5.162373065948486328e+00
5.170185565948486328e+00
5.170185565948486328e+00
5.170185565948486328e+00
5.185810565948486328e+00
5.185810565948486328e+00
5.185810565948486328e+00
5.170185565948486328e+00
5.170185565948486328e+00
5.185810565948486328e+00
5.177998065948486328e+00
5.177998065948486328e+00
5.170185565948486328e+00
5.162373065948486328e+00
5.185810565948486328e+00
5.177998065948486328e+00
5.162373065948486328e+00
5.185810565948486328e+00
5.162373065948486328e+00
5.170185565948486328e+00
5.185810565948486328e+00
5.185810565948486328e+00
5.185810565948486328e+00
5.162373065948486328e+00
5.170185565948486328e+00
5.170185565948486328e+00
5.177998065948486328e+00
5.177998065948486328e+00
5.177998065948486328e+00
5.170185565948486328e+00
5.177998065948486328e+00
5.162373065948486328e+00
5.185810565948486328e+00
5.185810565948486328e+00
5.185810565948486328e+00
5.177998065948486328e+00
5.177998065948486328e+00
5.185810565948486328e+00
5.177998065948486328e+00
5.170185565948486328e+00
5.177998065948486328e+00
5.170185565948486328e+00
5.185810565948486328e+00
5.177998065948486328e+00
5.146748065948486328e+00
5.177998065948486328e+00
5.154560565948486328e+00
5.177998065948486328e+00
5.185810565948486328e+00
5.177998065948486328e+00
5.170185565948486328e+00
5.185810565948486328e+00
5.185810565948486328e+00
5.162373065948486328e+00
5.170185565948486328e+00
5.170185565948486328e+00
5.185810565948486328e+00
5.177998065948486328e+00
5.177998065948486328e+00
5.185810565948486328e+00
5.162373065948486328e+00
5.170185565948486328e+00
5.177998065948486328e+00
5.177998065948486328e+00
5.170185565948486328e+00
5.177998065948486328e+00
5.177998065948486328e+00
5.177998065948486328e+00
5.177998065948486328e+00
5.185810565948486328e+00
5.177998065948486328e+00
5.185810565948486328e+00
5.170185565948486328e+00
5.185810565948486328e+00
5.170185565948486328e+00
5.185810565948486328e+00
5.185810565948486328e+00
5.170185565948486328e+00
5.185810565948486328e+00
5.177998065948486328e+00
5.177998065948486328e+00
5.185810565948486328e+00
5.185810565948486328e+00
5.177998065948486328e+00
5.177998065948486328e+00
5.154560565948486328e+00
5.170185565948486328e+00
5.177998065948486328e+00
5.170185565948486328e+00
5.185810565948486328e+00
5.177998065948486328e+00
5.185810565948486328e+00
5.185810565948486328e+00
5.177998065948486328e+00
5.185810565948486328e+00
5.177998065948486328e+00
5.154560565948486328e+00
5.162373065948486328e+00
5.177998065948486328e+00
5.177998065948486328e+00
5.170185565948486328e+00
5.162373065948486328e+00
5.185810565948486328e+00
5.170185565948486328e+00
5.162373065948486328e+00
5.177998065948486328e+00
5.162373065948486328e+00
5.185810565948486328e+00
5.162373065948486328e+00
5.170185565948486328e+00
5.177998065948486328e+00
5.170185565948486328e+00
5.170185565948486328e+00
5.185810565948486328e+00
5.170185565948486328e+00
5.170185565948486328e+00
5.170185565948486328e+00
5.185810565948486328e+00
5.177998065948486328e+00
5.170185565948486328e+00
5.185810565948486328e+00
5.170185565948486328e+00
5.170185565948486328e+00
5.177998065948486328e+00
5.170185565948486328e+00
5.170185565948486328e+00
5.177998065948486328e+00
5.162373065948486328e+00
5.185810565948486328e+00
5.185810565948486328e+00
5.185810565948486328e+00
5.185810565948486328e+00
5.162373065948486328e+00
5.177998065948486328e+00
5.154560565948486328e+00
5.185810565948486328e+00
5.170185565948486328e+00
5.177998065948486328e+00
5.154560565948486328e+00
5.170185565948486328e+00
5.162373065948486328e+00
5.185810565948486328e+00
5.185810565948486328e+00
5.185810565948486328e+00
5.185810565948486328e+00
5.177998065948486328e+00
5.177998065948486328e+00
5.177998065948486328e+00
5.185810565948486328e+00
5.170185565948486328e+00
5.177998065948486328e+00
5.146748065948486328e+00
5.170185565948486328e+00
5.177998065948486328e+00
5.170185565948486328e+00
5.154560565948486328e+00
5.170185565948486328e+00
5.185810565948486328e+00
5.185810565948486328e+00
5.185810565948486328e+00
5.170185565948486328e+00
5.185810565948486328e+00
5.162373065948486328e+00
5.185810565948486328e+00
5.170185565948486328e+00
5.162373065948486328e+00
5.177998065948486328e+00
5.162373065948486328e+00
5.185810565948486328e+00
5.177998065948486328e+00
5.177998065948486328e+00
5.170185565948486328e+00
5.177998065948486328e+00
5.170185565948486328e+00
5.177998065948486328e+00
5.177998065948486328e+00
5.177998065948486328e+00
5.162373065948486328e+00
5.177998065948486328e+00
5.177998065948486328e+00
5.177998065948486328e+00
5.170185565948486328e+00
5.177998065948486328e+00
5.177998065948486328e+00
5.177998065948486328e+00
5.185810565948486328e+00
5.162373065948486328e+00
5.177998065948486328e+00
5.177998065948486328e+00
5.170185565948486328e+00
5.185810565948486328e+00
5.185810565948486328e+00
5.170185565948486328e+00
5.185810565948486328e+00
5.170185565948486328e+00
5.177998065948486328e+00
5.185810565948486328e+00
5.177998065948486328e+00
5.185810565948486328e+00
5.185810565948486328e+00
5.185810565948486328e+00
5.177998065948486328e+00
5.185810565948486328e+00
5.177998065948486328e+00
5.170185565948486328e+00
5.185810565948486328e+00
5.185810565948486328e+00
5.185810565948486328e+00
5.185810565948486328e+00
5.170185565948486328e+00
5.162373065948486328e+00
5.162373065948486328e+00
5.177998065948486328e+00
5.177998065948486328e+00
5.170185565948486328e+00
5.185810565948486328e+00
5.185810565948486328e+00
5.170185565948486328e+00
5.123310565948486328e+00
5.177998065948486328e+00
5.177998065948486328e+00
5.170185565948486328e+00
5.170185565948486328e+00
5.170185565948486328e+00
5.177998065948486328e+00
5.185810565948486328e+00
5.170185565948486328e+00
5.162373065948486328e+00
5.170185565948486328e+00
5.154560565948486328e+00
5.177998065948486328e+00
5.177998065948486328e+00
5.185810565948486328e+00
5.177998065948486328e+00
5.170185565948486328e+00
5.170185565948486328e+00
5.185810565948486328e+00
5.185810565948486328e+00
5.185810565948486328e+00
5.170185565948486328e+00
5.177998065948486328e+00
5.170185565948486328e+00
5.170185565948486328e+00
5.185810565948486328e+00
5.170185565948486328e+00
5.177998065948486328e+00
5.177998065948486328e+00
5.185810565948486328e+00
5.177998065948486328e+00
5.170185565948486328e+00
5.185810565948486328e+00
5.177998065948486328e+00
5.162373065948486328e+00
5.170185565948486328e+00
5.185810565948486328e+00
5.177998065948486328e+00
5.177998065948486328e+00
5.162373065948486328e+00
5.170185565948486328e+00
5.170185565948486328e+00
5.162373065948486328e+00
5.154560565948486328e+00
5.185810565948486328e+00
5.170185565948486328e+00
5.146748065948486328e+00
5.185810565948486328e+00
5.185810565948486328e+00
5.154560565948486328e+00
5.170185565948486328e+00
5.177998065948486328e+00
5.185810565948486328e+00
5.170185565948486328e+00
5.170185565948486328e+00
5.185810565948486328e+00
5.170185565948486328e+00
5.170185565948486328e+00
5.185810565948486328e+00
5.177998065948486328e+00
5.177998065948486328e+00
5.170185565948486328e+00
5.185810565948486328e+00
5.177998065948486328e+00
5.154560565948486328e+00
5.177998065948486328e+00
5.185810565948486328e+00
5.177998065948486328e+00
5.177998065948486328e+00
5.154560565948486328e+00
5.177998065948486328e+00
5.177998065948486328e+00
5.170185565948486328e+00
5.177998065948486328e+00
5.185810565948486328e+00
5.185810565948486328e+00
5.185810565948486328e+00
5.185810565948486328e+00
5.154560565948486328e+00
5.177998065948486328e+00
5.146748065948486328e+00
5.146748065948486328e+00
5.185810565948486328e+00
5.185810565948486328e+00
5.177998065948486328e+00
5.185810565948486328e+00
5.162373065948486328e+00
5.170185565948486328e+00
5.177998065948486328e+00
5.177998065948486328e+00
5.170185565948486328e+00
5.177998065948486328e+00
5.185810565948486328e+00
5.185810565948486328e+00
5.162373065948486328e+00
5.185810565948486328e+00
5.185810565948486328e+00
5.162373065948486328e+00
5.177998065948486328e+00
5.185810565948486328e+00
5.170185565948486328e+00
5.177997589111328125e+00
5.170185565948486328e+00
5.177998065948486328e+00
5.170186042785644531e+00
5.177998065948486328e+00
5.177998065948486328e+00
5.185810565948486328e+00
5.185810565948486328e+00
5.185810565948486328e+00
5.177998065948486328e+00
5.177998065948486328e+00
5.177998065948486328e+00
5.185810565948486328e+00
5.185810565948486328e+00
5.177998065948486328e+00
5.170185565948486328e+00
5.185810565948486328e+00
5.154560565948486328e+00
5.162373065948486328e+00
5.177998065948486328e+00
5.162373065948486328e+00
5.177998065948486328e+00
5.185810565948486328e+00
5.162373065948486328e+00
5.177998065948486328e+00
5.177998065948486328e+00
5.185810565948486328e+00
5.185810565948486328e+00
5.162373065948486328e+00
5.185810565948486328e+00
5.177998065948486328e+00
5.170185565948486328e+00
5.170185565948486328e+00
5.170185565948486328e+00
5.177998065948486328e+00
5.185810565948486328e+00
5.185810565948486328e+00
5.162373065948486328e+00
5.177998065948486328e+00
5.162373065948486328e+00
