5.170440196990966797e+00
5.170503616333007812e+00
5.170315265655517578e+00
5.170099258422851562e+00
5.167988300323486328e+00
5.173696994781494141e+00
5.169973373413085938e+00
5.167302131652832031e+00
5.167354583740234375e+00
5.169414997100830078e+00
5.155841350555419922e+00
5.177227020263671875e+00
5.168514251708984375e+00
5.159921646118164062e+00
5.171516895294189453e+00
5.153299331665039062e+00
5.168383121490478516e+00
5.173671722412109375e+00
5.165433883666992188e+00
5.172447681427001953e+00
5.171570301055908203e+00
5.172457218170166016e+00
5.136222362518310547e+00
5.165191650390625000e+00
5.166326045989990234e+00
5.169717311859130859e+00
5.158713817596435547e+00
5.167028427124023438e+00
5.173885345458984375e+00
5.163970947265625000e+00
5.170037746429443359e+00
5.169168472290039062e+00
5.165911674499511719e+00
5.171895980834960938e+00
5.160397529602050781e+00
5.166823387145996094e+00
5.162318706512451172e+00
5.158599376678466797e+00
5.166303157806396484e+00
5.174960613250732422e+00
5.132730484008789062e+00
5.160608291625976562e+00
5.169425010681152344e+00
5.166688442230224609e+00
5.172806262969970703e+00
5.160174846649169922e+00
5.168413639068603516e+00
5.175373554229736328e+00
5.162934303283691406e+00
5.166470527648925781e+00
5.173269271850585938e+00
5.161597251892089844e+00
5.168769836425781250e+00
5.171848297119140625e+00
5.171641826629638672e+00
5.153347492218017578e+00
5.168796539306640625e+00
5.167210578918457031e+00
5.162688732147216797e+00
5.168129444122314453e+00
5.169369697570800781e+00
5.168355941772460938e+00
5.147442817687988281e+00
5.173439979553222656e+00
5.170785427093505859e+00
5.159100532531738281e+00
5.158163070678710938e+00
5.155303478240966797e+00
5.177827835083007812e+00
5.163801193237304688e+00
5.171860218048095703e+00
5.171519279479980469e+00
5.170333385467529297e+00
5.178487300872802734e+00
5.154249191284179688e+00
5.163638114929199219e+00
5.158385753631591797e+00
5.171081066131591797e+00
5.159411430358886719e+00
5.169540405273437500e+00
5.170578956604003906e+00
5.162511825561523438e+00
5.139806270599365234e+00
5.170886516571044922e+00
5.171632289886474609e+00
5.169900417327880859e+00
5.162739753723144531e+00
5.154523372650146484e+00
5.173072814941406250e+00
5.153924465179443359e+00
5.177211284637451172e+00
5.167668819427490234e+00
5.177612781524658203e+00
5.170327186584472656e+00
5.169821739196777344e+00
5.176077365875244141e+00
5.177047252655029297e+00
5.149189472198486328e+00
5.161621093750000000e+00
5.153390884399414062e+00
5.160988807678222656e+00
5.163199901580810547e+00
5.162430286407470703e+00
5.135792255401611328e+00
5.178282737731933594e+00
5.171316146850585938e+00
5.179831981658935547e+00
5.172780513763427734e+00
5.179613113403320312e+00
5.172142028808593750e+00
5.157536983489990234e+00
5.151248455047607422e+00
5.172293186187744141e+00
5.164669036865234375e+00
5.172329902648925781e+00
5.164702892303466797e+00
5.148948669433593750e+00
5.149320125579833984e+00
5.156928539276123047e+00
5.180384159088134766e+00
5.164694309234619141e+00
5.164867401123046875e+00
5.172789573669433594e+00
5.149278640747070312e+00
5.164754390716552734e+00
5.164397239685058594e+00
5.172427177429199219e+00
5.164642333984375000e+00
5.180474758148193359e+00
5.156904220581054688e+00
5.156924724578857422e+00
5.164761066436767578e+00
5.164708137512207031e+00
5.156917095184326172e+00
5.172501564025878906e+00
5.164760112762451172e+00
5.172720909118652344e+00
5.164834022521972656e+00
5.164830684661865234e+00
5.172563076019287109e+00
5.180050373077392578e+00
5.165285587310791016e+00
5.149165630340576172e+00
5.156968593597412109e+00
5.164620399475097656e+00
5.156880855560302734e+00
5.141165733337402344e+00
5.156860351562500000e+00
5.172556400299072266e+00
5.164642333984375000e+00
5.172457695007324219e+00
5.164834499359130859e+00
5.172519207000732422e+00
5.164826393127441406e+00
5.180439472198486328e+00
5.172628879547119141e+00
5.149142742156982422e+00
5.164715766906738281e+00
5.149042129516601562e+00
5.172663211822509766e+00
5.172333717346191406e+00
5.179600715637207031e+00
5.172321796417236328e+00
5.164613246917724609e+00
5.171839714050292969e+00
5.171929836273193359e+00
5.176074028015136719e+00
5.174961090087890625e+00
5.170608043670654297e+00
5.166626453399658203e+00
5.173109054565429688e+00
5.171066284179687500e+00
5.172585010528564453e+00
5.167097568511962891e+00
5.170204639434814453e+00
5.170530319213867188e+00
5.171027183532714844e+00
5.167237281799316406e+00
5.164849281311035156e+00
5.171114444732666016e+00
5.179377079010009766e+00
5.179720401763916016e+00
5.164240360260009766e+00
5.179259300231933594e+00
5.178990840911865234e+00
5.163272380828857422e+00
5.163540840148925781e+00
5.170764446258544922e+00
5.144013404846191406e+00
5.172188758850097656e+00
5.160296916961669922e+00
5.168493747711181641e+00
5.170626640319824219e+00
5.163898468017578125e+00
5.148349761962890625e+00
5.164201736450195312e+00
5.161327362060546875e+00
5.173902034759521484e+00
5.178516387939453125e+00
5.172073841094970703e+00
5.171977996826171875e+00
5.164530277252197266e+00
5.155449867248535156e+00
5.163959980010986328e+00
5.158365726470947266e+00
5.179701328277587891e+00
5.179005622863769531e+00
5.172023296356201172e+00
5.179272174835205078e+00
5.171137809753417969e+00
5.176873683929443359e+00
5.178958892822265625e+00
5.177901744842529297e+00
5.175013065338134766e+00
5.166317462921142578e+00
5.172637462615966797e+00
5.165014266967773438e+00
5.164233207702636719e+00
5.164193630218505859e+00
5.156239986419677734e+00
5.172188758850097656e+00
5.172310829162597656e+00
5.180066108703613281e+00
5.180004119873046875e+00
5.171993732452392578e+00
5.163959980010986328e+00
5.172039985656738281e+00
5.179818153381347656e+00
5.163162231445312500e+00
5.179448127746582031e+00
5.170560836791992188e+00
5.171406269073486328e+00
5.179166793823242188e+00
5.179096698760986328e+00
5.177991390228271484e+00
5.168826103210449219e+00
5.176109313964843750e+00
5.173760414123535156e+00
5.176631450653076172e+00
5.172287940979003906e+00
5.173420429229736328e+00
5.172206878662109375e+00
5.168629169464111328e+00
5.171741962432861328e+00
5.169266700744628906e+00
5.166111946105957031e+00
5.164514541625976562e+00
5.174861907958984375e+00
5.174299716949462891e+00
5.156271934509277344e+00
5.141000747680664062e+00
5.172204494476318359e+00
5.172292709350585938e+00
5.148707866668701172e+00
5.172226428985595703e+00
5.180149555206298828e+00
5.180168628692626953e+00
5.164575576782226562e+00
5.156722068786621094e+00
5.164453983306884766e+00
5.172353267669677734e+00
5.148765563964843750e+00
5.164494037628173828e+00
5.180209636688232422e+00
5.172388076782226562e+00
5.164436340332031250e+00
5.172318935394287109e+00
5.172279834747314453e+00
5.172194957733154297e+00
5.180085659027099609e+00
5.164424896240234375e+00
5.180140495300292969e+00
5.164575576782226562e+00
5.172297477722167969e+00
5.180010795593261719e+00
5.172071456909179688e+00
5.164423942565917969e+00
5.172350883483886719e+00
5.172192096710205078e+00
5.179996967315673828e+00
5.163918495178222656e+00
5.172133922576904297e+00
5.172260284423828125e+00
5.179662227630615234e+00
5.171949863433837891e+00
5.179767131805419922e+00
5.172075271606445312e+00
5.172173500061035156e+00
5.171911239624023438e+00
5.180131912231445312e+00
5.164195537567138672e+00
5.164444446563720703e+00
5.172125816345214844e+00
5.156638145446777344e+00
5.180165290832519531e+00
5.179961681365966797e+00
5.164160251617431641e+00
5.164157390594482422e+00
5.156713008880615234e+00
5.172297000885009766e+00
5.163140773773193359e+00
5.171376705169677734e+00
5.179905414581298828e+00
5.179969787597656250e+00
5.180122375488281250e+00
5.156153678894042969e+00
5.179718017578125000e+00
5.171858310699462891e+00
5.164465427398681641e+00
5.164149761199951172e+00
5.172264575958251953e+00
5.148666381835937500e+00
5.163851737976074219e+00
5.156631469726562500e+00
5.179771423339843750e+00
5.179731369018554688e+00
5.178924083709716797e+00
5.171265125274658203e+00
5.164179325103759766e+00
5.156313419342041016e+00
5.156340122222900391e+00
5.171844482421875000e+00
5.156364917755126953e+00
5.164313793182373047e+00
5.155803203582763672e+00
5.178787231445312500e+00
5.180055141448974609e+00
5.171824932098388672e+00
5.171036243438720703e+00
5.178256034851074219e+00
5.164722919464111328e+00
5.171057701110839844e+00
5.179121971130371094e+00
5.154836177825927734e+00
5.179521083831787109e+00
5.148363113403320312e+00
5.172097682952880859e+00
5.169199943542480469e+00
5.147125720977783203e+00
5.170371532440185547e+00
5.178135871887207031e+00
5.164394378662109375e+00
5.156359195709228516e+00
5.156629562377929688e+00
5.172359466552734375e+00
5.148939609527587891e+00
5.172387123107910156e+00
5.180203914642333984e+00
5.172388076782226562e+00
5.164571762084960938e+00
5.180199623107910156e+00
5.164566993713378906e+00
5.141135692596435547e+00
5.156763076782226562e+00
5.180200576782226562e+00
5.172388076782226562e+00
5.180200576782226562e+00
5.180200576782226562e+00
5.156763076782226562e+00
5.141138076782226562e+00
5.156763076782226562e+00
5.172388076782226562e+00
5.148950576782226562e+00
5.164575576782226562e+00
5.180200576782226562e+00
5.164575099945068359e+00
5.148950576782226562e+00
5.156763076782226562e+00
5.172388076782226562e+00
5.172388076782226562e+00
5.172388076782226562e+00
5.180200576782226562e+00
5.172388076782226562e+00
5.172386169433593750e+00
5.164575576782226562e+00
5.180200576782226562e+00
5.180199623107910156e+00
5.164575576782226562e+00
5.156763076782226562e+00
5.164575576782226562e+00
5.156763076782226562e+00
5.164575576782226562e+00
5.180200576782226562e+00
5.156763076782226562e+00
5.164575099945068359e+00
5.172388076782226562e+00
5.180200576782226562e+00
5.180198669433593750e+00
5.180200576782226562e+00
5.172388076782226562e+00
5.180198192596435547e+00
5.180182456970214844e+00
5.168527126312255859e+00
5.172387599945068359e+00
5.172388076782226562e+00
5.164575576782226562e+00
5.172388076782226562e+00
5.180200576782226562e+00
5.172388076782226562e+00
5.164575576782226562e+00
5.164575576782226562e+00
5.172388076782226562e+00
5.172388076782226562e+00
5.172388076782226562e+00
5.164575576782226562e+00
5.156763076782226562e+00
5.180200576782226562e+00
5.156763076782226562e+00
5.156763076782226562e+00
5.172388076782226562e+00
5.180200576782226562e+00
5.156763076782226562e+00
5.148950576782226562e+00
5.180200576782226562e+00
5.172388076782226562e+00
5.180200576782226562e+00
5.172388076782226562e+00
5.180200576782226562e+00
5.172388076782226562e+00
5.164575576782226562e+00
5.180200576782226562e+00
5.156763076782226562e+00
5.164575576782226562e+00
5.156763076782226562e+00
5.164575576782226562e+00
5.172388076782226562e+00
5.172388076782226562e+00
5.172388076782226562e+00
5.172388076782226562e+00
5.164575576782226562e+00
5.164575576782226562e+00
5.172388076782226562e+00
5.164575576782226562e+00
5.172388076782226562e+00
5.164575576782226562e+00
5.172388076782226562e+00
5.164575576782226562e+00
5.172388076782226562e+00
5.172388076782226562e+00
5.172388076782226562e+00
5.172388076782226562e+00
5.180200576782226562e+00
5.172388076782226562e+00
5.180200576782226562e+00
5.180200576782226562e+00
5.180200576782226562e+00
5.156763076782226562e+00
5.164575576782226562e+00
5.172388076782226562e+00
5.172388076782226562e+00
5.172388076782226562e+00
5.164575576782226562e+00
5.141138076782226562e+00
5.172388076782226562e+00
5.180200576782226562e+00
5.164575576782226562e+00
5.172388076782226562e+00
5.172388076782226562e+00
5.172388076782226562e+00
5.180200576782226562e+00
5.148950576782226562e+00
5.172388076782226562e+00
5.180200576782226562e+00
5.172388076782226562e+00
5.180200576782226562e+00
5.164575576782226562e+00
5.172388076782226562e+00
5.180200576782226562e+00
5.180200576782226562e+00
5.164575576782226562e+00
5.156763076782226562e+00
5.180200576782226562e+00
5.164575576782226562e+00
5.180200576782226562e+00
5.172388076782226562e+00
5.180200576782226562e+00
5.156763076782226562e+00
5.180200576782226562e+00
5.164575576782226562e+00
5.172388076782226562e+00
5.164575576782226562e+00
5.180200576782226562e+00
5.164575576782226562e+00
5.172388076782226562e+00
5.156763076782226562e+00
5.172388076782226562e+00
5.148950576782226562e+00
5.180200576782226562e+00
5.172388076782226562e+00
5.164575576782226562e+00
5.148950576782226562e+00
5.172388076782226562e+00
5.156763076782226562e+00
5.172388076782226562e+00
5.164575576782226562e+00
5.164575576782226562e+00
5.148950576782226562e+00
5.172388076782226562e+00
5.156763076782226562e+00
5.156763076782226562e+00
5.180200576782226562e+00
5.180200576782226562e+00
5.180200576782226562e+00
5.172388076782226562e+00
5.156763076782226562e+00
5.172388076782226562e+00
5.180200576782226562e+00
5.180200576782226562e+00
5.164575576782226562e+00
5.172388076782226562e+00
5.180200576782226562e+00
5.164575576782226562e+00
5.156763076782226562e+00
5.156763076782226562e+00
5.180200576782226562e+00
5.172388076782226562e+00
5.156763076782226562e+00
5.172388076782226562e+00
5.180200576782226562e+00
5.172388076782226562e+00
5.172388076782226562e+00
5.172388076782226562e+00
5.164575576782226562e+00
5.180200576782226562e+00
5.148950576782226562e+00
5.164575576782226562e+00
5.172388076782226562e+00
5.172388076782226562e+00
5.172388076782226562e+00
5.141138076782226562e+00
5.172388076782226562e+00
5.164575576782226562e+00
5.172388076782226562e+00
5.172388076782226562e+00
5.172388076782226562e+00
5.141138076782226562e+00
5.156763076782226562e+00
5.172388076782226562e+00
5.164575576782226562e+00
5.180200576782226562e+00
5.148950576782226562e+00
5.172388076782226562e+00
5.164575576782226562e+00
5.164575576782226562e+00
5.180200576782226562e+00
5.180200576782226562e+00
5.164575576782226562e+00
5.172388076782226562e+00
5.164575576782226562e+00
5.180200576782226562e+00
5.141138076782226562e+00
5.164575576782226562e+00
5.156763076782226562e+00
5.172388076782226562e+00
5.180200576782226562e+00
5.180200576782226562e+00
5.180200576782226562e+00
5.172388076782226562e+00
5.164575576782226562e+00
5.172388076782226562e+00
5.172388076782226562e+00
5.180200576782226562e+00
5.172388076782226562e+00
5.164575576782226562e+00
5.172388076782226562e+00
5.180200576782226562e+00
5.164575576782226562e+00
5.172388076782226562e+00
5.180200576782226562e+00
5.156763076782226562e+00
5.148950576782226562e+00
5.180200576782226562e+00
5.156763076782226562e+00
5.172388076782226562e+00
5.172388076782226562e+00
5.172388076782226562e+00
5.172388076782226562e+00
5.172388076782226562e+00
5.180200576782226562e+00
5.180200576782226562e+00
5.148950576782226562e+00
5.164575576782226562e+00
5.172388076782226562e+00
5.148950576782226562e+00
5.164575576782226562e+00
5.172388076782226562e+00
5.156763076782226562e+00
5.164575576782226562e+00
5.156763076782226562e+00
5.164575576782226562e+00
5.180200576782226562e+00
5.172388076782226562e+00
5.172388076782226562e+00
5.180200576782226562e+00
5.164575576782226562e+00
5.148950576782226562e+00
5.180200576782226562e+00
5.156763076782226562e+00
5.180200576782226562e+00
5.172388076782226562e+00
5.180200576782226562e+00
5.172388076782226562e+00
5.156763076782226562e+00
5.172388076782226562e+00
5.180200576782226562e+00
5.148950576782226562e+00
5.172388076782226562e+00
5.172388076782226562e+00
5.172388076782226562e+00
5.164575576782226562e+00
5.164575576782226562e+00
5.172388076782226562e+00
5.172388076782226562e+00
5.172388076782226562e+00
5.156763076782226562e+00
5.156763076782226562e+00
5.172388076782226562e+00
5.164575576782226562e+00
5.180200576782226562e+00
5.172388076782226562e+00
5.172388076782226562e+00
5.180200576782226562e+00
5.164575576782226562e+00
5.180200576782226562e+00
5.156763076782226562e+00
5.172388076782226562e+00
5.172388076782226562e+00
5.172388076782226562e+00
5.164575576782226562e+00
5.172388076782226562e+00
5.180200576782226562e+00
5.180200576782226562e+00
5.148950576782226562e+00
5.164575576782226562e+00
5.172388076782226562e+00
5.156763076782226562e+00
5.180200576782226562e+00
5.172388076782226562e+00
5.164575576782226562e+00
5.156763076782226562e+00
5.172388076782226562e+00
5.164575576782226562e+00
5.172388076782226562e+00
5.156763076782226562e+00
5.180200576782226562e+00
5.164575576782226562e+00
5.180200576782226562e+00
5.180200576782226562e+00
5.148950576782226562e+00
5.172388076782226562e+00
5.172388076782226562e+00
5.156763076782226562e+00
5.172388076782226562e+00
5.172388076782226562e+00
5.172388076782226562e+00
5.180200576782226562e+00
5.172388076782226562e+00
5.180200576782226562e+00
5.172388076782226562e+00
5.172388076782226562e+00
5.164575576782226562e+00
5.164575576782226562e+00
5.172388076782226562e+00
5.172388076782226562e+00
5.156763076782226562e+00
5.180200576782226562e+00
5.156763076782226562e+00
5.164575576782226562e+00
5.172388076782226562e+00
5.156763076782226562e+00
5.164575576782226562e+00
5.172388076782226562e+00
5.156763076782226562e+00
5.180200576782226562e+00
5.164575576782226562e+00
5.172388076782226562e+00
5.148950576782226562e+00
5.180200576782226562e+00
5.164575576782226562e+00
5.172388076782226562e+00
5.172388076782226562e+00
5.164575576782226562e+00
5.164575576782226562e+00
5.164575576782226562e+00
5.164575576782226562e+00
5.164575576782226562e+00
5.148950576782226562e+00
5.141138076782226562e+00
5.172388076782226562e+00
5.156763076782226562e+00
5.172388076782226562e+00
5.164575576782226562e+00
5.172388076782226562e+00
5.156763076782226562e+00
5.180200576782226562e+00
5.172388076782226562e+00
5.180200576782226562e+00
5.164575576782226562e+00
5.164575576782226562e+00
5.172388076782226562e+00
5.164575576782226562e+00
5.172388076782226562e+00
5.172388076782226562e+00
5.164575576782226562e+00
5.172388076782226562e+00
5.156763076782226562e+00
5.180200576782226562e+00
5.180200576782226562e+00
5.172388076782226562e+00
5.180200576782226562e+00
5.180200576782226562e+00
5.156763076782226562e+00
5.172388076782226562e+00
5.141138076782226562e+00
5.172388076782226562e+00
5.164575576782226562e+00
5.164575576782226562e+00
5.164575576782226562e+00
5.172388076782226562e+00
5.180200576782226562e+00
5.180200576782226562e+00
5.172388076782226562e+00
5.164575576782226562e+00
5.164575576782226562e+00
5.156763076782226562e+00
5.141138076782226562e+00
5.164575576782226562e+00
5.180200576782226562e+00
5.180200576782226562e+00
5.180200576782226562e+00
5.180200576782226562e+00
5.172388076782226562e+00
5.164575576782226562e+00
5.172388076782226562e+00
5.172388076782226562e+00
5.164575576782226562e+00
5.180200576782226562e+00
5.180200576782226562e+00
5.172388076782226562e+00
5.148950576782226562e+00
5.164575576782226562e+00
5.180200576782226562e+00
5.172388076782226562e+00
5.172388076782226562e+00
5.164575576782226562e+00
5.172388076782226562e+00
5.172388076782226562e+00
5.148950576782226562e+00
5.180200576782226562e+00
5.156763076782226562e+00
5.180200576782226562e+00
5.164575576782226562e+00
5.180200576782226562e+00
5.180200576782226562e+00
5.156763076782226562e+00
5.164575576782226562e+00
5.172388076782226562e+00
5.164575576782226562e+00
5.172388076782226562e+00
5.180200576782226562e+00
5.172388076782226562e+00
5.164575576782226562e+00
5.180200576782226562e+00
5.156763076782226562e+00
5.180200576782226562e+00
5.141138076782226562e+00
5.172388076782226562e+00
5.164575576782226562e+00
5.180200576782226562e+00
5.172388076782226562e+00
5.172388076782226562e+00
5.164575576782226562e+00
5.172388076782226562e+00
5.148950576782226562e+00
5.164575576782226562e+00
5.172388076782226562e+00
5.164575576782226562e+00
5.164575576782226562e+00
5.164575576782226562e+00
5.180200576782226562e+00
5.172388076782226562e+00
5.172388076782226562e+00
5.172388076782226562e+00
5.156763076782226562e+00
5.172388076782226562e+00
5.180200576782226562e+00
5.172388076782226562e+00
5.156763076782226562e+00
5.156763076782226562e+00
5.180200576782226562e+00
5.180200576782226562e+00
5.180200576782226562e+00
5.164575576782226562e+00
5.180200576782226562e+00
5.164575576782226562e+00
5.172388076782226562e+00
5.172388076782226562e+00
5.172388076782226562e+00
5.172388076782226562e+00
5.172388076782226562e+00
5.180200576782226562e+00
5.133325576782226562e+00
5.156763076782226562e+00
5.164575576782226562e+00
5.180200576782226562e+00
5.172388076782226562e+00
5.172388076782226562e+00
5.180200576782226562e+00
5.180200576782226562e+00
5.172388076782226562e+00
5.164575576782226562e+00
5.180200576782226562e+00
5.172388076782226562e+00
5.172388076782226562e+00
5.164575576782226562e+00
5.180200576782226562e+00
5.156763076782226562e+00
5.156763076782226562e+00
5.156763076782226562e+00
5.180200576782226562e+00
5.164575576782226562e+00
5.164575576782226562e+00
5.164575576782226562e+00
5.164575576782226562e+00
5.172388076782226562e+00
5.172388076782226562e+00
5.172388076782226562e+00
5.172388076782226562e+00
5.172388076782226562e+00
5.172388076782226562e+00
5.156763076782226562e+00
5.180200576782226562e+00
5.172388076782226562e+00
5.164575576782226562e+00
5.156763076782226562e+00
5.156763076782226562e+00
5.172388076782226562e+00
5.180200576782226562e+00
5.141138076782226562e+00
5.156763076782226562e+00
5.172388076782226562e+00
5.164575576782226562e+00
5.172388076782226562e+00
5.180200576782226562e+00
5.172388076782226562e+00
5.180200576782226562e+00
5.156763076782226562e+00
5.172388076782226562e+00
5.180200576782226562e+00
5.172388076782226562e+00
5.164575576782226562e+00
5.180200576782226562e+00
5.172388076782226562e+00
5.172388076782226562e+00
5.180200576782226562e+00
5.172388076782226562e+00
5.164575576782226562e+00
5.180200576782226562e+00
5.141138076782226562e+00
5.180200576782226562e+00
5.180200576782226562e+00
5.180200576782226562e+00
5.164575576782226562e+00
5.148950576782226562e+00
5.172388076782226562e+00
5.172388076782226562e+00
5.164575576782226562e+00
5.164575576782226562e+00
5.156763076782226562e+00
5.172388076782226562e+00
5.148950576782226562e+00
5.164575576782226562e+00
5.180200576782226562e+00
5.164575576782226562e+00
5.164575576782226562e+00
5.172388076782226562e+00
5.180200576782226562e+00
5.180200576782226562e+00
5.172388076782226562e+00
5.164575576782226562e+00
5.172388076782226562e+00
5.172388076782226562e+00
5.172388076782226562e+00
5.156763076782226562e+00
5.172388076782226562e+00
5.172388076782226562e+00
5.172388076782226562e+00
5.172388076782226562e+00
5.180200576782226562e+00
5.164575576782226562e+00
5.172388076782226562e+00
5.172388076782226562e+00
5.164575576782226562e+00
5.156763076782226562e+00
5.164575576782226562e+00
5.172388076782226562e+00
5.180200576782226562e+00
5.172388076782226562e+00
5.180200576782226562e+00
5.148950576782226562e+00
5.172388076782226562e+00
5.164575576782226562e+00
5.172388076782226562e+00
5.180200576782226562e+00
5.164575576782226562e+00
5.180200576782226562e+00
5.180200576782226562e+00
5.172388076782226562e+00
5.172388076782226562e+00
5.180200576782226562e+00
5.172388076782226562e+00
5.156763076782226562e+00
5.164575576782226562e+00
5.164575576782226562e+00
5.164575576782226562e+00
5.172388076782226562e+00
5.172388076782226562e+00
5.156763076782226562e+00
5.172388076782226562e+00
5.156763076782226562e+00
5.148950576782226562e+00
5.141138076782226562e+00
5.164575576782226562e+00
5.172388076782226562e+00
5.164575576782226562e+00
5.172388076782226562e+00
5.164575576782226562e+00
5.180200576782226562e+00
5.172388076782226562e+00
5.172388076782226562e+00
5.172388076782226562e+00
5.164575576782226562e+00
5.180200576782226562e+00
5.180200576782226562e+00
5.156763076782226562e+00
5.164575576782226562e+00
5.180200576782226562e+00
5.180200576782226562e+00
5.164575576782226562e+00
5.148950576782226562e+00
5.172388076782226562e+00
5.172388076782226562e+00
5.172388076782226562e+00
5.156763076782226562e+00
5.180200576782226562e+00
5.172388076782226562e+00
5.133325576782226562e+00
5.180200576782226562e+00
5.148950576782226562e+00
5.156763076782226562e+00
5.164575576782226562e+00
5.172388076782226562e+00
5.172388076782226562e+00
5.164575576782226562e+00
5.180200576782226562e+00
5.180200576782226562e+00
5.156763076782226562e+00
5.172388076782226562e+00
5.164575576782226562e+00
5.172388076782226562e+00
5.172388076782226562e+00
5.172388076782226562e+00
5.180200576782226562e+00
5.172388076782226562e+00
5.172388076782226562e+00
5.172388076782226562e+00
5.180200576782226562e+00
5.164575576782226562e+00
5.148950576782226562e+00
5.164575576782226562e+00
5.164575576782226562e+00
5.180200576782226562e+00
5.180200576782226562e+00
5.164575576782226562e+00
5.164575576782226562e+00
5.180200576782226562e+00
5.172388076782226562e+00
5.180200576782226562e+00
5.180200576782226562e+00
5.156763076782226562e+00
5.172388076782226562e+00
5.180200576782226562e+00
5.180200576782226562e+00
5.164575576782226562e+00
5.172388076782226562e+00
5.156763076782226562e+00
5.172388076782226562e+00
5.180200576782226562e+00
5.172388076782226562e+00
5.164575576782226562e+00
5.172388076782226562e+00
5.180200576782226562e+00
5.164575576782226562e+00
5.180200576782226562e+00
5.164575576782226562e+00
5.172388076782226562e+00
5.148950576782226562e+00
5.180200576782226562e+00
5.180200576782226562e+00
5.180200576782226562e+00
5.148950576782226562e+00
5.172388076782226562e+00
5.180200576782226562e+00
5.172388076782226562e+00
5.156763076782226562e+00
5.141138076782226562e+00
5.164575576782226562e+00
5.164575576782226562e+00
5.180200576782226562e+00
5.172388076782226562e+00
5.156763076782226562e+00
5.164575576782226562e+00
5.156763076782226562e+00
5.172388076782226562e+00
5.172388076782226562e+00
5.180200576782226562e+00
5.164575576782226562e+00
5.172388076782226562e+00
5.180200576782226562e+00
5.164575576782226562e+00
5.164575576782226562e+00
5.172388076782226562e+00
5.172388076782226562e+00
5.180200576782226562e+00
5.172388076782226562e+00
5.156763076782226562e+00
5.164575576782226562e+00
5.164575576782226562e+00
5.164575576782226562e+00
5.172388076782226562e+00
5.156763076782226562e+00
5.172388076782226562e+00
5.180200576782226562e+00
5.172388076782226562e+00
5.156763076782226562e+00
5.172388076782226562e+00
5.172388076782226562e+00
5.164575576782226562e+00
5.172388076782226562e+00
5.180200576782226562e+00
5.172388076782226562e+00
5.180200576782226562e+00
5.172388076782226562e+00
5.180200576782226562e+00
5.172388076782226562e+00
5.164575576782226562e+00
5.164575576782226562e+00
5.180200576782226562e+00
5.156763076782226562e+00
5.156763076782226562e+00
5.172388076782226562e+00
5.172388076782226562e+00
5.172388076782226562e+00
5.133325576782226562e+00
5.172388076782226562e+00
5.156763076782226562e+00
5.180200576782226562e+00
5.172388076782226562e+00
5.180200576782226562e+00
5.172388076782226562e+00
5.156763076782226562e+00
5.172388076782226562e+00
5.164575576782226562e+00
5.164575576782226562e+00
5.141138076782226562e+00
5.172388076782226562e+00
5.164575576782226562e+00
5.172388076782226562e+00
5.172388076782226562e+00
5.180200576782226562e+00
5.156763076782226562e+00
5.172388076782226562e+00
5.164575576782226562e+00
5.172388076782226562e+00
5.172388076782226562e+00
5.164575576782226562e+00
5.156763076782226562e+00
5.172388076782226562e+00
5.164575576782226562e+00
5.180200576782226562e+00
5.172388076782226562e+00
5.164575576782226562e+00
5.172388076782226562e+00
5.180200576782226562e+00
5.172388076782226562e+00
5.180200576782226562e+00
5.180200576782226562e+00
5.164575576782226562e+00
5.148950576782226562e+00
5.180200576782226562e+00
5.156763076782226562e+00
5.156763076782226562e+00
5.172388076782226562e+00
5.164575576782226562e+00
5.156763076782226562e+00
5.180200576782226562e+00
5.180200576782226562e+00
5.164575576782226562e+00
5.172388076782226562e+00
5.164575576782226562e+00
5.148950576782226562e+00
5.172388076782226562e+00
5.180200576782226562e+00
5.164575576782226562e+00
5.180200576782226562e+00
5.172388076782226562e+00
5.164575576782226562e+00
5.164575576782226562e+00
5.172388076782226562e+00
5.164575576782226562e+00
5.172388076782226562e+00
5.172388076782226562e+00
5.172388076782226562e+00
5.164575576782226562e+00
5.156763076782226562e+00
5.172388076782226562e+00
5.172388076782226562e+00
5.180200576782226562e+00
5.180200576782226562e+00
5.180200576782226562e+00
5.164575576782226562e+00
5.180200576782226562e+00
5.172388076782226562e+00
5.164575576782226562e+00
5.180200576782226562e+00
5.164575576782226562e+00
5.164575576782226562e+00
5.164575576782226562e+00
5.156763076782226562e+00
5.156763076782226562e+00
5.164575576782226562e+00
5.164575576782226562e+00
5.180200576782226562e+00
5.180200576782226562e+00
5.164575576782226562e+00
5.172388076782226562e+00
5.180200576782226562e+00
5.172388076782226562e+00
5.164575576782226562e+00
5.172388076782226562e+00
5.172388076782226562e+00
5.156763076782226562e+00
5.172388076782226562e+00
5.172388076782226562e+00
5.172388076782226562e+00
5.180200576782226562e+00
5.180200576782226562e+00
5.172388076782226562e+00
5.164575576782226562e+00
5.156763076782226562e+00
5.180200576782226562e+00
5.172388076782226562e+00
5.172388076782226562e+00
5.164575576782226562e+00
5.180200576782226562e+00
5.164575576782226562e+00
5.164575576782226562e+00
5.172388076782226562e+00
5.180200576782226562e+00
5.180200576782226562e+00
5.172388076782226562e+00
5.172388076782226562e+00
5.164575576782226562e+00
5.164575576782226562e+00
5.180200576782226562e+00
5.172388076782226562e+00
5.156763076782226562e+00
5.164575576782226562e+00
5.164575576782226562e+00
5.156763076782226562e+00
5.164575576782226562e+00
5.164575576782226562e+00
5.172388076782226562e+00
5.172388076782226562e+00
5.172388076782226562e+00
5.172388076782226562e+00
5.180200576782226562e+00
5.156763076782226562e+00
5.164575576782226562e+00
5.172388076782226562e+00
5.172388076782226562e+00
5.164575576782226562e+00
5.172388076782226562e+00
5.148950576782226562e+00
5.180200576782226562e+00
5.180200576782226562e+00
5.164575576782226562e+00
5.172388076782226562e+00
5.164575576782226562e+00
5.172388076782226562e+00
5.164575576782226562e+00
5.164575576782226562e+00
5.180200576782226562e+00
5.180200576782226562e+00
5.172388076782226562e+00
5.164575576782226562e+00
5.156763076782226562e+00
5.180200576782226562e+00
5.164575576782226562e+00
5.180200576782226562e+00
5.148950576782226562e+00
5.172388076782226562e+00
5.164575576782226562e+00
5.172388076782226562e+00
5.180200576782226562e+00
5.172388076782226562e+00
5.148950576782226562e+00
5.164575576782226562e+00
5.133325576782226562e+00
5.148950576782226562e+00
5.172388076782226562e+00
5.180200576782226562e+00
5.141138076782226562e+00
5.156763076782226562e+00
5.172388076782226562e+00
5.180200576782226562e+00
5.156763076782226562e+00
5.180200576782226562e+00
5.164575576782226562e+00
5.180200576782226562e+00
5.156763076782226562e+00
5.172388076782226562e+00
5.180200576782226562e+00
5.164575576782226562e+00
5.172388076782226562e+00
5.156763076782226562e+00
5.180200576782226562e+00
5.180200576782226562e+00
5.180200576782226562e+00
5.141138076782226562e+00
5.164575576782226562e+00
5.164575576782226562e+00
5.172388076782226562e+00
5.172388076782226562e+00
5.141138076782226562e+00
5.164575576782226562e+00
5.164575576782226562e+00
5.156763076782226562e+00
5.180200576782226562e+00
5.156763076782226562e+00
5.172388076782226562e+00
5.180200576782226562e+00
5.172388076782226562e+00
5.164575576782226562e+00
5.172388076782226562e+00
5.180200576782226562e+00
5.180200576782226562e+00
5.180200576782226562e+00
5.156763076782226562e+00
5.172388076782226562e+00
5.172388076782226562e+00
5.180200576782226562e+00
5.180200576782226562e+00
5.180200576782226562e+00
5.172388076782226562e+00
5.172388076782226562e+00
5.172388076782226562e+00
5.180200576782226562e+00
5.164575576782226562e+00
5.156763076782226562e+00
5.156763076782226562e+00
5.180200576782226562e+00
5.164575576782226562e+00
5.148950576782226562e+00
5.180200576782226562e+00
5.164575576782226562e+00
5.172388076782226562e+00
5.180200576782226562e+00
5.180200576782226562e+00
5.172388076782226562e+00
5.164575576782226562e+00
5.180200576782226562e+00
5.172388076782226562e+00
5.172388076782226562e+00
5.180200576782226562e+00
5.180200576782226562e+00
5.172388076782226562e+00
5.172388076782226562e+00
5.156763076782226562e+00
5.172388076782226562e+00
5.156763076782226562e+00
5.172388076782226562e+00
5.164575576782226562e+00
5.156763076782226562e+00
5.164575576782226562e+00
5.172388076782226562e+00
5.164575576782226562e+00
5.156763076782226562e+00
5.172388076782226562e+00
5.156763076782226562e+00
5.172388076782226562e+00
5.172388076782226562e+00
5.156763076782226562e+00
5.164575576782226562e+00
5.156763076782226562e+00
5.164575576782226562e+00
5.133325576782226562e+00
5.172388076782226562e+00
5.180200576782226562e+00
5.172388076782226562e+00
5.180200576782226562e+00
5.164575576782226562e+00
5.172388076782226562e+00
5.172388076782226562e+00
5.164575576782226562e+00
5.164575576782226562e+00
5.164575576782226562e+00
5.172388076782226562e+00
5.172388076782226562e+00
5.180200576782226562e+00
5.172388076782226562e+00
5.156763076782226562e+00
5.156763076782226562e+00
5.172388076782226562e+00
5.164575576782226562e+00
5.164575576782226562e+00
5.172388076782226562e+00
5.156763076782226562e+00
5.156763076782226562e+00
5.180200576782226562e+00
5.172388076782226562e+00
5.172388076782226562e+00
5.156763076782226562e+00
5.172388076782226562e+00
5.172388076782226562e+00
5.172388076782226562e+00
5.172388076782226562e+00
5.180200576782226562e+00
5.172388076782226562e+00
5.172388076782226562e+00
5.180200576782226562e+00
5.172388076782226562e+00
5.164575576782226562e+00
5.172388076782226562e+00
5.180200576782226562e+00
5.172388076782226562e+00
5.141138076782226562e+00
5.164575576782226562e+00
5.164575576782226562e+00
5.172388076782226562e+00
5.164575576782226562e+00
5.172388076782226562e+00
5.180200576782226562e+00
5.172388076782226562e+00
5.156763076782226562e+00
5.172388076782226562e+00
5.172388076782226562e+00
5.164575576782226562e+00
5.164575576782226562e+00
5.164575576782226562e+00
5.148950576782226562e+00
5.172388076782226562e+00
5.164575576782226562e+00
5.172388076782226562e+00
5.180200576782226562e+00
5.172388076782226562e+00
5.180200576782226562e+00
5.172388076782226562e+00
5.172388076782226562e+00
5.156763076782226562e+00
5.180200576782226562e+00
5.172388076782226562e+00
5.164575576782226562e+00
5.156763076782226562e+00
5.172388076782226562e+00
5.180200576782226562e+00
5.180200576782226562e+00
5.164575576782226562e+00
5.148950576782226562e+00
5.172388076782226562e+00
5.164575576782226562e+00
5.172388076782226562e+00
5.156763076782226562e+00
5.172388076782226562e+00
5.164575576782226562e+00
5.172388076782226562e+00
5.172388076782226562e+00
5.172388076782226562e+00
5.164575576782226562e+00
5.164575576782226562e+00
5.172388076782226562e+00
5.172388076782226562e+00
5.164575576782226562e+00
5.172388076782226562e+00
5.180200576782226562e+00
5.172388076782226562e+00
5.172388076782226562e+00
5.172388076782226562e+00
5.172388076782226562e+00
5.172388076782226562e+00
5.164575576782226562e+00
5.180200576782226562e+00
5.141138076782226562e+00
5.164575576782226562e+00
5.148950576782226562e+00
5.172388076782226562e+00
5.172388076782226562e+00
5.180200576782226562e+00
5.172388076782226562e+00
5.172388076782226562e+00
5.141138076782226562e+00
5.172388076782226562e+00
5.172388076782226562e+00
5.156763076782226562e+00
5.172388076782226562e+00
5.148950576782226562e+00
5.172388076782226562e+00
5.164575576782226562e+00
5.164575576782226562e+00
5.164575576782226562e+00
5.156763076782226562e+00
5.172388076782226562e+00
5.164575576782226562e+00
5.180200576782226562e+00
5.172388076782226562e+00
5.164575576782226562e+00
5.180200576782226562e+00
5.172388076782226562e+00
5.180200576782226562e+00
5.172388076782226562e+00
5.156763076782226562e+00
5.164575576782226562e+00
5.180200576782226562e+00
5.164575576782226562e+00
5.164575576782226562e+00
5.180200576782226562e+00
5.148950576782226562e+00
5.156763076782226562e+00
5.172388076782226562e+00
5.180200576782226562e+00
5.180200576782226562e+00
5.180200576782226562e+00
5.172388076782226562e+00
5.172388076782226562e+00
5.180200576782226562e+00
5.172388076782226562e+00
5.180200576782226562e+00
5.156763076782226562e+00
5.180200576782226562e+00
5.164575576782226562e+00
5.164575576782226562e+00
5.156763076782226562e+00
5.180200576782226562e+00
5.156763076782226562e+00
5.164575576782226562e+00
5.172388076782226562e+00
5.156763076782226562e+00
5.156763076782226562e+00
5.156763076782226562e+00
5.172388076782226562e+00
5.164575576782226562e+00
5.148950576782226562e+00
5.164575576782226562e+00
5.180200576782226562e+00
5.172388076782226562e+00
5.172388076782226562e+00
5.172388076782226562e+00
5.180200576782226562e+00
5.164575576782226562e+00
5.164575576782226562e+00
5.172388076782226562e+00
5.180200576782226562e+00
5.172388076782226562e+00
5.172388076782226562e+00
5.172388076782226562e+00
5.156763076782226562e+00
5.172388076782226562e+00
5.180200576782226562e+00
5.164575576782226562e+00
5.156763076782226562e+00
5.180200576782226562e+00
5.172388076782226562e+00
5.172388076782226562e+00
5.180200576782226562e+00
5.172388076782226562e+00
5.172388076782226562e+00
5.172388076782226562e+00
5.164575576782226562e+00
5.164575576782226562e+00
5.180200576782226562e+00
5.172388076782226562e+00
5.164575576782226562e+00
5.180200576782226562e+00
5.164575576782226562e+00
5.156763076782226562e+00
5.180200576782226562e+00
5.164575576782226562e+00
5.180200576782226562e+00
5.180200576782226562e+00
5.164575576782226562e+00
5.164575576782226562e+00
5.164575576782226562e+00
5.172388076782226562e+00
5.164575576782226562e+00
5.172388076782226562e+00
5.180200576782226562e+00
5.164575576782226562e+00
5.156763076782226562e+00
5.172388076782226562e+00
5.164575576782226562e+00
5.172388076782226562e+00
5.164575576782226562e+00
5.172388076782226562e+00
5.172388076782226562e+00
5.156763076782226562e+00
5.164575576782226562e+00
5.172388076782226562e+00
5.156763076782226562e+00
5.164575576782226562e+00
5.172388076782226562e+00
5.164575576782226562e+00
5.164575576782226562e+00
5.172388076782226562e+00
5.172388076782226562e+00
5.172388076782226562e+00
5.156763076782226562e+00
5.156763076782226562e+00
5.164575576782226562e+00
5.156763076782226562e+00
5.172388076782226562e+00
5.156763076782226562e+00
5.156763076782226562e+00
5.156763076782226562e+00
5.180200576782226562e+00
5.156763076782226562e+00
5.180200576782226562e+00
5.180200576782226562e+00
5.172388076782226562e+00
5.164575576782226562e+00
5.164575576782226562e+00
5.148950576782226562e+00
5.172388076782226562e+00
5.164575576782226562e+00
5.172388076782226562e+00
5.172388076782226562e+00
5.172388076782226562e+00
5.172388076782226562e+00
5.156763076782226562e+00
5.172388076782226562e+00
5.148950576782226562e+00
5.172388076782226562e+00
5.164575576782226562e+00
5.156763076782226562e+00
5.180200576782226562e+00
5.172388076782226562e+00
5.172388076782226562e+00
5.164575576782226562e+00
5.180200576782226562e+00
5.180200576782226562e+00
5.172388076782226562e+00
5.156763076782226562e+00
5.164575576782226562e+00
5.172388076782226562e+00
5.172388076782226562e+00
5.172388076782226562e+00
5.156763076782226562e+00
5.164575576782226562e+00
5.164575576782226562e+00
5.172388076782226562e+00
5.164575576782226562e+00
5.164575576782226562e+00
5.180200576782226562e+00
5.180200576782226562e+00
5.180200576782226562e+00
5.172388076782226562e+00
5.180200576782226562e+00
5.148950576782226562e+00
5.180200576782226562e+00
5.164575576782226562e+00
5.180200576782226562e+00
5.180200576782226562e+00
5.156763076782226562e+00
5.180200576782226562e+00
5.180200576782226562e+00
5.180200576782226562e+00
5.172388076782226562e+00
5.141138076782226562e+00
5.172388076782226562e+00
5.172388076782226562e+00
5.156763076782226562e+00
5.172388076782226562e+00
5.164575576782226562e+00
5.180200576782226562e+00
5.180200576782226562e+00
5.164575576782226562e+00
5.172388076782226562e+00
5.180200576782226562e+00
5.164575576782226562e+00
5.172388076782226562e+00
5.156763076782226562e+00
5.172388076782226562e+00
5.172388076782226562e+00
5.180200576782226562e+00
5.156763076782226562e+00
5.180200576782226562e+00
5.164575576782226562e+00
5.180200576782226562e+00
5.164575576782226562e+00
5.172388076782226562e+00
5.148950576782226562e+00
5.180200576782226562e+00
5.180200576782226562e+00
5.164575576782226562e+00
5.172388076782226562e+00
5.156763076782226562e+00
5.172388076782226562e+00
5.156763076782226562e+00
5.180200576782226562e+00
5.172388076782226562e+00
5.172388076782226562e+00
5.164575576782226562e+00
5.180200576782226562e+00
5.172388076782226562e+00
5.180200576782226562e+00
5.180200576782226562e+00
5.148950576782226562e+00
5.172388076782226562e+00
5.164575576782226562e+00
5.156763076782226562e+00
5.180200576782226562e+00
5.172388076782226562e+00
5.156763076782226562e+00
5.156763076782226562e+00
5.172388076782226562e+00
5.164575576782226562e+00
5.172388076782226562e+00
5.164575576782226562e+00
5.172388076782226562e+00
5.172388076782226562e+00
5.156763076782226562e+00
5.172388076782226562e+00
5.156763076782226562e+00
5.180200576782226562e+00
5.164575576782226562e+00
5.172388076782226562e+00
5.172388076782226562e+00
5.180200576782226562e+00
5.180200576782226562e+00
5.172388076782226562e+00
5.164575576782226562e+00
5.164575576782226562e+00
5.164575576782226562e+00
5.164575576782226562e+00
5.172388076782226562e+00
5.180200576782226562e+00
5.172388076782226562e+00
5.172388076782226562e+00
5.180200576782226562e+00
5.156763076782226562e+00
5.172388076782226562e+00
5.180200576782226562e+00
5.156763076782226562e+00
5.180200576782226562e+00
5.164575576782226562e+00
5.172388076782226562e+00
5.172388076782226562e+00
5.156763076782226562e+00
5.172388076782226562e+00
5.180200576782226562e+00
5.172388076782226562e+00
5.156763076782226562e+00
5.148950576782226562e+00
5.180200576782226562e+00
5.164575576782226562e+00
5.148950576782226562e+00
5.180200576782226562e+00
5.180200576782226562e+00
5.164575576782226562e+00
5.172388076782226562e+00
5.164575576782226562e+00
5.172388076782226562e+00
5.164575576782226562e+00
5.156763076782226562e+00
5.164575576782226562e+00
5.172388076782226562e+00
5.164575576782226562e+00
5.164575576782226562e+00
5.180200576782226562e+00
5.180200576782226562e+00
5.180200576782226562e+00
5.172388076782226562e+00
5.164575576782226562e+00
5.180200576782226562e+00
5.172388076782226562e+00
5.164575576782226562e+00
5.164575576782226562e+00
5.164575576782226562e+00
5.164575576782226562e+00
5.172388076782226562e+00
5.180200576782226562e+00
5.156763076782226562e+00
5.156763076782226562e+00
5.172388076782226562e+00
5.148950576782226562e+00
5.164575576782226562e+00
5.172388076782226562e+00
5.180200576782226562e+00
5.180200576782226562e+00
5.164575576782226562e+00
5.172388076782226562e+00
5.172388076782226562e+00
5.156763076782226562e+00
5.172388076782226562e+00
5.172388076782226562e+00
5.164575576782226562e+00
5.156763076782226562e+00
5.164575576782226562e+00
5.172388076782226562e+00
5.148950576782226562e+00
5.180200576782226562e+00
5.180200576782226562e+00
5.164575576782226562e+00
5.180200576782226562e+00
5.164575576782226562e+00
5.164575576782226562e+00
5.172388076782226562e+00
5.172388076782226562e+00
5.180200576782226562e+00
5.156763076782226562e+00
5.172388076782226562e+00
5.172388076782226562e+00
5.180200576782226562e+00
5.156763076782226562e+00
5.164575576782226562e+00
5.172388076782226562e+00
5.156763076782226562e+00
5.141138076782226562e+00
5.172388076782226562e+00
5.172388076782226562e+00
5.148950576782226562e+00
5.180200576782226562e+00
5.180200576782226562e+00
5.180200576782226562e+00
5.156763076782226562e+00
5.180200576782226562e+00
5.172388076782226562e+00
5.180200576782226562e+00
5.148950576782226562e+00
5.156763076782226562e+00
5.164575576782226562e+00
5.172388076782226562e+00
5.172388076782226562e+00
5.164575576782226562e+00
5.172388076782226562e+00
5.180200576782226562e+00
5.164575576782226562e+00
5.180200576782226562e+00
5.172388076782226562e+00
5.180200576782226562e+00
5.180200576782226562e+00
5.164575576782226562e+00
5.172388076782226562e+00
5.180200576782226562e+00
5.156763076782226562e+00
5.164575576782226562e+00
5.164575576782226562e+00
5.148950576782226562e+00
5.180200576782226562e+00
5.164575576782226562e+00
5.156763076782226562e+00
5.164575576782226562e+00
5.180200576782226562e+00
5.172388076782226562e+00
5.172388076782226562e+00
5.172388076782226562e+00
5.164575576782226562e+00
5.164575576782226562e+00
5.164575576782226562e+00
5.164575576782226562e+00
5.180200576782226562e+00
5.172388076782226562e+00
5.172388076782226562e+00
5.172388076782226562e+00
5.156763076782226562e+00
5.141138076782226562e+00
5.156763076782226562e+00
5.164575576782226562e+00
5.172388076782226562e+00
5.172388076782226562e+00
5.172388076782226562e+00
5.164575576782226562e+00
5.172388076782226562e+00
5.164575576782226562e+00
5.172388076782226562e+00
5.164575576782226562e+00
5.180200576782226562e+00
5.180200576782226562e+00
5.180200576782226562e+00
5.172388076782226562e+00
5.172388076782226562e+00
5.172388076782226562e+00
5.164575576782226562e+00
5.164575576782226562e+00
5.164575576782226562e+00
5.180200576782226562e+00
5.164575576782226562e+00
5.172388076782226562e+00
5.164575576782226562e+00
5.172388076782226562e+00
5.164575576782226562e+00
5.172388076782226562e+00
5.172388076782226562e+00
5.180200576782226562e+00
5.164575576782226562e+00
5.148950576782226562e+00
5.172388076782226562e+00
5.172388076782226562e+00
5.164575576782226562e+00
5.164575576782226562e+00
5.172388076782226562e+00
5.180200576782226562e+00
5.172388076782226562e+00
5.172388076782226562e+00
5.148950576782226562e+00
5.172388076782226562e+00
5.172388076782226562e+00
5.172388076782226562e+00
5.164575576782226562e+00
5.172388076782226562e+00
5.180200576782226562e+00
5.172388076782226562e+00
5.164575576782226562e+00
5.172388076782226562e+00
5.172388076782226562e+00
5.164575576782226562e+00
5.180200576782226562e+00
5.172388076782226562e+00
5.172388076782226562e+00
5.172388076782226562e+00
5.172388076782226562e+00
5.164575576782226562e+00
5.164575576782226562e+00
5.164575576782226562e+00
5.156763076782226562e+00
5.164575576782226562e+00
5.180200576782226562e+00
5.141138076782226562e+00
5.180200576782226562e+00
5.164575576782226562e+00
5.172388076782226562e+00
5.164575576782226562e+00
5.164575576782226562e+00
5.172388076782226562e+00
5.172388076782226562e+00
5.172388076782226562e+00
5.172388076782226562e+00
5.164575576782226562e+00
5.164575576782226562e+00
5.164575576782226562e+00
5.148950576782226562e+00
5.172388076782226562e+00
5.172388076782226562e+00
5.172388076782226562e+00
5.172388076782226562e+00
5.172388076782226562e+00
5.180200576782226562e+00
5.172388076782226562e+00
5.180200576782226562e+00
5.156763076782226562e+00
5.172388076782226562e+00
5.172388076782226562e+00
5.172388076782226562e+00
5.164575576782226562e+00
5.172388076782226562e+00
5.172388076782226562e+00
5.172388076782226562e+00
5.164575576782226562e+00
5.156763076782226562e+00
5.172388076782226562e+00
5.180200576782226562e+00
5.180200576782226562e+00
5.164575576782226562e+00
5.141138076782226562e+00
5.172388076782226562e+00
5.180200576782226562e+00
5.164575576782226562e+00
5.172388076782226562e+00
5.164575576782226562e+00
5.180200576782226562e+00
5.172388076782226562e+00
5.180200576782226562e+00
5.172388076782226562e+00
5.172388076782226562e+00
5.172388076782226562e+00
5.180200576782226562e+00
5.164575576782226562e+00
5.141138076782226562e+00
5.172388076782226562e+00
5.156763076782226562e+00
5.172388076782226562e+00
5.164575576782226562e+00
5.164575576782226562e+00
5.141138076782226562e+00
5.180200576782226562e+00
5.180200576782226562e+00
5.156763076782226562e+00
5.172388076782226562e+00
5.172388076782226562e+00
5.148950576782226562e+00
5.148950576782226562e+00
5.156763076782226562e+00
5.172388076782226562e+00
5.180200576782226562e+00
5.180200576782226562e+00
5.172388076782226562e+00
5.180200576782226562e+00
5.180200576782226562e+00
5.180200576782226562e+00
5.172388076782226562e+00
5.180200576782226562e+00
5.164575576782226562e+00
5.156763076782226562e+00
5.172388076782226562e+00
5.164575576782226562e+00
5.164575576782226562e+00
5.180200576782226562e+00
5.141138076782226562e+00
5.164575576782226562e+00
5.156763076782226562e+00
5.172388076782226562e+00
5.164575576782226562e+00
5.180200576782226562e+00
5.164575576782226562e+00
5.156763076782226562e+00
5.164575576782226562e+00
5.164575576782226562e+00
5.164575576782226562e+00
5.172388076782226562e+00
5.156763076782226562e+00
5.172388076782226562e+00
5.156763076782226562e+00
5.172388076782226562e+00
5.172388076782226562e+00
5.156763076782226562e+00
5.156763076782226562e+00
5.180200576782226562e+00
5.180200576782226562e+00
5.172388076782226562e+00
5.172388076782226562e+00
5.180200576782226562e+00
5.172388076782226562e+00
5.164575576782226562e+00
5.164575576782226562e+00
5.180200576782226562e+00
5.172388076782226562e+00
5.172388076782226562e+00
5.172388076782226562e+00
5.180200576782226562e+00
5.172388076782226562e+00
5.180200576782226562e+00
5.156763076782226562e+00
5.172388076782226562e+00
5.180200576782226562e+00
5.148950576782226562e+00
5.180200576782226562e+00
5.156763076782226562e+00
5.164575576782226562e+00
5.172388076782226562e+00
5.180200576782226562e+00
5.172388076782226562e+00
5.180200576782226562e+00
5.164575576782226562e+00
5.172388076782226562e+00
5.180200576782226562e+00
5.172388076782226562e+00
5.141138076782226562e+00
5.172388076782226562e+00
5.172388076782226562e+00
5.172388076782226562e+00
5.156763076782226562e+00
5.172388076782226562e+00
5.180200576782226562e+00
5.172388076782226562e+00
5.156763076782226562e+00
5.164575576782226562e+00
5.164575576782226562e+00
5.172388076782226562e+00
5.172388076782226562e+00
5.141138076782226562e+00
5.164575576782226562e+00
5.164575576782226562e+00
5.172388076782226562e+00
5.172388076782226562e+00
5.180200576782226562e+00
5.172388076782226562e+00
5.172388076782226562e+00
5.172388076782226562e+00
5.164575576782226562e+00
5.156763076782226562e+00
5.180200576782226562e+00
5.164575576782226562e+00
5.172388076782226562e+00
5.164575576782226562e+00
5.148950576782226562e+00
5.180200576782226562e+00
5.172388076782226562e+00
5.172388076782226562e+00
5.180200576782226562e+00
5.156763076782226562e+00
5.164575576782226562e+00
5.180200576782226562e+00
5.172388076782226562e+00
5.172388076782226562e+00
5.156763076782226562e+00
5.180200576782226562e+00
5.180200576782226562e+00
5.172388076782226562e+00
5.172388076782226562e+00
5.180200576782226562e+00
5.180200576782226562e+00
5.164575576782226562e+00
5.164575576782226562e+00
5.172388076782226562e+00
5.172388076782226562e+00
5.172388076782226562e+00
5.172388076782226562e+00
5.164575576782226562e+00
5.172388076782226562e+00
5.156763076782226562e+00
5.180200576782226562e+00
5.156763076782226562e+00
5.164575576782226562e+00
5.164575576782226562e+00
5.172388076782226562e+00
5.180200576782226562e+00
5.180200576782226562e+00
5.172388076782226562e+00
5.180200576782226562e+00
5.180200576782226562e+00
5.164575576782226562e+00
5.164575576782226562e+00
5.156763076782226562e+00
5.172388076782226562e+00
5.164575576782226562e+00
5.172388076782226562e+00
5.164575576782226562e+00
5.164575576782226562e+00
5.148950576782226562e+00
5.172388076782226562e+00
5.180200576782226562e+00
5.148950576782226562e+00
5.180200576782226562e+00
5.164575576782226562e+00
5.180200576782226562e+00
5.156763076782226562e+00
5.164575576782226562e+00
5.172388076782226562e+00
5.156763076782226562e+00
5.148950576782226562e+00
5.164575576782226562e+00
5.180200576782226562e+00
5.172388076782226562e+00
5.172388076782226562e+00
5.172388076782226562e+00
5.164575576782226562e+00
5.172388076782226562e+00
5.156763076782226562e+00
5.172388076782226562e+00
5.180200576782226562e+00
5.172388076782226562e+00
5.156763076782226562e+00
5.164575576782226562e+00
5.172388076782226562e+00
5.156763076782226562e+00
5.164575576782226562e+00
5.172388076782226562e+00
5.125513076782226562e+00
5.180200576782226562e+00
5.180200576782226562e+00
5.172388076782226562e+00
5.164575576782226562e+00
5.180200576782226562e+00
5.164575576782226562e+00
5.156763076782226562e+00
5.172388076782226562e+00
5.180200576782226562e+00
5.180200576782226562e+00
5.180200576782226562e+00
5.180200576782226562e+00
5.172388076782226562e+00
5.172388076782226562e+00
5.156763076782226562e+00
5.172388076782226562e+00
5.164575576782226562e+00
5.156763076782226562e+00
5.172388076782226562e+00
5.172388076782226562e+00
5.180200576782226562e+00
5.172388076782226562e+00
5.180200576782226562e+00
5.172388076782226562e+00
5.180200576782226562e+00
5.172388076782226562e+00
5.164575576782226562e+00
5.180200576782226562e+00
5.156763076782226562e+00
5.164575576782226562e+00
5.164575576782226562e+00
5.180200576782226562e+00
5.164575576782226562e+00
5.172388076782226562e+00
5.164575576782226562e+00
5.164575576782226562e+00
5.148950576782226562e+00
5.172388076782226562e+00
5.172388076782226562e+00
5.164575576782226562e+00
5.172388076782226562e+00
5.172388076782226562e+00
5.164575576782226562e+00
5.172388076782226562e+00
5.172388076782226562e+00
5.156763076782226562e+00
5.172388076782226562e+00
5.172388076782226562e+00
5.164575576782226562e+00
5.164575576782226562e+00
5.172388076782226562e+00
5.172388076782226562e+00
5.180200576782226562e+00
5.180200576782226562e+00
5.180200576782226562e+00
5.172388076782226562e+00
5.156763076782226562e+00
5.164575576782226562e+00
5.172388076782226562e+00
5.180200576782226562e+00
5.164575576782226562e+00
5.164575576782226562e+00
5.164575576782226562e+00
5.156763076782226562e+00
5.164575576782226562e+00
5.172388076782226562e+00
5.164575576782226562e+00
5.180200576782226562e+00
5.180200576782226562e+00
5.172388076782226562e+00
5.180200576782226562e+00
5.156763076782226562e+00
5.180200576782226562e+00
5.180200576782226562e+00
5.180200576782226562e+00
5.164575576782226562e+00
5.156763076782226562e+00
5.164575576782226562e+00
5.180200576782226562e+00
5.156763076782226562e+00
5.164575576782226562e+00
5.180200576782226562e+00
5.164575576782226562e+00
5.164575576782226562e+00
5.172388076782226562e+00
5.164575576782226562e+00
5.172388076782226562e+00
5.172388076782226562e+00
5.164575576782226562e+00
5.164575576782226562e+00
5.164575576782226562e+00
5.156763076782226562e+00
5.164575576782226562e+00
5.164575576782226562e+00
5.172388076782226562e+00
5.164575576782226562e+00
5.164575576782226562e+00
5.172388076782226562e+00
5.172388076782226562e+00
5.164575576782226562e+00
5.180200576782226562e+00
5.172388076782226562e+00
5.172388076782226562e+00
5.172388076782226562e+00
5.164575576782226562e+00
5.172388076782226562e+00
5.148950576782226562e+00
5.164575576782226562e+00
5.164575576782226562e+00
5.180200576782226562e+00
5.180200576782226562e+00
5.164575576782226562e+00
5.180200576782226562e+00
5.172388076782226562e+00
5.156763076782226562e+00
5.164575576782226562e+00
5.172388076782226562e+00
5.156763076782226562e+00
5.164575576782226562e+00
5.172388076782226562e+00
5.172388076782226562e+00
5.172388076782226562e+00
5.156763076782226562e+00
5.164575576782226562e+00
5.180200576782226562e+00
5.148950576782226562e+00
5.172388076782226562e+00
5.164575576782226562e+00
5.172388076782226562e+00
5.164575576782226562e+00
5.164575576782226562e+00
5.156763076782226562e+00
5.172388076782226562e+00
5.164575576782226562e+00
5.156763076782226562e+00
5.156763076782226562e+00
5.164575576782226562e+00
5.172388076782226562e+00
5.172388076782226562e+00
5.125513076782226562e+00
5.172388076782226562e+00
5.164575576782226562e+00
5.164575576782226562e+00
5.172388076782226562e+00
5.164575576782226562e+00
5.164575576782226562e+00
5.180200576782226562e+00
5.172388076782226562e+00
5.156763076782226562e+00
5.172388076782226562e+00
5.172388076782226562e+00
5.172388076782226562e+00
5.172388076782226562e+00
5.172388076782226562e+00
5.172388076782226562e+00
5.164575576782226562e+00
5.180200576782226562e+00
5.148950576782226562e+00
5.164575576782226562e+00
5.172388076782226562e+00
5.164575576782226562e+00
5.156763076782226562e+00
5.172388076782226562e+00
5.172388076782226562e+00
5.164575576782226562e+00
5.172388076782226562e+00
5.148950576782226562e+00
5.164575576782226562e+00
5.164575576782226562e+00
5.180200576782226562e+00
5.180200576782226562e+00
5.172388076782226562e+00
5.172388076782226562e+00
5.172388076782226562e+00
5.180200576782226562e+00
5.156763076782226562e+00
5.172388076782226562e+00
5.172388076782226562e+00
5.172388076782226562e+00
5.172388076782226562e+00
5.180200576782226562e+00
5.156763076782226562e+00
5.180200576782226562e+00
5.156763076782226562e+00
5.180200576782226562e+00
5.164575576782226562e+00
5.164575576782226562e+00
5.172388076782226562e+00
5.180200576782226562e+00
5.172388076782226562e+00
5.172388076782226562e+00
5.172388076782226562e+00
5.164575576782226562e+00
5.172388076782226562e+00
5.172388076782226562e+00
5.180200576782226562e+00
5.164575576782226562e+00
5.172388076782226562e+00
5.180200576782226562e+00
5.172388076782226562e+00
5.180200576782226562e+00
5.172388076782226562e+00
5.156763076782226562e+00
5.172388076782226562e+00
5.180200576782226562e+00
5.172388076782226562e+00
5.172388076782226562e+00
5.164575576782226562e+00
5.180200576782226562e+00
5.180200576782226562e+00
5.180200576782226562e+00
5.164575576782226562e+00
5.172388076782226562e+00
5.164575576782226562e+00
5.172388076782226562e+00
5.172388076782226562e+00
5.172388076782226562e+00
5.180200576782226562e+00
5.172388076782226562e+00
5.164575576782226562e+00
5.172388076782226562e+00
5.148950576782226562e+00
5.164575576782226562e+00
5.156763076782226562e+00
5.172388076782226562e+00
5.172388076782226562e+00
5.164575576782226562e+00
5.180200576782226562e+00
5.172388076782226562e+00
5.180200576782226562e+00
5.172388076782226562e+00
5.172388076782226562e+00
5.164575576782226562e+00
5.172388076782226562e+00
5.172388076782226562e+00
5.164575576782226562e+00
5.164575576782226562e+00
5.172388076782226562e+00
5.180200576782226562e+00
5.172388076782226562e+00
5.172388076782226562e+00
5.164575576782226562e+00
5.172388076782226562e+00
5.164575576782226562e+00
5.180200576782226562e+00
5.172388076782226562e+00
5.172388076782226562e+00
5.172388076782226562e+00
5.172388076782226562e+00
5.172388076782226562e+00
5.164575576782226562e+00
5.164575576782226562e+00
5.164575576782226562e+00
5.172388076782226562e+00
5.164575576782226562e+00
5.156763076782226562e+00
5.180200576782226562e+00
5.172388076782226562e+00
5.164575576782226562e+00
5.172388076782226562e+00
5.164575576782226562e+00
5.172388076782226562e+00
5.180200576782226562e+00
5.156763076782226562e+00
5.172388076782226562e+00
5.156763076782226562e+00
5.148950576782226562e+00
5.164575576782226562e+00
5.172388076782226562e+00
5.164575576782226562e+00
5.180200576782226562e+00
5.156763076782226562e+00
5.164575576782226562e+00
5.180200576782226562e+00
5.148950576782226562e+00
5.156763076782226562e+00
5.180200576782226562e+00
5.180200576782226562e+00
5.164575576782226562e+00
5.172388076782226562e+00
5.164575576782226562e+00
5.180200576782226562e+00
5.180200576782226562e+00
5.180200576782226562e+00
5.172388076782226562e+00
5.172388076782226562e+00
5.156763076782226562e+00
5.180200576782226562e+00
5.164575576782226562e+00
5.180200576782226562e+00
5.148950576782226562e+00
5.172388076782226562e+00
5.172388076782226562e+00
5.172388076782226562e+00
5.180200576782226562e+00
5.164575576782226562e+00
5.133325576782226562e+00
5.180200576782226562e+00
5.180200576782226562e+00
5.172388076782226562e+00
5.172388076782226562e+00
5.172388076782226562e+00
5.180200576782226562e+00
5.164575576782226562e+00
5.164575576782226562e+00
5.164575576782226562e+00
5.180200576782226562e+00
5.164575576782226562e+00
5.172388076782226562e+00
5.164575576782226562e+00
5.172388076782226562e+00
5.172388076782226562e+00
5.172388076782226562e+00
5.172388076782226562e+00
5.164575576782226562e+00
5.172388076782226562e+00
5.156763076782226562e+00
5.172388076782226562e+00
5.148950576782226562e+00
5.156763076782226562e+00
5.180200576782226562e+00
5.141138076782226562e+00
5.148950576782226562e+00
5.172388076782226562e+00
5.180200576782226562e+00
5.164575576782226562e+00
5.172388076782226562e+00
5.180200576782226562e+00
5.172388076782226562e+00
5.172388076782226562e+00
5.180200576782226562e+00
5.172388076782226562e+00
5.180200576782226562e+00
5.164575576782226562e+00
5.180200576782226562e+00
5.164575576782226562e+00
5.172388076782226562e+00
5.164575576782226562e+00
5.164575576782226562e+00
5.180200576782226562e+00
5.125513076782226562e+00
5.164575576782226562e+00
5.180200576782226562e+00
5.164575576782226562e+00
5.156763076782226562e+00
5.172388076782226562e+00
5.164575576782226562e+00
5.180200576782226562e+00
5.172388076782226562e+00
5.156763076782226562e+00
5.172388076782226562e+00
5.172388076782226562e+00
5.180200576782226562e+00
5.156763076782226562e+00
5.180200576782226562e+00
5.172388076782226562e+00
5.172388076782226562e+00
5.172388076782226562e+00
5.172388076782226562e+00
5.172388076782226562e+00
5.164575576782226562e+00
5.148950576782226562e+00
5.156763076782226562e+00
5.156763076782226562e+00
5.180200576782226562e+00
5.164575576782226562e+00
5.172388076782226562e+00
5.156763076782226562e+00
5.172388076782226562e+00
5.172388076782226562e+00
5.164575576782226562e+00
5.172388076782226562e+00
5.172388076782226562e+00
5.164575576782226562e+00
5.172388076782226562e+00
5.172388076782226562e+00
5.156763076782226562e+00
5.164575576782226562e+00
5.172388076782226562e+00
5.172388076782226562e+00
5.180200576782226562e+00
5.180200576782226562e+00
5.164575576782226562e+00
5.164575576782226562e+00
5.180200576782226562e+00
5.180200576782226562e+00
5.172388076782226562e+00
5.172388076782226562e+00
5.164575576782226562e+00
5.156763076782226562e+00
5.172388076782226562e+00
5.156763076782226562e+00
5.172388076782226562e+00
5.164575576782226562e+00
5.172388076782226562e+00
5.164575576782226562e+00
5.172388076782226562e+00
5.164575576782226562e+00
5.164575576782226562e+00
5.156763076782226562e+00
5.164575576782226562e+00
5.164575576782226562e+00
5.180200576782226562e+00
5.156763076782226562e+00
5.164575576782226562e+00
5.164575576782226562e+00
5.180200576782226562e+00
5.164575576782226562e+00
5.172388076782226562e+00
5.180200576782226562e+00
5.180200576782226562e+00
5.180200576782226562e+00
5.164575576782226562e+00
5.172388076782226562e+00
5.148950576782226562e+00
5.180200576782226562e+00
5.180200576782226562e+00
5.180200576782226562e+00
5.164575576782226562e+00
5.164575576782226562e+00
5.156763076782226562e+00
5.180200576782226562e+00
5.148950576782226562e+00
5.180200576782226562e+00
5.164575576782226562e+00
5.164575576782226562e+00
5.180200576782226562e+00
5.164575576782226562e+00
5.180200576782226562e+00
5.148950576782226562e+00
5.172388076782226562e+00
5.172388076782226562e+00
5.172388076782226562e+00
5.164575576782226562e+00
5.172388076782226562e+00
5.164575576782226562e+00
5.180200576782226562e+00
5.172388076782226562e+00
5.164575576782226562e+00
5.156763076782226562e+00
5.172388076782226562e+00
5.164575576782226562e+00
5.172388076782226562e+00
5.164575576782226562e+00
5.172388076782226562e+00
5.180200576782226562e+00
5.164575576782226562e+00
5.172388076782226562e+00
5.180200576782226562e+00
5.164575576782226562e+00
5.172388076782226562e+00
5.172388076782226562e+00
5.180200576782226562e+00
5.180200576782226562e+00
5.172388076782226562e+00
5.180200576782226562e+00
5.180200576782226562e+00
5.164575576782226562e+00
5.164575576782226562e+00
5.172388076782226562e+00
5.172388076782226562e+00
5.164575576782226562e+00
5.172388076782226562e+00
5.156763076782226562e+00
5.172388076782226562e+00
5.156763076782226562e+00
5.164575576782226562e+00
5.164575576782226562e+00
5.172388076782226562e+00
5.164575576782226562e+00
5.180200576782226562e+00
5.141138076782226562e+00
5.164575576782226562e+00
5.172388076782226562e+00
5.180200576782226562e+00
5.180200576782226562e+00
5.172388076782226562e+00
5.172388076782226562e+00
5.141138076782226562e+00
5.156763076782226562e+00
5.180200576782226562e+00
5.180200576782226562e+00
5.172388076782226562e+00
5.156763076782226562e+00
5.164575576782226562e+00
5.148950576782226562e+00
5.172388076782226562e+00
5.164575576782226562e+00
5.172388076782226562e+00
5.156763076782226562e+00
5.164575576782226562e+00
5.164575576782226562e+00
5.180200576782226562e+00
5.156763076782226562e+00
5.180200576782226562e+00
5.172388076782226562e+00
5.180200576782226562e+00
5.156763076782226562e+00
5.164575576782226562e+00
5.156763076782226562e+00
5.164575576782226562e+00
5.172388076782226562e+00
5.133325576782226562e+00
5.172388076782226562e+00
5.148950576782226562e+00
5.172388076782226562e+00
5.180200576782226562e+00
5.164575576782226562e+00
5.164575576782226562e+00
5.156763076782226562e+00
5.156763076782226562e+00
5.180200576782226562e+00
5.172388076782226562e+00
5.180200576782226562e+00
5.172388076782226562e+00
5.172388076782226562e+00
5.180200576782226562e+00
5.164575576782226562e+00
5.156763076782226562e+00
5.164575576782226562e+00
5.164575576782226562e+00
5.172388076782226562e+00
5.172388076782226562e+00
5.172388076782226562e+00
5.180200576782226562e+00
5.172388076782226562e+00
5.172388076782226562e+00
5.180200576782226562e+00
5.172388076782226562e+00
5.180200576782226562e+00
5.164575576782226562e+00
5.156763076782226562e+00
5.156763076782226562e+00
5.164575576782226562e+00
5.164575576782226562e+00
5.180200576782226562e+00
5.164575576782226562e+00
5.172388076782226562e+00
5.172388076782226562e+00
5.156763076782226562e+00
5.180200576782226562e+00
5.180200576782226562e+00
5.180200576782226562e+00
5.156763076782226562e+00
5.156763076782226562e+00
5.172388076782226562e+00
5.164575576782226562e+00
5.164575576782226562e+00
5.164575576782226562e+00
5.180200576782226562e+00
5.180200576782226562e+00
5.180200576782226562e+00
5.164575576782226562e+00
5.172388076782226562e+00
5.172388076782226562e+00
5.172388076782226562e+00
5.164575576782226562e+00
5.172388076782226562e+00
5.172388076782226562e+00
5.164575576782226562e+00
5.172388076782226562e+00
5.172388076782226562e+00
5.156763076782226562e+00
5.180200576782226562e+00
5.172388076782226562e+00
5.172388076782226562e+00
5.172388076782226562e+00
5.180200576782226562e+00
5.180200576782226562e+00
5.156763076782226562e+00
5.180200576782226562e+00
5.172388076782226562e+00
5.164575576782226562e+00
5.164575576782226562e+00
5.164575576782226562e+00
5.164575576782226562e+00
5.172388076782226562e+00
5.172388076782226562e+00
5.172388076782226562e+00
5.164575576782226562e+00
5.172388076782226562e+00
5.164575576782226562e+00
5.164575576782226562e+00
5.164575576782226562e+00
5.164575576782226562e+00
5.180200576782226562e+00
5.156763076782226562e+00
5.133325576782226562e+00
5.172388076782226562e+00
5.172388076782226562e+00
5.172388076782226562e+00
5.164575576782226562e+00
5.172388076782226562e+00
5.172388076782226562e+00
5.156763076782226562e+00
5.172388076782226562e+00
5.172388076782226562e+00
5.164575576782226562e+00
5.172388076782226562e+00
5.164575576782226562e+00
5.172388076782226562e+00
5.148950576782226562e+00
5.180200576782226562e+00
5.164575576782226562e+00
5.180200576782226562e+00
5.180200576782226562e+00
5.156763076782226562e+00
5.172388076782226562e+00
5.180200576782226562e+00
5.180200576782226562e+00
5.180200576782226562e+00
5.156763076782226562e+00
5.156763076782226562e+00
5.172388076782226562e+00
5.148950576782226562e+00
5.172388076782226562e+00
5.156763076782226562e+00
5.156763076782226562e+00
5.164575576782226562e+00
5.180200576782226562e+00
5.180200576782226562e+00
5.172388076782226562e+00
5.172388076782226562e+00
5.172388076782226562e+00
5.172388076782226562e+00
5.156763076782226562e+00
5.180200576782226562e+00
5.172388076782226562e+00
5.172388076782226562e+00
5.180200576782226562e+00
5.156763076782226562e+00
5.180200576782226562e+00
5.172388076782226562e+00
5.172388076782226562e+00
5.180200576782226562e+00
5.172388076782226562e+00
5.172388076782226562e+00
5.164575576782226562e+00
5.180200576782226562e+00
5.164575576782226562e+00
5.156763076782226562e+00
5.164575576782226562e+00
5.172388076782226562e+00
5.180200576782226562e+00
5.156763076782226562e+00
5.164575576782226562e+00
5.172388076782226562e+00
5.156763076782226562e+00
5.164575576782226562e+00
5.156763076782226562e+00
5.180200576782226562e+00
5.164575576782226562e+00
5.180200576782226562e+00
5.172388076782226562e+00
5.141138076782226562e+00
5.164575576782226562e+00
5.164575576782226562e+00
5.156763076782226562e+00
5.180200576782226562e+00
5.180200576782226562e+00
5.180200576782226562e+00
5.172388076782226562e+00
5.180200576782226562e+00
5.172388076782226562e+00
5.172388076782226562e+00
5.172388076782226562e+00
5.156763076782226562e+00
5.180200576782226562e+00
5.164575576782226562e+00
5.141138076782226562e+00
5.172388076782226562e+00
5.164575576782226562e+00
5.172388076782226562e+00
5.180200576782226562e+00
5.172388076782226562e+00
5.172388076782226562e+00
5.172388076782226562e+00
5.164575576782226562e+00
5.172388076782226562e+00
5.172388076782226562e+00
5.156763076782226562e+00
5.172388076782226562e+00
5.164575576782226562e+00
5.172388076782226562e+00
5.172388076782226562e+00
5.180200576782226562e+00
5.172388076782226562e+00
5.180200576782226562e+00
5.180200576782226562e+00
5.164575576782226562e+00
5.172388076782226562e+00
5.172388076782226562e+00
5.172388076782226562e+00
5.172388076782226562e+00
5.180200576782226562e+00
5.156763076782226562e+00
5.156763076782226562e+00
5.172388076782226562e+00
5.180200576782226562e+00
5.164575576782226562e+00
5.172388076782226562e+00
5.172388076782226562e+00
5.180200576782226562e+00
5.172388076782226562e+00
5.172388076782226562e+00
5.148950576782226562e+00
5.164575576782226562e+00
5.172388076782226562e+00
5.180200576782226562e+00
5.164575576782226562e+00
5.172388076782226562e+00
5.180200576782226562e+00
5.164575576782226562e+00
5.180200576782226562e+00
5.164575576782226562e+00
5.172388076782226562e+00
5.180200576782226562e+00
5.164575576782226562e+00
5.156763076782226562e+00
5.156763076782226562e+00
5.164575576782226562e+00
5.156763076782226562e+00
5.156763076782226562e+00
5.172388076782226562e+00
5.156763076782226562e+00
5.172388076782226562e+00
5.180200576782226562e+00
5.180200576782226562e+00
5.180200576782226562e+00
5.172388076782226562e+00
5.172388076782226562e+00
5.141138076782226562e+00
5.172388076782226562e+00
5.141138076782226562e+00
5.164575576782226562e+00
5.164575576782226562e+00
5.180200576782226562e+00
5.164575576782226562e+00
5.172388076782226562e+00
5.156763076782226562e+00
5.172388076782226562e+00
5.172388076782226562e+00
5.180200576782226562e+00
5.172388076782226562e+00
5.156763076782226562e+00
5.164575576782226562e+00
5.164575576782226562e+00
5.180200576782226562e+00
5.164575576782226562e+00
5.148950576782226562e+00
5.180200576782226562e+00
5.180200576782226562e+00
5.180200576782226562e+00
5.164575576782226562e+00
5.156763076782226562e+00
5.156763076782226562e+00
5.164575576782226562e+00
5.180200576782226562e+00
5.164575576782226562e+00
5.156763076782226562e+00
5.180200576782226562e+00
5.180200576782226562e+00
5.164575576782226562e+00
5.156763076782226562e+00
5.164575576782226562e+00
5.180200576782226562e+00
5.172388076782226562e+00
5.164575576782226562e+00
5.172388076782226562e+00
5.172388076782226562e+00
5.148950576782226562e+00
5.180200576782226562e+00
5.172388076782226562e+00
5.172388076782226562e+00
5.164575576782226562e+00
5.172388076782226562e+00
5.180200576782226562e+00
5.172388076782226562e+00
5.180200576782226562e+00
5.180200576782226562e+00
5.172388076782226562e+00
5.172388076782226562e+00
5.180200576782226562e+00
5.172388076782226562e+00
5.164575576782226562e+00
5.156763076782226562e+00
5.172388076782226562e+00
5.172388076782226562e+00
5.172388076782226562e+00
5.172388076782226562e+00
5.164575576782226562e+00
5.172388076782226562e+00
5.172388076782226562e+00
5.172388076782226562e+00
5.156763076782226562e+00
5.180200576782226562e+00
5.164575576782226562e+00
5.172388076782226562e+00
5.180200576782226562e+00
5.172388076782226562e+00
5.172388076782226562e+00
5.164575576782226562e+00
5.164575576782226562e+00
5.172388076782226562e+00
5.164575576782226562e+00
5.164575576782226562e+00
5.164575576782226562e+00
5.164575576782226562e+00
5.172388076782226562e+00
5.172388076782226562e+00
5.172388076782226562e+00
5.164575576782226562e+00
5.156763076782226562e+00
5.172388076782226562e+00
5.180200576782226562e+00
5.172388076782226562e+00
5.156763076782226562e+00
5.172388076782226562e+00
5.156763076782226562e+00
5.172388076782226562e+00
5.172388076782226562e+00
5.156763076782226562e+00
5.164575576782226562e+00
5.156763076782226562e+00
5.156763076782226562e+00
5.172388076782226562e+00
5.172388076782226562e+00
5.156763076782226562e+00
5.172388076782226562e+00
5.172388076782226562e+00
5.172388076782226562e+00
5.172388076782226562e+00
5.172388076782226562e+00
5.164575576782226562e+00
5.172388076782226562e+00
5.172388076782226562e+00
5.164575576782226562e+00
5.180200576782226562e+00
5.156763076782226562e+00
5.180200576782226562e+00
5.172388076782226562e+00
5.164575576782226562e+00
5.164575576782226562e+00
5.164575576782226562e+00
5.172388076782226562e+00
5.156763076782226562e+00
5.172388076782226562e+00
5.164575576782226562e+00
5.172388076782226562e+00
5.172388076782226562e+00
5.172388076782226562e+00
5.180200576782226562e+00
5.172388076782226562e+00
5.180200576782226562e+00
5.172388076782226562e+00
5.164575576782226562e+00
5.172388076782226562e+00
5.164575576782226562e+00
5.148950576782226562e+00
5.172388076782226562e+00
5.164575576782226562e+00
5.148950576782226562e+00
5.156763076782226562e+00
5.164575576782226562e+00
5.172388076782226562e+00
5.172388076782226562e+00
5.172388076782226562e+00
5.164575576782226562e+00
5.156763076782226562e+00
5.156763076782226562e+00
5.172388076782226562e+00
5.180200576782226562e+00
5.172388076782226562e+00
5.180200576782226562e+00
5.148950576782226562e+00
5.172388076782226562e+00
5.164575576782226562e+00
5.180200576782226562e+00
5.148950576782226562e+00
5.180200576782226562e+00
5.180200576782226562e+00
5.172388076782226562e+00
5.172388076782226562e+00
5.156763076782226562e+00
5.156763076782226562e+00
5.164575576782226562e+00
5.180200576782226562e+00
5.172388076782226562e+00
5.172388076782226562e+00
5.156763076782226562e+00
5.172388076782226562e+00
5.164575576782226562e+00
5.180200576782226562e+00
5.156763076782226562e+00
5.156763076782226562e+00
5.180200576782226562e+00
5.180200576782226562e+00
5.164575576782226562e+00
5.172388076782226562e+00
5.164575576782226562e+00
5.172388076782226562e+00
5.172388076782226562e+00
5.172388076782226562e+00
