5.176128864288330078e+00
5.176086425781250000e+00
5.175760746002197266e+00
5.175401687622070312e+00
5.174002170562744141e+00
5.177781105041503906e+00
5.177286624908447266e+00
5.175961494445800781e+00
5.175805091857910156e+00
5.176866531372070312e+00
5.178455352783203125e+00
5.173893928527832031e+00
5.175225257873535156e+00
5.175412654876708984e+00
5.173658847808837891e+00
5.173636913299560547e+00
5.173450946807861328e+00
5.175182819366455078e+00
5.171181678771972656e+00
5.165671825408935547e+00
5.166118621826171875e+00
5.173710823059082031e+00
5.182282447814941406e+00
5.164530754089355469e+00
5.172015190124511719e+00
5.172904014587402344e+00
5.158117771148681641e+00
5.170584678649902344e+00
5.170909404754638672e+00
5.178478240966796875e+00
5.163771152496337891e+00
5.163205623626708984e+00
5.153625011444091797e+00
5.169920921325683594e+00
5.161873340606689453e+00
5.178564548492431641e+00
5.175243377685546875e+00
5.166306495666503906e+00
5.170506954193115234e+00
5.166526317596435547e+00
5.174409866333007812e+00
5.176552295684814453e+00
5.172631740570068359e+00
5.179888248443603516e+00
5.150352954864501953e+00
5.179749965667724609e+00
5.178452491760253906e+00
5.157543182373046875e+00
5.178185462951660156e+00
5.171239376068115234e+00
5.147397518157958984e+00
5.162602424621582031e+00
5.155014038085937500e+00
5.170505046844482422e+00
5.178056240081787109e+00
5.170721530914306641e+00
5.170531272888183594e+00
5.162643432617187500e+00
5.170484066009521484e+00
5.170825958251953125e+00
5.131549358367919922e+00
5.162702083587646484e+00
5.162760257720947266e+00
5.155169010162353516e+00
5.162753582000732422e+00
5.186223030090332031e+00
5.178433418273925781e+00
5.154885292053222656e+00
5.177037715911865234e+00
5.155029296875000000e+00
5.186301231384277344e+00
5.186151504516601562e+00
5.163065433502197266e+00
5.186458110809326172e+00
5.163071632385253906e+00
5.162723064422607422e+00
5.178565502166748047e+00
5.178406238555908203e+00
5.163012027740478516e+00
5.178501129150390625e+00
5.170732975006103516e+00
5.171067237854003906e+00
5.178509712219238281e+00
5.170764446258544922e+00
5.147470951080322266e+00
5.171049118041992188e+00
5.178430557250976562e+00
5.162685394287109375e+00
5.170715332031250000e+00
5.178390979766845703e+00
5.178502559661865234e+00
5.170708179473876953e+00
5.170283794403076172e+00
5.155136585235595703e+00
5.164998531341552734e+00
5.186381340026855469e+00
5.162670612335205078e+00
5.178143978118896484e+00
5.178257942199707031e+00
5.170490264892578125e+00
5.159839630126953125e+00
5.162110805511474609e+00
5.170305728912353516e+00
5.185814857482910156e+00
5.185714244842529297e+00
5.177936077117919922e+00
5.170183658599853516e+00
5.170185089111328125e+00
5.170183181762695312e+00
5.177998065948486328e+00
5.162372589111328125e+00
5.177998065948486328e+00
5.177997112274169922e+00
5.170184612274169922e+00
5.177997589111328125e+00
5.170185565948486328e+00
5.177998065948486328e+00
5.185810565948486328e+00
5.185810565948486328e+00
5.154560565948486328e+00
5.170183181762695312e+00
5.162373065948486328e+00
5.185810565948486328e+00
5.170185565948486328e+00
5.177998065948486328e+00
5.170185565948486328e+00
5.185810565948486328e+00
5.185809612274169922e+00
5.177996635437011719e+00
5.177997589111328125e+00
5.185804367065429688e+00
5.170185565948486328e+00
5.170251369476318359e+00
5.170167446136474609e+00
5.170168876647949219e+00
5.177984237670898438e+00
5.154550075531005859e+00
5.162373065948486328e+00
5.170185089111328125e+00
5.170184612274169922e+00
5.177998065948486328e+00
5.177998065948486328e+00
5.170185565948486328e+00
5.177998065948486328e+00
5.162373065948486328e+00
5.185810565948486328e+00
5.185808658599853516e+00
5.162373065948486328e+00
5.170185565948486328e+00
5.185810565948486328e+00
5.170185565948486328e+00
5.185810565948486328e+00
5.170185565948486328e+00
5.177998065948486328e+00
5.170185565948486328e+00
5.185810565948486328e+00
5.177998065948486328e+00
5.170185565948486328e+00
5.162373065948486328e+00
5.185810565948486328e+00
5.170185565948486328e+00
5.177998065948486328e+00
5.170185089111328125e+00
5.185810565948486328e+00
5.162369728088378906e+00
5.177998065948486328e+00
5.170185565948486328e+00
5.177984714508056641e+00
5.170219898223876953e+00
5.185808181762695312e+00
5.162373065948486328e+00
5.154560565948486328e+00
5.177998065948486328e+00
5.162373065948486328e+00
5.177998065948486328e+00
5.170185565948486328e+00
5.162373065948486328e+00
5.185810565948486328e+00
5.170185565948486328e+00
5.185810565948486328e+00
5.170185565948486328e+00
5.154560565948486328e+00
5.162373065948486328e+00
5.177998065948486328e+00
5.177998065948486328e+00
5.177998065948486328e+00
5.154560565948486328e+00
5.162373065948486328e+00
5.177998065948486328e+00
5.185810565948486328e+00
5.170185565948486328e+00
5.170185565948486328e+00
5.185810565948486328e+00
5.185810565948486328e+00
5.185810565948486328e+00
5.177998065948486328e+00
5.185810565948486328e+00
5.170185565948486328e+00
5.177998065948486328e+00
5.185810565948486328e+00
5.185810565948486328e+00
5.177998065948486328e+00
5.185810565948486328e+00
5.177998065948486328e+00
5.170185565948486328e+00
5.185810565948486328e+00
5.170185565948486328e+00
5.177998065948486328e+00
5.154560565948486328e+00
5.185810565948486328e+00
5.177998065948486328e+00
5.177998065948486328e+00
5.177998065948486328e+00
5.177998065948486328e+00
5.162373065948486328e+00
5.177998065948486328e+00
5.177998065948486328e+00
5.177998065948486328e+00
5.185810565948486328e+00
5.162373065948486328e+00
5.170185565948486328e+00
5.170185565948486328e+00
5.162373065948486328e+00
5.170185565948486328e+00
5.154560565948486328e+00
5.170185565948486328e+00
5.154560565948486328e+00
5.177998065948486328e+00
5.170185565948486328e+00
5.170185565948486328e+00
5.162373065948486328e+00
5.177998065948486328e+00
5.177998065948486328e+00
5.177998065948486328e+00
5.170185565948486328e+00
5.185810565948486328e+00
5.177998065948486328e+00
5.185810565948486328e+00
5.162373065948486328e+00
5.177998065948486328e+00
5.170185565948486328e+00
5.162373065948486328e+00
5.170185565948486328e+00
5.185810565948486328e+00
5.177998065948486328e+00
5.177998065948486328e+00
5.177998065948486328e+00
5.170185565948486328e+00
5.177998065948486328e+00
5.170185565948486328e+00
5.170185565948486328e+00
5.162373065948486328e+00
5.162373065948486328e+00
5.154560565948486328e+00
5.170185565948486328e+00
5.177998065948486328e+00
5.185810565948486328e+00
5.177998065948486328e+00
5.185810565948486328e+00
5.177998065948486328e+00
5.154560565948486328e+00
5.185810565948486328e+00
5.177998065948486328e+00
5.170185565948486328e+00
5.177998065948486328e+00
5.185810565948486328e+00
5.185810565948486328e+00
5.177998065948486328e+00
5.170185565948486328e+00
5.177998065948486328e+00
5.177998065948486328e+00
5.185810565948486328e+00
5.170185565948486328e+00
5.185810565948486328e+00
5.154560565948486328e+00
5.177998065948486328e+00
5.177998065948486328e+00
5.170185565948486328e+00
5.185810565948486328e+00
5.185810565948486328e+00
5.177998065948486328e+00
5.162373065948486328e+00
5.177998065948486328e+00
5.162373065948486328e+00
5.154560565948486328e+00
5.185810565948486328e+00
5.170185565948486328e+00
5.185810565948486328e+00
5.177998065948486328e+00
5.177998065948486328e+00
5.162373065948486328e+00
5.170185565948486328e+00
5.162373065948486328e+00
5.185810565948486328e+00
5.177998065948486328e+00
5.170185565948486328e+00
5.177998065948486328e+00
5.177998065948486328e+00
5.177998065948486328e+00
5.185810565948486328e+00
5.177998065948486328e+00
5.170185565948486328e+00
5.170185565948486328e+00
5.177998065948486328e+00
5.185810565948486328e+00
5.177998065948486328e+00
5.177998065948486328e+00
5.177998065948486328e+00
5.170185565948486328e+00
5.177998065948486328e+00
5.177998065948486328e+00
5.154560565948486328e+00
5.177998065948486328e+00
5.170185565948486328e+00
5.177998065948486328e+00
5.170185565948486328e+00
5.177998065948486328e+00
5.185810565948486328e+00
5.170185565948486328e+00
5.177998065948486328e+00
5.177998065948486328e+00
5.170185565948486328e+00
5.170185565948486328e+00
5.185810565948486328e+00
5.177998065948486328e+00
5.162373065948486328e+00
5.177998065948486328e+00
5.170185565948486328e+00
5.170185565948486328e+00
5.170185565948486328e+00
5.177998065948486328e+00
5.170185565948486328e+00
5.170185565948486328e+00
5.162373065948486328e+00
5.170185565948486328e+00
5.177998065948486328e+00
5.177998065948486328e+00
5.170185565948486328e+00
5.170185565948486328e+00
5.162373065948486328e+00
5.177998065948486328e+00
5.185810565948486328e+00
5.154560565948486328e+00
5.170185565948486328e+00
5.177998065948486328e+00
5.177998065948486328e+00
5.177998065948486328e+00
5.162373065948486328e+00
5.177998065948486328e+00
5.170185565948486328e+00
5.177998065948486328e+00
5.170185565948486328e+00
5.170185565948486328e+00
5.170185565948486328e+00
5.170185565948486328e+00
5.177998065948486328e+00
5.170185565948486328e+00
5.177998065948486328e+00
5.154560565948486328e+00
5.185810565948486328e+00
5.170185565948486328e+00
5.185810565948486328e+00
5.162373065948486328e+00
5.185810565948486328e+00
5.177998065948486328e+00
5.185810565948486328e+00
5.177998065948486328e+00
5.170185565948486328e+00
5.177998065948486328e+00
5.177998065948486328e+00
5.170185565948486328e+00
5.162373065948486328e+00
5.162373065948486328e+00
5.170185565948486328e+00
5.170185565948486328e+00
5.185810565948486328e+00
5.162373065948486328e+00
5.170185565948486328e+00
5.162373065948486328e+00
5.185810565948486328e+00
5.170185565948486328e+00
5.177998065948486328e+00
5.177998065948486328e+00
5.162373065948486328e+00
5.177998065948486328e+00
5.185810565948486328e+00
5.177998065948486328e+00
5.177998065948486328e+00
5.185810565948486328e+00
5.177998065948486328e+00
5.154560565948486328e+00
5.162373065948486328e+00
5.170185565948486328e+00
5.177998065948486328e+00
5.185810565948486328e+00
5.170185565948486328e+00
5.185810565948486328e+00
5.162373065948486328e+00
5.162373065948486328e+00
5.185810565948486328e+00
5.170185565948486328e+00
5.170185565948486328e+00
5.170185565948486328e+00
5.177998065948486328e+00
5.177998065948486328e+00
5.177998065948486328e+00
5.170185565948486328e+00
5.170185565948486328e+00
5.177998065948486328e+00
5.177998065948486328e+00
5.154560565948486328e+00
5.162373065948486328e+00
5.162373065948486328e+00
5.170185565948486328e+00
5.170185565948486328e+00
5.170185565948486328e+00
5.170185565948486328e+00
5.185810565948486328e+00
5.154560565948486328e+00
5.154560565948486328e+00
5.185810565948486328e+00
5.185810565948486328e+00
5.177998065948486328e+00
5.162373065948486328e+00
5.170185565948486328e+00
5.177998065948486328e+00
5.162373065948486328e+00
5.185810565948486328e+00
5.185810565948486328e+00
5.162373065948486328e+00
5.177998065948486328e+00
5.170185565948486328e+00
5.185810565948486328e+00
5.170185565948486328e+00
5.170185565948486328e+00
5.177998065948486328e+00
5.177998065948486328e+00
5.170185565948486328e+00
5.162373065948486328e+00
5.185810565948486328e+00
5.185810565948486328e+00
5.177998065948486328e+00
5.177998065948486328e+00
5.154560565948486328e+00
5.162373065948486328e+00
5.177998065948486328e+00
5.177998065948486328e+00
5.185810565948486328e+00
5.154560565948486328e+00
5.170185565948486328e+00
5.177998065948486328e+00
5.170185565948486328e+00
5.170185565948486328e+00
5.170185565948486328e+00
5.154560565948486328e+00
5.170185565948486328e+00
5.177998065948486328e+00
5.177998065948486328e+00
5.177998065948486328e+00
5.185810565948486328e+00
5.177998065948486328e+00
5.170185565948486328e+00
5.185810565948486328e+00
5.177998065948486328e+00
5.170185565948486328e+00
5.170185565948486328e+00
5.177998065948486328e+00
5.177998065948486328e+00
5.162373065948486328e+00
5.177998065948486328e+00
5.162373065948486328e+00
5.177998065948486328e+00
5.185810565948486328e+00
5.185810565948486328e+00
5.162373065948486328e+00
5.177998065948486328e+00
5.177998065948486328e+00
5.170185565948486328e+00
5.177998065948486328e+00
5.177998065948486328e+00
5.170185565948486328e+00
5.154560565948486328e+00
5.162373065948486328e+00
5.185810565948486328e+00
5.170185565948486328e+00
5.170185565948486328e+00
5.177998065948486328e+00
5.170185565948486328e+00
5.177998065948486328e+00
5.177998065948486328e+00
5.185810565948486328e+00
5.177998065948486328e+00
5.177998065948486328e+00
5.162373065948486328e+00
5.170185565948486328e+00
5.177998065948486328e+00
5.177998065948486328e+00
5.185810565948486328e+00
5.162373065948486328e+00
5.170185565948486328e+00
5.177998065948486328e+00
5.177998065948486328e+00
5.177998065948486328e+00
5.154560565948486328e+00
5.177998065948486328e+00
5.162373065948486328e+00
5.185810565948486328e+00
5.177998065948486328e+00
5.162373065948486328e+00
5.170185565948486328e+00
5.177998065948486328e+00
5.185810565948486328e+00
5.185810565948486328e+00
5.170185565948486328e+00
5.162373065948486328e+00
5.162373065948486328e+00
5.185810565948486328e+00
5.185810565948486328e+00
5.185810565948486328e+00
5.185810565948486328e+00
5.177998065948486328e+00
5.185810565948486328e+00
5.185810565948486328e+00
5.162373065948486328e+00
5.185810565948486328e+00
5.162373065948486328e+00
5.177998065948486328e+00
5.170185565948486328e+00
5.185810565948486328e+00
5.170185565948486328e+00
5.170185565948486328e+00
5.185810565948486328e+00
5.177998065948486328e+00
5.162373065948486328e+00
5.162373065948486328e+00
5.177998065948486328e+00
5.185810565948486328e+00
5.170185565948486328e+00
5.185810565948486328e+00
5.177998065948486328e+00
5.170185565948486328e+00
5.162373065948486328e+00
5.185810565948486328e+00
5.177998065948486328e+00
5.162373065948486328e+00
5.185810565948486328e+00
5.177998065948486328e+00
5.154560565948486328e+00
5.162373065948486328e+00
5.177998065948486328e+00
5.170185565948486328e+00
5.177998065948486328e+00
5.170185565948486328e+00
5.185810565948486328e+00
5.162373065948486328e+00
5.177998065948486328e+00
5.177998065948486328e+00
5.185810565948486328e+00
5.170185565948486328e+00
5.185810565948486328e+00
5.170185565948486328e+00
5.146748065948486328e+00
5.170185565948486328e+00
5.185810565948486328e+00
5.177998065948486328e+00
5.177998065948486328e+00
5.162373065948486328e+00
5.185810565948486328e+00
5.170185565948486328e+00
5.170185565948486328e+00
5.162373065948486328e+00
5.170185565948486328e+00
5.162373065948486328e+00
5.162373065948486328e+00
5.185810565948486328e+00
5.162373065948486328e+00
5.177998065948486328e+00
5.170185565948486328e+00
5.177998065948486328e+00
5.185810565948486328e+00
5.185810565948486328e+00
5.177998065948486328e+00
5.162373065948486328e+00
5.162373065948486328e+00
5.185810565948486328e+00
5.170185565948486328e+00
5.162373065948486328e+00
5.146748065948486328e+00
5.170185565948486328e+00
5.170185565948486328e+00
5.185810565948486328e+00
5.162373065948486328e+00
5.170185565948486328e+00
5.162373065948486328e+00
5.185810565948486328e+00
5.177998065948486328e+00
5.170185565948486328e+00
5.177998065948486328e+00
5.185810565948486328e+00
5.185810565948486328e+00
5.154560565948486328e+00
5.170185565948486328e+00
5.177998065948486328e+00
5.170185565948486328e+00
5.177998065948486328e+00
5.185810565948486328e+00
5.177998065948486328e+00
5.162373065948486328e+00
5.185810565948486328e+00
5.177998065948486328e+00
5.185810565948486328e+00
5.170185565948486328e+00
5.185810565948486328e+00
5.177998065948486328e+00
5.177998065948486328e+00
5.170185565948486328e+00
5.185810565948486328e+00
5.177998065948486328e+00
5.185810565948486328e+00
5.177998065948486328e+00
5.170185565948486328e+00
5.154560565948486328e+00
5.185810565948486328e+00
5.154560565948486328e+00
5.154560565948486328e+00
5.177998065948486328e+00
5.177998065948486328e+00
5.177998065948486328e+00
5.177998065948486328e+00
5.170185565948486328e+00
5.177998065948486328e+00
5.138935565948486328e+00
5.185810565948486328e+00
5.185810565948486328e+00
5.170185565948486328e+00
5.170185565948486328e+00
5.162373065948486328e+00
5.185810565948486328e+00
5.185810565948486328e+00
5.177998065948486328e+00
5.177998065948486328e+00
5.185810565948486328e+00
5.177998065948486328e+00
5.177998065948486328e+00
5.185810565948486328e+00
5.177998065948486328e+00
5.162373065948486328e+00
5.177998065948486328e+00
5.170185565948486328e+00
5.162373065948486328e+00
5.177998065948486328e+00
5.170185565948486328e+00
5.170185565948486328e+00
5.177998065948486328e+00
5.162373065948486328e+00
5.177998065948486328e+00
5.162373065948486328e+00
5.185810565948486328e+00
5.170185565948486328e+00
5.177998065948486328e+00
5.177998065948486328e+00
5.177998065948486328e+00
5.170185565948486328e+00
5.177998065948486328e+00
5.185810565948486328e+00
5.177998065948486328e+00
5.185810565948486328e+00
5.177998065948486328e+00
5.177998065948486328e+00
5.177998065948486328e+00
5.170185565948486328e+00
5.177998065948486328e+00
5.185810565948486328e+00
5.162373065948486328e+00
5.162373065948486328e+00
5.185810565948486328e+00
5.162373065948486328e+00
5.185810565948486328e+00
5.185810565948486328e+00
5.185810565948486328e+00
5.162373065948486328e+00
5.177998065948486328e+00
5.162373065948486328e+00
5.162373065948486328e+00
5.162373065948486328e+00
5.177998065948486328e+00
5.170185565948486328e+00
5.177998065948486328e+00
5.170185565948486328e+00
5.185810565948486328e+00
5.177998065948486328e+00
5.170185565948486328e+00
5.162373065948486328e+00
5.185810565948486328e+00
5.185810089111328125e+00
5.170185565948486328e+00
5.185810565948486328e+00
5.170185565948486328e+00
5.170185565948486328e+00
5.170185565948486328e+00
5.185810565948486328e+00
5.177998065948486328e+00
5.177998065948486328e+00
5.170185565948486328e+00
5.170185565948486328e+00
5.177998065948486328e+00
5.170185565948486328e+00
5.162373065948486328e+00
5.162373065948486328e+00
5.170185565948486328e+00
5.177998065948486328e+00
5.185810565948486328e+00
5.162373065948486328e+00
5.177998065948486328e+00
5.177998065948486328e+00
5.170185565948486328e+00
5.185810565948486328e+00
5.170185565948486328e+00
5.154560565948486328e+00
5.162373065948486328e+00
5.170185565948486328e+00
5.185810565948486328e+00
5.177998065948486328e+00
5.177998065948486328e+00
5.177998065948486328e+00
5.170185565948486328e+00
5.162373065948486328e+00
5.170185565948486328e+00
5.177998065948486328e+00
5.177998065948486328e+00
5.185810565948486328e+00
5.185810565948486328e+00
5.177998065948486328e+00
5.170185565948486328e+00
5.154560565948486328e+00
5.170185565948486328e+00
5.177998065948486328e+00
5.177998065948486328e+00
5.170185565948486328e+00
5.185810565948486328e+00
5.170185565948486328e+00
5.185810565948486328e+00
5.185810565948486328e+00
5.185810565948486328e+00
5.177997589111328125e+00
5.177998065948486328e+00
5.185810565948486328e+00
5.177998065948486328e+00
5.170185565948486328e+00
5.162373065948486328e+00
5.170185565948486328e+00
5.177998065948486328e+00
5.177998065948486328e+00
5.170185565948486328e+00
5.177998065948486328e+00
5.154560565948486328e+00
5.170185565948486328e+00
5.177998065948486328e+00
5.185810565948486328e+00
5.185810565948486328e+00
5.185810565948486328e+00
5.154541969299316406e+00
5.170185565948486328e+00
5.185810565948486328e+00
5.170185565948486328e+00
5.177944183349609375e+00
5.170176029205322266e+00
5.170173168182373047e+00
5.170162677764892578e+00
5.170185565948486328e+00
5.185813426971435547e+00
5.170185565948486328e+00
5.162373065948486328e+00
5.185807228088378906e+00
5.170188426971435547e+00
5.177990436553955078e+00
5.185441970825195312e+00
5.177798748016357422e+00
5.185813903808593750e+00
5.177857398986816406e+00
5.185706138610839844e+00
5.185762882232666016e+00
5.185629844665527344e+00
5.185257434844970703e+00
5.185152530670166016e+00
5.180404186248779297e+00
5.185366630554199219e+00
5.185144901275634766e+00
5.177935600280761719e+00
5.185746192932128906e+00
5.185719966888427734e+00
5.162443161010742188e+00
5.185881614685058594e+00
5.185927867889404297e+00
5.178156375885009766e+00
5.177954673767089844e+00
5.185883522033691406e+00
5.185827255249023438e+00
5.162373065948486328e+00
5.170185565948486328e+00
5.177998065948486328e+00
5.177998065948486328e+00
5.185810565948486328e+00
5.185810565948486328e+00
5.185810565948486328e+00
5.170185565948486328e+00
5.177998065948486328e+00
5.177998065948486328e+00
5.170185565948486328e+00
5.177998065948486328e+00
5.177998065948486328e+00
5.170185565948486328e+00
5.177998065948486328e+00
5.170185565948486328e+00
5.185810565948486328e+00
5.185810565948486328e+00
5.185810565948486328e+00
5.177998065948486328e+00
5.185810565948486328e+00
5.185810565948486328e+00
5.185810565948486328e+00
5.177998065948486328e+00
5.177998065948486328e+00
5.185810565948486328e+00
5.185810565948486328e+00
5.177998065948486328e+00
5.177998065948486328e+00
5.185810565948486328e+00
5.162373065948486328e+00
5.177998065948486328e+00
5.185810565948486328e+00
5.185810565948486328e+00
5.185810565948486328e+00
5.170185565948486328e+00
5.185810565948486328e+00
5.177998065948486328e+00
5.170185565948486328e+00
5.170185565948486328e+00
5.177998065948486328e+00
5.170185565948486328e+00
5.177998065948486328e+00
5.177998065948486328e+00
5.185810565948486328e+00
5.185810565948486328e+00
5.185810565948486328e+00
5.185810565948486328e+00
5.177998065948486328e+00
5.185810565948486328e+00
5.185810565948486328e+00
5.185810565948486328e+00
5.177998065948486328e+00
5.170185565948486328e+00
5.177998065948486328e+00
5.185810565948486328e+00
5.177998065948486328e+00
5.185810565948486328e+00
5.177998065948486328e+00
5.185810565948486328e+00
5.170185565948486328e+00
5.185810565948486328e+00
5.185810565948486328e+00
5.170185565948486328e+00
5.185810565948486328e+00
5.185810565948486328e+00
5.170185565948486328e+00
5.185810565948486328e+00
5.185810565948486328e+00
5.185810565948486328e+00
5.177998065948486328e+00
5.185810565948486328e+00
5.185810565948486328e+00
5.185810565948486328e+00
5.185810565948486328e+00
5.170185565948486328e+00
5.185810565948486328e+00
5.170185565948486328e+00
5.177998065948486328e+00
5.185810565948486328e+00
5.185810565948486328e+00
5.177998065948486328e+00
5.185810565948486328e+00
5.177998065948486328e+00
5.177998065948486328e+00
5.177998065948486328e+00
5.177998065948486328e+00
5.177998065948486328e+00
5.185810565948486328e+00
5.177998065948486328e+00
5.185810565948486328e+00
5.177998065948486328e+00
5.162373065948486328e+00
5.185810565948486328e+00
5.170185565948486328e+00
5.185810565948486328e+00
5.185810565948486328e+00
5.177998065948486328e+00
5.177998065948486328e+00
5.177998065948486328e+00
5.185810565948486328e+00
5.177998065948486328e+00
5.185810565948486328e+00
5.185810565948486328e+00
5.185810565948486328e+00
5.185810565948486328e+00
5.177998065948486328e+00
5.177998065948486328e+00
5.185810565948486328e+00
5.185810565948486328e+00
5.177998065948486328e+00
5.185810565948486328e+00
5.154560565948486328e+00
5.185810565948486328e+00
5.185810565948486328e+00
5.185810565948486328e+00
5.185810565948486328e+00
5.177998065948486328e+00
5.177998065948486328e+00
5.177998065948486328e+00
5.170185565948486328e+00
5.177998065948486328e+00
5.162373065948486328e+00
5.185810565948486328e+00
5.185810565948486328e+00
5.185810565948486328e+00
5.185810565948486328e+00
5.185810565948486328e+00
5.185810565948486328e+00
5.177998065948486328e+00
5.185810565948486328e+00
5.177998065948486328e+00
5.185810565948486328e+00
5.170185565948486328e+00
5.162373065948486328e+00
5.177998065948486328e+00
5.177998065948486328e+00
5.185810565948486328e+00
5.185810565948486328e+00
5.185810565948486328e+00
5.177998065948486328e+00
5.185810565948486328e+00
5.185810565948486328e+00
5.185810565948486328e+00
5.170185565948486328e+00
5.162373065948486328e+00
5.162373065948486328e+00
5.162373065948486328e+00
5.162373065948486328e+00
5.185810565948486328e+00
5.177998065948486328e+00
5.177998065948486328e+00
5.177998065948486328e+00
5.154560565948486328e+00
5.177998065948486328e+00
5.185810565948486328e+00
5.177998065948486328e+00
5.170185565948486328e+00
5.185810565948486328e+00
5.185810565948486328e+00
5.185810565948486328e+00
5.177998065948486328e+00
5.177998065948486328e+00
5.185810565948486328e+00
5.177998065948486328e+00
5.185810565948486328e+00
5.170185565948486328e+00
5.177998065948486328e+00
5.177998065948486328e+00
5.185810565948486328e+00
5.185810565948486328e+00
5.185810565948486328e+00
5.185810565948486328e+00
5.185810565948486328e+00
5.185810565948486328e+00
5.177998065948486328e+00
5.177998065948486328e+00
5.185810565948486328e+00
5.185810565948486328e+00
5.177998065948486328e+00
5.177998065948486328e+00
5.177998065948486328e+00
5.185810565948486328e+00
5.177998065948486328e+00
5.177998065948486328e+00
5.185810565948486328e+00
5.177998065948486328e+00
5.185810565948486328e+00
5.177998065948486328e+00
5.185810565948486328e+00
5.177998065948486328e+00
5.177998065948486328e+00
5.185810565948486328e+00
5.177998065948486328e+00
5.185810565948486328e+00
5.177998065948486328e+00
5.185810565948486328e+00
5.170185565948486328e+00
5.185810565948486328e+00
5.177998065948486328e+00
5.185810565948486328e+00
5.185810565948486328e+00
5.185810565948486328e+00
5.185810565948486328e+00
5.177998065948486328e+00
5.185810565948486328e+00
5.170185565948486328e+00
5.177998065948486328e+00
5.177998065948486328e+00
5.177998065948486328e+00
5.177998065948486328e+00
5.177998065948486328e+00
5.162373065948486328e+00
5.185810565948486328e+00
5.177998065948486328e+00
5.185810565948486328e+00
5.185810565948486328e+00
5.170185565948486328e+00
5.177998065948486328e+00
5.177998065948486328e+00
5.185810565948486328e+00
5.185810565948486328e+00
5.177998065948486328e+00
5.185810565948486328e+00
5.185810565948486328e+00
5.185810565948486328e+00
5.185810565948486328e+00
5.177998065948486328e+00
5.177998065948486328e+00
5.185810565948486328e+00
5.177998065948486328e+00
5.177998065948486328e+00
5.177998065948486328e+00
5.177998065948486328e+00
5.162373065948486328e+00
5.185810565948486328e+00
5.185810565948486328e+00
5.177998065948486328e+00
5.185810565948486328e+00
5.185810565948486328e+00
5.185810565948486328e+00
5.177998065948486328e+00
5.177998065948486328e+00
5.185810565948486328e+00
5.185810565948486328e+00
5.177998065948486328e+00
5.185810565948486328e+00
5.185810565948486328e+00
5.170185565948486328e+00
5.170185565948486328e+00
5.177998065948486328e+00
5.177998065948486328e+00
5.170185565948486328e+00
5.185810565948486328e+00
5.177998065948486328e+00
5.170185565948486328e+00
5.177998065948486328e+00
5.177998065948486328e+00
5.177998065948486328e+00
5.185810565948486328e+00
5.177998065948486328e+00
5.185810565948486328e+00
5.177998065948486328e+00
5.185810565948486328e+00
5.177998065948486328e+00
5.185810565948486328e+00
5.185810565948486328e+00
5.185810565948486328e+00
5.185810565948486328e+00
5.170185565948486328e+00
5.185810565948486328e+00
5.185810565948486328e+00
5.185810565948486328e+00
5.177998065948486328e+00
5.185810565948486328e+00
5.170185565948486328e+00
5.185810565948486328e+00
5.185810565948486328e+00
5.177998065948486328e+00
5.177998065948486328e+00
5.170185565948486328e+00
5.177998065948486328e+00
5.185810565948486328e+00
5.177998065948486328e+00
5.185810565948486328e+00
5.177998065948486328e+00
5.185810565948486328e+00
5.177998065948486328e+00
5.185810565948486328e+00
5.177998065948486328e+00
5.170185565948486328e+00
5.177998065948486328e+00
5.185810565948486328e+00
5.177998065948486328e+00
5.185810565948486328e+00
5.185810565948486328e+00
5.170185565948486328e+00
5.177998065948486328e+00
5.177998065948486328e+00
5.177998065948486328e+00
5.185810565948486328e+00
5.177998065948486328e+00
5.185810565948486328e+00
5.177998065948486328e+00
5.185810565948486328e+00
5.185810565948486328e+00
5.185810565948486328e+00
5.185810565948486328e+00
5.177998065948486328e+00
5.177998065948486328e+00
5.170185565948486328e+00
5.177998065948486328e+00
5.177998065948486328e+00
5.185810565948486328e+00
5.177998065948486328e+00
5.185810565948486328e+00
5.170185565948486328e+00
5.177998065948486328e+00
5.177998065948486328e+00
5.185810565948486328e+00
5.177998065948486328e+00
5.170185565948486328e+00
5.185810565948486328e+00
5.185810565948486328e+00
5.170185565948486328e+00
5.177998065948486328e+00
5.177998065948486328e+00
5.162373065948486328e+00
5.177998065948486328e+00
5.185810565948486328e+00
5.177998065948486328e+00
5.177998065948486328e+00
5.177998065948486328e+00
5.177998065948486328e+00
5.185810565948486328e+00
5.185810565948486328e+00
5.177998065948486328e+00
5.185810565948486328e+00
5.177998065948486328e+00
5.170185565948486328e+00
5.177998065948486328e+00
5.170185565948486328e+00
5.185810565948486328e+00
5.177998065948486328e+00
5.185810565948486328e+00
5.185810565948486328e+00
5.185810565948486328e+00
5.154560565948486328e+00
5.185810565948486328e+00
5.185810565948486328e+00
5.177998065948486328e+00
5.185810565948486328e+00
5.185810565948486328e+00
5.185810565948486328e+00
5.177998065948486328e+00
5.177998065948486328e+00
5.185810565948486328e+00
5.170185565948486328e+00
5.185810565948486328e+00
5.177998065948486328e+00
5.177998065948486328e+00
5.177998065948486328e+00
5.185810565948486328e+00
5.170185565948486328e+00
5.177998065948486328e+00
5.170185565948486328e+00
5.185810565948486328e+00
5.185810565948486328e+00
5.170185565948486328e+00
5.162373065948486328e+00
5.185810565948486328e+00
5.185810565948486328e+00
5.177998065948486328e+00
5.185810565948486328e+00
5.185810565948486328e+00
5.170185565948486328e+00
5.185810565948486328e+00
5.185810565948486328e+00
5.185810565948486328e+00
5.185810565948486328e+00
5.185810565948486328e+00
5.185810565948486328e+00
5.185810565948486328e+00
5.185810565948486328e+00
5.185810565948486328e+00
5.185810565948486328e+00
5.185810565948486328e+00
5.177998065948486328e+00
5.177998065948486328e+00
5.170185565948486328e+00
5.170185565948486328e+00
5.177998065948486328e+00
5.177998065948486328e+00
5.170185565948486328e+00
5.185810565948486328e+00
5.170185565948486328e+00
5.185810565948486328e+00
5.185810565948486328e+00
5.185810565948486328e+00
5.185810565948486328e+00
5.185810565948486328e+00
5.185810565948486328e+00
5.185810565948486328e+00
5.177998065948486328e+00
5.185810565948486328e+00
5.177998065948486328e+00
5.185810565948486328e+00
5.185810565948486328e+00
5.185810565948486328e+00
5.177998065948486328e+00
5.177998065948486328e+00
5.162373065948486328e+00
5.177998065948486328e+00
5.185810565948486328e+00
5.185810565948486328e+00
5.185810565948486328e+00
5.162373065948486328e+00
5.185810565948486328e+00
5.162373065948486328e+00
5.185810565948486328e+00
5.185810565948486328e+00
5.177998065948486328e+00
5.185810565948486328e+00
5.177998065948486328e+00
5.185810565948486328e+00
5.185810565948486328e+00
5.185810565948486328e+00
5.177998065948486328e+00
5.185810565948486328e+00
5.177998065948486328e+00
5.177998065948486328e+00
5.177998065948486328e+00
5.185810565948486328e+00
5.177998065948486328e+00
5.170185565948486328e+00
5.177998065948486328e+00
5.170185565948486328e+00
5.185810565948486328e+00
5.185810565948486328e+00
5.177998065948486328e+00
5.185810565948486328e+00
5.177998065948486328e+00
5.185810565948486328e+00
5.177998065948486328e+00
5.185810565948486328e+00
5.185810565948486328e+00
5.185810565948486328e+00
5.177998065948486328e+00
5.177998065948486328e+00
5.170185565948486328e+00
5.177998065948486328e+00
5.185810565948486328e+00
5.177998065948486328e+00
5.177998065948486328e+00
5.170185565948486328e+00
5.154560565948486328e+00
5.185810565948486328e+00
5.170185565948486328e+00
5.185810565948486328e+00
5.177998065948486328e+00
5.185810565948486328e+00
5.185810565948486328e+00
5.185810565948486328e+00
5.162373065948486328e+00
5.170185565948486328e+00
5.185810565948486328e+00
5.177998065948486328e+00
5.185810565948486328e+00
5.185810565948486328e+00
5.177998065948486328e+00
5.185810565948486328e+00
5.185810565948486328e+00
5.170185565948486328e+00
5.185810565948486328e+00
5.185810565948486328e+00
5.185810565948486328e+00
5.177998065948486328e+00
5.177998065948486328e+00
5.185810565948486328e+00
5.185810565948486328e+00
5.177998065948486328e+00
5.162373065948486328e+00
5.185810565948486328e+00
5.177998065948486328e+00
5.185810565948486328e+00
5.177998065948486328e+00
5.185810565948486328e+00
5.185810565948486328e+00
5.185810565948486328e+00
5.185810565948486328e+00
5.185810565948486328e+00
5.185810565948486328e+00
5.177998065948486328e+00
5.185810565948486328e+00
5.185810565948486328e+00
5.177998065948486328e+00
5.177998065948486328e+00
5.177998065948486328e+00
5.185810565948486328e+00
5.185810565948486328e+00
5.185810565948486328e+00
5.185810565948486328e+00
5.185810565948486328e+00
5.177998065948486328e+00
5.177998065948486328e+00
5.185810565948486328e+00
5.177998065948486328e+00
5.177998065948486328e+00
5.177998065948486328e+00
5.185810565948486328e+00
5.177998065948486328e+00
5.185810565948486328e+00
5.185810565948486328e+00
5.177998065948486328e+00
5.185810565948486328e+00
5.185810565948486328e+00
5.185810565948486328e+00
5.185810565948486328e+00
5.170185565948486328e+00
5.185810565948486328e+00
5.185810565948486328e+00
5.177998065948486328e+00
5.185810565948486328e+00
5.177998065948486328e+00
5.170185565948486328e+00
5.162373065948486328e+00
5.177998065948486328e+00
5.185810565948486328e+00
5.177998065948486328e+00
5.177998065948486328e+00
5.185810565948486328e+00
5.170185565948486328e+00
5.185810565948486328e+00
5.170185565948486328e+00
5.162373065948486328e+00
5.177998065948486328e+00
5.185810565948486328e+00
5.177998065948486328e+00
5.177998065948486328e+00
5.185810565948486328e+00
5.177998065948486328e+00
5.177998065948486328e+00
5.185810565948486328e+00
5.170185565948486328e+00
5.185810565948486328e+00
5.170185565948486328e+00
5.185810565948486328e+00
5.170185565948486328e+00
5.170185565948486328e+00
5.185810565948486328e+00
5.177998065948486328e+00
5.170185565948486328e+00
5.177998065948486328e+00
5.185810565948486328e+00
5.185810565948486328e+00
5.177998065948486328e+00
5.170185565948486328e+00
5.185810565948486328e+00
5.170185565948486328e+00
5.162373065948486328e+00
5.177998065948486328e+00
5.185810565948486328e+00
5.185810565948486328e+00
5.185810565948486328e+00
5.162373065948486328e+00
5.185810565948486328e+00
5.185810565948486328e+00
5.177998065948486328e+00
5.177998065948486328e+00
5.177998065948486328e+00
5.185810565948486328e+00
5.185810565948486328e+00
5.177998065948486328e+00
5.170185565948486328e+00
5.185810565948486328e+00
5.185810565948486328e+00
5.177998065948486328e+00
5.185810565948486328e+00
5.154560565948486328e+00
5.185810565948486328e+00
5.170185565948486328e+00
5.185810565948486328e+00
5.185810565948486328e+00
5.185810565948486328e+00
5.185810565948486328e+00
5.185810565948486328e+00
5.177998065948486328e+00
5.185810565948486328e+00
5.185810565948486328e+00
5.170185565948486328e+00
5.170185565948486328e+00
5.177998065948486328e+00
5.162373065948486328e+00
5.185810565948486328e+00
5.170185565948486328e+00
5.177998065948486328e+00
5.170185565948486328e+00
5.170185565948486328e+00
5.177998065948486328e+00
5.185810565948486328e+00
5.185810565948486328e+00
5.185810565948486328e+00
5.177998065948486328e+00
5.185810565948486328e+00
5.177998065948486328e+00
5.177998065948486328e+00
5.185810565948486328e+00
5.185810565948486328e+00
5.170185565948486328e+00
5.185810565948486328e+00
5.177998065948486328e+00
5.185810565948486328e+00
5.177998065948486328e+00
5.185810565948486328e+00
5.177998065948486328e+00
5.185810565948486328e+00
5.177998065948486328e+00
5.185810565948486328e+00
5.185810565948486328e+00
5.185810565948486328e+00
5.177998065948486328e+00
5.185810565948486328e+00
5.177998065948486328e+00
5.185810565948486328e+00
5.177998065948486328e+00
5.177998065948486328e+00
5.185810565948486328e+00
5.170185565948486328e+00
5.185810565948486328e+00
5.170185565948486328e+00
5.177998065948486328e+00
5.185810565948486328e+00
5.177998065948486328e+00
5.170185565948486328e+00
5.185810565948486328e+00
5.177998065948486328e+00
5.177998065948486328e+00
5.185810565948486328e+00
5.185810565948486328e+00
5.185810565948486328e+00
5.185810565948486328e+00
5.185810565948486328e+00
5.177998065948486328e+00
5.177998065948486328e+00
5.185810565948486328e+00
5.177998065948486328e+00
5.185810565948486328e+00
5.170185565948486328e+00
5.177998065948486328e+00
5.185810565948486328e+00
5.185810565948486328e+00
5.170185565948486328e+00
5.185810565948486328e+00
5.177998065948486328e+00
5.170185565948486328e+00
5.177998065948486328e+00
5.185810565948486328e+00
5.185810565948486328e+00
5.177998065948486328e+00
5.170185565948486328e+00
5.170185565948486328e+00
5.170185565948486328e+00
5.170185565948486328e+00
5.185810565948486328e+00
5.177998065948486328e+00
5.177998065948486328e+00
5.177998065948486328e+00
5.185810565948486328e+00
5.185810565948486328e+00
5.177998065948486328e+00
5.185810565948486328e+00
5.177998065948486328e+00
5.185810565948486328e+00
5.177998065948486328e+00
5.185810565948486328e+00
5.177998065948486328e+00
5.185810565948486328e+00
5.185810565948486328e+00
5.177998065948486328e+00
5.177998065948486328e+00
5.185810565948486328e+00
5.185810565948486328e+00
5.185810565948486328e+00
5.185810565948486328e+00
5.177998065948486328e+00
5.185810565948486328e+00
5.185810565948486328e+00
5.185810565948486328e+00
5.177998065948486328e+00
5.185810565948486328e+00
5.177998065948486328e+00
5.185810565948486328e+00
5.185810565948486328e+00
5.177998065948486328e+00
5.185810565948486328e+00
5.177998065948486328e+00
5.177998065948486328e+00
5.177998065948486328e+00
5.185810565948486328e+00
5.177998065948486328e+00
5.177998065948486328e+00
5.185810565948486328e+00
5.177998065948486328e+00
5.185810565948486328e+00
5.185810565948486328e+00
5.185810565948486328e+00
5.185810565948486328e+00
5.185810565948486328e+00
5.162373065948486328e+00
5.177998065948486328e+00
5.185810565948486328e+00
5.177998065948486328e+00
5.185810565948486328e+00
5.170185565948486328e+00
5.185810565948486328e+00
5.177998065948486328e+00
5.170185565948486328e+00
5.185810565948486328e+00
5.185810565948486328e+00
5.170185565948486328e+00
5.177998065948486328e+00
5.177998065948486328e+00
5.185810565948486328e+00
5.177998065948486328e+00
5.185810565948486328e+00
5.177998065948486328e+00
5.185810565948486328e+00
5.185810565948486328e+00
5.170185565948486328e+00
5.177998065948486328e+00
5.177998065948486328e+00
5.162373065948486328e+00
5.177998065948486328e+00
5.185810565948486328e+00
5.177998065948486328e+00
5.185810565948486328e+00
5.185810565948486328e+00
5.185810565948486328e+00
5.177998065948486328e+00
5.185810565948486328e+00
5.177998065948486328e+00
5.185810565948486328e+00
5.185810565948486328e+00
5.185810565948486328e+00
5.185810565948486328e+00
5.177998065948486328e+00
5.185810565948486328e+00
5.185810565948486328e+00
5.177998065948486328e+00
5.177998065948486328e+00
5.185810565948486328e+00
5.170185565948486328e+00
5.162373065948486328e+00
5.185810565948486328e+00
5.177998065948486328e+00
5.162373065948486328e+00
5.185810565948486328e+00
5.185810565948486328e+00
5.177998065948486328e+00
5.185810565948486328e+00
5.185810565948486328e+00
5.177998065948486328e+00
5.185810565948486328e+00
5.177998065948486328e+00
5.185810565948486328e+00
5.177998065948486328e+00
5.177998065948486328e+00
5.177998065948486328e+00
5.177998065948486328e+00
5.185810565948486328e+00
5.185810565948486328e+00
5.185810565948486328e+00
5.185810565948486328e+00
5.177998065948486328e+00
5.170185565948486328e+00
5.170185565948486328e+00
5.170185565948486328e+00
5.185810565948486328e+00
5.185810565948486328e+00
5.170185565948486328e+00
5.185810565948486328e+00
5.177998065948486328e+00
5.177998065948486328e+00
5.177998065948486328e+00
5.185810565948486328e+00
5.177998065948486328e+00
5.170185565948486328e+00
5.177998065948486328e+00
5.177998065948486328e+00
5.177998065948486328e+00
5.177998065948486328e+00
5.185810565948486328e+00
5.170185565948486328e+00
5.185810565948486328e+00
5.162373065948486328e+00
5.185810565948486328e+00
5.177998065948486328e+00
5.185810565948486328e+00
5.177998065948486328e+00
5.170185565948486328e+00
5.185810565948486328e+00
5.170185565948486328e+00
5.185810565948486328e+00
5.185810565948486328e+00
5.185810565948486328e+00
5.185810565948486328e+00
5.177998065948486328e+00
5.177998065948486328e+00
5.177998065948486328e+00
5.177998065948486328e+00
5.177998065948486328e+00
5.177998065948486328e+00
5.177998065948486328e+00
5.162373065948486328e+00
5.185810565948486328e+00
5.185810565948486328e+00
5.185810565948486328e+00
5.177998065948486328e+00
5.185810565948486328e+00
5.177998065948486328e+00
5.185810565948486328e+00
5.185810565948486328e+00
5.185810565948486328e+00
5.185810565948486328e+00
5.185810565948486328e+00
5.177998065948486328e+00
5.185810565948486328e+00
5.185810565948486328e+00
5.185810565948486328e+00
5.170185565948486328e+00
5.170185565948486328e+00
5.177998065948486328e+00
5.185810565948486328e+00
5.170185565948486328e+00
5.185810565948486328e+00
5.185810565948486328e+00
5.185810565948486328e+00
5.185810565948486328e+00
5.177998065948486328e+00
5.177998065948486328e+00
5.170185565948486328e+00
5.177998065948486328e+00
5.185810565948486328e+00
5.185810565948486328e+00
5.177998065948486328e+00
5.170185565948486328e+00
5.177998065948486328e+00
5.185810565948486328e+00
5.185810565948486328e+00
5.177998065948486328e+00
5.185810565948486328e+00
5.177998065948486328e+00
5.185810565948486328e+00
5.185810565948486328e+00
5.185810565948486328e+00
5.185810565948486328e+00
5.154560565948486328e+00
5.177998065948486328e+00
5.177998065948486328e+00
5.177998065948486328e+00
5.185810565948486328e+00
5.177998065948486328e+00
5.170185565948486328e+00
5.185810565948486328e+00
5.185810565948486328e+00
5.185810565948486328e+00
5.177998065948486328e+00
5.177998065948486328e+00
5.170185565948486328e+00
5.185810565948486328e+00
5.185810565948486328e+00
5.170185565948486328e+00
5.177998065948486328e+00
5.170185565948486328e+00
5.185810565948486328e+00
5.185810565948486328e+00
5.185810565948486328e+00
5.170185565948486328e+00
5.170185565948486328e+00
5.170185565948486328e+00
5.185810565948486328e+00
5.185810565948486328e+00
5.185810565948486328e+00
5.177998065948486328e+00
5.185810565948486328e+00
5.177998065948486328e+00
5.177998065948486328e+00
5.177998065948486328e+00
5.185810565948486328e+00
5.185810565948486328e+00
5.185810565948486328e+00
5.177998065948486328e+00
5.177998065948486328e+00
5.185810565948486328e+00
5.170185565948486328e+00
5.177998065948486328e+00
5.177998065948486328e+00
5.170185565948486328e+00
5.177998065948486328e+00
5.185810565948486328e+00
5.177998065948486328e+00
5.185810565948486328e+00
5.177998065948486328e+00
5.177998065948486328e+00
5.177998065948486328e+00
5.185810565948486328e+00
5.185810565948486328e+00
5.185810565948486328e+00
5.177998065948486328e+00
5.185810565948486328e+00
5.185810565948486328e+00
5.185810565948486328e+00
5.177998065948486328e+00
5.177998065948486328e+00
5.185810565948486328e+00
5.177998065948486328e+00
5.177998065948486328e+00
5.185810565948486328e+00
5.185810565948486328e+00
5.177998065948486328e+00
5.170185565948486328e+00
5.185810565948486328e+00
5.185810565948486328e+00
5.170185565948486328e+00
5.185810565948486328e+00
5.185810565948486328e+00
5.177998065948486328e+00
5.185810565948486328e+00
5.177998065948486328e+00
5.177998065948486328e+00
5.185810565948486328e+00
5.185810565948486328e+00
5.170185565948486328e+00
5.177998065948486328e+00
5.177998065948486328e+00
5.185810565948486328e+00
5.177998065948486328e+00
5.170185565948486328e+00
5.162373065948486328e+00
5.170185565948486328e+00
5.185810565948486328e+00
5.185810565948486328e+00
5.162373065948486328e+00
5.185810565948486328e+00
5.185810565948486328e+00
5.185810565948486328e+00
5.177998065948486328e+00
5.185810565948486328e+00
5.185810565948486328e+00
5.177998065948486328e+00
5.170185565948486328e+00
5.177998065948486328e+00
5.185810565948486328e+00
5.185810565948486328e+00
5.177998065948486328e+00
5.185810565948486328e+00
5.170185565948486328e+00
5.177998065948486328e+00
5.177998065948486328e+00
5.162373065948486328e+00
5.177998065948486328e+00
5.185810565948486328e+00
5.185810565948486328e+00
5.177998065948486328e+00
5.185810565948486328e+00
5.177998065948486328e+00
5.177998065948486328e+00
5.185810565948486328e+00
5.185810565948486328e+00
5.170185565948486328e+00
5.185810565948486328e+00
5.185810565948486328e+00
5.185810565948486328e+00
5.177998065948486328e+00
5.177998065948486328e+00
5.170185565948486328e+00
5.185810565948486328e+00
5.185810565948486328e+00
5.185810565948486328e+00
5.177998065948486328e+00
5.177998065948486328e+00
5.185810565948486328e+00
5.185810565948486328e+00
5.185810565948486328e+00
5.185810565948486328e+00
5.177998065948486328e+00
5.177998065948486328e+00
5.185810565948486328e+00
5.177998065948486328e+00
5.177998065948486328e+00
5.177998065948486328e+00
5.177998065948486328e+00
5.177998065948486328e+00
5.185810565948486328e+00
5.177998065948486328e+00
5.177998065948486328e+00
5.185810565948486328e+00
5.185810565948486328e+00
5.177998065948486328e+00
5.185810565948486328e+00
5.170185565948486328e+00
5.177998065948486328e+00
5.170185565948486328e+00
5.170185565948486328e+00
5.185810565948486328e+00
5.185810565948486328e+00
5.185810565948486328e+00
5.177998065948486328e+00
5.185810565948486328e+00
5.185810565948486328e+00
5.177998065948486328e+00
5.170185565948486328e+00
5.170185565948486328e+00
5.170185565948486328e+00
5.177998065948486328e+00
5.185810565948486328e+00
5.185810565948486328e+00
5.170185565948486328e+00
5.185810565948486328e+00
5.177998065948486328e+00
5.185810565948486328e+00
5.170185565948486328e+00
5.170185565948486328e+00
5.170185565948486328e+00
5.185810565948486328e+00
5.177998065948486328e+00
5.185810565948486328e+00
5.177998065948486328e+00
5.177998065948486328e+00
5.177998065948486328e+00
5.185810565948486328e+00
5.162373065948486328e+00
5.170185565948486328e+00
5.177998065948486328e+00
5.177998065948486328e+00
5.177998065948486328e+00
5.185810565948486328e+00
5.185810565948486328e+00
5.177998065948486328e+00
5.170185565948486328e+00
5.185810565948486328e+00
5.177998065948486328e+00
5.185810565948486328e+00
5.177998065948486328e+00
5.177998065948486328e+00
5.185810565948486328e+00
5.177998065948486328e+00
5.185810565948486328e+00
5.177998065948486328e+00
5.177998065948486328e+00
5.177998065948486328e+00
5.177998065948486328e+00
5.185810565948486328e+00
5.185810565948486328e+00
5.185810565948486328e+00
5.185810565948486328e+00
5.185810565948486328e+00
5.185810565948486328e+00
5.185810565948486328e+00
5.177998065948486328e+00
5.185810565948486328e+00
5.170185565948486328e+00
5.177998065948486328e+00
5.170185565948486328e+00
5.185810565948486328e+00
5.177998065948486328e+00
5.170185565948486328e+00
5.177998065948486328e+00
5.185810565948486328e+00
5.185810565948486328e+00
5.185810565948486328e+00
5.177998065948486328e+00
5.185810565948486328e+00
5.177998065948486328e+00
5.185810565948486328e+00
5.177998065948486328e+00
5.185810565948486328e+00
5.177998065948486328e+00
5.185810565948486328e+00
5.185810565948486328e+00
5.185810565948486328e+00
5.185810565948486328e+00
5.177998065948486328e+00
5.162373065948486328e+00
5.185810565948486328e+00
5.185810565948486328e+00
5.177998065948486328e+00
5.185810565948486328e+00
5.177998065948486328e+00
5.185810565948486328e+00
5.170185565948486328e+00
5.185810565948486328e+00
5.185810565948486328e+00
5.185810565948486328e+00
5.185810565948486328e+00
5.185810565948486328e+00
5.177998065948486328e+00
5.177998065948486328e+00
5.185810565948486328e+00
5.177998065948486328e+00
5.185810565948486328e+00
5.185810565948486328e+00
5.185810565948486328e+00
5.177998065948486328e+00
5.177998065948486328e+00
5.177998065948486328e+00
5.185810565948486328e+00
5.185810565948486328e+00
5.185810565948486328e+00
5.185810565948486328e+00
5.185810565948486328e+00
5.185810565948486328e+00
5.185810565948486328e+00
5.170185565948486328e+00
5.185810565948486328e+00
5.185810565948486328e+00
5.185810565948486328e+00
5.177998065948486328e+00
5.177998065948486328e+00
5.177998065948486328e+00
5.177998065948486328e+00
5.177998065948486328e+00
5.185810565948486328e+00
5.177998065948486328e+00
5.185810565948486328e+00
5.185810565948486328e+00
5.185810565948486328e+00
5.177998065948486328e+00
5.177998065948486328e+00
5.177998065948486328e+00
5.185810565948486328e+00
5.177998065948486328e+00
5.185810565948486328e+00
5.185810565948486328e+00
5.177998065948486328e+00
5.185810565948486328e+00
5.177998065948486328e+00
5.177998065948486328e+00
5.185810565948486328e+00
5.185810565948486328e+00
5.170185565948486328e+00
5.177998065948486328e+00
5.185810565948486328e+00
5.162373065948486328e+00
5.162373065948486328e+00
5.185810565948486328e+00
5.177998065948486328e+00
5.177998065948486328e+00
5.185810565948486328e+00
5.177998065948486328e+00
5.185810565948486328e+00
5.177998065948486328e+00
5.185810565948486328e+00
5.185810565948486328e+00
5.162373065948486328e+00
5.177998065948486328e+00
5.177998065948486328e+00
5.185810565948486328e+00
5.177998065948486328e+00
5.154560565948486328e+00
5.177998065948486328e+00
5.185810565948486328e+00
5.185810565948486328e+00
5.185810565948486328e+00
5.177998065948486328e+00
5.170185565948486328e+00
5.177998065948486328e+00
5.177998065948486328e+00
5.177998065948486328e+00
5.177998065948486328e+00
5.185810565948486328e+00
5.177998065948486328e+00
5.185810565948486328e+00
5.177998065948486328e+00
5.177998065948486328e+00
5.177998065948486328e+00
5.170185565948486328e+00
5.185810565948486328e+00
5.170185565948486328e+00
5.177998065948486328e+00
5.170185565948486328e+00
5.170185565948486328e+00
5.185810565948486328e+00
5.185810565948486328e+00
5.177998065948486328e+00
5.185810565948486328e+00
5.170185565948486328e+00
5.185810565948486328e+00
5.162373065948486328e+00
5.177998065948486328e+00
5.185810565948486328e+00
5.185810565948486328e+00
5.185810565948486328e+00
5.170185565948486328e+00
5.177998065948486328e+00
5.177998065948486328e+00
5.185810565948486328e+00
5.177998065948486328e+00
5.177998065948486328e+00
5.170185565948486328e+00
5.162373065948486328e+00
5.170185565948486328e+00
5.185810565948486328e+00
5.185810565948486328e+00
5.185810565948486328e+00
5.185810565948486328e+00
5.170185565948486328e+00
5.177998065948486328e+00
5.170185565948486328e+00
5.185810565948486328e+00
5.185810565948486328e+00
5.185810565948486328e+00
5.185810565948486328e+00
5.177998065948486328e+00
5.177998065948486328e+00
5.185810565948486328e+00
5.185810565948486328e+00
5.177998065948486328e+00
5.185810565948486328e+00
5.185810565948486328e+00
5.177998065948486328e+00
5.170185565948486328e+00
5.185810565948486328e+00
5.177998065948486328e+00
5.185810565948486328e+00
5.185810565948486328e+00
5.185810565948486328e+00
5.185810565948486328e+00
5.185810565948486328e+00
5.170185565948486328e+00
5.185810565948486328e+00
5.185810565948486328e+00
5.185810565948486328e+00
5.170185565948486328e+00
5.170185565948486328e+00
5.185810565948486328e+00
5.185810565948486328e+00
5.170185565948486328e+00
5.177998065948486328e+00
5.170185565948486328e+00
5.177998065948486328e+00
5.185810565948486328e+00
5.185810565948486328e+00
5.185810565948486328e+00
5.185810565948486328e+00
5.177998065948486328e+00
5.185810565948486328e+00
5.162373065948486328e+00
5.162373065948486328e+00
5.177998065948486328e+00
5.177998065948486328e+00
5.177998065948486328e+00
5.185810565948486328e+00
5.177998065948486328e+00
5.185810565948486328e+00
5.177998065948486328e+00
5.177998065948486328e+00
5.185810565948486328e+00
5.170185565948486328e+00
5.185810565948486328e+00
5.185810565948486328e+00
5.185810565948486328e+00
5.177998065948486328e+00
5.185810565948486328e+00
5.185810565948486328e+00
5.185810565948486328e+00
5.177998065948486328e+00
5.170185565948486328e+00
5.185810565948486328e+00
5.162373065948486328e+00
5.177998065948486328e+00
5.177998065948486328e+00
5.185810565948486328e+00
5.177998065948486328e+00
5.177998065948486328e+00
5.170185565948486328e+00
5.177998065948486328e+00
5.177998065948486328e+00
5.185810565948486328e+00
5.185810565948486328e+00
5.185810565948486328e+00
5.177998065948486328e+00
5.177998065948486328e+00
5.162373065948486328e+00
5.177998065948486328e+00
5.185810565948486328e+00
5.185810565948486328e+00
5.177998065948486328e+00
5.185810565948486328e+00
5.185810565948486328e+00
5.170185565948486328e+00
5.177998065948486328e+00
5.162373065948486328e+00
5.185810565948486328e+00
5.185810565948486328e+00
5.185810565948486328e+00
5.185810089111328125e+00
5.177998065948486328e+00
5.185810565948486328e+00
5.177997589111328125e+00
5.185795307159423828e+00
5.178243160247802734e+00
5.178208827972412109e+00
5.177998065948486328e+00
5.185810565948486328e+00
5.185810565948486328e+00
5.185810565948486328e+00
5.185810565948486328e+00
5.185810565948486328e+00
5.177998065948486328e+00
5.185810565948486328e+00
5.185810565948486328e+00
5.185810565948486328e+00
5.185810565948486328e+00
5.170185565948486328e+00
5.185810565948486328e+00
5.177998065948486328e+00
5.185810565948486328e+00
5.185810565948486328e+00
5.185810565948486328e+00
5.185810565948486328e+00
5.177998065948486328e+00
5.185810565948486328e+00
5.170185565948486328e+00
5.177998065948486328e+00
5.177998065948486328e+00
5.185810565948486328e+00
5.185810565948486328e+00
5.185810565948486328e+00
5.185810565948486328e+00
5.185810565948486328e+00
5.170185565948486328e+00
5.185810565948486328e+00
5.177998065948486328e+00
5.170185565948486328e+00
5.185810565948486328e+00
5.185810565948486328e+00
5.185810565948486328e+00
5.185810565948486328e+00
5.185810565948486328e+00
5.185810565948486328e+00
5.185810565948486328e+00
5.185810565948486328e+00
5.177998065948486328e+00
5.185810565948486328e+00
5.185810565948486328e+00
5.185810565948486328e+00
5.162373065948486328e+00
5.177998065948486328e+00
5.177998065948486328e+00
5.177998065948486328e+00
5.177998065948486328e+00
5.185810565948486328e+00
5.162373065948486328e+00
5.185810565948486328e+00
5.170185565948486328e+00
5.185810565948486328e+00
5.177998065948486328e+00
5.170185565948486328e+00
5.185810565948486328e+00
5.170185565948486328e+00
5.162373065948486328e+00
5.185810565948486328e+00
5.185810565948486328e+00
5.170185565948486328e+00
5.177998065948486328e+00
5.185810565948486328e+00
5.185810565948486328e+00
5.185810565948486328e+00
5.177998065948486328e+00
5.185810565948486328e+00
5.177998065948486328e+00
5.185810565948486328e+00
5.185810565948486328e+00
5.185810565948486328e+00
5.177998065948486328e+00
5.185810565948486328e+00
5.185810565948486328e+00
5.185810565948486328e+00
5.177998065948486328e+00
5.162373065948486328e+00
5.185810565948486328e+00
5.185810565948486328e+00
5.177998065948486328e+00
5.185810565948486328e+00
5.185810565948486328e+00
5.177998065948486328e+00
5.185810565948486328e+00
5.185810565948486328e+00
5.185810565948486328e+00
5.185810565948486328e+00
5.162373065948486328e+00
5.170185565948486328e+00
5.170185565948486328e+00
5.185810565948486328e+00
5.185810565948486328e+00
5.170185565948486328e+00
5.177998065948486328e+00
5.170185565948486328e+00
5.177998065948486328e+00
5.185810565948486328e+00
5.185810565948486328e+00
5.177998065948486328e+00
5.177998065948486328e+00
5.185810565948486328e+00
5.177998065948486328e+00
5.177998065948486328e+00
5.177998065948486328e+00
5.185810565948486328e+00
5.177998065948486328e+00
5.177998065948486328e+00
5.162373065948486328e+00
5.185810565948486328e+00
5.170185565948486328e+00
5.170185565948486328e+00
5.185810565948486328e+00
5.177998065948486328e+00
5.185810565948486328e+00
5.177998065948486328e+00
5.185810565948486328e+00
5.170185565948486328e+00
5.177998065948486328e+00
5.177998065948486328e+00
5.185810565948486328e+00
5.170185565948486328e+00
5.185810565948486328e+00
5.185810565948486328e+00
5.185810565948486328e+00
5.170185565948486328e+00
5.177998065948486328e+00
5.185810565948486328e+00
5.177998065948486328e+00
5.177998065948486328e+00
5.185810565948486328e+00
5.185810565948486328e+00
5.177998065948486328e+00
5.185810565948486328e+00
5.162373065948486328e+00
5.185810565948486328e+00
5.185810565948486328e+00
5.185810565948486328e+00
5.185810565948486328e+00
5.185810565948486328e+00
5.185810565948486328e+00
5.185810565948486328e+00
5.170185565948486328e+00
5.185810565948486328e+00
5.185810565948486328e+00
5.185810565948486328e+00
5.177998065948486328e+00
5.185810565948486328e+00
5.185810565948486328e+00
5.177998065948486328e+00
5.185810565948486328e+00
5.185810565948486328e+00
5.154560565948486328e+00
5.185810565948486328e+00
5.177998065948486328e+00
5.185810565948486328e+00
5.185810565948486328e+00
5.177998065948486328e+00
5.185810565948486328e+00
5.177998065948486328e+00
5.185810565948486328e+00
5.162373065948486328e+00
5.185810565948486328e+00
5.185810565948486328e+00
5.177998065948486328e+00
5.177998065948486328e+00
5.185810565948486328e+00
5.170185565948486328e+00
5.185810565948486328e+00
5.177998065948486328e+00
5.185810565948486328e+00
5.154560565948486328e+00
5.185810565948486328e+00
5.162373065948486328e+00
5.177998065948486328e+00
5.185810565948486328e+00
5.162373065948486328e+00
5.170185565948486328e+00
5.185810565948486328e+00
5.185810565948486328e+00
5.185810565948486328e+00
5.185810565948486328e+00
5.177998065948486328e+00
5.185810565948486328e+00
5.185810565948486328e+00
5.185810565948486328e+00
5.177998065948486328e+00
5.162373065948486328e+00
5.177998065948486328e+00
5.185810565948486328e+00
5.185810565948486328e+00
5.170185565948486328e+00
5.185810565948486328e+00
5.177998065948486328e+00
5.177998065948486328e+00
5.185810565948486328e+00
5.177998065948486328e+00
5.185810565948486328e+00
5.177998065948486328e+00
5.170185565948486328e+00
5.185810565948486328e+00
5.177998065948486328e+00
5.185810565948486328e+00
5.185810565948486328e+00
5.185810565948486328e+00
5.185810565948486328e+00
5.185810565948486328e+00
5.154560565948486328e+00
5.185810565948486328e+00
5.177998065948486328e+00
5.177998065948486328e+00
5.185810565948486328e+00
5.185810565948486328e+00
5.177998065948486328e+00
5.185810565948486328e+00
5.185810565948486328e+00
5.177998065948486328e+00
5.185810565948486328e+00
5.185810565948486328e+00
5.170185565948486328e+00
5.185810565948486328e+00
5.177998065948486328e+00
5.177998065948486328e+00
5.185810565948486328e+00
5.177998065948486328e+00
5.185810565948486328e+00
5.177998065948486328e+00
5.177998065948486328e+00
5.177998065948486328e+00
5.177998065948486328e+00
5.185810565948486328e+00
5.162373065948486328e+00
5.177998065948486328e+00
5.185810565948486328e+00
5.177998065948486328e+00
5.170185565948486328e+00
5.185810565948486328e+00
5.185810565948486328e+00
5.185810565948486328e+00
5.185810565948486328e+00
5.185810565948486328e+00
5.185810565948486328e+00
5.185810565948486328e+00
5.177998065948486328e+00
5.185810565948486328e+00
5.170185565948486328e+00
5.170185565948486328e+00
5.185810565948486328e+00
5.185810565948486328e+00
5.185810565948486328e+00
5.185810565948486328e+00
5.170185565948486328e+00
5.185810565948486328e+00
5.185810565948486328e+00
5.177998065948486328e+00
5.177998065948486328e+00
5.177998065948486328e+00
5.185810565948486328e+00
5.177998065948486328e+00
5.177998065948486328e+00
5.185810565948486328e+00
5.185810565948486328e+00
5.177998065948486328e+00
5.185810565948486328e+00
5.185810565948486328e+00
5.177998065948486328e+00
5.185810565948486328e+00
5.185810565948486328e+00
5.185810565948486328e+00
5.185810565948486328e+00
5.185810565948486328e+00
5.177998065948486328e+00
5.177998065948486328e+00
5.185810565948486328e+00
5.177998065948486328e+00
5.170185565948486328e+00
5.185810565948486328e+00
5.170185565948486328e+00
5.177998065948486328e+00
5.177998065948486328e+00
5.162373065948486328e+00
5.177998065948486328e+00
5.185810565948486328e+00
5.177998065948486328e+00
5.185810565948486328e+00
5.185810565948486328e+00
5.185810565948486328e+00
5.185810565948486328e+00
5.177998065948486328e+00
5.170185565948486328e+00
5.177998065948486328e+00
5.177998065948486328e+00
5.185810565948486328e+00
5.170185565948486328e+00
5.185810565948486328e+00
5.177998065948486328e+00
5.185810565948486328e+00
5.170185565948486328e+00
5.185810565948486328e+00
5.162373065948486328e+00
5.185810565948486328e+00
5.185810565948486328e+00
5.177998065948486328e+00
5.170185565948486328e+00
5.177998065948486328e+00
5.185810565948486328e+00
5.170185565948486328e+00
5.185810565948486328e+00
5.185810565948486328e+00
5.177998065948486328e+00
5.185810565948486328e+00
5.170185565948486328e+00
5.170185565948486328e+00
5.162373065948486328e+00
5.170185565948486328e+00
5.185810565948486328e+00
5.177998065948486328e+00
5.177998065948486328e+00
5.170185565948486328e+00
5.185810565948486328e+00
5.177998065948486328e+00
5.170185565948486328e+00
5.185810565948486328e+00
5.177998065948486328e+00
5.185810565948486328e+00
5.170185565948486328e+00
5.185810565948486328e+00
5.185810565948486328e+00
5.185810565948486328e+00
5.185810565948486328e+00
5.185810565948486328e+00
5.185810565948486328e+00
5.177998065948486328e+00
5.177998065948486328e+00
5.185810565948486328e+00
5.170185565948486328e+00
5.185810565948486328e+00
5.177998065948486328e+00
5.177998065948486328e+00
5.177998065948486328e+00
5.185810565948486328e+00
5.177998065948486328e+00
5.177998065948486328e+00
5.177998065948486328e+00
5.185810565948486328e+00
5.185810565948486328e+00
5.185810565948486328e+00
5.185810565948486328e+00
5.170185565948486328e+00
5.185810565948486328e+00
5.177998065948486328e+00
5.177998065948486328e+00
5.177998065948486328e+00
5.185810565948486328e+00
5.185810565948486328e+00
5.170185565948486328e+00
5.185810565948486328e+00
5.177998065948486328e+00
5.185810565948486328e+00
5.170185565948486328e+00
5.185810565948486328e+00
5.185810565948486328e+00
5.170185565948486328e+00
5.170185565948486328e+00
5.177998065948486328e+00
5.185810565948486328e+00
5.170185565948486328e+00
5.177998065948486328e+00
5.177998065948486328e+00
5.185810565948486328e+00
5.185810565948486328e+00
5.185810565948486328e+00
5.185810565948486328e+00
5.185810565948486328e+00
5.177998065948486328e+00
5.185810565948486328e+00
5.170185565948486328e+00
5.185810565948486328e+00
5.185810565948486328e+00
5.177998065948486328e+00
5.177998065948486328e+00
5.177998065948486328e+00
5.177998065948486328e+00
5.185810565948486328e+00
5.177998065948486328e+00
5.177998065948486328e+00
5.162373065948486328e+00
5.177998065948486328e+00
5.177998065948486328e+00
5.170185565948486328e+00
5.185810565948486328e+00
5.185810565948486328e+00
5.185810565948486328e+00
5.170185565948486328e+00
5.170185565948486328e+00
5.170185565948486328e+00
5.185810565948486328e+00
5.177998065948486328e+00
5.185810565948486328e+00
5.185810565948486328e+00
5.185810565948486328e+00
5.170185565948486328e+00
5.177998065948486328e+00
5.177998065948486328e+00
5.185810565948486328e+00
5.177998065948486328e+00
5.177998065948486328e+00
5.185810565948486328e+00
5.177998065948486328e+00
5.170185565948486328e+00
5.170185565948486328e+00
5.185810565948486328e+00
5.185810565948486328e+00
5.177998065948486328e+00
5.185810565948486328e+00
5.177998065948486328e+00
5.185810565948486328e+00
5.170185565948486328e+00
5.177998065948486328e+00
5.185810565948486328e+00
5.185810565948486328e+00
5.177998065948486328e+00
5.170185565948486328e+00
5.185810565948486328e+00
5.170185565948486328e+00
5.177998065948486328e+00
5.170185565948486328e+00
5.177998065948486328e+00
5.177998065948486328e+00
5.185810565948486328e+00
5.185810565948486328e+00
5.185810565948486328e+00
5.185810565948486328e+00
5.170185565948486328e+00
5.185810565948486328e+00
5.185810565948486328e+00
5.177998065948486328e+00
5.185810565948486328e+00
5.185810565948486328e+00
5.185810565948486328e+00
5.177998065948486328e+00
5.177998065948486328e+00
5.170185565948486328e+00
5.185810565948486328e+00
5.185810565948486328e+00
5.185810565948486328e+00
5.185810565948486328e+00
5.170185565948486328e+00
5.185810565948486328e+00
5.185810565948486328e+00
5.185810565948486328e+00
5.177998065948486328e+00
5.177998065948486328e+00
5.177998065948486328e+00
5.185810565948486328e+00
5.177998065948486328e+00
5.177998065948486328e+00
5.177998065948486328e+00
5.170185565948486328e+00
5.185810565948486328e+00
5.177998065948486328e+00
5.185810565948486328e+00
5.185810565948486328e+00
5.177998065948486328e+00
5.177998065948486328e+00
5.185810565948486328e+00
5.177998065948486328e+00
5.177998065948486328e+00
5.185810565948486328e+00
5.170185565948486328e+00
5.185810565948486328e+00
5.185810565948486328e+00
5.177998065948486328e+00
5.185810565948486328e+00
5.185810565948486328e+00
5.170185565948486328e+00
5.177998065948486328e+00
5.185810565948486328e+00
5.185810565948486328e+00
5.185810565948486328e+00
5.177998065948486328e+00
5.170185565948486328e+00
5.177998065948486328e+00
5.170185565948486328e+00
5.177998065948486328e+00
5.185810565948486328e+00
5.185810565948486328e+00
5.177998065948486328e+00
5.177998065948486328e+00
5.185810565948486328e+00
5.185810565948486328e+00
5.185810565948486328e+00
5.177998065948486328e+00
5.170185565948486328e+00
5.185810565948486328e+00
5.185810565948486328e+00
5.177998065948486328e+00
5.185810565948486328e+00
5.185810565948486328e+00
5.177998065948486328e+00
5.162373065948486328e+00
5.162373065948486328e+00
5.185810565948486328e+00
5.185810565948486328e+00
5.185810565948486328e+00
5.185810565948486328e+00
5.170185565948486328e+00
5.170185565948486328e+00
5.162373065948486328e+00
5.185810565948486328e+00
5.177998065948486328e+00
5.185810565948486328e+00
5.170185565948486328e+00
5.177998065948486328e+00
5.185810565948486328e+00
5.170185565948486328e+00
5.170185565948486328e+00
5.177998065948486328e+00
5.170185565948486328e+00
5.177998065948486328e+00
5.177998065948486328e+00
5.185810565948486328e+00
5.185810565948486328e+00
5.170185565948486328e+00
5.177998065948486328e+00
5.185810565948486328e+00
5.185810565948486328e+00
5.185810565948486328e+00
5.170185565948486328e+00
5.185810565948486328e+00
5.185810565948486328e+00
5.177998065948486328e+00
5.170185565948486328e+00
5.177998065948486328e+00
5.185810565948486328e+00
5.177998065948486328e+00
5.162373065948486328e+00
5.185810565948486328e+00
5.177998065948486328e+00
5.162373065948486328e+00
5.185810565948486328e+00
5.185810565948486328e+00
5.177998065948486328e+00
5.185810565948486328e+00
5.185810565948486328e+00
5.185810565948486328e+00
5.170185565948486328e+00
5.177998065948486328e+00
5.177998065948486328e+00
5.185810565948486328e+00
5.185810565948486328e+00
5.177998065948486328e+00
5.177998065948486328e+00
5.177998065948486328e+00
5.185810565948486328e+00
5.185810565948486328e+00
5.177998065948486328e+00
5.177998065948486328e+00
5.185810565948486328e+00
5.177998065948486328e+00
5.185810565948486328e+00
5.177998065948486328e+00
5.177998065948486328e+00
5.185810565948486328e+00
5.185810565948486328e+00
5.185810565948486328e+00
5.177998065948486328e+00
5.185810565948486328e+00
5.185810565948486328e+00
5.177998065948486328e+00
5.185810565948486328e+00
5.185810565948486328e+00
5.185810565948486328e+00
5.185810565948486328e+00
5.185810565948486328e+00
5.185810565948486328e+00
5.185810565948486328e+00
5.185810565948486328e+00
5.185810565948486328e+00
5.177998065948486328e+00
5.185810565948486328e+00
5.170185565948486328e+00
5.185810565948486328e+00
5.170185565948486328e+00
5.185810565948486328e+00
5.177998065948486328e+00
5.177998065948486328e+00
5.185810565948486328e+00
5.177998065948486328e+00
5.177998065948486328e+00
5.185810565948486328e+00
5.185810565948486328e+00
5.177998065948486328e+00
5.177998065948486328e+00
5.177998065948486328e+00
5.185810565948486328e+00
5.170185565948486328e+00
5.177998065948486328e+00
5.177998065948486328e+00
5.185810565948486328e+00
5.177998065948486328e+00
5.185810565948486328e+00
5.177998065948486328e+00
5.177998065948486328e+00
5.170185565948486328e+00
5.177998065948486328e+00
5.185810565948486328e+00
5.185810565948486328e+00
5.170185565948486328e+00
5.185810565948486328e+00
5.170185565948486328e+00
5.170185565948486328e+00
5.185810565948486328e+00
5.185810565948486328e+00
5.185810565948486328e+00
5.185810565948486328e+00
5.177998065948486328e+00
5.177998065948486328e+00
5.170185565948486328e+00
5.177998065948486328e+00
5.162373065948486328e+00
5.177998065948486328e+00
5.170185565948486328e+00
5.185810565948486328e+00
5.185810565948486328e+00
5.170185565948486328e+00
5.185810565948486328e+00
5.185810565948486328e+00
5.177998065948486328e+00
5.185810565948486328e+00
5.185810565948486328e+00
5.185810565948486328e+00
5.185810565948486328e+00
5.185810565948486328e+00
5.185810565948486328e+00
5.185810565948486328e+00
5.185810565948486328e+00
5.185810565948486328e+00
5.185810565948486328e+00
5.170185565948486328e+00
5.185810565948486328e+00
5.185810565948486328e+00
5.177998065948486328e+00
5.170185565948486328e+00
5.185810565948486328e+00
5.185810565948486328e+00
5.177998065948486328e+00
5.185810565948486328e+00
5.170185565948486328e+00
5.185810565948486328e+00
5.170185565948486328e+00
5.185810565948486328e+00
5.185810565948486328e+00
5.185810565948486328e+00
5.162373065948486328e+00
5.177998065948486328e+00
5.185810565948486328e+00
5.177998065948486328e+00
5.177998065948486328e+00
5.177998065948486328e+00
5.185810565948486328e+00
5.185810565948486328e+00
5.185810565948486328e+00
5.177998065948486328e+00
5.177998065948486328e+00
5.170185565948486328e+00
5.177998065948486328e+00
5.185810565948486328e+00
5.185810565948486328e+00
5.177998065948486328e+00
5.185810565948486328e+00
5.185810565948486328e+00
5.177998065948486328e+00
5.185810565948486328e+00
5.185810565948486328e+00
5.185810565948486328e+00
5.185810565948486328e+00
5.185810565948486328e+00
5.177998065948486328e+00
5.177998065948486328e+00
5.185810565948486328e+00
5.185810565948486328e+00
5.177998065948486328e+00
5.177998065948486328e+00
5.185810565948486328e+00
5.185810565948486328e+00
5.170185565948486328e+00
5.177998065948486328e+00
5.177998065948486328e+00
5.177998065948486328e+00
5.185810565948486328e+00
5.185810565948486328e+00
5.177998065948486328e+00
5.170185565948486328e+00
5.177998065948486328e+00
5.177998065948486328e+00
5.170185565948486328e+00
5.185810565948486328e+00
5.177998065948486328e+00
5.170185565948486328e+00
5.177998065948486328e+00
5.177998065948486328e+00
5.185810565948486328e+00
5.177998065948486328e+00
5.177998065948486328e+00
5.177998065948486328e+00
5.177998065948486328e+00
5.185810565948486328e+00
5.185810565948486328e+00
5.177998065948486328e+00
5.185810565948486328e+00
5.177998065948486328e+00
5.170185565948486328e+00
5.177998065948486328e+00
5.170185565948486328e+00
5.185810565948486328e+00
5.170185565948486328e+00
5.177998065948486328e+00
5.162373065948486328e+00
5.185810565948486328e+00
5.177998065948486328e+00
5.185810565948486328e+00
5.170185565948486328e+00
5.185810565948486328e+00
5.170185565948486328e+00
5.177998065948486328e+00
5.185810565948486328e+00
5.177998065948486328e+00
5.177998065948486328e+00
5.185810565948486328e+00
5.177998065948486328e+00
5.185810565948486328e+00
5.185810565948486328e+00
5.185810565948486328e+00
5.177998065948486328e+00
5.185810565948486328e+00
5.185810565948486328e+00
5.177998065948486328e+00
5.185810565948486328e+00
5.170185565948486328e+00
5.170185565948486328e+00
5.185810565948486328e+00
5.185810565948486328e+00
5.177998065948486328e+00
5.185810565948486328e+00
5.185810565948486328e+00
5.177998065948486328e+00
5.185810565948486328e+00
5.170185565948486328e+00
5.177998065948486328e+00
5.185810565948486328e+00
5.170185565948486328e+00
5.177998065948486328e+00
5.185810565948486328e+00
5.185810565948486328e+00
5.185810565948486328e+00
5.185810565948486328e+00
5.185810565948486328e+00
5.185810565948486328e+00
5.185810565948486328e+00
5.170185565948486328e+00
5.185810565948486328e+00
5.170185565948486328e+00
5.177998065948486328e+00
5.185810565948486328e+00
5.185810565948486328e+00
5.177998065948486328e+00
5.177998065948486328e+00
5.177998065948486328e+00
5.170185565948486328e+00
5.177998065948486328e+00
5.185810565948486328e+00
5.185810565948486328e+00
5.185810565948486328e+00
5.177998065948486328e+00
5.185810565948486328e+00
5.185810565948486328e+00
5.177998065948486328e+00
5.177998065948486328e+00
5.177998065948486328e+00
5.177998065948486328e+00
5.185810565948486328e+00
5.177998065948486328e+00
5.185810565948486328e+00
5.177998065948486328e+00
5.185810565948486328e+00
5.170185565948486328e+00
5.185810565948486328e+00
5.185810565948486328e+00
5.177998065948486328e+00
5.185810565948486328e+00
5.185810565948486328e+00
5.177998065948486328e+00
5.185810565948486328e+00
5.177998065948486328e+00
5.185810565948486328e+00
5.185810565948486328e+00
5.185810565948486328e+00
5.185810565948486328e+00
5.162373065948486328e+00
5.177998065948486328e+00
5.185810565948486328e+00
5.170185565948486328e+00
5.185810565948486328e+00
5.177998065948486328e+00
5.185810565948486328e+00
5.185810565948486328e+00
5.185810565948486328e+00
5.185810565948486328e+00
5.185810565948486328e+00
5.185810565948486328e+00
5.177998065948486328e+00
5.185810565948486328e+00
5.162373065948486328e+00
5.177998065948486328e+00
5.170185565948486328e+00
5.177998065948486328e+00
5.185810565948486328e+00
5.177998065948486328e+00
5.185810565948486328e+00
5.185810565948486328e+00
5.177998065948486328e+00
5.185810565948486328e+00
5.177998065948486328e+00
5.177998065948486328e+00
5.185810565948486328e+00
5.177998065948486328e+00
5.177998065948486328e+00
5.177998065948486328e+00
5.170185565948486328e+00
5.177998065948486328e+00
5.185810565948486328e+00
5.177998065948486328e+00
5.177998065948486328e+00
5.177998065948486328e+00
5.170185565948486328e+00
5.177998065948486328e+00
5.177998065948486328e+00
5.162373065948486328e+00
5.185810565948486328e+00
5.185810565948486328e+00
5.185810565948486328e+00
5.177998065948486328e+00
5.185810565948486328e+00
5.170185565948486328e+00
5.170185565948486328e+00
5.162373065948486328e+00
5.177998065948486328e+00
5.177998065948486328e+00
5.185810565948486328e+00
5.177998065948486328e+00
5.185810565948486328e+00
5.170185565948486328e+00
5.185810565948486328e+00
5.185810565948486328e+00
5.177998065948486328e+00
5.185810565948486328e+00
5.185810565948486328e+00
5.177998065948486328e+00
5.170185565948486328e+00
5.170185565948486328e+00
5.177998065948486328e+00
5.185810565948486328e+00
5.177998065948486328e+00
5.177998065948486328e+00
5.185810565948486328e+00
5.177998065948486328e+00
5.170185565948486328e+00
5.185810565948486328e+00
