2.464437001084106793e+00
2.286090424268165222e+00
2.171994985480293572e+00
2.092012736606832402e+00
2.040622958075910098e+00
2.009238496198291202e+00
1.982489480477688915e+00
1.966434635718535828e+00
1.938690397363783458e+00
1.925036559700924910e+00
1.912816507086428919e+00
1.907139063802415935e+00
1.883663254020768507e+00
1.863551265663384138e+00
1.850746131280154971e+00
1.835225588204880243e+00
1.823821554932506084e+00
1.808356539103862737e+00
1.797948956079320482e+00
1.787503612046386747e+00
1.780912110008539440e+00
1.775837370837873852e+00
1.763475516425636158e+00
1.751105833756219310e+00
1.744458238009069628e+00
1.735458072658989881e+00
1.731839234872041500e+00
1.727603661023984216e+00
1.719370185118703764e+00
1.711659330775258780e+00
1.703915788734520431e+00
1.694973889306179871e+00
1.684848263486065756e+00
1.681787598202234779e+00
1.671657122090804970e+00
1.667541497222627456e+00
1.662659802777443740e+00
1.655259284900209238e+00
1.652578230100846479e+00
1.648130746483765563e+00
1.644866018392986851e+00
1.636442326858333685e+00
1.633789156084607619e+00
1.627089150269390938e+00
1.618909468891903458e+00
1.609506797042963733e+00
1.606414172735960211e+00
1.602719274685575623e+00
1.592691955671663218e+00
1.586966223786848040e+00
1.584667138799430663e+00
1.574567327671922978e+00
1.567209456817072022e+00
1.558136324621444579e+00
1.555175703901132467e+00
1.547290161913302819e+00
1.545051968465923853e+00
1.538990502010034289e+00
1.537090119614889394e+00
1.530572939426925405e+00
1.527315921185053105e+00
1.525637235253574087e+00
1.517774365862327057e+00
1.515857395011783515e+00
1.508910685370956628e+00
1.506999546708404303e+00
1.497196704632794306e+00
1.489275057451852735e+00
1.486608614334577361e+00
1.479754444490392284e+00
1.478595690002442620e+00
1.470094499027311929e+00
1.461083560864013142e+00
1.458210517816693086e+00
1.446714656913951291e+00
1.444012119041888642e+00
1.440497746040738880e+00
1.435850841420004409e+00
1.433262025481218949e+00
1.426887279631122718e+00
1.420779101727599247e+00
1.419345275237136272e+00
1.414803052160654717e+00
1.409460760709311922e+00
1.402122478349386636e+00
1.401131157570423724e+00
1.399079709468301846e+00
1.390799346179206530e+00
1.385874456471623661e+00
1.380421235862226759e+00
1.377328527389424462e+00
1.375438784490287780e+00
1.369701663475442199e+00
1.366005950949145342e+00
1.364243785251355812e+00
1.363709537048111375e+00
1.358332218945514480e+00
1.356210934770137433e+00
1.350909079341168439e+00
1.349977030090950603e+00
