2.422902540987972309e+00
2.242322811870237853e+00
2.129418185263053598e+00
2.054818738800748612e+00
2.006294703195082629e+00
1.971589096240033312e+00
1.946327532513163705e+00
1.932594254642645559e+00
1.916116066385402883e+00
1.900276382527147367e+00
1.888255988888716930e+00
1.870477479120472575e+00
1.855182964982446503e+00
1.847191273780768750e+00
1.823730776698722744e+00
1.813500135440048178e+00
1.794345998150388199e+00
1.782747431334273047e+00
1.776127392297062846e+00
1.773167644376310248e+00
1.769526597885257235e+00
1.759445468950805669e+00
1.754498670365737478e+00
1.744723076630213532e+00
1.739885838006651086e+00
1.734717013407438335e+00
1.723744164607607043e+00
1.710402393746932814e+00
1.695257230564076734e+00
1.685646933775386103e+00
1.681938568349530483e+00
1.672897660894207661e+00
1.663476229549332164e+00
1.659268698363761008e+00
1.648195758382825504e+00
1.634148759410430030e+00
1.628851315489860951e+00
1.626345689197888689e+00
1.624696100408932198e+00
1.622291988722577516e+00
1.610638312720579890e+00
1.603249672564005079e+00
1.601130716752868999e+00
1.594506030390761442e+00
1.588743395772964195e+00
1.587206752237256158e+00
1.583536822290015467e+00
1.575519918220581905e+00
1.570783842845866918e+00
1.564507023059117818e+00
1.557575909546521364e+00
1.555780914041004603e+00
1.550085762852315252e+00
1.546767572752732800e+00
1.543792194668651030e+00
1.536553225555406410e+00
1.524086126015044229e+00
1.522325292008365860e+00
1.519035474688982479e+00
1.510638269223042673e+00
1.505132103800909560e+00
1.502992655617102047e+00
1.496085744799845685e+00
1.494455537953608415e+00
1.490155392757041231e+00
1.481908278324833850e+00
1.477914265261633497e+00
1.476179265241951866e+00
1.470681539279166783e+00
1.469387931811691805e+00
1.462679083209312170e+00
1.461619239199709819e+00
1.460370749056068673e+00
1.454600387756983526e+00
1.449256095320839544e+00
1.441738578945461757e+00
1.440007733906877085e+00
1.432560068085360960e+00
1.429759122642444646e+00
1.427009842692992025e+00
1.425705852951489438e+00
1.419598834308464008e+00
1.417273436977444678e+00
1.412677931787836183e+00
1.409003791665536021e+00
1.404217149234182394e+00
1.403116687371473326e+00
1.401519942727207368e+00
1.398535102336715630e+00
1.397706289785808353e+00
1.395432696013045648e+00
1.388203798152644275e+00
1.385605956097134550e+00
1.380988397520023003e+00
1.376489433430619025e+00
1.375251776310663976e+00
1.372101667697991356e+00
1.369058231780793999e+00
1.364447654016709643e+00
1.357386373030754045e+00
