2.436528747701885322e+00
2.257681294869618327e+00
2.137730200790296298e+00
2.059246624720951324e+00
2.012817158283739971e+00
1.980165191675760550e+00
1.959122987775197000e+00
1.941835223373737707e+00
1.923404319186897915e+00
1.907651055739843171e+00
1.891908565368181971e+00
1.882262161487962437e+00
1.866363728826636592e+00
1.850493636614323201e+00
1.844820547373459130e+00
1.833965335033231225e+00
1.821704797257736930e+00
1.812943335273716317e+00
1.800993978772440940e+00
1.782127077400232240e+00
1.773697338710593652e+00
1.761690773001348242e+00
1.753182150090518698e+00
1.740418178062504762e+00
1.725190249945335541e+00
1.715260075696496855e+00
1.707665752438124462e+00
1.705480174488270606e+00
1.693588344180240624e+00
1.683448482316291850e+00
1.674533925277074564e+00
1.664513140308462980e+00
1.656619583205225954e+00
1.650342236514565020e+00
1.645845798622499023e+00
1.626421726518159527e+00
1.615692902429090694e+00
1.611591744587718145e+00
1.607558890752351699e+00
1.600805887635894820e+00
1.598285530504198304e+00
1.591748629576994922e+00
1.588543588536979856e+00
1.581765854682595451e+00
1.579936386955551608e+00
1.572436704529981633e+00
1.570437603313205921e+00
1.568760552788743601e+00
1.566419832028314252e+00
1.562609745903101421e+00
1.559677934371442865e+00
1.554200449790620331e+00
1.541253179596666190e+00
1.535258491267254666e+00
1.528323618264561645e+00
1.523038774246092020e+00
1.521372314508655954e+00
1.519868623852319134e+00
1.513680769605357579e+00
1.512143146927776627e+00
1.511098891255138632e+00
1.501439615842169228e+00
1.496423076433830657e+00
1.492543477824581410e+00
1.484664064738675959e+00
1.483483349336124357e+00
1.474701469413946642e+00
1.473908153822024225e+00
1.471139383973507631e+00
1.466249450804265386e+00
1.460839086623525240e+00
1.458082749850997395e+00
1.449188181337647041e+00
1.446972328369275473e+00
1.441177669377340376e+00
1.436566519697572764e+00
1.432331021189566789e+00
1.430327842665065408e+00
1.422544339530647184e+00
1.418614993381121403e+00
1.416751840872003898e+00
1.411417781917424952e+00
1.410289282364332708e+00
1.405206627402390662e+00
1.402912456015249942e+00
1.396213956724443372e+00
1.391448260737007336e+00
1.387447834626001963e+00
1.386075143726080094e+00
1.385241057144901422e+00
1.381665243943847265e+00
1.379920983292882708e+00
1.376903510168904443e+00
1.373381320552856222e+00
1.370363655067901920e+00
1.364313270376663612e+00
1.361952829493927375e+00
1.359375593426839446e+00
1.354922597055816302e+00
1.353241652779158422e+00
