2.195687294006347656e+00
2.192508220672607422e+00
2.174095153808593750e+00
2.183102846145629883e+00
2.148980140686035156e+00
2.138570308685302734e+00
2.145823478698730469e+00
2.131039381027221680e+00
2.112487077713012695e+00
2.118810653686523438e+00
2.188994884490966797e+00
2.136165618896484375e+00
2.148623704910278320e+00
2.163246393203735352e+00
2.142180919647216797e+00
2.140823602676391602e+00
2.159920692443847656e+00
2.107141256332397461e+00
2.117544412612915039e+00
2.137622117996215820e+00
2.130042314529418945e+00
2.121786355972290039e+00
2.119982719421386719e+00
2.105379104614257812e+00
2.097623109817504883e+00
2.132971286773681641e+00
2.111226320266723633e+00
2.096676588058471680e+00
2.145996809005737305e+00
2.138812065124511719e+00
2.126306772232055664e+00
2.121170043945312500e+00
2.153610229492187500e+00
2.101467609405517578e+00
2.061643362045288086e+00
2.136111259460449219e+00
2.144713878631591797e+00
2.121616125106811523e+00
2.130993127822875977e+00
2.098524808883666992e+00
2.143134593963623047e+00
2.141641855239868164e+00
2.115863561630249023e+00
2.100480079650878906e+00
2.181584358215332031e+00
2.069716930389404297e+00
2.137823581695556641e+00
2.110654115676879883e+00
2.123517274856567383e+00
2.118429899215698242e+00
2.095634460449218750e+00
2.107327222824096680e+00
2.119656324386596680e+00
2.133419513702392578e+00
2.104327440261840820e+00
2.115064620971679688e+00
2.109008073806762695e+00
2.124480247497558594e+00
2.132570743560791016e+00
2.087661027908325195e+00
2.129246473312377930e+00
2.107513904571533203e+00
2.131175756454467773e+00
2.098217487335205078e+00
2.110012769699096680e+00
2.097817182540893555e+00
2.103982448577880859e+00
2.103808164596557617e+00
2.142838716506958008e+00
2.145306110382080078e+00
2.124044895172119141e+00
2.134391546249389648e+00
2.165901184082031250e+00
2.092460393905639648e+00
2.099159002304077148e+00
2.122845649719238281e+00
2.117969036102294922e+00
2.091615438461303711e+00
2.089830398559570312e+00
2.143275260925292969e+00
2.104157686233520508e+00
2.114300251007080078e+00
2.105348825454711914e+00
2.106550455093383789e+00
2.088528394699096680e+00
2.104261875152587891e+00
2.117028951644897461e+00
2.099178314208984375e+00
2.100636005401611328e+00
2.098519086837768555e+00
2.094736814498901367e+00
2.104089975357055664e+00
2.048758983612060547e+00
2.135085344314575195e+00
2.104974031448364258e+00
2.116843223571777344e+00
2.097887992858886719e+00
2.129841089248657227e+00
2.115809440612792969e+00
2.125804185867309570e+00
2.094033479690551758e+00
2.103777885437011719e+00
2.102914571762084961e+00
2.102541685104370117e+00
2.103571176528930664e+00
2.100445985794067383e+00
2.100903034210205078e+00
2.112363815307617188e+00
2.069257259368896484e+00
2.090162038803100586e+00
2.080372333526611328e+00
2.074782609939575195e+00
2.128019809722900391e+00
2.078879594802856445e+00
2.094822645187377930e+00
2.116493701934814453e+00
2.103605031967163086e+00
2.068801641464233398e+00
2.087415933609008789e+00
2.089852094650268555e+00
2.051240682601928711e+00
2.061192274093627930e+00
2.108029365539550781e+00
2.117414474487304688e+00
2.108936786651611328e+00
2.084831237792968750e+00
2.115712642669677734e+00
2.109314680099487305e+00
2.030233383178710938e+00
2.100595235824584961e+00
2.095133781433105469e+00
2.099883556365966797e+00
2.101582050323486328e+00
2.039163112640380859e+00
2.094067096710205078e+00
2.098270893096923828e+00
1.999446868896484375e+00
2.118407726287841797e+00
2.078587293624877930e+00
2.140345811843872070e+00
2.077592849731445312e+00
2.153873205184936523e+00
2.156456470489501953e+00
2.134402990341186523e+00
2.055598735809326172e+00
2.075161218643188477e+00
2.060595512390136719e+00
2.063210487365722656e+00
2.088391780853271484e+00
2.127855062484741211e+00
2.083262920379638672e+00
2.067884445190429688e+00
2.068844556808471680e+00
2.049378156661987305e+00
2.061123609542846680e+00
2.100850105285644531e+00
2.105157852172851562e+00
2.042492628097534180e+00
2.086741685867309570e+00
2.126886844635009766e+00
2.145120859146118164e+00
2.151132822036743164e+00
2.083166122436523438e+00
2.093890666961669922e+00
1.999362945556640625e+00
2.075600862503051758e+00
2.037635326385498047e+00
2.059123039245605469e+00
2.115238904953002930e+00
2.147147178649902344e+00
2.129506111145019531e+00
2.079067230224609375e+00
2.074123859405517578e+00
2.092117309570312500e+00
2.100433588027954102e+00
1.989792466163635254e+00
2.087790250778198242e+00
2.117862224578857422e+00
2.057104825973510742e+00
2.076438426971435547e+00
2.091723203659057617e+00
2.090891838073730469e+00
2.081357717514038086e+00
2.119304656982421875e+00
2.107009410858154297e+00
2.083772182464599609e+00
2.068731784820556641e+00
2.033619642257690430e+00
2.063277244567871094e+00
2.089272975921630859e+00
2.049265384674072266e+00
2.108536958694458008e+00
2.098477363586425781e+00
2.059880018234252930e+00
2.109423637390136719e+00
2.004081010818481445e+00
2.089848041534423828e+00
2.049070596694946289e+00
2.087870121002197266e+00
2.028794765472412109e+00
2.149017333984375000e+00
2.097912788391113281e+00
2.070000886917114258e+00
2.071870088577270508e+00
2.044222831726074219e+00
2.101368188858032227e+00
2.048063278198242188e+00
2.081771135330200195e+00
2.041975021362304688e+00
2.088235378265380859e+00
2.097012519836425781e+00
2.124149560928344727e+00
2.091171741485595703e+00
2.060995340347290039e+00
2.070715188980102539e+00
2.035057306289672852e+00
2.088635444641113281e+00
2.116439342498779297e+00
2.089570999145507812e+00
2.113634586334228516e+00
2.067259311676025391e+00
2.101626873016357422e+00
2.024231910705566406e+00
2.035343885421752930e+00
2.093034029006958008e+00
2.111208915710449219e+00
2.125653743743896484e+00
2.039157629013061523e+00
2.051018714904785156e+00
2.124997854232788086e+00
2.078194856643676758e+00
2.052978515625000000e+00
2.076624155044555664e+00
2.024993181228637695e+00
2.074145555496215820e+00
2.070845842361450195e+00
2.078598976135253906e+00
2.133060693740844727e+00
2.123901128768920898e+00
2.132864475250244141e+00
2.126048803329467773e+00
2.149038314819335938e+00
2.117520809173583984e+00
2.078559637069702148e+00
2.067350387573242188e+00
2.122315168380737305e+00
2.080604076385498047e+00
2.103191852569580078e+00
2.100155830383300781e+00
2.038805007934570312e+00
2.006791353225708008e+00
2.074936866760253906e+00
2.069599628448486328e+00
2.064490795135498047e+00
2.092002391815185547e+00
2.076664924621582031e+00
2.139699935913085938e+00
2.064830780029296875e+00
2.079946994781494141e+00
2.076046466827392578e+00
2.056396245956420898e+00
2.089919090270996094e+00
2.065059900283813477e+00
2.048207998275756836e+00
2.075433969497680664e+00
2.085868120193481445e+00
2.070985555648803711e+00
2.037280559539794922e+00
2.053359270095825195e+00
2.072735071182250977e+00
2.099125623703002930e+00
2.094833374023437500e+00
2.157030582427978516e+00
2.074408531188964844e+00
2.081227779388427734e+00
2.089534521102905273e+00
2.134896039962768555e+00
2.105220556259155273e+00
2.061321496963500977e+00
2.114460468292236328e+00
2.065990447998046875e+00
2.094382762908935547e+00
2.127685070037841797e+00
2.135852336883544922e+00
2.131764650344848633e+00
2.070472955703735352e+00
2.074130296707153320e+00
2.044884204864501953e+00
2.052952051162719727e+00
2.047667503356933594e+00
2.131639242172241211e+00
2.061794757843017578e+00
2.009614944458007812e+00
2.053997516632080078e+00
2.033271074295043945e+00
2.080018281936645508e+00
2.052132606506347656e+00
2.041470289230346680e+00
2.064176797866821289e+00
2.081933975219726562e+00
2.096697330474853516e+00
2.124439477920532227e+00
2.032722711563110352e+00
2.103774309158325195e+00
2.076137065887451172e+00
2.069881916046142578e+00
2.111928939819335938e+00
2.044733285903930664e+00
2.091537475585937500e+00
2.104520559310913086e+00
2.109347105026245117e+00
2.131918907165527344e+00
2.070874452590942383e+00
2.076594829559326172e+00
2.097253561019897461e+00
2.019970417022705078e+00
2.058488845825195312e+00
2.070735692977905273e+00
2.014947414398193359e+00
2.021121978759765625e+00
2.043115377426147461e+00
2.025694847106933594e+00
2.097330093383789062e+00
2.156123638153076172e+00
2.056095123291015625e+00
2.077779531478881836e+00
2.097845315933227539e+00
2.103585243225097656e+00
2.136964559555053711e+00
2.082622289657592773e+00
2.093815803527832031e+00
2.105850458145141602e+00
2.074985980987548828e+00
2.051268339157104492e+00
2.099424123764038086e+00
2.139071702957153320e+00
2.112073898315429688e+00
2.137585878372192383e+00
2.078434467315673828e+00
2.049721002578735352e+00
2.066013813018798828e+00
2.080906867980957031e+00
2.062799930572509766e+00
2.109047651290893555e+00
2.047404289245605469e+00
2.112548589706420898e+00
2.084481477737426758e+00
2.037165164947509766e+00
2.060579538345336914e+00
2.121149778366088867e+00
2.079158782958984375e+00
2.049981117248535156e+00
2.038050413131713867e+00
2.073682546615600586e+00
2.070090293884277344e+00
2.045841217041015625e+00
2.123495101928710938e+00
2.057755947113037109e+00
2.040779829025268555e+00
2.050219535827636719e+00
2.070434331893920898e+00
2.074490308761596680e+00
2.033560037612915039e+00
2.043946981430053711e+00
2.049351930618286133e+00
2.109245777130126953e+00
2.085401058197021484e+00
2.118552446365356445e+00
2.121839761734008789e+00
2.072530746459960938e+00
2.082103729248046875e+00
2.040678977966308594e+00
2.078181982040405273e+00
2.088435649871826172e+00
2.108523845672607422e+00
2.075202703475952148e+00
2.055780410766601562e+00
2.086685419082641602e+00
2.072827339172363281e+00
2.051731109619140625e+00
2.108039617538452148e+00
2.107794523239135742e+00
2.115053653717041016e+00
2.052288293838500977e+00
2.139143943786621094e+00
2.085162639617919922e+00
2.082737684249877930e+00
2.074826478958129883e+00
2.092226028442382812e+00
2.071143150329589844e+00
2.047670841217041016e+00
2.074924945831298828e+00
2.097342491149902344e+00
2.055108070373535156e+00
2.047653675079345703e+00
2.038324594497680664e+00
2.060707807540893555e+00
2.094172239303588867e+00
2.129163265228271484e+00
2.088142395019531250e+00
2.036306858062744141e+00
2.087329864501953125e+00
2.065617084503173828e+00
2.027065277099609375e+00
2.074661016464233398e+00
2.113147735595703125e+00
2.101304054260253906e+00
2.065570354461669922e+00
2.077466726303100586e+00
2.075994968414306641e+00
2.098364591598510742e+00
2.036233186721801758e+00
2.050891637802124023e+00
1.984289050102233887e+00
2.058046102523803711e+00
2.059085369110107422e+00
2.023064613342285156e+00
2.108146190643310547e+00
2.017210721969604492e+00
2.052725076675415039e+00
2.066429853439331055e+00
2.032176017761230469e+00
2.084601402282714844e+00
2.053477525711059570e+00
2.050138950347900391e+00
2.042731046676635742e+00
2.030051708221435547e+00
2.072572946548461914e+00
2.012921571731567383e+00
2.059802770614624023e+00
2.116722345352172852e+00
2.126861810684204102e+00
2.080232381820678711e+00
2.092098951339721680e+00
2.091868400573730469e+00
2.088330745697021484e+00
1.981982588768005371e+00
2.090601921081542969e+00
2.122622013092041016e+00
2.062592506408691406e+00
2.081586360931396484e+00
2.070333719253540039e+00
2.105564594268798828e+00
2.100573301315307617e+00
2.028104066848754883e+00
2.041499376296997070e+00
2.138305425643920898e+00
2.046402454376220703e+00
2.073454141616821289e+00
2.088266134262084961e+00
2.121628284454345703e+00
2.057933330535888672e+00
2.075095653533935547e+00
2.066694498062133789e+00
2.013186931610107422e+00
2.017189264297485352e+00
2.071350574493408203e+00
2.026935100555419922e+00
2.042689085006713867e+00
2.041105508804321289e+00
2.110926151275634766e+00
2.085335254669189453e+00
2.034320831298828125e+00
2.103133678436279297e+00
2.149775743484497070e+00
2.114511489868164062e+00
2.069292545318603516e+00
2.034321784973144531e+00
2.071337699890136719e+00
2.091212749481201172e+00
2.104065895080566406e+00
2.052085161209106445e+00
2.070552587509155273e+00
2.084940910339355469e+00
2.114035606384277344e+00
2.043171882629394531e+00
2.035706758499145508e+00
2.050286293029785156e+00
2.021783113479614258e+00
2.066967725753784180e+00
2.067289829254150391e+00
1.990522027015686035e+00
1.985809803009033203e+00
2.077084302902221680e+00
2.030311346054077148e+00
2.061724185943603516e+00
2.082042694091796875e+00
2.042306661605834961e+00
2.071542978286743164e+00
2.134065628051757812e+00
2.044813394546508789e+00
2.072881937026977539e+00
2.068308115005493164e+00
2.036199331283569336e+00
2.088342428207397461e+00
2.038373708724975586e+00
2.058058500289916992e+00
2.037402629852294922e+00
2.072615385055541992e+00
2.067106962203979492e+00
2.100660324096679688e+00
2.062251567840576172e+00
2.048027992248535156e+00
2.038600206375122070e+00
2.130515336990356445e+00
2.083849430084228516e+00
2.090225219726562500e+00
2.080719470977783203e+00
2.101961374282836914e+00
2.121033906936645508e+00
2.089794158935546875e+00
2.092423677444458008e+00
2.061582565307617188e+00
2.122861146926879883e+00
2.033815860748291016e+00
2.047570943832397461e+00
2.063987731933593750e+00
2.039052009582519531e+00
2.059729576110839844e+00
1.992850184440612793e+00
2.015771865844726562e+00
2.015605211257934570e+00
2.087408542633056641e+00
2.017398357391357422e+00
2.043851613998413086e+00
2.066948652267456055e+00
2.087699890136718750e+00
2.141648292541503906e+00
2.052590608596801758e+00
2.123715162277221680e+00
2.110876321792602539e+00
2.124899864196777344e+00
2.142622232437133789e+00
2.076883077621459961e+00
1.994552016258239746e+00
2.109821319580078125e+00
2.070896148681640625e+00
2.078564167022705078e+00
2.092333078384399414e+00
2.049290418624877930e+00
2.008076667785644531e+00
2.117988348007202148e+00
2.117096424102783203e+00
2.088722229003906250e+00
2.112330436706542969e+00
2.081840753555297852e+00
2.105736970901489258e+00
2.081418514251708984e+00
2.074675321578979492e+00
2.020385503768920898e+00
2.101999998092651367e+00
2.100741386413574219e+00
2.063509464263916016e+00
2.082684516906738281e+00
2.074529409408569336e+00
2.051225662231445312e+00
2.091546773910522461e+00
2.072794437408447266e+00
2.067222595214843750e+00
2.076095342636108398e+00
2.054870843887329102e+00
2.039098739624023438e+00
2.099661827087402344e+00
2.034945487976074219e+00
2.061384201049804688e+00
2.096632957458496094e+00
2.072526216506958008e+00
2.059996604919433594e+00
2.012499809265136719e+00
2.070739984512329102e+00
2.050606012344360352e+00
2.045713901519775391e+00
2.048824310302734375e+00
2.062002420425415039e+00
2.020098447799682617e+00
2.070439815521240234e+00
2.080297470092773438e+00
2.004500865936279297e+00
2.085295200347900391e+00
2.092755794525146484e+00
2.057023763656616211e+00
2.077804327011108398e+00
2.132083654403686523e+00
2.057850360870361328e+00
2.089215040206909180e+00
2.048851490020751953e+00
2.092056274414062500e+00
2.024461030960083008e+00
2.137980461120605469e+00
2.050871849060058594e+00
2.015475273132324219e+00
2.074109315872192383e+00
2.047502994537353516e+00
2.077809095382690430e+00
2.073670625686645508e+00
2.107994556427001953e+00
2.119439363479614258e+00
1.975613117218017578e+00
2.059641838073730469e+00
2.040012121200561523e+00
2.080509185791015625e+00
2.019542455673217773e+00
1.998785018920898438e+00
2.055485963821411133e+00
2.110046386718750000e+00
2.051440954208374023e+00
2.066161394119262695e+00
2.124084472656250000e+00
2.032591342926025391e+00
2.120637416839599609e+00
2.105738401412963867e+00
2.037038803100585938e+00
2.097010612487792969e+00
2.051792860031127930e+00
2.049543380737304688e+00
2.082306146621704102e+00
2.062124729156494141e+00
2.059425830841064453e+00
2.058069229125976562e+00
2.022689104080200195e+00
2.097362518310546875e+00
2.077780008316040039e+00
2.039156436920166016e+00
2.023607969284057617e+00
2.049525976181030273e+00
2.078937292098999023e+00
2.113741874694824219e+00
2.026267290115356445e+00
2.016503095626831055e+00
2.064195632934570312e+00
2.071638584136962891e+00
2.094511508941650391e+00
2.007712602615356445e+00
2.067835569381713867e+00
2.062983274459838867e+00
2.071356296539306641e+00
2.057829141616821289e+00
2.046109914779663086e+00
2.042855262756347656e+00
2.032869100570678711e+00
2.033844232559204102e+00
2.078261137008666992e+00
2.091382265090942383e+00
2.111104726791381836e+00
1.977065324783325195e+00
2.011158943176269531e+00
2.063059806823730469e+00
2.045677423477172852e+00
2.116995334625244141e+00
2.048515081405639648e+00
2.096045732498168945e+00
1.990699410438537598e+00
2.054557561874389648e+00
2.027884960174560547e+00
2.111203670501708984e+00
2.043259382247924805e+00
2.036432266235351562e+00
2.048317909240722656e+00
2.083928585052490234e+00
2.050056219100952148e+00
2.104292154312133789e+00
2.043058872222900391e+00
2.033525466918945312e+00
2.033786535263061523e+00
2.045115709304809570e+00
2.068845510482788086e+00
2.084919452667236328e+00
2.076442003250122070e+00
2.031647205352783203e+00
2.046980142593383789e+00
2.051207780838012695e+00
1.986278414726257324e+00
2.102171182632446289e+00
2.047302007675170898e+00
2.061527252197265625e+00
2.027369737625122070e+00
2.104069709777832031e+00
1.996735334396362305e+00
2.012797355651855469e+00
2.019851684570312500e+00
2.072262525558471680e+00
2.036201715469360352e+00
2.056704759597778320e+00
2.053471803665161133e+00
2.067030191421508789e+00
2.057063817977905273e+00
2.071556806564331055e+00
2.039639711380004883e+00
2.046620845794677734e+00
2.047716617584228516e+00
2.059175252914428711e+00
2.041253805160522461e+00
2.108290195465087891e+00
2.040331602096557617e+00
2.081458091735839844e+00
2.019954204559326172e+00
2.103581428527832031e+00
2.111617326736450195e+00
2.061952352523803711e+00
2.054912805557250977e+00
2.078780174255371094e+00
2.098080873489379883e+00
2.129327297210693359e+00
2.015238523483276367e+00
2.007015943527221680e+00
2.098217487335205078e+00
2.075423955917358398e+00
2.054841279983520508e+00
2.067116022109985352e+00
2.051471948623657227e+00
2.062252998352050781e+00
2.081576347351074219e+00
2.086611747741699219e+00
2.027764797210693359e+00
2.081994533538818359e+00
2.060510158538818359e+00
2.052681922912597656e+00
2.064732074737548828e+00
2.102013587951660156e+00
2.085854530334472656e+00
2.085987091064453125e+00
2.003926515579223633e+00
2.056490659713745117e+00
2.066190719604492188e+00
2.090308666229248047e+00
2.011935472488403320e+00
2.052146196365356445e+00
2.077816247940063477e+00
2.080549240112304688e+00
2.035974740982055664e+00
1.992164373397827148e+00
2.061323642730712891e+00
2.050406455993652344e+00
2.062778711318969727e+00
2.074068307876586914e+00
2.030263423919677734e+00
2.007460117340087891e+00
2.048504829406738281e+00
2.028425216674804688e+00
2.018331289291381836e+00
2.088048458099365234e+00
2.099163532257080078e+00
2.061171770095825195e+00
2.083426713943481445e+00
2.078291893005371094e+00
2.112514734268188477e+00
2.042034626007080078e+00
2.028949737548828125e+00
2.042921304702758789e+00
2.039526224136352539e+00
2.045512437820434570e+00
2.085292816162109375e+00
2.040806770324707031e+00
2.035951852798461914e+00
2.008006811141967773e+00
2.089307546615600586e+00
2.062358379364013672e+00
2.066266298294067383e+00
2.052977561950683594e+00
2.052201747894287109e+00
2.064492225646972656e+00
2.074341058731079102e+00
2.054728746414184570e+00
2.065857172012329102e+00
2.062499761581420898e+00
2.048560380935668945e+00
2.036949634552001953e+00
2.045416831970214844e+00
2.068366050720214844e+00
2.024005889892578125e+00
2.106256484985351562e+00
2.022945404052734375e+00
2.030276775360107422e+00
2.104997634887695312e+00
2.083276033401489258e+00
2.089399337768554688e+00
2.086018800735473633e+00
2.098473548889160156e+00
2.031843185424804688e+00
2.108543872833251953e+00
2.042663812637329102e+00
2.098478794097900391e+00
2.029594898223876953e+00
2.036785602569580078e+00
2.044471979141235352e+00
2.080085754394531250e+00
2.043826580047607422e+00
2.004798889160156250e+00
2.026174783706665039e+00
1.993128657341003418e+00
2.077627658843994141e+00
1.999691486358642578e+00
2.086580038070678711e+00
2.052551507949829102e+00
2.142008066177368164e+00
2.040798664093017578e+00
2.055869102478027344e+00
2.076025724411010742e+00
2.082900047302246094e+00
2.080972671508789062e+00
2.061604738235473633e+00
2.127610921859741211e+00
2.100357055664062500e+00
2.121808290481567383e+00
2.042982339859008789e+00
2.108723402023315430e+00
2.050162076950073242e+00
2.035627603530883789e+00
2.013901710510253906e+00
2.095376968383789062e+00
2.026702404022216797e+00
2.049355030059814453e+00
2.072036027908325195e+00
2.087042093276977539e+00
2.007671117782592773e+00
2.049313545227050781e+00
2.087684869766235352e+00
2.048118114471435547e+00
2.056484937667846680e+00
2.021885395050048828e+00
2.088668107986450195e+00
2.040404558181762695e+00
2.039873361587524414e+00
2.121787548065185547e+00
2.094903230667114258e+00
2.030031681060791016e+00
2.060001134872436523e+00
2.052527666091918945e+00
2.101658821105957031e+00
2.090160131454467773e+00
2.083215951919555664e+00
2.077954053878784180e+00
2.083309650421142578e+00
2.038733005523681641e+00
2.033946990966796875e+00
2.087039470672607422e+00
2.126349925994873047e+00
1.990920066833496094e+00
2.041437387466430664e+00
2.073759555816650391e+00
2.023909807205200195e+00
2.059075117111206055e+00
2.045377016067504883e+00
2.050940513610839844e+00
2.035286903381347656e+00
2.083969116210937500e+00
2.090598344802856445e+00
2.063922405242919922e+00
2.054886579513549805e+00
2.050652027130126953e+00
1.986460804939270020e+00
2.059681892395019531e+00
2.107409954071044922e+00
2.058140754699707031e+00
2.069380998611450195e+00
2.035676956176757812e+00
2.022129535675048828e+00
2.075762748718261719e+00
2.101369857788085938e+00
2.040397882461547852e+00
2.027753591537475586e+00
2.031341075897216797e+00
2.099321126937866211e+00
2.091855764389038086e+00
2.083919048309326172e+00
2.034829139709472656e+00
2.058650016784667969e+00
2.043366193771362305e+00
2.046382427215576172e+00
2.057522773742675781e+00
2.068933486938476562e+00
2.080558538436889648e+00
2.065636873245239258e+00
2.072087049484252930e+00
2.109413146972656250e+00
2.096267938613891602e+00
2.052516937255859375e+00
2.032694816589355469e+00
2.088943004608154297e+00
2.082417964935302734e+00
2.093054294586181641e+00
2.009327650070190430e+00
2.067258358001708984e+00
2.061205625534057617e+00
2.072416543960571289e+00
2.055062770843505859e+00
2.081545591354370117e+00
2.090692520141601562e+00
2.047007799148559570e+00
2.026692867279052734e+00
2.083005428314208984e+00
2.072044372558593750e+00
2.034143686294555664e+00
2.065298795700073242e+00
1.997325897216796875e+00
2.051902770996093750e+00
2.087679386138916016e+00
2.041876792907714844e+00
2.059549093246459961e+00
2.053707122802734375e+00
2.023878574371337891e+00
2.078350543975830078e+00
2.027305603027343750e+00
2.038167715072631836e+00
2.062620878219604492e+00
2.066231727600097656e+00
2.067758798599243164e+00
2.042525053024291992e+00
2.049575567245483398e+00
2.086092948913574219e+00
2.042793273925781250e+00
1.985941410064697266e+00
1.996402859687805176e+00
2.062830924987792969e+00
2.062502384185791016e+00
2.049325942993164062e+00
2.036039829254150391e+00
2.047903060913085938e+00
2.082846403121948242e+00
1.987585783004760742e+00
2.071475267410278320e+00
2.034478425979614258e+00
2.110908746719360352e+00
2.059506893157958984e+00
2.033295392990112305e+00
2.039044857025146484e+00
2.010238409042358398e+00
2.016188859939575195e+00
2.058853626251220703e+00
2.093138456344604492e+00
2.045951128005981445e+00
2.078385591506958008e+00
2.049651861190795898e+00
2.128867626190185547e+00
2.037724018096923828e+00
2.078732967376708984e+00
2.025948524475097656e+00
2.059882640838623047e+00
2.093018054962158203e+00
2.048426389694213867e+00
2.068777561187744141e+00
2.082607507705688477e+00
2.074441432952880859e+00
2.072085857391357422e+00
2.022321224212646484e+00
2.074463605880737305e+00
2.033170938491821289e+00
2.037935495376586914e+00
2.024344444274902344e+00
2.024672985076904297e+00
2.009502410888671875e+00
2.055654525756835938e+00
2.099333286285400391e+00
2.092255830764770508e+00
2.045922517776489258e+00
2.041712284088134766e+00
2.017552852630615234e+00
2.074310302734375000e+00
2.041701316833496094e+00
2.066957712173461914e+00
2.111146450042724609e+00
2.059714078903198242e+00
2.029194831848144531e+00
2.086407423019409180e+00
1.987594485282897949e+00
2.014306306838989258e+00
2.043267726898193359e+00
2.129506587982177734e+00
2.079354047775268555e+00
2.058140754699707031e+00
2.092811107635498047e+00
2.048237085342407227e+00
2.029283761978149414e+00
2.081220388412475586e+00
2.045343637466430664e+00
2.079230785369873047e+00
2.058819055557250977e+00
2.095012426376342773e+00
2.039108514785766602e+00
2.061384201049804688e+00
2.114882469177246094e+00
2.084371328353881836e+00
2.063571453094482422e+00
2.047657489776611328e+00
2.056425094604492188e+00
2.007100343704223633e+00
2.062463760375976562e+00
2.030631303787231445e+00
2.062475442886352539e+00
2.010196924209594727e+00
2.036869287490844727e+00
2.067458391189575195e+00
2.041664361953735352e+00
2.014490365982055664e+00
2.107771635055541992e+00
2.076713085174560547e+00
2.051039934158325195e+00
2.037206172943115234e+00
2.071742057800292969e+00
2.039120197296142578e+00
2.086275577545166016e+00
2.035651206970214844e+00
2.111998081207275391e+00
2.081403970718383789e+00
2.096877336502075195e+00
2.039959430694580078e+00
2.046016216278076172e+00
2.036525487899780273e+00
2.080715417861938477e+00
2.044267654418945312e+00
2.107401609420776367e+00
1.993217349052429199e+00
2.161497116088867188e+00
2.117674112319946289e+00
2.065931797027587891e+00
2.008925914764404297e+00
2.068680047988891602e+00
2.062872648239135742e+00
2.077257394790649414e+00
2.078063249588012695e+00
2.042305707931518555e+00
2.067420959472656250e+00
2.042882204055786133e+00
2.093738794326782227e+00
2.035226106643676758e+00
2.062479496002197266e+00
2.053477048873901367e+00
2.022095918655395508e+00
2.037767171859741211e+00
2.115253925323486328e+00
2.029815673828125000e+00
2.047488689422607422e+00
2.053492307662963867e+00
2.089891195297241211e+00
2.112973928451538086e+00
2.015930652618408203e+00
2.133907794952392578e+00
2.070743322372436523e+00
2.076932430267333984e+00
2.100022077560424805e+00
2.058804273605346680e+00
2.111290931701660156e+00
2.116623640060424805e+00
2.141798734664916992e+00
2.054962158203125000e+00
2.084287881851196289e+00
2.042059898376464844e+00
2.067701101303100586e+00
2.109890937805175781e+00
2.049737453460693359e+00
2.093336582183837891e+00
2.014411449432373047e+00
2.081601142883300781e+00
2.016461610794067383e+00
2.073206424713134766e+00
2.122291564941406250e+00
2.043102741241455078e+00
2.074961185455322266e+00
2.072561979293823242e+00
2.086994171142578125e+00
2.021158456802368164e+00
2.100354194641113281e+00
2.104241847991943359e+00
2.101757764816284180e+00
2.029061079025268555e+00
2.028321981430053711e+00
2.027377605438232422e+00
2.041111946105957031e+00
2.091748476028442383e+00
2.036478281021118164e+00
2.037256002426147461e+00
2.013397693634033203e+00
2.034638643264770508e+00
2.075835227966308594e+00
2.135999441146850586e+00
2.143356084823608398e+00
2.061655521392822266e+00
2.077319622039794922e+00
2.054336786270141602e+00
2.102892637252807617e+00
2.136029243469238281e+00
2.095690727233886719e+00
2.110985994338989258e+00
2.043280601501464844e+00
2.099023342132568359e+00
2.133937597274780273e+00
2.057594060897827148e+00
2.050248861312866211e+00
2.003425359725952148e+00
2.069295167922973633e+00
2.013892650604248047e+00
2.079539060592651367e+00
2.065790414810180664e+00
2.099796533584594727e+00
2.087125301361083984e+00
2.086867570877075195e+00
2.077554225921630859e+00
2.042722225189208984e+00
2.095203161239624023e+00
2.074288606643676758e+00
2.051337957382202148e+00
2.063030242919921875e+00
2.093227386474609375e+00
2.054848432540893555e+00
2.053627014160156250e+00
2.039511203765869141e+00
2.026173114776611328e+00
2.068459272384643555e+00
2.006731271743774414e+00
2.035082101821899414e+00
2.075487613677978516e+00
2.083619117736816406e+00
2.093123912811279297e+00
2.074461936950683594e+00
1.988513946533203125e+00
2.070403337478637695e+00
2.053421735763549805e+00
1.969833135604858398e+00
2.050655126571655273e+00
2.039497613906860352e+00
2.008708715438842773e+00
2.027706384658813477e+00
2.064031839370727539e+00
2.095059633255004883e+00
1.993179678916931152e+00
2.007480859756469727e+00
2.021844625473022461e+00
2.108928918838500977e+00
2.032092094421386719e+00
2.100802659988403320e+00
2.014520883560180664e+00
2.041486978530883789e+00
1.989514827728271484e+00
2.003087997436523438e+00
2.087424278259277344e+00
2.103437185287475586e+00
2.073432922363281250e+00
2.042510986328125000e+00
2.042247772216796875e+00
2.021818876266479492e+00
2.094256639480590820e+00
2.063252449035644531e+00
2.059588670730590820e+00
2.054064750671386719e+00
2.053808927536010742e+00
2.056158304214477539e+00
2.070864439010620117e+00
2.056578874588012695e+00
2.081529140472412109e+00
2.033834934234619141e+00
2.095526695251464844e+00
2.103900909423828125e+00
2.097726821899414062e+00
2.052392482757568359e+00
2.042642831802368164e+00
2.030914068222045898e+00
2.060687541961669922e+00
2.035830259323120117e+00
2.068878173828125000e+00
2.112399578094482422e+00
2.048592090606689453e+00
2.116885423660278320e+00
1.990928173065185547e+00
2.064052581787109375e+00
2.073545455932617188e+00
2.061945676803588867e+00
2.047136306762695312e+00
2.041694164276123047e+00
2.088168382644653320e+00
2.075070142745971680e+00
2.029740810394287109e+00
2.075094699859619141e+00
2.038715839385986328e+00
2.066774845123291016e+00
2.046784639358520508e+00
2.048832416534423828e+00
2.103801250457763672e+00
2.012514829635620117e+00
2.066240310668945312e+00
2.074933052062988281e+00
2.108553647994995117e+00
2.102214097976684570e+00
2.103068590164184570e+00
2.090001344680786133e+00
2.074864387512207031e+00
2.050850868225097656e+00
2.143667936325073242e+00
2.094530105590820312e+00
2.022946596145629883e+00
2.056497812271118164e+00
2.048675298690795898e+00
2.013754367828369141e+00
2.053428411483764648e+00
1.991281867027282715e+00
2.053027153015136719e+00
2.071717977523803711e+00
2.138193368911743164e+00
2.131906747817993164e+00
2.031638860702514648e+00
2.081307888031005859e+00
2.098407745361328125e+00
2.022124767303466797e+00
2.085184812545776367e+00
2.013108015060424805e+00
2.036853790283203125e+00
2.076426982879638672e+00
2.054008007049560547e+00
2.030050516128540039e+00
2.101779699325561523e+00
2.072428703308105469e+00
2.041617155075073242e+00
1.959274291992187500e+00
2.047961711883544922e+00
2.051292896270751953e+00
2.081424236297607422e+00
2.051381349563598633e+00
2.085634708404541016e+00
2.047503232955932617e+00
2.104825735092163086e+00
2.080158233642578125e+00
2.118073225021362305e+00
2.034633398056030273e+00
2.087003707885742188e+00
2.116895675659179688e+00
2.110150814056396484e+00
2.110441684722900391e+00
2.141420364379882812e+00
2.068528175354003906e+00
2.121997356414794922e+00
2.036389589309692383e+00
2.033612489700317383e+00
2.043010711669921875e+00
2.064969539642333984e+00
2.064320802688598633e+00
2.053646087646484375e+00
2.069868087768554688e+00
2.034310102462768555e+00
2.069770812988281250e+00
2.078457593917846680e+00
2.126331806182861328e+00
2.071905136108398438e+00
2.112549543380737305e+00
2.130182504653930664e+00
2.092266798019409180e+00
2.092802524566650391e+00
2.089770555496215820e+00
2.113268852233886719e+00
2.044925928115844727e+00
2.136083841323852539e+00
2.051715373992919922e+00
2.052759647369384766e+00
2.014939785003662109e+00
2.033670663833618164e+00
2.089172363281250000e+00
2.072283744812011719e+00
1.976178884506225586e+00
2.117209196090698242e+00
2.047373771667480469e+00
2.081922292709350586e+00
2.063789844512939453e+00
2.128219127655029297e+00
2.062815904617309570e+00
2.101885795593261719e+00
2.059257030487060547e+00
2.069023847579956055e+00
2.096561193466186523e+00
2.036836147308349609e+00
2.031439304351806641e+00
2.077035188674926758e+00
2.119953155517578125e+00
2.123422384262084961e+00
1.955709815025329590e+00
2.045064449310302734e+00
2.053771018981933594e+00
2.049088716506958008e+00
2.067536592483520508e+00
2.058564424514770508e+00
2.061607599258422852e+00
2.080971002578735352e+00
2.052205085754394531e+00
2.061145305633544922e+00
2.091795921325683594e+00
2.085968017578125000e+00
2.085456609725952148e+00
2.092472791671752930e+00
2.059467077255249023e+00
2.049446344375610352e+00
2.069536209106445312e+00
2.038898944854736328e+00
2.086987018585205078e+00
2.030851840972900391e+00
2.062450647354125977e+00
2.057144165039062500e+00
2.053860425949096680e+00
2.104490995407104492e+00
2.081340789794921875e+00
2.032582283020019531e+00
2.041357278823852539e+00
2.110774040222167969e+00
2.031399011611938477e+00
2.062316894531250000e+00
2.106143474578857422e+00
2.044099092483520508e+00
2.024861574172973633e+00
2.034434318542480469e+00
2.100533962249755859e+00
1.999030232429504395e+00
2.068388700485229492e+00
1.996631741523742676e+00
2.030927658081054688e+00
2.041525602340698242e+00
2.086235284805297852e+00
2.044242620468139648e+00
2.036230325698852539e+00
2.095459461212158203e+00
2.056278467178344727e+00
2.058286666870117188e+00
2.086748123168945312e+00
2.081940650939941406e+00
2.017708539962768555e+00
2.063816308975219727e+00
2.051040887832641602e+00
2.116764545440673828e+00
2.036170005798339844e+00
2.062706947326660156e+00
2.062908411026000977e+00
2.056472063064575195e+00
2.090259313583374023e+00
2.034875154495239258e+00
2.037018537521362305e+00
2.111677885055541992e+00
2.015015125274658203e+00
2.104072809219360352e+00
2.021327495574951172e+00
2.060959577560424805e+00
2.019735813140869141e+00
2.063827037811279297e+00
2.050327062606811523e+00
2.067173004150390625e+00
1.999069094657897949e+00
2.076334953308105469e+00
2.066062211990356445e+00
2.091624259948730469e+00
2.084009885787963867e+00
2.076958656311035156e+00
2.042012453079223633e+00
2.021290302276611328e+00
2.099532365798950195e+00
2.121923685073852539e+00
2.110279321670532227e+00
2.030975818634033203e+00
2.095299005508422852e+00
