2.198828220367431641e+00
2.196593761444091797e+00
2.190934419631958008e+00
2.185324192047119141e+00
2.172571897506713867e+00
2.154883861541748047e+00
2.130176782608032227e+00
2.178622245788574219e+00
2.216873884201049805e+00
2.123790979385375977e+00
2.142295598983764648e+00
2.141839504241943359e+00
2.152997255325317383e+00
2.105746984481811523e+00
2.130795717239379883e+00
2.144682884216308594e+00
2.216915369033813477e+00
2.088208198547363281e+00
2.177055835723876953e+00
2.113574981689453125e+00
2.137759208679199219e+00
2.172894954681396484e+00
2.163589477539062500e+00
2.145218372344970703e+00
2.128274440765380859e+00
2.176356554031372070e+00
2.087178468704223633e+00
2.117170095443725586e+00
2.144654512405395508e+00
2.166382551193237305e+00
2.126426935195922852e+00
2.132231950759887695e+00
2.165929317474365234e+00
2.106958866119384766e+00
2.111279249191284180e+00
2.129162311553955078e+00
2.125046730041503906e+00
2.171469211578369141e+00
2.108942270278930664e+00
2.135436296463012695e+00
2.149401187896728516e+00
2.117284536361694336e+00
2.177443981170654297e+00
2.185271501541137695e+00
2.186178684234619141e+00
2.172925233840942383e+00
2.163600921630859375e+00
2.164384841918945312e+00
2.144856691360473633e+00
2.095051288604736328e+00
2.167368888854980469e+00
2.122360467910766602e+00
2.169196844100952148e+00
2.067770481109619141e+00
2.147335052490234375e+00
2.135386943817138672e+00
2.151706695556640625e+00
2.120403766632080078e+00
2.128258943557739258e+00
2.137067317962646484e+00
2.159608125686645508e+00
2.103916883468627930e+00
2.101394891738891602e+00
2.120275974273681641e+00
2.096923589706420898e+00
2.114027023315429688e+00
2.166507244110107422e+00
2.141205310821533203e+00
2.137505054473876953e+00
2.152357816696166992e+00
2.125893115997314453e+00
2.110861301422119141e+00
2.129906177520751953e+00
2.114221572875976562e+00
2.103011131286621094e+00
2.118391513824462891e+00
2.114411115646362305e+00
2.096777677536010742e+00
2.102710485458374023e+00
2.117882490158081055e+00
2.122151136398315430e+00
2.123118162155151367e+00
2.126046895980834961e+00
2.106115102767944336e+00
2.101302385330200195e+00
2.145812034606933594e+00
2.059781551361083984e+00
2.126815319061279297e+00
2.114392995834350586e+00
2.127924680709838867e+00
2.151192665100097656e+00
2.117611408233642578e+00
2.107969522476196289e+00
2.147004842758178711e+00
2.096679687500000000e+00
2.132375717163085938e+00
2.148169279098510742e+00
2.135535001754760742e+00
2.131065368652343750e+00
2.080383062362670898e+00
2.148279428482055664e+00
2.142796754837036133e+00
2.105860710144042969e+00
2.086431026458740234e+00
2.099268674850463867e+00
2.118558645248413086e+00
2.165620565414428711e+00
2.112700700759887695e+00
2.081449031829833984e+00
2.142482042312622070e+00
2.109995365142822266e+00
2.089119195938110352e+00
2.105920314788818359e+00
2.121764898300170898e+00
2.151999235153198242e+00
2.085580825805664062e+00
2.137474536895751953e+00
2.086621284484863281e+00
2.060283184051513672e+00
2.160269260406494141e+00
2.081264495849609375e+00
2.129196405410766602e+00
2.118283271789550781e+00
2.115643739700317383e+00
2.141667842864990234e+00
2.148168802261352539e+00
2.086846828460693359e+00
2.092095375061035156e+00
2.135818719863891602e+00
2.144359350204467773e+00
2.090935230255126953e+00
2.098411321640014648e+00
2.119395732879638672e+00
2.072115421295166016e+00
2.177850961685180664e+00
2.100290060043334961e+00
2.115656375885009766e+00
2.138025522232055664e+00
2.127089977264404297e+00
2.147658824920654297e+00
2.142596006393432617e+00
2.143766403198242188e+00
2.158269166946411133e+00
2.071384429931640625e+00
2.098135948181152344e+00
2.073411464691162109e+00
2.138763666152954102e+00
2.079703092575073242e+00
2.132112264633178711e+00
2.105962276458740234e+00
2.110843420028686523e+00
2.129640579223632812e+00
2.111135721206665039e+00
2.101026773452758789e+00
2.097560882568359375e+00
2.110582828521728516e+00
2.098867654800415039e+00
2.144976377487182617e+00
2.120740890502929688e+00
2.103142023086547852e+00
2.085804939270019531e+00
2.121987104415893555e+00
2.112539768218994141e+00
2.115698099136352539e+00
2.078256130218505859e+00
2.098546266555786133e+00
2.056252956390380859e+00
2.115438222885131836e+00
2.120026826858520508e+00
2.102078914642333984e+00
2.082634210586547852e+00
2.069131612777709961e+00
2.106334447860717773e+00
2.092868089675903320e+00
2.091562509536743164e+00
2.082536458969116211e+00
2.112374067306518555e+00
2.096544742584228516e+00
2.098876953125000000e+00
2.092690229415893555e+00
2.084483385086059570e+00
2.119950294494628906e+00
2.099724531173706055e+00
2.107326269149780273e+00
2.115724802017211914e+00
2.111931800842285156e+00
2.121086597442626953e+00
2.113450050354003906e+00
2.127276420593261719e+00
2.039147615432739258e+00
2.092919826507568359e+00
2.105967044830322266e+00
2.064994335174560547e+00
2.127137184143066406e+00
2.105712413787841797e+00
2.082483053207397461e+00
2.068420648574829102e+00
2.097478866577148438e+00
2.068142890930175781e+00
2.079851627349853516e+00
2.074385643005371094e+00
2.124686241149902344e+00
2.019253730773925781e+00
2.113929510116577148e+00
2.062852859497070312e+00
2.097968101501464844e+00
2.043121099472045898e+00
2.074560642242431641e+00
2.100435495376586914e+00
2.075618267059326172e+00
2.053389072418212891e+00
2.112223863601684570e+00
2.093956708908081055e+00
2.082220554351806641e+00
2.082352876663208008e+00
2.108391284942626953e+00
2.079664468765258789e+00
2.089566230773925781e+00
2.125299215316772461e+00
2.103769063949584961e+00
2.119092464447021484e+00
2.076089620590209961e+00
1.990644454956054688e+00
2.069299459457397461e+00
2.051676034927368164e+00
2.154519796371459961e+00
2.065949916839599609e+00
2.106968879699707031e+00
2.111846208572387695e+00
2.080192565917968750e+00
2.086586713790893555e+00
2.086934328079223633e+00
2.104269266128540039e+00
2.130531072616577148e+00
2.101411342620849609e+00
2.071433067321777344e+00
2.075507879257202148e+00
2.134837388992309570e+00
2.121769666671752930e+00
2.129989147186279297e+00
2.072456836700439453e+00
2.093883752822875977e+00
2.087800025939941406e+00
2.109554290771484375e+00
2.056615352630615234e+00
2.103482246398925781e+00
2.056837797164916992e+00
2.125978469848632812e+00
2.090104579925537109e+00
2.110918283462524414e+00
2.111026048660278320e+00
2.088631629943847656e+00
2.095158100128173828e+00
2.120509386062622070e+00
2.111478805541992188e+00
2.107395172119140625e+00
2.116309881210327148e+00
2.103277683258056641e+00
2.118416309356689453e+00
2.038179874420166016e+00
2.061228990554809570e+00
2.081626415252685547e+00
2.086987972259521484e+00
2.039654731750488281e+00
2.095042467117309570e+00
2.121336460113525391e+00
2.063481569290161133e+00
2.111222982406616211e+00
2.081788539886474609e+00
2.100473642349243164e+00
2.107793331146240234e+00
2.096458435058593750e+00
2.082239627838134766e+00
2.102817058563232422e+00
2.082908391952514648e+00
2.064151287078857422e+00
2.128667593002319336e+00
2.034854888916015625e+00
2.105574131011962891e+00
2.073208808898925781e+00
2.083886861801147461e+00
2.064828872680664062e+00
2.101117372512817383e+00
2.071934461593627930e+00
2.054697990417480469e+00
2.081641435623168945e+00
2.088226795196533203e+00
2.096681833267211914e+00
2.024936676025390625e+00
2.062142610549926758e+00
2.064563512802124023e+00
2.105959415435791016e+00
2.064323663711547852e+00
2.099257230758666992e+00
2.110143899917602539e+00
2.067235231399536133e+00
2.038679122924804688e+00
2.038738012313842773e+00
2.057617902755737305e+00
2.058557033538818359e+00
2.101728200912475586e+00
2.057845592498779297e+00
2.048281669616699219e+00
2.093047618865966797e+00
2.060964107513427734e+00
2.098099708557128906e+00
2.027468681335449219e+00
2.039148330688476562e+00
2.098328828811645508e+00
2.083070039749145508e+00
2.107542991638183594e+00
2.104379653930664062e+00
2.071804285049438477e+00
2.067105531692504883e+00
2.086369514465332031e+00
2.128734588623046875e+00
2.122118711471557617e+00
2.070499897003173828e+00
2.110125303268432617e+00
2.095185995101928711e+00
2.104713439941406250e+00
2.074148416519165039e+00
2.067165136337280273e+00
2.071041822433471680e+00
2.116690874099731445e+00
2.089679479598999023e+00
2.098312854766845703e+00
2.116237163543701172e+00
2.095636844635009766e+00
2.089821338653564453e+00
2.064891099929809570e+00
2.058335065841674805e+00
2.110599517822265625e+00
2.068710088729858398e+00
2.108054876327514648e+00
2.084658622741699219e+00
2.049692392349243164e+00
2.047552585601806641e+00
2.053551197052001953e+00
2.059859752655029297e+00
2.036705017089843750e+00
2.065510749816894531e+00
2.076188325881958008e+00
2.140342235565185547e+00
2.104601621627807617e+00
2.058342933654785156e+00
2.133268594741821289e+00
2.083563804626464844e+00
2.014722108840942383e+00
2.071364879608154297e+00
2.034121751785278320e+00
2.086962938308715820e+00
2.050366640090942383e+00
2.134946584701538086e+00
2.051911592483520508e+00
2.075654983520507812e+00
2.021865606307983398e+00
2.104743480682373047e+00
2.075656414031982422e+00
2.109139442443847656e+00
2.113914012908935547e+00
2.083815097808837891e+00
2.051618814468383789e+00
2.039059162139892578e+00
2.058442354202270508e+00
2.056682586669921875e+00
2.076013565063476562e+00
2.073203802108764648e+00
2.132390499114990234e+00
2.076462268829345703e+00
2.062299251556396484e+00
2.042821645736694336e+00
2.062079429626464844e+00
2.066493749618530273e+00
2.064271211624145508e+00
2.047209024429321289e+00
2.093913793563842773e+00
2.072907209396362305e+00
2.104314327239990234e+00
2.093432426452636719e+00
2.067639112472534180e+00
2.057428836822509766e+00
2.054471731185913086e+00
2.069752454757690430e+00
2.041643381118774414e+00
2.123857975006103516e+00
2.078732490539550781e+00
2.098107099533081055e+00
2.064034461975097656e+00
2.074212312698364258e+00
2.065214157104492188e+00
2.066453695297241211e+00
2.061787605285644531e+00
2.059933423995971680e+00
2.085087537765502930e+00
2.049260139465332031e+00
2.051784515380859375e+00
2.111183643341064453e+00
2.115525960922241211e+00
2.114856243133544922e+00
2.075597524642944336e+00
2.088197469711303711e+00
2.036276340484619141e+00
2.075018167495727539e+00
2.115691900253295898e+00
2.128815650939941406e+00
2.062181949615478516e+00
2.045875787734985352e+00
2.049704790115356445e+00
2.071245670318603516e+00
2.031297922134399414e+00
2.062710523605346680e+00
2.001337528228759766e+00
2.082427978515625000e+00
2.075696468353271484e+00
2.084401130676269531e+00
2.118318319320678711e+00
2.064022779464721680e+00
2.092964172363281250e+00
2.083849668502807617e+00
2.071288585662841797e+00
2.094974279403686523e+00
2.092042446136474609e+00
2.070168495178222656e+00
2.099058866500854492e+00
2.045351266860961914e+00
2.100557327270507812e+00
2.121275901794433594e+00
2.096332073211669922e+00
2.067416429519653320e+00
2.081976175308227539e+00
2.081968784332275391e+00
2.079020261764526367e+00
2.016997575759887695e+00
2.112741231918334961e+00
2.098552227020263672e+00
2.062845706939697266e+00
2.102418184280395508e+00
2.045665502548217773e+00
2.064279317855834961e+00
2.043385028839111328e+00
2.094874620437622070e+00
2.063038587570190430e+00
2.044064998626708984e+00
2.048145055770874023e+00
2.124419450759887695e+00
2.071342706680297852e+00
2.024227142333984375e+00
2.076272249221801758e+00
2.131091356277465820e+00
2.089153766632080078e+00
2.062296628952026367e+00
2.093728542327880859e+00
2.133283615112304688e+00
2.078155517578125000e+00
2.086998462677001953e+00
2.067684412002563477e+00
2.076249599456787109e+00
2.096085548400878906e+00
2.088071584701538086e+00
2.084173679351806641e+00
2.138836622238159180e+00
2.085442781448364258e+00
2.138467073440551758e+00
2.066240310668945312e+00
2.109465360641479492e+00
2.086901664733886719e+00
2.090060949325561523e+00
2.117569684982299805e+00
2.151352643966674805e+00
2.056792259216308594e+00
2.021359920501708984e+00
2.089418888092041016e+00
2.028109550476074219e+00
2.077265024185180664e+00
2.068941354751586914e+00
2.071031332015991211e+00
2.105775117874145508e+00
2.109754800796508789e+00
2.073120832443237305e+00
2.105913877487182617e+00
2.073936700820922852e+00
2.097085237503051758e+00
2.114991426467895508e+00
2.085844755172729492e+00
2.056337356567382812e+00
2.050575733184814453e+00
2.075289249420166016e+00
2.056148767471313477e+00
2.116323232650756836e+00
2.104564905166625977e+00
2.077061653137207031e+00
1.980545878410339355e+00
2.079071283340454102e+00
2.049420118331909180e+00
2.112121105194091797e+00
2.014973163604736328e+00
2.031808614730834961e+00
2.091666460037231445e+00
2.007884263992309570e+00
2.032049894332885742e+00
2.036971807479858398e+00
2.083567857742309570e+00
2.134422779083251953e+00
2.030964136123657227e+00
2.064693450927734375e+00
2.092395305633544922e+00
2.066549062728881836e+00
2.034826517105102539e+00
2.045074462890625000e+00
2.085297584533691406e+00
2.053932428359985352e+00
2.117506027221679688e+00
2.085512161254882812e+00
2.036909580230712891e+00
2.121830701828002930e+00
2.037083148956298828e+00
2.042792558670043945e+00
2.094583749771118164e+00
2.035937309265136719e+00
2.024800539016723633e+00
2.050124168395996094e+00
2.009158611297607422e+00
2.055446863174438477e+00
2.047897577285766602e+00
2.034177780151367188e+00
2.051553010940551758e+00
2.123237133026123047e+00
2.048048257827758789e+00
2.047261953353881836e+00
2.050665140151977539e+00
2.067265033721923828e+00
2.085523366928100586e+00
2.066645622253417969e+00
2.049727916717529297e+00
2.085345745086669922e+00
2.130452871322631836e+00
2.104073286056518555e+00
2.121783733367919922e+00
2.062205314636230469e+00
2.094423770904541016e+00
2.040641069412231445e+00
2.152554988861083984e+00
2.106356859207153320e+00
2.137389183044433594e+00
2.114113330841064453e+00
2.095293283462524414e+00
2.137080192565917969e+00
2.104358196258544922e+00
2.128363847732543945e+00
2.107288837432861328e+00
2.150105714797973633e+00
2.144417047500610352e+00
2.114637851715087891e+00
2.063920497894287109e+00
2.146215200424194336e+00
2.057938337326049805e+00
2.095071077346801758e+00
2.152005434036254883e+00
2.101915359497070312e+00
2.091456651687622070e+00
2.108601808547973633e+00
2.056784391403198242e+00
2.150807619094848633e+00
2.112797498703002930e+00
2.196236133575439453e+00
2.076756000518798828e+00
2.155622959136962891e+00
2.179532289505004883e+00
2.086412668228149414e+00
2.158054351806640625e+00
2.079233169555664062e+00
2.103209257125854492e+00
2.079954624176025391e+00
2.101287364959716797e+00
2.148749351501464844e+00
2.084858655929565430e+00
2.102541923522949219e+00
2.108842372894287109e+00
2.126394748687744141e+00
2.157384872436523438e+00
2.098956823348999023e+00
2.062799692153930664e+00
2.126865386962890625e+00
2.137347936630249023e+00
2.053106546401977539e+00
2.047154903411865234e+00
2.084914445877075195e+00
2.109341144561767578e+00
2.064025163650512695e+00
2.074041366577148438e+00
2.109195232391357422e+00
2.070649147033691406e+00
2.109635829925537109e+00
2.077101707458496094e+00
2.049952745437622070e+00
2.054955244064331055e+00
2.064198017120361328e+00
2.044580221176147461e+00
2.045580863952636719e+00
2.048753976821899414e+00
2.026743650436401367e+00
2.031724929809570312e+00
2.083291530609130859e+00
2.050836324691772461e+00
2.066402196884155273e+00
2.113574504852294922e+00
2.047147035598754883e+00
2.079605340957641602e+00
2.097027778625488281e+00
2.049969434738159180e+00
2.136021852493286133e+00
2.053749561309814453e+00
2.058512210845947266e+00
2.092908382415771484e+00
2.097560882568359375e+00
2.030050516128540039e+00
2.061380624771118164e+00
2.098009347915649414e+00
2.024564743041992188e+00
2.061255216598510742e+00
2.049717664718627930e+00
2.150907754898071289e+00
2.105741500854492188e+00
2.056662321090698242e+00
2.059603214263916016e+00
2.065340995788574219e+00
2.108996868133544922e+00
2.062802076339721680e+00
2.073971271514892578e+00
2.088980197906494141e+00
2.032575607299804688e+00
2.114834070205688477e+00
2.074586868286132812e+00
2.031468868255615234e+00
2.052921056747436523e+00
2.065673589706420898e+00
2.098765850067138672e+00
2.076275825500488281e+00
2.136223316192626953e+00
2.032440900802612305e+00
2.056695222854614258e+00
2.099490404129028320e+00
2.095229148864746094e+00
2.067172765731811523e+00
2.067812204360961914e+00
2.102814435958862305e+00
2.082761764526367188e+00
2.103225231170654297e+00
2.099652767181396484e+00
2.015145063400268555e+00
1.975323557853698730e+00
2.098127603530883789e+00
2.076511621475219727e+00
2.113698959350585938e+00
2.078858852386474609e+00
2.029733896255493164e+00
2.118106603622436523e+00
2.106151103973388672e+00
2.073197126388549805e+00
2.072637081146240234e+00
2.075151681900024414e+00
2.094721555709838867e+00
2.145471096038818359e+00
2.088351964950561523e+00
2.131027936935424805e+00
2.096624374389648438e+00
2.088190555572509766e+00
2.156442880630493164e+00
2.038093090057373047e+00
2.090629339218139648e+00
2.128725528717041016e+00
2.096424102783203125e+00
2.104466915130615234e+00
2.050948143005371094e+00
2.143324136734008789e+00
2.134966850280761719e+00
2.160649061203002930e+00
2.141968011856079102e+00
2.066846847534179688e+00
2.101370573043823242e+00
2.056483983993530273e+00
2.141907930374145508e+00
2.102564811706542969e+00
2.084396600723266602e+00
2.066316127777099609e+00
2.114397525787353516e+00
2.099674463272094727e+00
2.089481353759765625e+00
2.091498374938964844e+00
2.052004098892211914e+00
2.078389883041381836e+00
2.103708505630493164e+00
2.078949928283691406e+00
2.094161510467529297e+00
2.085625886917114258e+00
2.076520442962646484e+00
2.025409460067749023e+00
2.106720209121704102e+00
2.057455539703369141e+00
2.062813520431518555e+00
2.046279191970825195e+00
2.070979595184326172e+00
2.079252481460571289e+00
2.062801837921142578e+00
2.065940380096435547e+00
2.079409599304199219e+00
2.076246261596679688e+00
2.085706472396850586e+00
2.081881284713745117e+00
2.104160785675048828e+00
2.065087318420410156e+00
2.077075242996215820e+00
2.040140151977539062e+00
2.065231323242187500e+00
2.039195060729980469e+00
2.068149328231811523e+00
2.016378879547119141e+00
2.031226634979248047e+00
2.042345285415649414e+00
2.026435613632202148e+00
2.087223768234252930e+00
2.065198421478271484e+00
2.030509948730468750e+00
2.077410459518432617e+00
2.130629777908325195e+00
2.093580722808837891e+00
2.036578655242919922e+00
2.090522289276123047e+00
2.066888093948364258e+00
2.094715833663940430e+00
2.118019104003906250e+00
2.098842144012451172e+00
2.083534240722656250e+00
2.128430128097534180e+00
2.125016450881958008e+00
2.097540140151977539e+00
2.061272382736206055e+00
2.068778991699218750e+00
2.076752901077270508e+00
2.053088188171386719e+00
2.117939472198486328e+00
2.096896648406982422e+00
2.092465162277221680e+00
2.071447134017944336e+00
2.080999612808227539e+00
2.088471174240112305e+00
2.095489740371704102e+00
2.068359851837158203e+00
2.087770938873291016e+00
2.112631559371948242e+00
2.065650224685668945e+00
2.139480113983154297e+00
2.097982168197631836e+00
2.095110654830932617e+00
2.111927270889282227e+00
2.086905241012573242e+00
2.142083883285522461e+00
2.081720590591430664e+00
2.092830896377563477e+00
2.037083864212036133e+00
2.032840490341186523e+00
2.035560607910156250e+00
2.122718334197998047e+00
2.078955650329589844e+00
2.033881425857543945e+00
2.043556690216064453e+00
2.083777427673339844e+00
2.049504041671752930e+00
2.076237440109252930e+00
2.105683326721191406e+00
2.085588216781616211e+00
2.134428262710571289e+00
2.107942819595336914e+00
2.076951742172241211e+00
2.156029462814331055e+00
2.128594875335693359e+00
2.152594566345214844e+00
2.155864238739013672e+00
2.109290361404418945e+00
2.131194829940795898e+00
2.087277650833129883e+00
2.116621971130371094e+00
2.118934631347656250e+00
2.090726375579833984e+00
2.122623920440673828e+00
2.084084510803222656e+00
2.052630424499511719e+00
2.119899749755859375e+00
2.095760822296142578e+00
2.118844985961914062e+00
2.119740247726440430e+00
2.178110361099243164e+00
2.078782558441162109e+00
2.100466012954711914e+00
2.103438615798950195e+00
2.122250318527221680e+00
2.139487266540527344e+00
2.070890426635742188e+00
2.088181495666503906e+00
2.137980937957763672e+00
2.052967548370361328e+00
2.103733062744140625e+00
2.134721755981445312e+00
2.160037279129028320e+00
2.084785461425781250e+00
2.097919940948486328e+00
2.129026174545288086e+00
2.075440406799316406e+00
2.108101606369018555e+00
2.079894065856933594e+00
2.049201488494873047e+00
2.103004217147827148e+00
2.118002653121948242e+00
2.077417373657226562e+00
2.119073390960693359e+00
2.097224473953247070e+00
2.111103296279907227e+00
2.110120773315429688e+00
2.051421165466308594e+00
2.057837009429931641e+00
2.078312397003173828e+00
2.053888082504272461e+00
2.058399915695190430e+00
2.047338962554931641e+00
2.046200990676879883e+00
2.125875711441040039e+00
2.013223648071289062e+00
2.059523344039916992e+00
2.122369766235351562e+00
2.085186481475830078e+00
2.055935621261596680e+00
2.063193082809448242e+00
2.056063175201416016e+00
2.065494060516357422e+00
2.107155323028564453e+00
2.021272420883178711e+00
2.069948911666870117e+00
2.112673282623291016e+00
2.009943962097167969e+00
2.068124771118164062e+00
2.119376897811889648e+00
2.079468250274658203e+00
2.083957433700561523e+00
2.074862241744995117e+00
2.091953516006469727e+00
2.052214384078979492e+00
2.036665201187133789e+00
2.044374704360961914e+00
2.016664981842041016e+00
2.085999250411987305e+00
2.071762561798095703e+00
2.037090778350830078e+00
2.099183559417724609e+00
2.057767629623413086e+00
2.048830747604370117e+00
2.058925867080688477e+00
2.075891494750976562e+00
2.098156213760375977e+00
2.094653844833374023e+00
2.067966222763061523e+00
2.095484495162963867e+00
2.107590198516845703e+00
2.082262516021728516e+00
2.043031692504882812e+00
2.120602369308471680e+00
2.086001873016357422e+00
2.049424648284912109e+00
2.114518165588378906e+00
2.019047975540161133e+00
2.112117052078247070e+00
2.065377950668334961e+00
2.009826183319091797e+00
2.068200588226318359e+00
1.996202707290649414e+00
2.018338441848754883e+00
2.096491098403930664e+00
2.081869840621948242e+00
2.059249401092529297e+00
2.060183763504028320e+00
2.054865121841430664e+00
2.085176706314086914e+00
2.053455352783203125e+00
2.022849082946777344e+00
2.062926292419433594e+00
2.100906848907470703e+00
2.061861753463745117e+00
2.102665662765502930e+00
2.045408248901367188e+00
2.062943696975708008e+00
2.102672338485717773e+00
2.109014272689819336e+00
2.091715097427368164e+00
2.082851409912109375e+00
2.156480550765991211e+00
2.082270622253417969e+00
2.096777915954589844e+00
2.007818937301635742e+00
2.068226575851440430e+00
2.074549436569213867e+00
2.084475517272949219e+00
2.076951026916503906e+00
2.077366352081298828e+00
2.052884817123413086e+00
2.068914890289306641e+00
2.041696548461914062e+00
2.075364351272583008e+00
2.061201333999633789e+00
2.084270238876342773e+00
2.094122886657714844e+00
2.096601724624633789e+00
2.115501403808593750e+00
2.068244218826293945e+00
2.030435323715209961e+00
2.024640083312988281e+00
2.036764383316040039e+00
2.045993566513061523e+00
2.078614950180053711e+00
2.083162069320678711e+00
2.089289903640747070e+00
2.048693418502807617e+00
2.152813673019409180e+00
2.044974088668823242e+00
2.028207540512084961e+00
2.049803733825683594e+00
2.061910629272460938e+00
2.018522977828979492e+00
2.065376758575439453e+00
2.061063051223754883e+00
2.111037969589233398e+00
2.063820362091064453e+00
2.110258102416992188e+00
2.087168216705322266e+00
2.079857349395751953e+00
2.109558343887329102e+00
2.068908452987670898e+00
2.147756099700927734e+00
2.112436771392822266e+00
2.109155178070068359e+00
2.046567440032958984e+00
2.005764484405517578e+00
2.067994594573974609e+00
2.069489002227783203e+00
2.114488601684570312e+00
2.087082147598266602e+00
2.092082262039184570e+00
2.070540904998779297e+00
2.004924058914184570e+00
2.053847074508666992e+00
2.125895023345947266e+00
2.057356119155883789e+00
2.108481168746948242e+00
2.070859432220458984e+00
2.050529956817626953e+00
2.085883855819702148e+00
2.091448545455932617e+00
2.063607454299926758e+00
2.151712179183959961e+00
2.040629386901855469e+00
2.088503837585449219e+00
2.085587501525878906e+00
2.074461936950683594e+00
2.104690074920654297e+00
2.063499450683593750e+00
2.046267032623291016e+00
2.077920198440551758e+00
2.072473049163818359e+00
2.079460382461547852e+00
2.094345092773437500e+00
2.101415872573852539e+00
2.055148124694824219e+00
2.074005365371704102e+00
2.026360273361206055e+00
2.114024400711059570e+00
2.063108682632446289e+00
2.045536756515502930e+00
2.051435470581054688e+00
1.996553182601928711e+00
2.075980424880981445e+00
2.096139907836914062e+00
2.136109352111816406e+00
2.036986351013183594e+00
2.059751510620117188e+00
2.039340496063232422e+00
2.067292451858520508e+00
2.035549402236938477e+00
2.034884929656982422e+00
2.052171707153320312e+00
2.071790933609008789e+00
2.022335052490234375e+00
2.068064451217651367e+00
2.059741735458374023e+00
2.030373096466064453e+00
2.095527887344360352e+00
2.125530242919921875e+00
2.066430091857910156e+00
1.989008903503417969e+00
2.077305555343627930e+00
2.103821754455566406e+00
2.059257030487060547e+00
2.076348781585693359e+00
2.156872034072875977e+00
2.101646184921264648e+00
2.080534219741821289e+00
2.092413187026977539e+00
2.076932668685913086e+00
2.106593370437622070e+00
2.079432010650634766e+00
2.045365333557128906e+00
2.063537359237670898e+00
2.089030742645263672e+00
2.122050046920776367e+00
2.071460247039794922e+00
2.070818901062011719e+00
2.053900957107543945e+00
2.065465688705444336e+00
2.044427156448364258e+00
2.062078952789306641e+00
2.082622051239013672e+00
2.087788820266723633e+00
1.985268235206604004e+00
2.075274705886840820e+00
2.106553792953491211e+00
2.057970762252807617e+00
2.054432153701782227e+00
2.090871334075927734e+00
2.084224462509155273e+00
2.052598953247070312e+00
2.038418292999267578e+00
2.068161010742187500e+00
2.103024005889892578e+00
2.037595748901367188e+00
2.074573516845703125e+00
2.055078029632568359e+00
2.138181209564208984e+00
2.088666915893554688e+00
2.116419315338134766e+00
2.102259159088134766e+00
2.060524225234985352e+00
2.090410709381103516e+00
2.076487302780151367e+00
2.059901475906372070e+00
2.083074331283569336e+00
2.084534645080566406e+00
2.095391988754272461e+00
2.049140691757202148e+00
2.128185987472534180e+00
2.113589525222778320e+00
2.044025421142578125e+00
2.027482509613037109e+00
2.071191310882568359e+00
2.051357984542846680e+00
2.039678096771240234e+00
2.068325519561767578e+00
2.069818735122680664e+00
2.086151838302612305e+00
2.096904039382934570e+00
2.082138299942016602e+00
2.086414575576782227e+00
2.079465627670288086e+00
2.103543758392333984e+00
2.132872104644775391e+00
2.008637905120849609e+00
2.066035747528076172e+00
2.103094100952148438e+00
2.014430046081542969e+00
2.052083015441894531e+00
2.079181194305419922e+00
2.056344032287597656e+00
2.106242179870605469e+00
2.101489543914794922e+00
2.140627384185791016e+00
2.023174047470092773e+00
2.093076229095458984e+00
2.107715845108032227e+00
2.040274858474731445e+00
2.049129962921142578e+00
2.071534395217895508e+00
2.051229000091552734e+00
2.134048938751220703e+00
2.049042224884033203e+00
2.087906837463378906e+00
2.066960811614990234e+00
2.156218528747558594e+00
2.110635042190551758e+00
2.034890413284301758e+00
2.056436061859130859e+00
2.050742864608764648e+00
2.067174196243286133e+00
2.109627723693847656e+00
2.149308443069458008e+00
2.090152740478515625e+00
2.043158769607543945e+00
2.087363481521606445e+00
2.079286098480224609e+00
2.130549669265747070e+00
2.078954935073852539e+00
2.122560262680053711e+00
2.032509326934814453e+00
1.991717100143432617e+00
2.004067182540893555e+00
2.139958381652832031e+00
2.066054105758666992e+00
2.070389509201049805e+00
2.044260978698730469e+00
2.075284481048583984e+00
2.093070030212402344e+00
2.111399412155151367e+00
2.111689090728759766e+00
2.115961074829101562e+00
2.153526067733764648e+00
2.133800506591796875e+00
2.127728223800659180e+00
2.069622755050659180e+00
2.127886295318603516e+00
2.139654874801635742e+00
2.073898077011108398e+00
2.140520334243774414e+00
2.073596954345703125e+00
2.111322641372680664e+00
2.050154924392700195e+00
2.067011594772338867e+00
2.083598852157592773e+00
2.099732637405395508e+00
2.137778997421264648e+00
2.023245811462402344e+00
2.146382570266723633e+00
2.097804546356201172e+00
2.066277742385864258e+00
2.084609985351562500e+00
2.064404726028442383e+00
2.106524467468261719e+00
2.083460330963134766e+00
2.037849187850952148e+00
2.068285942077636719e+00
2.087347984313964844e+00
2.116355657577514648e+00
2.100605726242065430e+00
2.102234601974487305e+00
2.091972112655639648e+00
2.109944105148315430e+00
2.011523485183715820e+00
2.121773481369018555e+00
2.103496789932250977e+00
2.033863544464111328e+00
2.041437149047851562e+00
2.111230850219726562e+00
2.069375038146972656e+00
2.046606779098510742e+00
2.071457862854003906e+00
2.101175785064697266e+00
2.076953887939453125e+00
2.085189342498779297e+00
2.060102701187133789e+00
2.124839305877685547e+00
2.045243740081787109e+00
2.041500329971313477e+00
2.030283927917480469e+00
2.027429103851318359e+00
2.088588714599609375e+00
2.088232517242431641e+00
2.124301195144653320e+00
2.120728015899658203e+00
2.059567213058471680e+00
2.116390943527221680e+00
2.053100824356079102e+00
2.075634002685546875e+00
2.018101453781127930e+00
2.143983840942382812e+00
2.078036308288574219e+00
2.068683862686157227e+00
2.067863225936889648e+00
2.030826568603515625e+00
2.062135696411132812e+00
2.077772378921508789e+00
2.059332370758056641e+00
2.043368101119995117e+00
2.076371908187866211e+00
2.065759420394897461e+00
2.114385604858398438e+00
2.097907781600952148e+00
2.032696723937988281e+00
2.076964616775512695e+00
2.127050638198852539e+00
2.049582481384277344e+00
2.046647310256958008e+00
2.057353496551513672e+00
2.054707050323486328e+00
2.061361789703369141e+00
2.092929363250732422e+00
2.061913967132568359e+00
2.038871049880981445e+00
2.027203083038330078e+00
2.095362663269042969e+00
2.065997600555419922e+00
2.067157745361328125e+00
2.067724704742431641e+00
2.031818628311157227e+00
2.082065582275390625e+00
2.017039537429809570e+00
2.037978649139404297e+00
2.060115814208984375e+00
2.083966016769409180e+00
2.076385974884033203e+00
2.127375125885009766e+00
2.050180196762084961e+00
2.084364652633666992e+00
2.045331954956054688e+00
2.043908119201660156e+00
2.023399353027343750e+00
2.050139427185058594e+00
2.086322307586669922e+00
2.032985210418701172e+00
2.133892297744750977e+00
2.088986396789550781e+00
2.099287509918212891e+00
2.134179115295410156e+00
2.126786470413208008e+00
2.081664323806762695e+00
2.089522600173950195e+00
2.112340927124023438e+00
2.103307723999023438e+00
2.112323045730590820e+00
2.099515676498413086e+00
2.052392244338989258e+00
2.126652240753173828e+00
2.118811130523681641e+00
2.089459419250488281e+00
2.097769498825073242e+00
2.093955039978027344e+00
2.058674335479736328e+00
2.121138334274291992e+00
2.055346727371215820e+00
2.172122478485107422e+00
2.083952188491821289e+00
2.058535814285278320e+00
2.089761972427368164e+00
2.067491292953491211e+00
2.058098554611206055e+00
2.039897441864013672e+00
2.103871583938598633e+00
2.052575826644897461e+00
2.065540790557861328e+00
2.050303697586059570e+00
2.039139270782470703e+00
2.059897899627685547e+00
2.059184789657592773e+00
2.065325021743774414e+00
2.140567064285278320e+00
2.089884042739868164e+00
2.016198158264160156e+00
2.151348352432250977e+00
2.033364772796630859e+00
2.032260417938232422e+00
2.087201118469238281e+00
2.056556224822998047e+00
2.052304506301879883e+00
2.047722101211547852e+00
2.089216947555541992e+00
2.075871706008911133e+00
2.134993553161621094e+00
2.059945344924926758e+00
2.025642871856689453e+00
2.081962585449218750e+00
2.070568561553955078e+00
2.031689643859863281e+00
2.056297779083251953e+00
2.036726951599121094e+00
2.064015865325927734e+00
2.010510921478271484e+00
2.058502674102783203e+00
2.091269969940185547e+00
2.089795112609863281e+00
2.048804283142089844e+00
2.072261095046997070e+00
2.067268133163452148e+00
2.038758277893066406e+00
2.115885257720947266e+00
2.062913417816162109e+00
2.100486040115356445e+00
2.073011875152587891e+00
2.090843200683593750e+00
2.026532173156738281e+00
2.107285022735595703e+00
2.005519151687622070e+00
2.041723012924194336e+00
2.077244997024536133e+00
2.110713005065917969e+00
2.024209976196289062e+00
2.054136991500854492e+00
2.080730438232421875e+00
2.080424547195434570e+00
2.108519554138183594e+00
2.046200990676879883e+00
2.045643329620361328e+00
2.075639009475708008e+00
2.102574110031127930e+00
2.080139398574829102e+00
2.077302455902099609e+00
2.103199958801269531e+00
2.109542369842529297e+00
2.101967334747314453e+00
2.102808952331542969e+00
2.055816173553466797e+00
2.081631183624267578e+00
2.101406335830688477e+00
2.070068359375000000e+00
2.093181133270263672e+00
2.090873718261718750e+00
2.073943614959716797e+00
2.070957660675048828e+00
2.095465421676635742e+00
2.079611778259277344e+00
2.077468872070312500e+00
2.117768526077270508e+00
2.062380790710449219e+00
2.062342643737792969e+00
2.078161478042602539e+00
2.127588510513305664e+00
2.047072172164916992e+00
2.144066333770751953e+00
2.116204500198364258e+00
2.088060617446899414e+00
2.086364984512329102e+00
2.083863735198974609e+00
2.142486095428466797e+00
2.109378099441528320e+00
2.082524776458740234e+00
2.084263086318969727e+00
2.106281995773315430e+00
2.068922281265258789e+00
2.082786321640014648e+00
2.076572895050048828e+00
2.089062213897705078e+00
2.096720933914184570e+00
2.089479923248291016e+00
2.090151071548461914e+00
2.076310396194458008e+00
2.103402853012084961e+00
2.125925302505493164e+00
2.081022977828979492e+00
2.084827661514282227e+00
2.084160089492797852e+00
2.059023380279541016e+00
2.075869798660278320e+00
2.110269308090209961e+00
2.079333066940307617e+00
2.070240497589111328e+00
2.035804748535156250e+00
2.064028501510620117e+00
2.060729742050170898e+00
2.070767164230346680e+00
2.089303493499755859e+00
2.043985605239868164e+00
1.996820211410522461e+00
2.024387836456298828e+00
2.060128211975097656e+00
2.033275365829467773e+00
2.034478187561035156e+00
2.014960765838623047e+00
2.021265983581542969e+00
2.030730485916137695e+00
2.060704469680786133e+00
2.067469596862792969e+00
2.082026720046997070e+00
2.077946901321411133e+00
1.998807907104492188e+00
2.074982166290283203e+00
2.024534463882446289e+00
2.003701210021972656e+00
2.048829317092895508e+00
1.984675645828247070e+00
2.018851518630981445e+00
2.024360895156860352e+00
2.011273384094238281e+00
2.022733449935913086e+00
2.021517038345336914e+00
2.088291883468627930e+00
2.042737722396850586e+00
2.018567085266113281e+00
2.050487518310546875e+00
2.061502933502197266e+00
2.032699346542358398e+00
2.079576253890991211e+00
2.054797887802124023e+00
2.023993492126464844e+00
2.000080823898315430e+00
2.002622604370117188e+00
2.107982873916625977e+00
2.046874046325683594e+00
2.093366861343383789e+00
2.035548210144042969e+00
2.068802356719970703e+00
2.054550409317016602e+00
2.044498443603515625e+00
2.044321060180664062e+00
2.006117105484008789e+00
2.144896268844604492e+00
2.065873622894287109e+00
2.085534811019897461e+00
2.065144538879394531e+00
2.067485570907592773e+00
2.024285316467285156e+00
2.039492845535278320e+00
2.063387155532836914e+00
2.040793418884277344e+00
2.029293775558471680e+00
2.066252470016479492e+00
2.043421506881713867e+00
2.059112548828125000e+00
2.122645378112792969e+00
2.009194850921630859e+00
2.094573259353637695e+00
2.108139038085937500e+00
2.069737672805786133e+00
2.024792671203613281e+00
2.031930685043334961e+00
2.055201292037963867e+00
2.010140180587768555e+00
2.065855979919433594e+00
2.082264900207519531e+00
1.970121622085571289e+00
2.057752847671508789e+00
2.080577135086059570e+00
2.079525232315063477e+00
2.070982694625854492e+00
2.091654300689697266e+00
2.014308691024780273e+00
2.028540611267089844e+00
2.068077564239501953e+00
2.051761865615844727e+00
2.118111610412597656e+00
2.037731170654296875e+00
2.082448005676269531e+00
2.069691896438598633e+00
2.059652090072631836e+00
2.119433641433715820e+00
2.127056837081909180e+00
2.073456048965454102e+00
2.088463783264160156e+00
2.069061279296875000e+00
2.113248109817504883e+00
2.067953586578369141e+00
2.035583019256591797e+00
2.113451719284057617e+00
2.062988042831420898e+00
2.079775571823120117e+00
2.058812141418457031e+00
2.070290803909301758e+00
2.040561914443969727e+00
2.038860321044921875e+00
2.061064243316650391e+00
2.028763532638549805e+00
2.082804203033447266e+00
2.030733585357666016e+00
2.068676948547363281e+00
2.026677370071411133e+00
1.972907185554504395e+00
2.056631803512573242e+00
2.009091854095458984e+00
2.005315065383911133e+00
2.053790569305419922e+00
2.114496231079101562e+00
2.057735681533813477e+00
2.027512073516845703e+00
2.121270418167114258e+00
2.039155721664428711e+00
2.064170122146606445e+00
2.061081886291503906e+00
1.970091104507446289e+00
2.010228395462036133e+00
2.029838085174560547e+00
2.093037128448486328e+00
2.016208410263061523e+00
2.052258014678955078e+00
2.057737350463867188e+00
2.071945905685424805e+00
1.968340992927551270e+00
1.997235298156738281e+00
2.067995548248291016e+00
2.057224035263061523e+00
2.048315048217773438e+00
2.028331518173217773e+00
2.072799205780029297e+00
2.011333227157592773e+00
2.036028146743774414e+00
2.056227922439575195e+00
1.993286728858947754e+00
2.070064067840576172e+00
2.070243597030639648e+00
2.039569854736328125e+00
2.066185235977172852e+00
2.013087987899780273e+00
2.052641630172729492e+00
2.000319480895996094e+00
2.010261535644531250e+00
2.022130966186523438e+00
2.046220302581787109e+00
2.051156520843505859e+00
2.103828191757202148e+00
2.013979434967041016e+00
2.043663740158081055e+00
1.968107819557189941e+00
2.007904291152954102e+00
2.042139053344726562e+00
2.034434795379638672e+00
1.985882282257080078e+00
1.986923813819885254e+00
2.006305217742919922e+00
1.983594894409179688e+00
2.097306251525878906e+00
1.996260762214660645e+00
2.037232160568237305e+00
2.001752614974975586e+00
2.014435291290283203e+00
1.983638405799865723e+00
2.050604104995727539e+00
2.012266874313354492e+00
2.016437053680419922e+00
2.071307420730590820e+00
2.073722124099731445e+00
1.987859964370727539e+00
2.033599138259887695e+00
2.026512145996093750e+00
1.994408845901489258e+00
2.019935607910156250e+00
2.028893947601318359e+00
2.052848100662231445e+00
2.039966344833374023e+00
2.049338817596435547e+00
2.030768156051635742e+00
1.993970513343811035e+00
2.064446449279785156e+00
2.034859657287597656e+00
2.049305438995361328e+00
2.054148435592651367e+00
2.035375118255615234e+00
2.091478586196899414e+00
2.037937641143798828e+00
2.048748731613159180e+00
2.033165693283081055e+00
2.020905017852783203e+00
2.041128396987915039e+00
2.014828920364379883e+00
2.014901399612426758e+00
2.024364948272705078e+00
2.084678888320922852e+00
2.041636705398559570e+00
2.012500524520874023e+00
2.073958396911621094e+00
2.042210578918457031e+00
2.026966333389282227e+00
2.111639499664306641e+00
2.125237703323364258e+00
2.052419424057006836e+00
2.046190023422241211e+00
2.061448812484741211e+00
2.078853845596313477e+00
2.062215805053710938e+00
1.998784780502319336e+00
2.003036975860595703e+00
1.997449278831481934e+00
2.076836824417114258e+00
1.966645240783691406e+00
2.038162469863891602e+00
2.052983760833740234e+00
2.083904743194580078e+00
2.050480604171752930e+00
2.027788162231445312e+00
2.090759038925170898e+00
2.077552556991577148e+00
2.028061151504516602e+00
2.095439195632934570e+00
2.051613569259643555e+00
2.035619974136352539e+00
2.059330224990844727e+00
2.036980390548706055e+00
2.005516529083251953e+00
2.040666580200195312e+00
2.009829044342041016e+00
2.026654243469238281e+00
2.013844966888427734e+00
2.020576953887939453e+00
1.990702748298645020e+00
2.018263578414916992e+00
2.078073978424072266e+00
2.030778884887695312e+00
2.035451412200927734e+00
1.999250292778015137e+00
2.022065877914428711e+00
1.988901138305664062e+00
2.021242380142211914e+00
2.012812614440917969e+00
1.999446511268615723e+00
2.037056684494018555e+00
2.003095865249633789e+00
1.992198586463928223e+00
2.101806640625000000e+00
1.983968138694763184e+00
2.019426584243774414e+00
2.056282043457031250e+00
2.000909566879272461e+00
2.027014255523681641e+00
2.024698495864868164e+00
2.040908098220825195e+00
2.043178081512451172e+00
2.013969182968139648e+00
2.044888496398925781e+00
2.044427394866943359e+00
2.086530923843383789e+00
2.117911100387573242e+00
2.058919668197631836e+00
2.072220087051391602e+00
2.092758655548095703e+00
2.076774358749389648e+00
2.023843050003051758e+00
2.046168088912963867e+00
2.072892665863037109e+00
2.046648025512695312e+00
2.069643020629882812e+00
1.982885360717773438e+00
2.035928726196289062e+00
2.027997493743896484e+00
2.036218404769897461e+00
2.025453567504882812e+00
2.044024705886840820e+00
2.069789648056030273e+00
2.008995532989501953e+00
2.074994802474975586e+00
2.037409782409667969e+00
2.059052944183349609e+00
2.013385534286499023e+00
2.013761043548583984e+00
2.021371841430664062e+00
2.001183271408081055e+00
2.009180545806884766e+00
2.048259258270263672e+00
1.953693151473999023e+00
2.017970561981201172e+00
2.020741462707519531e+00
2.092903375625610352e+00
2.065436601638793945e+00
2.058132886886596680e+00
2.048373222351074219e+00
2.014977216720581055e+00
2.108853101730346680e+00
2.047516107559204102e+00
2.040949821472167969e+00
2.042143583297729492e+00
2.012441873550415039e+00
2.088743209838867188e+00
2.043337345123291016e+00
2.045563220977783203e+00
2.068409204483032227e+00
2.023687601089477539e+00
2.037743330001831055e+00
2.054623365402221680e+00
2.026670217514038086e+00
2.124715328216552734e+00
2.027469158172607422e+00
2.074479818344116211e+00
2.090362071990966797e+00
2.100712060928344727e+00
2.094470739364624023e+00
2.130560636520385742e+00
2.085386991500854492e+00
2.015315771102905273e+00
2.107822656631469727e+00
2.020113468170166016e+00
2.065037727355957031e+00
2.077256441116333008e+00
2.107843160629272461e+00
2.120253086090087891e+00
2.099942684173583984e+00
2.030479669570922852e+00
2.037426233291625977e+00
2.097694635391235352e+00
2.108168601989746094e+00
2.132205963134765625e+00
2.068036079406738281e+00
2.121431112289428711e+00
2.115549325942993164e+00
2.097421646118164062e+00
2.103046178817749023e+00
2.067550182342529297e+00
2.046282052993774414e+00
2.028976917266845703e+00
2.090083837509155273e+00
2.090628862380981445e+00
2.034333705902099609e+00
2.087939262390136719e+00
2.074395179748535156e+00
2.081362962722778320e+00
2.072911977767944336e+00
2.044312000274658203e+00
2.081239461898803711e+00
2.061189889907836914e+00
1.990990161895751953e+00
2.005981683731079102e+00
2.085670709609985352e+00
2.015678167343139648e+00
2.024787425994873047e+00
2.002986669540405273e+00
1.992865681648254395e+00
2.038507461547851562e+00
1.955674171447753906e+00
2.086555004119873047e+00
2.056422948837280273e+00
2.042573213577270508e+00
2.092201471328735352e+00
2.002727985382080078e+00
2.025550127029418945e+00
2.001014471054077148e+00
2.061771392822265625e+00
2.103391885757446289e+00
2.000766992568969727e+00
2.034967899322509766e+00
2.062302112579345703e+00
2.015115976333618164e+00
2.038560628890991211e+00
2.043116092681884766e+00
2.051874399185180664e+00
2.087863922119140625e+00
2.069058656692504883e+00
2.012592554092407227e+00
2.042074441909790039e+00
2.020649194717407227e+00
2.019034624099731445e+00
2.045214891433715820e+00
2.050961971282958984e+00
2.061715126037597656e+00
2.009003877639770508e+00
2.093035459518432617e+00
2.052637815475463867e+00
2.080229043960571289e+00
2.026910305023193359e+00
2.038640975952148438e+00
2.036723852157592773e+00
2.014904737472534180e+00
2.051945447921752930e+00
2.021362543106079102e+00
1.992383241653442383e+00
1.976784229278564453e+00
2.019129991531372070e+00
2.008945465087890625e+00
2.057473182678222656e+00
2.007776260375976562e+00
2.037149429321289062e+00
1.990553259849548340e+00
1.998673439025878906e+00
2.010235309600830078e+00
2.027728319168090820e+00
2.089148521423339844e+00
2.028029918670654297e+00
1.992825150489807129e+00
1.965785622596740723e+00
2.044508695602416992e+00
2.047441005706787109e+00
2.010445356369018555e+00
1.982077002525329590e+00
2.015092611312866211e+00
2.093087434768676758e+00
2.033716440200805664e+00
2.078061103820800781e+00
2.041127443313598633e+00
1.995079755783081055e+00
2.028965711593627930e+00
1.977087378501892090e+00
2.019112110137939453e+00
2.030382394790649414e+00
2.057447910308837891e+00
2.026378870010375977e+00
2.056925773620605469e+00
1.998320698738098145e+00
1.997097253799438477e+00
2.036085605621337891e+00
2.047901630401611328e+00
2.062366008758544922e+00
2.021251201629638672e+00
2.057030439376831055e+00
2.057183027267456055e+00
2.051769971847534180e+00
1.983202576637268066e+00
2.013963460922241211e+00
2.040878534317016602e+00
1.976809859275817871e+00
2.030284166336059570e+00
1.991320490837097168e+00
2.038712263107299805e+00
2.065948724746704102e+00
1.978211522102355957e+00
1.992154598236083984e+00
2.032653093338012695e+00
2.006369590759277344e+00
2.015554666519165039e+00
1.985966801643371582e+00
2.024833440780639648e+00
2.050842523574829102e+00
2.037307739257812500e+00
1.998573780059814453e+00
2.015805482864379883e+00
2.014856576919555664e+00
2.037856578826904297e+00
2.040343046188354492e+00
2.041032314300537109e+00
1.998912930488586426e+00
2.025593280792236328e+00
2.036556243896484375e+00
1.934472918510437012e+00
1.995777368545532227e+00
2.027080535888671875e+00
2.028262853622436523e+00
2.032107353210449219e+00
1.955136179924011230e+00
2.058717966079711914e+00
2.058286190032958984e+00
2.059894323348999023e+00
2.082682847976684570e+00
1.989816784858703613e+00
2.025309324264526367e+00
2.029083251953125000e+00
1.990943431854248047e+00
2.016566991806030273e+00
1.988095045089721680e+00
1.947144746780395508e+00
2.030696868896484375e+00
1.999907612800598145e+00
1.989348292350769043e+00
2.059288263320922852e+00
1.982563853263854980e+00
2.040884494781494141e+00
2.068414211273193359e+00
2.053377866744995117e+00
1.986634492874145508e+00
2.089872121810913086e+00
1.992840170860290527e+00
2.063999891281127930e+00
2.030428171157836914e+00
2.034478187561035156e+00
1.995484352111816406e+00
2.011903047561645508e+00
2.020253896713256836e+00
2.024814367294311523e+00
1.983647823333740234e+00
2.026494264602661133e+00
2.044874906539916992e+00
1.987276792526245117e+00
2.012995719909667969e+00
2.040750741958618164e+00
2.052973270416259766e+00
2.012264490127563477e+00
2.016986131668090820e+00
1.999976754188537598e+00
2.060640573501586914e+00
2.053655624389648438e+00
1.978916764259338379e+00
2.057292699813842773e+00
1.997000694274902344e+00
2.023506402969360352e+00
2.069941043853759766e+00
2.024666070938110352e+00
1.996935009956359863e+00
2.087342739105224609e+00
2.005277872085571289e+00
2.033517360687255859e+00
1.989771485328674316e+00
2.009881258010864258e+00
1.980435132980346680e+00
1.979551672935485840e+00
1.984714984893798828e+00
2.025696992874145508e+00
2.020097494125366211e+00
1.998836994171142578e+00
2.044419050216674805e+00
2.015295743942260742e+00
1.960140228271484375e+00
1.995877027511596680e+00
2.010535717010498047e+00
2.029742717742919922e+00
1.986419796943664551e+00
2.029923677444458008e+00
2.060771942138671875e+00
2.040234565734863281e+00
2.096642255783081055e+00
1.971187591552734375e+00
2.009576797485351562e+00
1.986581087112426758e+00
2.023418426513671875e+00
2.031375646591186523e+00
2.007997512817382812e+00
2.043037891387939453e+00
2.017777442932128906e+00
2.055172681808471680e+00
2.064969062805175781e+00
2.079387903213500977e+00
1.992429614067077637e+00
2.024602890014648438e+00
2.031890392303466797e+00
2.075207948684692383e+00
2.036717414855957031e+00
2.101197957992553711e+00
2.065821886062622070e+00
2.072288036346435547e+00
1.991822242736816406e+00
2.040974140167236328e+00
1.936797618865966797e+00
1.984751939773559570e+00
2.010962247848510742e+00
2.021233558654785156e+00
1.995261549949645996e+00
2.007305383682250977e+00
2.053072214126586914e+00
2.026810407638549805e+00
2.022001266479492188e+00
2.013029098510742188e+00
2.009285926818847656e+00
2.022373199462890625e+00
2.045520544052124023e+00
2.028584480285644531e+00
1.981959581375122070e+00
2.023998260498046875e+00
1.999180078506469727e+00
2.015109777450561523e+00
2.054899215698242188e+00
2.056531429290771484e+00
1.953720927238464355e+00
2.045155525207519531e+00
2.004662990570068359e+00
2.052354097366333008e+00
2.054494142532348633e+00
2.003453493118286133e+00
2.014036178588867188e+00
2.008965253829956055e+00
2.039311408996582031e+00
2.060042619705200195e+00
2.016131401062011719e+00
1.997379183769226074e+00
1.972334504127502441e+00
2.028100728988647461e+00
2.000172853469848633e+00
2.079508304595947266e+00
2.025560140609741211e+00
2.017760038375854492e+00
2.057538747787475586e+00
2.046893358230590820e+00
2.013505220413208008e+00
1.969794034957885742e+00
1.993717908859252930e+00
2.026627540588378906e+00
2.086899995803833008e+00
2.012294530868530273e+00
2.008941888809204102e+00
2.007046699523925781e+00
2.019307374954223633e+00
2.035466194152832031e+00
1.937773942947387695e+00
2.043064355850219727e+00
2.024565458297729492e+00
1.974663853645324707e+00
2.051175355911254883e+00
1.998393535614013672e+00
2.058280706405639648e+00
2.049098253250122070e+00
2.050619840621948242e+00
2.011277675628662109e+00
2.061685323715209961e+00
2.054146766662597656e+00
2.031716823577880859e+00
2.073144435882568359e+00
2.076870441436767578e+00
2.027219772338867188e+00
2.047808408737182617e+00
2.047844409942626953e+00
2.030606031417846680e+00
2.056712388992309570e+00
2.008642196655273438e+00
2.048945188522338867e+00
2.067623376846313477e+00
2.055162429809570312e+00
2.021262884140014648e+00
2.027340888977050781e+00
2.047101497650146484e+00
2.098599672317504883e+00
2.010744571685791016e+00
2.055659294128417969e+00
2.087442398071289062e+00
2.034569025039672852e+00
2.057545185089111328e+00
2.034537315368652344e+00
2.048542737960815430e+00
2.031038999557495117e+00
1.982421994209289551e+00
2.022925138473510742e+00
2.084211349487304688e+00
2.028405189514160156e+00
2.070784330368041992e+00
2.025983095169067383e+00
2.029478788375854492e+00
2.031748294830322266e+00
2.000270366668701172e+00
2.034543752670288086e+00
2.017651081085205078e+00
2.029932975769042969e+00
2.021512031555175781e+00
2.032807588577270508e+00
1.986469745635986328e+00
1.993566036224365234e+00
2.061401128768920898e+00
2.037863492965698242e+00
1.989092588424682617e+00
1.994587898254394531e+00
1.986904263496398926e+00
2.037117958068847656e+00
2.030203819274902344e+00
2.013338088989257812e+00
2.049614667892456055e+00
2.014737844467163086e+00
2.019346237182617188e+00
2.011516332626342773e+00
1.990755438804626465e+00
2.040694952011108398e+00
2.016700267791748047e+00
2.018377542495727539e+00
2.029739856719970703e+00
1.999251127243041992e+00
2.029264926910400391e+00
1.981983304023742676e+00
2.056068658828735352e+00
2.021359205245971680e+00
2.037165403366088867e+00
1.974576234817504883e+00
2.036577701568603516e+00
2.007219076156616211e+00
1.989864230155944824e+00
2.004007816314697266e+00
2.068900346755981445e+00
2.025398969650268555e+00
1.998865365982055664e+00
2.003057003021240234e+00
2.012557029724121094e+00
2.004642724990844727e+00
2.000336408615112305e+00
1.986679553985595703e+00
2.048473834991455078e+00
2.105521440505981445e+00
2.062820434570312500e+00
2.016908407211303711e+00
2.041622638702392578e+00
2.052134275436401367e+00
2.106323480606079102e+00
2.073297739028930664e+00
2.014704942703247070e+00
2.089999437332153320e+00
2.039840459823608398e+00
2.033536911010742188e+00
2.075351238250732422e+00
2.058494806289672852e+00
2.061445951461791992e+00
2.021930694580078125e+00
1.975154280662536621e+00
2.059011936187744141e+00
1.966322064399719238e+00
2.119036197662353516e+00
2.009589195251464844e+00
1.985010981559753418e+00
1.983711004257202148e+00
2.064919710159301758e+00
2.021120071411132812e+00
2.026437044143676758e+00
2.034416675567626953e+00
1.997267723083496094e+00
2.055536270141601562e+00
2.092266321182250977e+00
2.097118616104125977e+00
2.033188581466674805e+00
2.020367622375488281e+00
2.036566019058227539e+00
2.106449127197265625e+00
2.001868486404418945e+00
2.069746255874633789e+00
2.080853223800659180e+00
1.982254385948181152e+00
1.961477279663085938e+00
2.021287679672241211e+00
1.988548874855041504e+00
2.055511713027954102e+00
2.014494657516479492e+00
2.016209125518798828e+00
1.986993670463562012e+00
2.030606269836425781e+00
2.095202207565307617e+00
1.950136303901672363e+00
1.972642779350280762e+00
2.004096746444702148e+00
2.040712833404541016e+00
2.024757385253906250e+00
2.006058692932128906e+00
1.993025898933410645e+00
1.994190454483032227e+00
2.079809904098510742e+00
2.059520721435546875e+00
2.044562339782714844e+00
2.075351715087890625e+00
1.977077603340148926e+00
2.018668889999389648e+00
2.015663623809814453e+00
1.982541203498840332e+00
2.050068140029907227e+00
2.034207820892333984e+00
2.062828540802001953e+00
2.012907743453979492e+00
2.002873182296752930e+00
1.965505361557006836e+00
1.968466877937316895e+00
2.039143323898315430e+00
2.019607543945312500e+00
2.051497936248779297e+00
2.058216094970703125e+00
2.007781744003295898e+00
2.035151720046997070e+00
2.044711828231811523e+00
2.069630146026611328e+00
2.037862300872802734e+00
2.054692029953002930e+00
2.039262056350708008e+00
2.087136268615722656e+00
2.009033679962158203e+00
2.041527986526489258e+00
1.975046753883361816e+00
2.050006389617919922e+00
2.031899452209472656e+00
2.094848632812500000e+00
2.031672954559326172e+00
2.061768293380737305e+00
2.031043767929077148e+00
2.042442083358764648e+00
2.032175302505493164e+00
2.046000957489013672e+00
2.001414299011230469e+00
2.045250415802001953e+00
2.034939527511596680e+00
2.055448532104492188e+00
2.031768083572387695e+00
2.034349441528320312e+00
2.023835897445678711e+00
2.132948875427246094e+00
2.043664932250976562e+00
2.033820390701293945e+00
2.066944360733032227e+00
2.041245222091674805e+00
2.036895990371704102e+00
2.078129291534423828e+00
2.023794412612915039e+00
1.992663383483886719e+00
2.022470235824584961e+00
2.065425395965576172e+00
1.992630243301391602e+00
2.054331779479980469e+00
2.030443668365478516e+00
1.988640904426574707e+00
2.027754306793212891e+00
2.051514387130737305e+00
2.021895408630371094e+00
1.989401340484619141e+00
1.990772247314453125e+00
2.051148414611816406e+00
2.028738021850585938e+00
2.034141063690185547e+00
2.075040578842163086e+00
2.053191900253295898e+00
2.054785728454589844e+00
2.063640594482421875e+00
2.008899211883544922e+00
2.097719192504882812e+00
2.036187648773193359e+00
2.040897607803344727e+00
2.014373302459716797e+00
2.071635484695434570e+00
2.071040868759155273e+00
1.941115498542785645e+00
2.055936098098754883e+00
2.037195682525634766e+00
2.047774553298950195e+00
2.026412248611450195e+00
1.986392855644226074e+00
2.070465326309204102e+00
2.049104690551757812e+00
1.993997573852539062e+00
1.942751526832580566e+00
2.032321453094482422e+00
2.019657373428344727e+00
2.011997699737548828e+00
2.038475751876831055e+00
1.997827529907226562e+00
2.035640716552734375e+00
1.984105110168457031e+00
2.010048627853393555e+00
2.032634735107421875e+00
2.041774272918701172e+00
2.000466346740722656e+00
1.987638950347900391e+00
2.042155027389526367e+00
2.012386798858642578e+00
2.030118465423583984e+00
1.987291455268859863e+00
1.969573974609375000e+00
2.042499303817749023e+00
1.991029262542724609e+00
2.013298273086547852e+00
2.015510082244873047e+00
2.033109903335571289e+00
1.965250968933105469e+00
2.060402154922485352e+00
2.049095392227172852e+00
2.081022500991821289e+00
2.027118444442749023e+00
2.064298629760742188e+00
2.032618999481201172e+00
2.061544418334960938e+00
2.021202802658081055e+00
2.016795873641967773e+00
2.027001857757568359e+00
2.014191865921020508e+00
2.007955074310302734e+00
2.028460741043090820e+00
1.979038357734680176e+00
2.018572092056274414e+00
2.043355226516723633e+00
2.047467708587646484e+00
1.989194512367248535e+00
1.978809833526611328e+00
1.979059576988220215e+00
2.007283926010131836e+00
2.050971984863281250e+00
2.049496889114379883e+00
2.033430814743041992e+00
2.015126466751098633e+00
2.018698215484619141e+00
2.039621591567993164e+00
2.032307863235473633e+00
1.978516340255737305e+00
2.017240762710571289e+00
2.021234989166259766e+00
2.058176755905151367e+00
1.990288138389587402e+00
2.006162643432617188e+00
2.005423069000244141e+00
2.031525373458862305e+00
2.021690368652343750e+00
1.997135400772094727e+00
2.063348293304443359e+00
2.034188032150268555e+00
2.024883985519409180e+00
1.991927981376647949e+00
2.008840322494506836e+00
1.960468649864196777e+00
2.034615755081176758e+00
2.042547225952148438e+00
2.047642469406127930e+00
2.042461633682250977e+00
2.029046773910522461e+00
2.042503595352172852e+00
1.966984629631042480e+00
2.061793565750122070e+00
2.005468130111694336e+00
2.020132303237915039e+00
2.075896978378295898e+00
2.040848493576049805e+00
2.062990903854370117e+00
2.069606065750122070e+00
2.017472267150878906e+00
2.114919185638427734e+00
2.014941692352294922e+00
2.080308198928833008e+00
2.061445236206054688e+00
2.042780876159667969e+00
2.041910886764526367e+00
1.982187867164611816e+00
2.088469266891479492e+00
2.130670070648193359e+00
2.078064441680908203e+00
2.042873382568359375e+00
2.062365531921386719e+00
2.110816955566406250e+00
2.123360395431518555e+00
2.068205356597900391e+00
2.116143941879272461e+00
2.074216365814208984e+00
2.071492671966552734e+00
2.145912170410156250e+00
2.103143692016601562e+00
2.051889181137084961e+00
2.106727123260498047e+00
2.072297573089599609e+00
2.112024068832397461e+00
2.076045751571655273e+00
2.095888376235961914e+00
2.024915933609008789e+00
2.067452192306518555e+00
2.088133573532104492e+00
2.090416908264160156e+00
2.097864389419555664e+00
2.100382328033447266e+00
2.045256137847900391e+00
2.133397579193115234e+00
2.085793972015380859e+00
2.124584913253784180e+00
2.138549804687500000e+00
2.111982107162475586e+00
2.130418539047241211e+00
2.066824197769165039e+00
2.101287364959716797e+00
2.104004144668579102e+00
2.123967170715332031e+00
2.123516798019409180e+00
2.104908943176269531e+00
2.103700399398803711e+00
2.104802131652832031e+00
2.058665275573730469e+00
2.098567485809326172e+00
2.107446670532226562e+00
2.063365936279296875e+00
2.064263343811035156e+00
2.086483955383300781e+00
2.051352024078369141e+00
2.116914510726928711e+00
2.108407735824584961e+00
2.055283546447753906e+00
2.102037668228149414e+00
2.124388217926025391e+00
2.102910041809082031e+00
2.136497020721435547e+00
2.083746671676635742e+00
2.156086683273315430e+00
2.077968120574951172e+00
2.091790676116943359e+00
2.068112373352050781e+00
2.135681390762329102e+00
2.142732620239257812e+00
2.056078910827636719e+00
2.072382450103759766e+00
2.086827993392944336e+00
2.092208147048950195e+00
2.072598934173583984e+00
2.065699100494384766e+00
2.088457107543945312e+00
2.075784683227539062e+00
2.078180313110351562e+00
2.062430858612060547e+00
2.155219554901123047e+00
2.082985639572143555e+00
2.103468656539916992e+00
2.094032526016235352e+00
2.099161863327026367e+00
2.049071788787841797e+00
2.109619140625000000e+00
2.094980955123901367e+00
2.099546909332275391e+00
2.088849306106567383e+00
2.042425394058227539e+00
2.105705022811889648e+00
2.130875110626220703e+00
2.057254791259765625e+00
2.051967859268188477e+00
2.114022016525268555e+00
2.117279052734375000e+00
2.088531017303466797e+00
2.112392187118530273e+00
2.104380607604980469e+00
2.061196088790893555e+00
2.091127157211303711e+00
2.078518152236938477e+00
2.046906709671020508e+00
2.108286619186401367e+00
2.075893878936767578e+00
2.037097215652465820e+00
2.012910842895507812e+00
2.083977222442626953e+00
2.060740232467651367e+00
2.024037361145019531e+00
2.053940534591674805e+00
2.027596473693847656e+00
2.091146469116210938e+00
2.098742246627807617e+00
2.070689678192138672e+00
2.039576768875122070e+00
2.041412830352783203e+00
2.054354667663574219e+00
2.115675687789916992e+00
2.050012588500976562e+00
2.067288875579833984e+00
2.064190149307250977e+00
2.017315149307250977e+00
2.091150522232055664e+00
2.043515920639038086e+00
2.018668174743652344e+00
1.999627828598022461e+00
2.033173561096191406e+00
2.057379245758056641e+00
2.092476129531860352e+00
2.109102964401245117e+00
2.058354854583740234e+00
2.121908187866210938e+00
2.063316106796264648e+00
2.067283630371093750e+00
2.021282434463500977e+00
2.126049041748046875e+00
2.053854465484619141e+00
2.011620044708251953e+00
2.082729578018188477e+00
2.041317224502563477e+00
2.023427724838256836e+00
2.091129302978515625e+00
2.031850814819335938e+00
2.021350383758544922e+00
2.094997167587280273e+00
2.118854999542236328e+00
2.067731142044067383e+00
2.097841978073120117e+00
2.099304914474487305e+00
2.078830003738403320e+00
2.001151800155639648e+00
2.031358957290649414e+00
2.069946050643920898e+00
2.088981151580810547e+00
2.056377172470092773e+00
2.053068399429321289e+00
2.056187391281127930e+00
2.156257390975952148e+00
2.085792541503906250e+00
2.061139583587646484e+00
2.113211870193481445e+00
2.074150323867797852e+00
2.121582508087158203e+00
2.121270895004272461e+00
2.068881511688232422e+00
2.103666067123413086e+00
2.097682476043701172e+00
2.029605388641357422e+00
2.008814096450805664e+00
2.099325418472290039e+00
2.098745346069335938e+00
2.068969726562500000e+00
2.007420063018798828e+00
2.043205261230468750e+00
2.021801471710205078e+00
2.030238389968872070e+00
2.024140119552612305e+00
2.041109800338745117e+00
2.050137996673583984e+00
2.024137973785400391e+00
2.061321496963500977e+00
2.087343215942382812e+00
2.063381195068359375e+00
2.105861663818359375e+00
2.043135404586791992e+00
2.045576572418212891e+00
2.044660568237304688e+00
2.077625751495361328e+00
2.020703315734863281e+00
2.069601058959960938e+00
2.099709510803222656e+00
2.016180276870727539e+00
2.086747407913208008e+00
2.022115230560302734e+00
2.087809324264526367e+00
2.123674869537353516e+00
2.079740047454833984e+00
2.065391540527343750e+00
2.037969112396240234e+00
2.033504009246826172e+00
2.078798770904541016e+00
2.054479360580444336e+00
2.062577724456787109e+00
2.104296207427978516e+00
2.055742979049682617e+00
2.037879943847656250e+00
2.089982509613037109e+00
2.069407463073730469e+00
2.017360925674438477e+00
2.050940275192260742e+00
2.047165393829345703e+00
2.029579401016235352e+00
2.098855972290039062e+00
2.051329851150512695e+00
2.019372224807739258e+00
2.000920772552490234e+00
2.070191383361816406e+00
2.010789394378662109e+00
2.048751831054687500e+00
2.034509897232055664e+00
2.022095918655395508e+00
2.091681957244873047e+00
1.999610900878906250e+00
2.039879798889160156e+00
2.088671684265136719e+00
2.048031091690063477e+00
2.023241758346557617e+00
2.085953474044799805e+00
2.018374919891357422e+00
2.038086652755737305e+00
2.067515611648559570e+00
2.066958427429199219e+00
2.059906482696533203e+00
2.013216257095336914e+00
2.055224895477294922e+00
2.025495290756225586e+00
2.049313783645629883e+00
2.111409902572631836e+00
2.079534769058227539e+00
2.003300428390502930e+00
2.080880641937255859e+00
2.060717105865478516e+00
2.116892337799072266e+00
2.085644006729125977e+00
2.059201002120971680e+00
2.096985816955566406e+00
2.046115875244140625e+00
2.067762136459350586e+00
2.119070053100585938e+00
2.036320686340332031e+00
2.047890424728393555e+00
2.099888801574707031e+00
2.103406429290771484e+00
2.063204288482666016e+00
2.050583600997924805e+00
2.115418195724487305e+00
2.027655601501464844e+00
2.018811464309692383e+00
2.095011711120605469e+00
2.029183387756347656e+00
2.055542469024658203e+00
2.064669370651245117e+00
2.071085453033447266e+00
2.071040153503417969e+00
2.091000556945800781e+00
2.043251037597656250e+00
2.083558320999145508e+00
2.031176567077636719e+00
2.025423526763916016e+00
1.979255199432373047e+00
2.076616048812866211e+00
2.055986404418945312e+00
2.083567857742309570e+00
2.059619188308715820e+00
2.047178983688354492e+00
2.059419393539428711e+00
2.062636852264404297e+00
2.044589996337890625e+00
2.003887891769409180e+00
2.078663825988769531e+00
2.039379119873046875e+00
2.023203611373901367e+00
2.054306745529174805e+00
2.069457769393920898e+00
2.061631917953491211e+00
2.066079378128051758e+00
2.017849445343017578e+00
2.066338777542114258e+00
2.081475496292114258e+00
2.045564651489257812e+00
2.060186862945556641e+00
2.045841217041015625e+00
2.057966709136962891e+00
2.025335550308227539e+00
2.039827108383178711e+00
2.055037498474121094e+00
2.084190607070922852e+00
2.003152132034301758e+00
2.054299592971801758e+00
2.054295063018798828e+00
2.080477476119995117e+00
2.054667711257934570e+00
2.098857164382934570e+00
2.080002784729003906e+00
2.161035776138305664e+00
2.066122055053710938e+00
1.990943431854248047e+00
2.023479223251342773e+00
2.047402143478393555e+00
2.079450368881225586e+00
2.122009277343750000e+00
2.050241708755493164e+00
1.996607303619384766e+00
2.032733440399169922e+00
2.061605930328369141e+00
1.980435013771057129e+00
2.059004783630371094e+00
2.005622386932373047e+00
2.043491363525390625e+00
2.024338960647583008e+00
2.037624120712280273e+00
2.030717611312866211e+00
2.082275152206420898e+00
2.046018123626708984e+00
2.040453433990478516e+00
2.072354316711425781e+00
2.139592647552490234e+00
2.032284736633300781e+00
1.995015621185302734e+00
