1.102982711791992188e+02
1.015423278808593750e+02
1.156410369873046875e+02
1.090835189819335938e+02
1.082170486450195312e+02
1.106940994262695312e+02
1.123703002929687500e+02
9.229205322265625000e+01
1.115530166625976562e+02
1.069021072387695312e+02
1.037477264404296875e+02
9.171917724609375000e+01
9.997934722900390625e+01
8.574617004394531250e+01
8.771005249023437500e+01
7.072508239746093750e+01
7.645211029052734375e+01
5.268776702880859375e+01
5.212426376342773438e+01
5.147912979125976562e+01
5.452059555053710938e+01
3.764281463623046875e+01
3.817419052124023438e+01
4.869565963745117188e+01
5.172865295410156250e+01
4.303457641601562500e+01
3.604666137695312500e+01
4.289703369140625000e+01
2.919880867004394531e+01
3.311355972290039062e+01
3.586698532104492188e+01
3.116993522644042969e+01
3.718886566162109375e+01
3.083161926269531250e+01
3.113238716125488281e+01
3.810861587524414062e+01
4.130762481689453125e+01
2.816267776489257812e+01
3.767205810546875000e+01
2.643972778320312500e+01
2.190366554260253906e+01
2.607771873474121094e+01
2.498448371887207031e+01
3.061064910888671875e+01
2.740433311462402344e+01
3.255213546752929688e+01
2.095062828063964844e+01
1.966689872741699219e+01
2.146907234191894531e+01
2.940821647644042969e+01
1.750950241088867188e+01
2.004503250122070312e+01
2.195714187622070312e+01
1.904582023620605469e+01
1.533831024169921875e+01
2.123081588745117188e+01
1.348697090148925781e+01
2.204964065551757812e+01
1.697134208679199219e+01
1.190038776397705078e+01
1.055207633972167969e+01
1.028147220611572266e+01
1.894046974182128906e+01
1.258647441864013672e+01
8.161386489868164062e+00
7.445000648498535156e+00
1.205963802337646484e+01
8.337901115417480469e+00
1.019271373748779297e+01
9.554388046264648438e+00
7.686291694641113281e+00
6.741422653198242188e+00
8.151248931884765625e+00
8.577381134033203125e+00
6.507550239562988281e+00
1.276068496704101562e+01
8.035802841186523438e+00
8.777664184570312500e+00
7.720873832702636719e+00
6.620047569274902344e+00
1.018952846527099609e+01
5.525752544403076172e+00
7.268566608428955078e+00
6.386199474334716797e+00
7.444624423980712891e+00
7.216515064239501953e+00
7.394881725311279297e+00
6.280282497406005859e+00
6.575216293334960938e+00
9.519355773925781250e+00
9.735743522644042969e+00
7.734111785888671875e+00
7.667728424072265625e+00
8.743629455566406250e+00
7.493883132934570312e+00
1.217827224731445312e+01
6.428583621978759766e+00
6.090874671936035156e+00
6.742670059204101562e+00
1.026804256439208984e+01
8.561447143554687500e+00
5.277692794799804688e+00
7.627816200256347656e+00
7.700111865997314453e+00
9.115890502929687500e+00
7.605233669281005859e+00
6.310590744018554688e+00
6.594207286834716797e+00
1.037668514251708984e+01
7.498340606689453125e+00
4.979735374450683594e+00
7.043598175048828125e+00
1.036836910247802734e+01
4.333315849304199219e+00
4.231706142425537109e+00
6.055408477783203125e+00
6.483043193817138672e+00
1.008594608306884766e+01
9.025949478149414062e+00
5.375591754913330078e+00
3.811818599700927734e+00
5.196017265319824219e+00
6.055850028991699219e+00
6.395707607269287109e+00
5.061102390289306641e+00
8.702077865600585938e+00
6.429579257965087891e+00
7.193212985992431641e+00
7.427547931671142578e+00
6.867293357849121094e+00
6.421690940856933594e+00
7.116774559020996094e+00
6.799725055694580078e+00
5.444896697998046875e+00
6.040566921234130859e+00
6.245541572570800781e+00
6.449926853179931641e+00
7.070097446441650391e+00
7.657048225402832031e+00
5.357031345367431641e+00
7.288863182067871094e+00
5.091589450836181641e+00
5.159332275390625000e+00
6.397838592529296875e+00
8.880755424499511719e+00
5.862622261047363281e+00
3.647589683532714844e+00
5.986757755279541016e+00
5.335998535156250000e+00
5.162033557891845703e+00
9.554174423217773438e+00
5.768070697784423828e+00
4.681977748870849609e+00
4.957895278930664062e+00
7.063203334808349609e+00
5.819786071777343750e+00
6.401008605957031250e+00
5.221487045288085938e+00
5.012766361236572266e+00
4.658613204956054688e+00
7.649576663970947266e+00
6.178954601287841797e+00
3.675026178359985352e+00
6.507927417755126953e+00
5.899899959564208984e+00
5.075162887573242188e+00
5.929326057434082031e+00
4.929629325866699219e+00
6.861536026000976562e+00
4.407045364379882812e+00
5.726410388946533203e+00
5.509758472442626953e+00
4.865806579589843750e+00
5.473968505859375000e+00
9.284555435180664062e+00
5.643938064575195312e+00
3.647315263748168945e+00
5.788865566253662109e+00
7.772653579711914062e+00
7.369541168212890625e+00
5.052132606506347656e+00
4.990677356719970703e+00
6.118532657623291016e+00
6.012978553771972656e+00
4.409929275512695312e+00
6.318298816680908203e+00
5.691982269287109375e+00
4.946544647216796875e+00
4.951539993286132812e+00
4.609301567077636719e+00
6.059612751007080078e+00
5.222375392913818359e+00
4.977948188781738281e+00
6.001673698425292969e+00
5.558604717254638672e+00
4.858630657196044922e+00
5.289430141448974609e+00
6.839029312133789062e+00
4.408579826354980469e+00
5.819193840026855469e+00
4.968472957611083984e+00
5.887688159942626953e+00
4.970085620880126953e+00
9.173699378967285156e+00
4.943023204803466797e+00
4.833072662353515625e+00
4.385673046112060547e+00
5.686173439025878906e+00
6.595206737518310547e+00
6.325759887695312500e+00
6.935360431671142578e+00
5.088772773742675781e+00
5.301028251647949219e+00
3.928700208663940430e+00
4.710213661193847656e+00
4.719040870666503906e+00
5.398038387298583984e+00
4.557913780212402344e+00
5.657468795776367188e+00
5.426649570465087891e+00
6.474757194519042969e+00
4.859033107757568359e+00
5.225956916809082031e+00
5.357339859008789062e+00
6.211389064788818359e+00
4.329419136047363281e+00
4.051050186157226562e+00
4.880409240722656250e+00
4.749488830566406250e+00
4.938471794128417969e+00
8.795516967773437500e+00
5.119758129119873047e+00
4.913410663604736328e+00
7.016519546508789062e+00
6.404844284057617188e+00
5.246881484985351562e+00
6.454675197601318359e+00
6.203081607818603516e+00
4.170561790466308594e+00
3.661368846893310547e+00
7.813984870910644531e+00
4.961692333221435547e+00
4.392633438110351562e+00
5.119235515594482422e+00
5.942672729492187500e+00
5.774498462677001953e+00
5.407542705535888672e+00
7.565665245056152344e+00
3.845830440521240234e+00
4.883550167083740234e+00
5.677397251129150391e+00
5.194169044494628906e+00
5.842546939849853516e+00
4.129622459411621094e+00
3.816085577011108398e+00
5.178467273712158203e+00
3.987874507904052734e+00
5.742228031158447266e+00
5.130012989044189453e+00
6.198305606842041016e+00
4.563322544097900391e+00
5.322001934051513672e+00
4.820275306701660156e+00
5.716238021850585938e+00
4.321395874023437500e+00
7.471050262451171875e+00
3.731081247329711914e+00
6.996845245361328125e+00
5.160597801208496094e+00
5.547639369964599609e+00
4.164975166320800781e+00
5.260058403015136719e+00
4.404846668243408203e+00
3.869943380355834961e+00
7.557388305664062500e+00
5.139995574951171875e+00
4.286039352416992188e+00
5.392825126647949219e+00
4.415799140930175781e+00
5.564696788787841797e+00
6.330063819885253906e+00
4.297283172607421875e+00
4.315101146697998047e+00
4.886308193206787109e+00
6.979375839233398438e+00
6.714276313781738281e+00
4.636478900909423828e+00
4.656782150268554688e+00
4.845372200012207031e+00
4.893487930297851562e+00
4.010352134704589844e+00
3.164631605148315430e+00
3.912479400634765625e+00
7.525017261505126953e+00
4.605946063995361328e+00
5.640794277191162109e+00
5.010525226593017578e+00
6.568736553192138672e+00
7.143336772918701172e+00
6.299912452697753906e+00
3.327096700668334961e+00
4.816219329833984375e+00
7.680261135101318359e+00
6.244398593902587891e+00
5.626455783843994141e+00
5.749794483184814453e+00
5.512883186340332031e+00
4.565109729766845703e+00
5.332859992980957031e+00
8.287611007690429688e+00
5.982837200164794922e+00
4.414585590362548828e+00
5.032683372497558594e+00
5.981698036193847656e+00
6.505029678344726562e+00
5.733237266540527344e+00
3.499794006347656250e+00
6.257775306701660156e+00
5.731689453125000000e+00
4.900344371795654297e+00
4.226072311401367188e+00
4.821775436401367188e+00
3.564950466156005859e+00
5.874773979187011719e+00
6.839025020599365234e+00
4.520636081695556641e+00
7.519387722015380859e+00
4.580342292785644531e+00
4.492725372314453125e+00
6.112347602844238281e+00
5.284737586975097656e+00
5.757638931274414062e+00
4.904255390167236328e+00
3.655890464782714844e+00
4.009852886199951172e+00
4.091621398925781250e+00
4.886682033538818359e+00
5.318691253662109375e+00
3.937806844711303711e+00
5.659066200256347656e+00
4.515791416168212891e+00
5.544425487518310547e+00
4.519209384918212891e+00
4.561858654022216797e+00
4.600610733032226562e+00
5.775005340576171875e+00
5.760285854339599609e+00
6.701208591461181641e+00
3.102124929428100586e+00
3.059718608856201172e+00
6.441976070404052734e+00
5.982802391052246094e+00
6.151556968688964844e+00
4.390921592712402344e+00
6.175086021423339844e+00
5.708947658538818359e+00
3.885849952697753906e+00
3.149839639663696289e+00
7.680709838867187500e+00
5.780269145965576172e+00
5.923050880432128906e+00
5.496582508087158203e+00
6.558781623840332031e+00
5.037385940551757812e+00
4.637402057647705078e+00
5.278660774230957031e+00
4.785460472106933594e+00
6.451354980468750000e+00
4.502998828887939453e+00
5.419542789459228516e+00
4.448245525360107422e+00
4.836010932922363281e+00
4.848325252532958984e+00
4.482827663421630859e+00
5.907366752624511719e+00
6.860446929931640625e+00
3.350382804870605469e+00
4.738763332366943359e+00
5.097239494323730469e+00
6.379255771636962891e+00
5.058793067932128906e+00
4.410331726074218750e+00
6.096356868743896484e+00
7.168853282928466797e+00
3.146528244018554688e+00
5.285903453826904297e+00
4.843791961669921875e+00
5.910871505737304688e+00
5.280925750732421875e+00
6.419034957885742188e+00
3.776378393173217773e+00
4.955214500427246094e+00
3.627384662628173828e+00
4.057838916778564453e+00
3.646858692169189453e+00
6.137502193450927734e+00
4.913775444030761719e+00
6.379251003265380859e+00
6.505384445190429688e+00
6.144415378570556641e+00
3.981302261352539062e+00
5.394335269927978516e+00
4.573857307434082031e+00
6.342321395874023438e+00
5.293888092041015625e+00
6.175560474395751953e+00
4.601670265197753906e+00
5.292778015136718750e+00
4.920407295227050781e+00
5.640609264373779297e+00
6.361371040344238281e+00
4.653617858886718750e+00
4.335354328155517578e+00
4.229241371154785156e+00
6.035972595214843750e+00
6.084750175476074219e+00
7.188994407653808594e+00
4.564065456390380859e+00
5.879530429840087891e+00
5.892313480377197266e+00
5.732351303100585938e+00
3.032452583312988281e+00
4.315221309661865234e+00
6.374526023864746094e+00
6.646790027618408203e+00
5.013416290283203125e+00
5.052392959594726562e+00
5.547022819519042969e+00
6.698850154876708984e+00
5.488125801086425781e+00
7.174055576324462891e+00
5.308545589447021484e+00
4.688126564025878906e+00
3.854223966598510742e+00
4.846561431884765625e+00
6.393799304962158203e+00
5.153100013732910156e+00
3.496604681015014648e+00
6.119801044464111328e+00
4.041775703430175781e+00
3.370701074600219727e+00
6.442237854003906250e+00
5.245495319366455078e+00
3.704835176467895508e+00
8.430706024169921875e+00
5.136354923248291016e+00
5.557657241821289062e+00
3.572996616363525391e+00
5.924986362457275391e+00
4.710847854614257812e+00
4.470521450042724609e+00
4.622167587280273438e+00
4.803762912750244141e+00
4.526822566986083984e+00
7.062306404113769531e+00
4.157686710357666016e+00
4.806329250335693359e+00
6.227004051208496094e+00
5.029041767120361328e+00
5.386747360229492188e+00
3.896774291992187500e+00
7.120110511779785156e+00
7.611640930175781250e+00
4.903326034545898438e+00
3.602084159851074219e+00
3.976439476013183594e+00
5.460739135742187500e+00
5.431431770324707031e+00
3.454765558242797852e+00
3.454549789428710938e+00
7.229359626770019531e+00
4.019724845886230469e+00
6.167278766632080078e+00
5.368308067321777344e+00
4.746277332305908203e+00
4.860218524932861328e+00
4.179194450378417969e+00
8.439019203186035156e+00
5.316857337951660156e+00
5.409908771514892578e+00
4.421841621398925781e+00
4.850104808807373047e+00
3.286088943481445312e+00
4.660846233367919922e+00
4.334780216217041016e+00
4.916554450988769531e+00
6.609705448150634766e+00
6.614947319030761719e+00
5.222651004791259766e+00
5.888144969940185547e+00
3.946678400039672852e+00
4.819503784179687500e+00
4.864305496215820312e+00
5.464035511016845703e+00
5.633528709411621094e+00
5.011590957641601562e+00
4.874325275421142578e+00
5.975311279296875000e+00
5.170578479766845703e+00
4.312221527099609375e+00
6.028971672058105469e+00
8.237077713012695312e+00
3.355879783630371094e+00
4.856692314147949219e+00
4.524075031280517578e+00
4.816770076751708984e+00
5.664715766906738281e+00
4.018650531768798828e+00
4.618505001068115234e+00
1.037461566925048828e+01
5.852246761322021484e+00
4.603077411651611328e+00
5.183609962463378906e+00
4.854720592498779297e+00
4.889827728271484375e+00
4.957019805908203125e+00
4.740063190460205078e+00
6.014749526977539062e+00
4.526675701141357422e+00
5.313003063201904297e+00
6.840972423553466797e+00
4.311181545257568359e+00
4.386217117309570312e+00
4.986699104309082031e+00
5.974167823791503906e+00
4.970542430877685547e+00
5.421196460723876953e+00
3.713465452194213867e+00
5.654412269592285156e+00
5.449736118316650391e+00
5.357458114624023438e+00
5.439442157745361328e+00
4.505278587341308594e+00
6.053763389587402344e+00
4.813527584075927734e+00
5.046777248382568359e+00
4.193885326385498047e+00
4.030357360839843750e+00
4.004698276519775391e+00
3.189207792282104492e+00
6.932648181915283203e+00
5.760046005249023438e+00
3.909450531005859375e+00
6.833059787750244141e+00
4.408264160156250000e+00
4.933075428009033203e+00
5.862726688385009766e+00
5.316538333892822266e+00
4.270565986633300781e+00
3.492536306381225586e+00
4.073978424072265625e+00
4.588066577911376953e+00
6.294793128967285156e+00
3.943184852600097656e+00
5.907149314880371094e+00
5.447761535644531250e+00
5.338988780975341797e+00
4.883993148803710938e+00
4.858837127685546875e+00
3.592377424240112305e+00
3.764284610748291016e+00
6.163023471832275391e+00
4.212849140167236328e+00
6.507981300354003906e+00
3.926755905151367188e+00
5.756344318389892578e+00
5.137704849243164062e+00
5.730645179748535156e+00
7.781753540039062500e+00
5.385607719421386719e+00
4.789180278778076172e+00
4.972949028015136719e+00
5.702088832855224609e+00
3.638132572174072266e+00
4.513604164123535156e+00
3.830564737319946289e+00
5.098721981048583984e+00
5.925843715667724609e+00
4.840482234954833984e+00
7.328763484954833984e+00
4.122538089752197266e+00
4.837280750274658203e+00
5.306006908416748047e+00
6.049438953399658203e+00
4.287693977355957031e+00
4.178798675537109375e+00
4.704418182373046875e+00
5.509855270385742188e+00
7.013247966766357422e+00
3.352825880050659180e+00
3.411764860153198242e+00
5.487018108367919922e+00
4.582252979278564453e+00
5.141533851623535156e+00
5.594288825988769531e+00
4.752672672271728516e+00
5.702474117279052734e+00
5.320441722869873047e+00
6.578466892242431641e+00
4.605134963989257812e+00
5.942775726318359375e+00
3.155298948287963867e+00
5.201516628265380859e+00
3.591922283172607422e+00
3.852438449859619141e+00
3.586826324462890625e+00
5.064376831054687500e+00
3.095275878906250000e+00
4.896549224853515625e+00
4.147854328155517578e+00
5.580992698669433594e+00
5.016609191894531250e+00
5.437987327575683594e+00
4.075152397155761719e+00
4.218660831451416016e+00
4.697278976440429688e+00
5.504966735839843750e+00
4.298892974853515625e+00
5.101949691772460938e+00
7.946884155273437500e+00
5.107866287231445312e+00
6.284140586853027344e+00
6.550277709960937500e+00
6.671264171600341797e+00
6.545920372009277344e+00
6.409440517425537109e+00
4.123522281646728516e+00
3.398723840713500977e+00
5.428288459777832031e+00
5.705451488494873047e+00
3.053921222686767578e+00
4.030989646911621094e+00
4.913219451904296875e+00
5.114645481109619141e+00
4.618680477142333984e+00
6.651466846466064453e+00
3.847766637802124023e+00
5.040161609649658203e+00
5.355710506439208984e+00
5.334088802337646484e+00
5.423214912414550781e+00
6.527195930480957031e+00
6.607437133789062500e+00
4.394821643829345703e+00
6.637759208679199219e+00
5.459865093231201172e+00
6.151622772216796875e+00
3.558784484863281250e+00
3.873071193695068359e+00
4.811065196990966797e+00
6.531302928924560547e+00
4.496934890747070312e+00
4.664928436279296875e+00
6.655163764953613281e+00
4.474838733673095703e+00
5.389551162719726562e+00
4.977220535278320312e+00
4.929986476898193359e+00
5.110585212707519531e+00
5.309415340423583984e+00
7.016255378723144531e+00
4.192868709564208984e+00
5.204734802246093750e+00
3.546535253524780273e+00
5.214746475219726562e+00
3.288693428039550781e+00
3.745364665985107422e+00
4.055006980895996094e+00
5.588071823120117188e+00
4.867706775665283203e+00
5.673266887664794922e+00
3.448097229003906250e+00
6.127062797546386719e+00
4.389728069305419922e+00
3.501425027847290039e+00
5.929224967956542969e+00
4.377727031707763672e+00
6.178114414215087891e+00
4.391286373138427734e+00
4.198174476623535156e+00
3.764267921447753906e+00
3.992265224456787109e+00
6.211223602294921875e+00
5.387667179107666016e+00
3.909324884414672852e+00
4.881639480590820312e+00
5.301802635192871094e+00
6.568712234497070312e+00
4.100275993347167969e+00
3.318687438964843750e+00
5.829375743865966797e+00
4.095695495605468750e+00
3.383860111236572266e+00
4.012649059295654297e+00
5.342412471771240234e+00
4.637166023254394531e+00
5.800103664398193359e+00
5.623254299163818359e+00
5.988632202148437500e+00
6.096806526184082031e+00
5.665725708007812500e+00
5.676468372344970703e+00
4.097646713256835938e+00
3.533717393875122070e+00
6.357783317565917969e+00
7.310979366302490234e+00
4.843838214874267578e+00
3.248626470565795898e+00
5.310269832611083984e+00
5.286553382873535156e+00
3.932391405105590820e+00
5.672920703887939453e+00
3.993264913558959961e+00
7.189228534698486328e+00
6.499540328979492188e+00
4.087593078613281250e+00
4.898529052734375000e+00
4.090125083923339844e+00
4.195795536041259766e+00
3.969792842864990234e+00
5.525458335876464844e+00
7.654873847961425781e+00
5.008185386657714844e+00
3.684557199478149414e+00
8.727154731750488281e+00
4.512097358703613281e+00
4.172877788543701172e+00
4.500812530517578125e+00
4.833276271820068359e+00
7.534754753112792969e+00
5.035554409027099609e+00
5.871992111206054688e+00
4.569644451141357422e+00
5.636207580566406250e+00
3.955173015594482422e+00
4.804465770721435547e+00
4.058507442474365234e+00
5.279783725738525391e+00
4.090431213378906250e+00
3.606008768081665039e+00
4.127010345458984375e+00
8.233860969543457031e+00
4.544610977172851562e+00
4.698300838470458984e+00
3.852293968200683594e+00
5.226246356964111328e+00
6.520340442657470703e+00
7.548687458038330078e+00
5.571302890777587891e+00
5.027129650115966797e+00
4.847635269165039062e+00
5.861184120178222656e+00
3.859382390975952148e+00
3.662824869155883789e+00
6.211911678314208984e+00
4.972013473510742188e+00
5.774003982543945312e+00
4.225972175598144531e+00
5.782548904418945312e+00
4.415529727935791016e+00
4.542438030242919922e+00
5.873852252960205078e+00
4.486300468444824219e+00
5.057659626007080078e+00
4.617144584655761719e+00
5.940990924835205078e+00
3.205343961715698242e+00
3.624262571334838867e+00
3.388033390045166016e+00
5.289984226226806641e+00
6.289099693298339844e+00
6.415804862976074219e+00
4.278538227081298828e+00
3.864878177642822266e+00
4.467599391937255859e+00
4.826117992401123047e+00
6.426334857940673828e+00
4.449204444885253906e+00
5.246879100799560547e+00
5.249850273132324219e+00
6.041147232055664062e+00
5.165927410125732422e+00
5.337140560150146484e+00
5.103858470916748047e+00
4.866390228271484375e+00
6.943207740783691406e+00
4.790493011474609375e+00
4.388520240783691406e+00
3.494264841079711914e+00
5.573340415954589844e+00
4.146515846252441406e+00
3.898149728775024414e+00
7.031617164611816406e+00
3.984522342681884766e+00
3.286362648010253906e+00
5.239383697509765625e+00
4.398118972778320312e+00
4.365513324737548828e+00
5.433452606201171875e+00
4.525924205780029297e+00
4.326846599578857422e+00
5.587785243988037109e+00
3.370932579040527344e+00
6.046940803527832031e+00
5.311899662017822266e+00
6.747715473175048828e+00
4.663426876068115234e+00
6.008085250854492188e+00
5.029049873352050781e+00
4.738350391387939453e+00
5.028633117675781250e+00
6.398706436157226562e+00
4.528224468231201172e+00
6.742925643920898438e+00
2.315067529678344727e+00
4.965318679809570312e+00
4.914328098297119141e+00
4.717788219451904297e+00
4.581337451934814453e+00
5.395229339599609375e+00
4.518014430999755859e+00
6.686163425445556641e+00
6.258923530578613281e+00
5.704027652740478516e+00
5.430746555328369141e+00
5.425145626068115234e+00
6.419830799102783203e+00
4.290648460388183594e+00
5.035111427307128906e+00
6.584859371185302734e+00
3.688548564910888672e+00
4.839082241058349609e+00
4.260257720947265625e+00
3.913642644882202148e+00
4.699174404144287109e+00
6.111994743347167969e+00
7.352326393127441406e+00
4.012847423553466797e+00
4.213447093963623047e+00
6.281640052795410156e+00
4.766849040985107422e+00
6.067007064819335938e+00
5.422825813293457031e+00
6.877414226531982422e+00
5.480303764343261719e+00
4.466349124908447266e+00
4.422105789184570312e+00
4.056857585906982422e+00
3.838739633560180664e+00
5.980690002441406250e+00
5.417723178863525391e+00
5.592520713806152344e+00
4.437882900238037109e+00
4.554295063018798828e+00
3.350347280502319336e+00
4.318445682525634766e+00
4.914216995239257812e+00
4.812523841857910156e+00
4.217345714569091797e+00
3.322470188140869141e+00
4.827714443206787109e+00
3.431562900543212891e+00
4.286978244781494141e+00
5.672486782073974609e+00
3.992755651473999023e+00
5.622410297393798828e+00
5.425522804260253906e+00
4.812350273132324219e+00
4.680039405822753906e+00
4.721081256866455078e+00
7.558968067169189453e+00
3.126139402389526367e+00
4.900555610656738281e+00
4.704068660736083984e+00
7.104427814483642578e+00
4.518387794494628906e+00
6.071111202239990234e+00
4.462904453277587891e+00
4.617883205413818359e+00
4.709298133850097656e+00
4.252421379089355469e+00
4.410614490509033203e+00
5.697948455810546875e+00
4.331030368804931641e+00
4.203516960144042969e+00
7.782706260681152344e+00
3.736549854278564453e+00
5.021093368530273438e+00
3.951772928237915039e+00
5.401420116424560547e+00
6.168879508972167969e+00
4.104622840881347656e+00
5.163201332092285156e+00
4.499538898468017578e+00
3.888476848602294922e+00
4.770719528198242188e+00
3.344934463500976562e+00
4.897131919860839844e+00
4.376227855682373047e+00
3.690325975418090820e+00
3.715554714202880859e+00
6.239568710327148438e+00
5.773979187011718750e+00
6.974929809570312500e+00
5.091692924499511719e+00
5.555901050567626953e+00
5.440935134887695312e+00
4.620223045349121094e+00
4.751791954040527344e+00
4.035632610321044922e+00
5.463580608367919922e+00
7.062581062316894531e+00
6.059197902679443359e+00
4.869482517242431641e+00
4.254129409790039062e+00
6.779501914978027344e+00
3.465076923370361328e+00
3.866566419601440430e+00
5.256131172180175781e+00
3.700354576110839844e+00
3.341715335845947266e+00
5.365487098693847656e+00
4.778544902801513672e+00
4.943645477294921875e+00
5.450555801391601562e+00
5.539749622344970703e+00
4.514091968536376953e+00
5.516148567199707031e+00
4.356415748596191406e+00
5.223647594451904297e+00
5.508463859558105469e+00
4.284237384796142578e+00
4.202768802642822266e+00
3.899218559265136719e+00
4.697730541229248047e+00
2.753375530242919922e+00
5.272946357727050781e+00
4.796893119812011719e+00
4.950064182281494141e+00
6.262600421905517578e+00
5.170942783355712891e+00
5.415397644042968750e+00
4.363769054412841797e+00
5.618463516235351562e+00
7.808562278747558594e+00
3.291063308715820312e+00
5.232573509216308594e+00
5.498712539672851562e+00
4.142749309539794922e+00
5.075788497924804688e+00
3.835845232009887695e+00
5.244082450866699219e+00
3.758869886398315430e+00
6.543953895568847656e+00
5.790196895599365234e+00
4.409016132354736328e+00
3.667928218841552734e+00
3.074842929840087891e+00
5.704328060150146484e+00
3.816197872161865234e+00
3.917842626571655273e+00
4.391076564788818359e+00
3.655648708343505859e+00
2.686702013015747070e+00
5.838323593139648438e+00
5.424738407135009766e+00
4.535227775573730469e+00
4.709502696990966797e+00
7.317082405090332031e+00
4.682029724121093750e+00
4.652412891387939453e+00
5.191792964935302734e+00
3.596513748168945312e+00
5.624427795410156250e+00
4.474211692810058594e+00
3.488984346389770508e+00
4.770740509033203125e+00
4.154762268066406250e+00
6.451199054718017578e+00
4.438457012176513672e+00
5.564399719238281250e+00
4.418540954589843750e+00
5.808851718902587891e+00
5.257172584533691406e+00
4.448881626129150391e+00
5.422565460205078125e+00
4.375847339630126953e+00
5.684527873992919922e+00
4.607473373413085938e+00
6.773507118225097656e+00
4.479343891143798828e+00
5.932126998901367188e+00
4.237743854522705078e+00
6.510855197906494141e+00
3.277402639389038086e+00
5.893661022186279297e+00
4.951454639434814453e+00
3.871519804000854492e+00
5.058634281158447266e+00
4.744840145111083984e+00
4.869718074798583984e+00
3.646266698837280273e+00
3.410484075546264648e+00
5.972970962524414062e+00
4.769504070281982422e+00
4.031670570373535156e+00
6.848033905029296875e+00
4.898996353149414062e+00
7.429347038269042969e+00
4.880283832550048828e+00
4.332191944122314453e+00
4.537831783294677734e+00
3.655236005783081055e+00
4.086585044860839844e+00
6.835376262664794922e+00
6.188872337341308594e+00
3.566720008850097656e+00
4.512026786804199219e+00
5.673628330230712891e+00
3.404638528823852539e+00
5.412238121032714844e+00
6.096061229705810547e+00
3.789984464645385742e+00
5.998974800109863281e+00
5.398555278778076172e+00
3.415574073791503906e+00
4.324583530426025391e+00
4.847654342651367188e+00
5.026482582092285156e+00
6.429915904998779297e+00
3.824128150939941406e+00
4.814361572265625000e+00
4.723621845245361328e+00
4.052513599395751953e+00
3.797343492507934570e+00
4.575839519500732422e+00
3.791964769363403320e+00
5.264400005340576172e+00
3.229516029357910156e+00
5.992220401763916016e+00
4.011187076568603516e+00
5.370643138885498047e+00
3.446832895278930664e+00
3.926875829696655273e+00
3.357971668243408203e+00
5.563633441925048828e+00
5.427652359008789062e+00
4.279926776885986328e+00
6.909489154815673828e+00
6.010921478271484375e+00
5.057948589324951172e+00
4.009988307952880859e+00
5.605235576629638672e+00
5.474491119384765625e+00
7.028615951538085938e+00
4.608595371246337891e+00
5.410526752471923828e+00
5.762416362762451172e+00
4.655718803405761719e+00
4.225565433502197266e+00
6.580062389373779297e+00
4.085434913635253906e+00
2.788154125213623047e+00
3.317619562149047852e+00
4.806654453277587891e+00
5.534061908721923828e+00
4.603868484497070312e+00
4.275144577026367188e+00
2.869842290878295898e+00
6.039559841156005859e+00
3.896166086196899414e+00
3.950705289840698242e+00
4.136287212371826172e+00
4.641365528106689453e+00
4.838555812835693359e+00
5.632681369781494141e+00
3.841507673263549805e+00
4.037930488586425781e+00
7.049610137939453125e+00
4.898903846740722656e+00
5.073294639587402344e+00
2.937270879745483398e+00
4.759606361389160156e+00
6.672673702239990234e+00
3.960238933563232422e+00
4.094684600830078125e+00
7.057746410369873047e+00
4.926936149597167969e+00
4.311774730682373047e+00
5.477002620697021484e+00
5.261384487152099609e+00
4.571102619171142578e+00
6.289024829864501953e+00
6.097616672515869141e+00
4.735226631164550781e+00
3.465455293655395508e+00
4.256724834442138672e+00
4.013621807098388672e+00
6.446310043334960938e+00
4.252244949340820312e+00
7.381343364715576172e+00
5.689782142639160156e+00
4.746932983398437500e+00
5.449145317077636719e+00
5.442836284637451172e+00
4.010827541351318359e+00
3.089473485946655273e+00
3.389644861221313477e+00
5.347939491271972656e+00
3.245526790618896484e+00
3.571634769439697266e+00
6.149341106414794922e+00
5.679190635681152344e+00
4.737953186035156250e+00
3.718447923660278320e+00
3.904596567153930664e+00
3.666939973831176758e+00
5.254014968872070312e+00
4.078981399536132812e+00
5.644563674926757812e+00
3.672910451889038086e+00
5.639957427978515625e+00
5.567955017089843750e+00
6.889061450958251953e+00
4.289249420166015625e+00
5.484994411468505859e+00
4.259969711303710938e+00
4.998091697692871094e+00
3.057871818542480469e+00
4.092361927032470703e+00
5.135549068450927734e+00
5.335154533386230469e+00
5.358870506286621094e+00
4.885338306427001953e+00
4.324175357818603516e+00
5.800157546997070312e+00
4.215458869934082031e+00
3.190994501113891602e+00
4.696697235107421875e+00
4.326506614685058594e+00
8.746405601501464844e+00
4.979588985443115234e+00
5.313749790191650391e+00
4.324104785919189453e+00
5.434960365295410156e+00
4.611287117004394531e+00
4.734824180603027344e+00
4.844185829162597656e+00
3.752037763595581055e+00
4.476454734802246094e+00
4.806905746459960938e+00
3.843259811401367188e+00
4.488090991973876953e+00
5.453754901885986328e+00
5.280980110168457031e+00
6.083063602447509766e+00
4.907637119293212891e+00
5.676862239837646484e+00
4.175874710083007812e+00
4.849503517150878906e+00
3.974581480026245117e+00
3.094351530075073242e+00
4.893197536468505859e+00
5.215854167938232422e+00
5.980635643005371094e+00
5.307654380798339844e+00
5.197490692138671875e+00
5.498980045318603516e+00
5.347225666046142578e+00
5.860271453857421875e+00
5.457470893859863281e+00
6.493255615234375000e+00
4.498004436492919922e+00
4.998063087463378906e+00
4.109850406646728516e+00
4.819234371185302734e+00
7.765842914581298828e+00
6.407578468322753906e+00
3.406768798828125000e+00
4.195085048675537109e+00
4.229441165924072266e+00
5.568602561950683594e+00
3.004174232482910156e+00
4.298432826995849609e+00
6.707669258117675781e+00
4.059056758880615234e+00
4.453827381134033203e+00
3.691990375518798828e+00
4.191664218902587891e+00
4.601556301116943359e+00
5.595556259155273438e+00
4.130599498748779297e+00
5.289076328277587891e+00
4.247934341430664062e+00
3.389927864074707031e+00
4.779827594757080078e+00
4.479377746582031250e+00
4.178373813629150391e+00
4.556365966796875000e+00
5.918579578399658203e+00
4.245594501495361328e+00
4.372832775115966797e+00
4.545812129974365234e+00
3.871115922927856445e+00
5.384261131286621094e+00
6.416342735290527344e+00
4.602073192596435547e+00
4.567913532257080078e+00
4.512940883636474609e+00
7.088709354400634766e+00
4.427060604095458984e+00
3.580412387847900391e+00
5.478605747222900391e+00
3.781479597091674805e+00
3.911605596542358398e+00
3.696244716644287109e+00
3.020967006683349609e+00
6.273762702941894531e+00
3.776002407073974609e+00
5.486069679260253906e+00
6.576348304748535156e+00
5.729642391204833984e+00
3.153400659561157227e+00
4.803896903991699219e+00
7.513229846954345703e+00
4.195742130279541016e+00
5.093599319458007812e+00
4.957332134246826172e+00
4.756721973419189453e+00
3.452831268310546875e+00
4.474841594696044922e+00
5.045187473297119141e+00
4.220741748809814453e+00
3.597017765045166016e+00
3.882593393325805664e+00
4.255921840667724609e+00
5.063736438751220703e+00
4.715380668640136719e+00
4.880629539489746094e+00
3.602226734161376953e+00
5.078802108764648438e+00
3.939738512039184570e+00
5.850741386413574219e+00
7.007065773010253906e+00
5.542634010314941406e+00
4.389633655548095703e+00
4.122209072113037109e+00
5.325416564941406250e+00
3.485319852828979492e+00
4.865772247314453125e+00
5.795283794403076172e+00
4.174257755279541016e+00
3.737422227859497070e+00
6.591027736663818359e+00
3.668021678924560547e+00
3.172309875488281250e+00
4.105120658874511719e+00
5.648077964782714844e+00
4.057560443878173828e+00
5.565032482147216797e+00
5.655442237854003906e+00
7.312377929687500000e+00
5.478875160217285156e+00
5.317401885986328125e+00
3.728606700897216797e+00
3.725731372833251953e+00
3.411595821380615234e+00
5.059903621673583984e+00
6.722646236419677734e+00
4.501919746398925781e+00
4.334956645965576172e+00
5.124855041503906250e+00
5.781590938568115234e+00
5.115160465240478516e+00
3.974811792373657227e+00
2.887979030609130859e+00
4.501275062561035156e+00
6.810245990753173828e+00
7.644310474395751953e+00
4.419054031372070312e+00
6.739864349365234375e+00
5.795923233032226562e+00
3.732671976089477539e+00
5.027558803558349609e+00
4.335498809814453125e+00
6.600635051727294922e+00
5.079796314239501953e+00
5.988245964050292969e+00
4.143745422363281250e+00
4.946983814239501953e+00
4.135910511016845703e+00
4.435152053833007812e+00
5.724676132202148438e+00
4.199767112731933594e+00
4.025406837463378906e+00
4.706051349639892578e+00
3.709244728088378906e+00
6.510976791381835938e+00
3.888321399688720703e+00
4.369143962860107422e+00
4.229553222656250000e+00
6.536145687103271484e+00
3.843643188476562500e+00
5.188753604888916016e+00
5.315157890319824219e+00
7.946526050567626953e+00
4.095921039581298828e+00
3.927863359451293945e+00
4.987766265869140625e+00
3.685294151306152344e+00
3.517513513565063477e+00
5.544869422912597656e+00
4.661638259887695312e+00
3.735331773757934570e+00
3.542563199996948242e+00
5.641411781311035156e+00
4.002166748046875000e+00
5.245786190032958984e+00
4.078905582427978516e+00
4.488781929016113281e+00
5.776700496673583984e+00
4.989831924438476562e+00
4.322467327117919922e+00
6.710386753082275391e+00
5.743985652923583984e+00
4.497547149658203125e+00
4.924353122711181641e+00
6.304271697998046875e+00
4.512156963348388672e+00
3.760341644287109375e+00
5.627329826354980469e+00
5.232606887817382812e+00
6.193190574645996094e+00
4.829339027404785156e+00
5.114654064178466797e+00
3.815606117248535156e+00
3.915445804595947266e+00
5.204180240631103516e+00
3.671271562576293945e+00
4.775912284851074219e+00
4.211792945861816406e+00
5.298977851867675781e+00
5.248234748840332031e+00
4.209441184997558594e+00
3.517555713653564453e+00
4.591833591461181641e+00
7.175914764404296875e+00
5.232442855834960938e+00
4.876785755157470703e+00
6.096121788024902344e+00
4.053531169891357422e+00
5.139335632324218750e+00
3.498211145401000977e+00
7.353590965270996094e+00
3.951024532318115234e+00
4.485842704772949219e+00
4.933993816375732422e+00
5.025940895080566406e+00
5.768560409545898438e+00
5.385618209838867188e+00
3.582008600234985352e+00
3.674754619598388672e+00
4.918821334838867188e+00
2.920329570770263672e+00
3.645399808883666992e+00
3.843941211700439453e+00
6.545929908752441406e+00
4.781205654144287109e+00
5.297423839569091797e+00
4.675515651702880859e+00
5.293749809265136719e+00
4.654909133911132812e+00
4.879973411560058594e+00
6.595796108245849609e+00
5.133887767791748047e+00
4.226483821868896484e+00
5.021857261657714844e+00
4.580793380737304688e+00
3.508777856826782227e+00
4.879765033721923828e+00
6.442628383636474609e+00
6.699940204620361328e+00
5.991517066955566406e+00
3.962353229522705078e+00
4.774774074554443359e+00
4.789927005767822266e+00
5.428297519683837891e+00
3.439035654067993164e+00
5.582383155822753906e+00
5.191766262054443359e+00
3.908375024795532227e+00
4.585243701934814453e+00
4.383312225341796875e+00
5.042919635772705078e+00
3.988826274871826172e+00
6.039587497711181641e+00
3.038612365722656250e+00
2.981834650039672852e+00
7.369961738586425781e+00
3.251293897628784180e+00
4.690424442291259766e+00
4.606163978576660156e+00
5.593030929565429688e+00
5.483756542205810547e+00
3.354763269424438477e+00
4.200304985046386719e+00
4.076276302337646484e+00
6.043094635009765625e+00
6.228898525238037109e+00
4.411777973175048828e+00
5.352724552154541016e+00
4.835325717926025391e+00
4.199133396148681641e+00
5.467998027801513672e+00
3.985380172729492188e+00
3.949621915817260742e+00
4.485699653625488281e+00
4.767690181732177734e+00
4.243460178375244141e+00
4.679674625396728516e+00
4.555155277252197266e+00
4.562150478363037109e+00
6.025415420532226562e+00
3.003545761108398438e+00
6.308056831359863281e+00
3.725865602493286133e+00
5.059829711914062500e+00
5.630897521972656250e+00
6.006212711334228516e+00
5.390946865081787109e+00
4.734276771545410156e+00
4.406722545623779297e+00
4.515579223632812500e+00
5.587308883666992188e+00
3.737037897109985352e+00
4.693957328796386719e+00
4.157294273376464844e+00
4.396426200866699219e+00
3.787160873413085938e+00
4.162350654602050781e+00
5.751754760742187500e+00
5.425387859344482422e+00
4.146882534027099609e+00
5.427991390228271484e+00
4.546468257904052734e+00
5.621233463287353516e+00
3.176288127899169922e+00
4.626172542572021484e+00
5.033957004547119141e+00
5.396007061004638672e+00
4.525684356689453125e+00
5.665223598480224609e+00
5.270282268524169922e+00
3.419358968734741211e+00
5.167863368988037109e+00
4.203331947326660156e+00
6.128755569458007812e+00
6.098356723785400391e+00
3.210288047790527344e+00
4.542267799377441406e+00
3.062210083007812500e+00
5.039601802825927734e+00
3.268933057785034180e+00
4.839904308319091797e+00
5.056679725646972656e+00
5.254091739654541016e+00
3.675478696823120117e+00
3.681050777435302734e+00
5.351048469543457031e+00
3.013598442077636719e+00
3.943424463272094727e+00
4.450246810913085938e+00
5.127996444702148438e+00
4.772314071655273438e+00
4.679973125457763672e+00
5.678475856781005859e+00
7.402059555053710938e+00
5.516321659088134766e+00
4.447962284088134766e+00
5.055680274963378906e+00
4.303194999694824219e+00
4.095816135406494141e+00
3.634415864944458008e+00
5.511985301971435547e+00
3.990992069244384766e+00
5.716762542724609375e+00
4.784816265106201172e+00
4.757640838623046875e+00
4.885331630706787109e+00
4.707582473754882812e+00
4.430324554443359375e+00
5.976528167724609375e+00
4.149893283843994141e+00
4.414133548736572266e+00
4.979730129241943359e+00
5.077830314636230469e+00
3.419704198837280273e+00
3.844740867614746094e+00
3.983657121658325195e+00
5.996800899505615234e+00
5.353079319000244141e+00
5.056127548217773438e+00
5.166965007781982422e+00
5.805313110351562500e+00
5.276856422424316406e+00
4.780270576477050781e+00
4.499904632568359375e+00
3.570760965347290039e+00
3.662945270538330078e+00
4.567453384399414062e+00
3.759459733963012695e+00
5.039328575134277344e+00
4.084890842437744141e+00
5.206453800201416016e+00
4.586665630340576172e+00
5.606563568115234375e+00
3.723944902420043945e+00
5.731294155120849609e+00
4.624489307403564453e+00
4.043337345123291016e+00
5.243894577026367188e+00
3.881709814071655273e+00
2.553823471069335938e+00
4.437637805938720703e+00
6.650074958801269531e+00
3.970403671264648438e+00
4.655643463134765625e+00
5.930215358734130859e+00
4.275724411010742188e+00
3.457612991333007812e+00
5.069541454315185547e+00
5.598877429962158203e+00
5.395982742309570312e+00
6.545773506164550781e+00
5.393784523010253906e+00
4.087784767150878906e+00
4.520597457885742188e+00
4.604356288909912109e+00
5.069581031799316406e+00
3.949878692626953125e+00
3.965986490249633789e+00
7.469937324523925781e+00
6.047811508178710938e+00
5.335751533508300781e+00
4.519483089447021484e+00
6.246025562286376953e+00
3.751450538635253906e+00
6.412003993988037109e+00
5.089911460876464844e+00
4.140587806701660156e+00
5.459240913391113281e+00
4.394723892211914062e+00
5.583676338195800781e+00
3.353097915649414062e+00
5.092662334442138672e+00
3.630889415740966797e+00
4.872067451477050781e+00
5.749878406524658203e+00
5.747418403625488281e+00
5.540732860565185547e+00
5.347481250762939453e+00
4.478540420532226562e+00
3.582933187484741211e+00
6.374305248260498047e+00
4.293992996215820312e+00
4.195693016052246094e+00
3.856453895568847656e+00
4.296234607696533203e+00
6.872208118438720703e+00
5.102864265441894531e+00
5.794562816619873047e+00
3.715630054473876953e+00
3.789520502090454102e+00
5.103061199188232422e+00
5.552198886871337891e+00
6.989732742309570312e+00
5.577241420745849609e+00
4.873274803161621094e+00
4.282587528228759766e+00
3.799955129623413086e+00
5.627994537353515625e+00
3.764204263687133789e+00
4.718355178833007812e+00
5.304986476898193359e+00
5.312998771667480469e+00
4.011324405670166016e+00
7.860378265380859375e+00
3.225142717361450195e+00
3.940846204757690430e+00
5.786566257476806641e+00
4.608419895172119141e+00
3.740033864974975586e+00
3.006574869155883789e+00
5.837487220764160156e+00
4.677190780639648438e+00
5.201045513153076172e+00
4.142850399017333984e+00
3.472655773162841797e+00
5.266967773437500000e+00
5.200294017791748047e+00
4.918289184570312500e+00
5.602478504180908203e+00
5.926623821258544922e+00
5.196452140808105469e+00
3.189055681228637695e+00
4.828915596008300781e+00
3.906504392623901367e+00
4.553202152252197266e+00
4.264036655426025391e+00
5.470890045166015625e+00
4.830787658691406250e+00
3.835417985916137695e+00
5.217425823211669922e+00
3.957455873489379883e+00
4.991148471832275391e+00
3.713574647903442383e+00
5.793928146362304688e+00
7.719251632690429688e+00
3.765506505966186523e+00
4.878713130950927734e+00
3.010829210281372070e+00
3.737452745437622070e+00
5.052300930023193359e+00
4.810717105865478516e+00
4.548860549926757812e+00
5.893307209014892578e+00
5.204179763793945312e+00
4.284265518188476562e+00
3.222899436950683594e+00
4.384865760803222656e+00
5.510376453399658203e+00
4.839431762695312500e+00
3.061625003814697266e+00
3.958260536193847656e+00
4.523036479949951172e+00
4.447987079620361328e+00
6.067910194396972656e+00
5.259999275207519531e+00
5.196833610534667969e+00
3.523534536361694336e+00
6.773992538452148438e+00
5.011111736297607422e+00
5.361732006072998047e+00
5.400745868682861328e+00
6.543982982635498047e+00
3.742344617843627930e+00
4.793882846832275391e+00
4.913705348968505859e+00
5.010839462280273438e+00
3.153416872024536133e+00
4.171953201293945312e+00
4.028063774108886719e+00
4.488630294799804688e+00
5.177440643310546875e+00
4.405900001525878906e+00
3.888767004013061523e+00
3.924499034881591797e+00
3.963676691055297852e+00
5.706469058990478516e+00
4.326793193817138672e+00
3.820542097091674805e+00
4.349810600280761719e+00
4.617488384246826172e+00
5.398416996002197266e+00
5.484593391418457031e+00
5.307657718658447266e+00
4.684685707092285156e+00
4.311803340911865234e+00
4.470543861389160156e+00
4.497745513916015625e+00
4.673074722290039062e+00
5.915363788604736328e+00
4.648148536682128906e+00
5.624690532684326172e+00
3.751347064971923828e+00
6.157203674316406250e+00
4.760339260101318359e+00
4.915363788604736328e+00
4.546306133270263672e+00
5.631475925445556641e+00
3.219305992126464844e+00
5.045655727386474609e+00
5.216472625732421875e+00
4.892658710479736328e+00
3.650817632675170898e+00
5.014072895050048828e+00
4.572622299194335938e+00
4.555185794830322266e+00
4.760913848876953125e+00
5.007387161254882812e+00
3.855961799621582031e+00
5.980313777923583984e+00
3.674635648727416992e+00
4.006879329681396484e+00
2.969635963439941406e+00
4.112494945526123047e+00
4.006742477416992188e+00
4.385506153106689453e+00
4.327024936676025391e+00
5.192406654357910156e+00
5.645891666412353516e+00
5.500194072723388672e+00
5.474752426147460938e+00
7.074173927307128906e+00
4.255096912384033203e+00
5.249307155609130859e+00
2.423132896423339844e+00
3.211840391159057617e+00
7.059507846832275391e+00
7.552942752838134766e+00
4.900148391723632812e+00
4.723787307739257812e+00
6.345360279083251953e+00
2.655800819396972656e+00
5.558599472045898438e+00
5.114233970642089844e+00
6.548300743103027344e+00
4.034278869628906250e+00
4.724204063415527344e+00
5.919250488281250000e+00
4.768850326538085938e+00
4.595380783081054688e+00
4.112072467803955078e+00
4.100198745727539062e+00
5.118761062622070312e+00
3.234341144561767578e+00
3.597448825836181641e+00
4.860224723815917969e+00
5.958633422851562500e+00
4.537135601043701172e+00
5.817444801330566406e+00
4.704727172851562500e+00
4.586269378662109375e+00
5.519756793975830078e+00
4.611598014831542969e+00
3.240141153335571289e+00
5.720330715179443359e+00
5.647573471069335938e+00
4.142866134643554688e+00
5.869289398193359375e+00
4.967601776123046875e+00
5.577517032623291016e+00
4.133893013000488281e+00
4.428668975830078125e+00
6.489999294281005859e+00
4.547633171081542969e+00
4.869912624359130859e+00
4.034188747406005859e+00
4.898457050323486328e+00
3.930433988571166992e+00
5.276160240173339844e+00
4.023820877075195312e+00
4.063700675964355469e+00
4.503880977630615234e+00
6.859922409057617188e+00
4.967567920684814453e+00
4.837399482727050781e+00
4.110704421997070312e+00
4.243949890136718750e+00
4.526709556579589844e+00
4.382874011993408203e+00
6.844306945800781250e+00
4.307191848754882812e+00
4.890833854675292969e+00
3.992401838302612305e+00
6.152476787567138672e+00
4.037545680999755859e+00
4.505757331848144531e+00
5.562745094299316406e+00
5.173132896423339844e+00
3.328786611557006836e+00
2.516108274459838867e+00
5.852987289428710938e+00
4.859391689300537109e+00
4.591966152191162109e+00
4.308573246002197266e+00
3.942814826965332031e+00
6.842920303344726562e+00
3.260914564132690430e+00
3.259319543838500977e+00
4.040404796600341797e+00
4.687693595886230469e+00
4.178745269775390625e+00
5.825474262237548828e+00
5.006036758422851562e+00
4.648828983306884766e+00
3.308729648590087891e+00
6.259919643402099609e+00
4.955544471740722656e+00
4.216120719909667969e+00
4.969326019287109375e+00
4.914275169372558594e+00
5.149971485137939453e+00
4.862178325653076172e+00
3.198599338531494141e+00
5.698328018188476562e+00
4.434320449829101562e+00
5.455469608306884766e+00
3.323439359664916992e+00
3.428175687789916992e+00
6.904025077819824219e+00
5.941946029663085938e+00
4.231587409973144531e+00
4.800500869750976562e+00
5.134343624114990234e+00
4.286013126373291016e+00
4.893887042999267578e+00
4.433572769165039062e+00
6.030121803283691406e+00
5.088037490844726562e+00
4.087430953979492188e+00
4.339484214782714844e+00
4.626348018646240234e+00
4.539153099060058594e+00
3.593786954879760742e+00
4.429188251495361328e+00
3.846399784088134766e+00
6.000248908996582031e+00
4.219667434692382812e+00
4.402245044708251953e+00
7.220197677612304688e+00
4.390286922454833984e+00
4.484014511108398438e+00
6.240412235260009766e+00
3.872136354446411133e+00
4.683489322662353516e+00
4.426808834075927734e+00
3.338402986526489258e+00
4.012162208557128906e+00
4.502768516540527344e+00
4.200820922851562500e+00
4.395981788635253906e+00
6.869018554687500000e+00
4.173777103424072266e+00
5.301893711090087891e+00
3.275830268859863281e+00
3.667944908142089844e+00
5.921672821044921875e+00
5.582440853118896484e+00
4.548964977264404297e+00
4.847184181213378906e+00
5.042144775390625000e+00
5.014669418334960938e+00
3.491207599639892578e+00
4.634048938751220703e+00
3.652375221252441406e+00
5.641689777374267578e+00
4.346197128295898438e+00
3.965190172195434570e+00
4.184456348419189453e+00
4.202778339385986328e+00
6.046324253082275391e+00
5.484312057495117188e+00
4.622136116027832031e+00
5.096875190734863281e+00
3.550685882568359375e+00
4.841544628143310547e+00
5.414128780364990234e+00
4.346066951751708984e+00
4.433677196502685547e+00
4.571479320526123047e+00
5.373064041137695312e+00
3.505870819091796875e+00
4.384558200836181641e+00
5.067191123962402344e+00
2.786991119384765625e+00
6.242610931396484375e+00
5.160725116729736328e+00
5.462118625640869141e+00
3.982294321060180664e+00
3.628373861312866211e+00
4.065646171569824219e+00
6.040852546691894531e+00
4.615469455718994141e+00
4.867385864257812500e+00
6.136924743652343750e+00
6.661606311798095703e+00
5.169844627380371094e+00
5.899422168731689453e+00
4.267689704895019531e+00
4.988685131072998047e+00
4.526395797729492188e+00
3.679429769515991211e+00
4.400506496429443359e+00
3.846665143966674805e+00
4.837538719177246094e+00
5.609753131866455078e+00
4.576428890228271484e+00
4.979727745056152344e+00
4.861423015594482422e+00
3.220954656600952148e+00
4.120387554168701172e+00
2.895555734634399414e+00
4.287945270538330078e+00
4.478131771087646484e+00
4.148021697998046875e+00
4.732492446899414062e+00
3.081561088562011719e+00
4.702422142028808594e+00
6.365828990936279297e+00
5.574249267578125000e+00
5.849103927612304688e+00
4.342638969421386719e+00
4.610853672027587891e+00
4.958528995513916016e+00
4.183698654174804688e+00
4.718131542205810547e+00
4.344869136810302734e+00
5.316105365753173828e+00
5.489945888519287109e+00
5.265370845794677734e+00
4.552134037017822266e+00
4.561043739318847656e+00
3.848025321960449219e+00
4.911556243896484375e+00
4.029007434844970703e+00
4.349455356597900391e+00
4.185825347900390625e+00
4.913166522979736328e+00
4.070084095001220703e+00
5.101010799407958984e+00
5.033918380737304688e+00
3.226664543151855469e+00
3.021058797836303711e+00
3.863347530364990234e+00
3.861288547515869141e+00
3.703548431396484375e+00
3.922544956207275391e+00
3.761717319488525391e+00
5.049137115478515625e+00
4.085031032562255859e+00
5.480122566223144531e+00
5.404164314270019531e+00
4.658883094787597656e+00
5.183845520019531250e+00
5.772730827331542969e+00
3.828537940979003906e+00
5.725262165069580078e+00
7.874899864196777344e+00
5.770461559295654297e+00
6.702516555786132812e+00
5.087881088256835938e+00
4.526239395141601562e+00
5.478101730346679688e+00
5.235953330993652344e+00
5.209986686706542969e+00
3.979351997375488281e+00
4.702977657318115234e+00
3.929607391357421875e+00
3.723505973815917969e+00
3.365199804306030273e+00
7.204519271850585938e+00
3.628527402877807617e+00
4.085700035095214844e+00
3.917672157287597656e+00
5.456314086914062500e+00
4.763208866119384766e+00
4.560202598571777344e+00
4.335979938507080078e+00
4.575428009033203125e+00
3.699478864669799805e+00
3.911515951156616211e+00
3.522688388824462891e+00
7.529417514801025391e+00
5.285884380340576172e+00
5.696999549865722656e+00
6.931371688842773438e+00
5.896492958068847656e+00
3.810347795486450195e+00
6.171604156494140625e+00
6.045517921447753906e+00
5.966531276702880859e+00
3.491646766662597656e+00
4.297087192535400391e+00
3.286639690399169922e+00
4.583192348480224609e+00
3.941384553909301758e+00
5.089617252349853516e+00
5.118170261383056641e+00
4.140369892120361328e+00
4.072649002075195312e+00
6.523324966430664062e+00
3.842715501785278320e+00
5.488861560821533203e+00
5.996662139892578125e+00
3.433639049530029297e+00
5.421719551086425781e+00
4.940692424774169922e+00
3.721096277236938477e+00
4.432918548583984375e+00
5.852108955383300781e+00
3.819033384323120117e+00
3.897663116455078125e+00
4.243856906890869141e+00
5.459323406219482422e+00
6.188834190368652344e+00
5.097180843353271484e+00
5.262456417083740234e+00
6.126357078552246094e+00
3.680875778198242188e+00
4.770802974700927734e+00
3.760275363922119141e+00
4.790193080902099609e+00
3.560113430023193359e+00
4.410634994506835938e+00
3.953848123550415039e+00
3.350900888442993164e+00
4.614590644836425781e+00
5.737847805023193359e+00
4.939935207366943359e+00
3.744416475296020508e+00
4.941228389739990234e+00
3.821916580200195312e+00
7.569792747497558594e+00
4.265031814575195312e+00
4.711918830871582031e+00
4.307821273803710938e+00
4.600708961486816406e+00
6.046573638916015625e+00
4.733078956604003906e+00
3.326452493667602539e+00
5.330179214477539062e+00
3.755523204803466797e+00
5.625063419342041016e+00
4.608465671539306641e+00
4.224677562713623047e+00
8.392555236816406250e+00
5.837682723999023438e+00
3.334133625030517578e+00
5.420536041259765625e+00
4.830350875854492188e+00
5.653215885162353516e+00
4.449819087982177734e+00
3.945450544357299805e+00
4.973137855529785156e+00
6.915449142456054688e+00
5.154127120971679688e+00
4.036003112792968750e+00
5.122378349304199219e+00
3.620315551757812500e+00
4.050534248352050781e+00
4.561380386352539062e+00
4.650685310363769531e+00
4.138944625854492188e+00
5.662153720855712891e+00
3.236490964889526367e+00
5.808510303497314453e+00
4.912680149078369141e+00
5.697725772857666016e+00
4.597951412200927734e+00
4.854684829711914062e+00
4.281936645507812500e+00
5.553479194641113281e+00
4.103377342224121094e+00
