4.071803289600000000e+10
3.732709376000000000e+10
3.695506227200000000e+10
3.573319270400000000e+10
3.614246502400000000e+10
3.621563187200000000e+10
4.213497036800000000e+10
3.503406284800000000e+10
4.375250534400000000e+10
3.143752908800000000e+10
4.038756352000000000e+10
3.346583552000000000e+10
3.686800588800000000e+10
3.588120576000000000e+10
3.643749990400000000e+10
3.761313382400000000e+10
4.787782451200000000e+10
4.310027878400000000e+10
4.009481011200000000e+10
3.565884211200000000e+10
3.868192768000000000e+10
3.626873241600000000e+10
4.005140480000000000e+10
3.052912640000000000e+10
4.113655398400000000e+10
3.403021107200000000e+10
4.650978918400000000e+10
3.814902169600000000e+10
3.573545369600000000e+10
3.585354956800000000e+10
4.349137715200000000e+10
4.451482828800000000e+10
3.398684672000000000e+10
3.753469132800000000e+10
3.448091443200000000e+10
3.674403635200000000e+10
3.789427097600000000e+10
3.185878220800000000e+10
3.435796889600000000e+10
4.345409536000000000e+10
3.552198246400000000e+10
3.415231078400000000e+10
3.646903500800000000e+10
3.923625984000000000e+10
3.691453235200000000e+10
3.627444224000000000e+10
3.529073868800000000e+10
3.221447884800000000e+10
3.683907584000000000e+10
4.412179251200000000e+10
3.118255513600000000e+10
2.794507468800000000e+10
2.481232896000000000e+10
3.017271705600000000e+10
2.695080755200000000e+10
2.978749644800000000e+10
2.278114099200000000e+10
3.123734937600000000e+10
1.975895654400000000e+10
2.443855257600000000e+10
1.795990323200000000e+10
1.525969100800000000e+10
1.464735334400000000e+10
1.023717990400000000e+10
1.098508800000000000e+10
1.468494643200000000e+10
8.266860544000000000e+09
5.679332352000000000e+09
7.990248448000000000e+09
5.562513408000000000e+09
5.314600448000000000e+09
6.074948096000000000e+09
7.955212800000000000e+09
6.703538688000000000e+09
9.319887872000000000e+09
7.504891904000000000e+09
9.782429696000000000e+09
7.518500352000000000e+09
6.781126656000000000e+09
5.496680960000000000e+09
6.733003264000000000e+09
4.399201280000000000e+09
7.646271488000000000e+09
5.147529728000000000e+09
4.285748736000000000e+09
7.293745152000000000e+09
5.471109632000000000e+09
3.653025024000000000e+09
6.356389376000000000e+09
6.370996736000000000e+09
6.053850624000000000e+09
5.494823424000000000e+09
5.170198528000000000e+09
5.301523968000000000e+09
4.825860608000000000e+09
3.129053184000000000e+09
4.845890048000000000e+09
8.416120832000000000e+09
4.580820480000000000e+09
6.564637696000000000e+09
3.827134208000000000e+09
5.229193728000000000e+09
5.170780672000000000e+09
4.014952192000000000e+09
5.833275904000000000e+09
5.125670400000000000e+09
4.280770048000000000e+09
4.493462528000000000e+09
6.342416896000000000e+09
3.846297856000000000e+09
5.587729920000000000e+09
4.746681856000000000e+09
4.136740096000000000e+09
4.225961728000000000e+09
3.229204992000000000e+09
6.538052096000000000e+09
2.484612864000000000e+09
4.399706624000000000e+09
3.416199168000000000e+09
4.864775680000000000e+09
5.480823808000000000e+09
2.915759360000000000e+09
6.365691904000000000e+09
4.035098368000000000e+09
4.209366784000000000e+09
3.609951232000000000e+09
3.374729984000000000e+09
6.322471936000000000e+09
3.064815616000000000e+09
5.538883072000000000e+09
2.211798272000000000e+09
4.526484480000000000e+09
3.787792640000000000e+09
3.990476544000000000e+09
2.725394688000000000e+09
3.377799424000000000e+09
5.959421440000000000e+09
2.768453120000000000e+09
4.072735232000000000e+09
3.423487488000000000e+09
2.976413184000000000e+09
3.510767360000000000e+09
4.252625664000000000e+09
3.623066368000000000e+09
3.751211776000000000e+09
5.422872576000000000e+09
4.991368192000000000e+09
3.641303808000000000e+09
2.153786368000000000e+09
3.670706432000000000e+09
2.488670208000000000e+09
3.614666240000000000e+09
2.422592000000000000e+09
3.394254080000000000e+09
2.969703680000000000e+09
2.893267968000000000e+09
3.126020096000000000e+09
4.768552960000000000e+09
3.779389184000000000e+09
1.909875328000000000e+09
2.566960128000000000e+09
3.981223168000000000e+09
3.199587328000000000e+09
5.654565376000000000e+09
2.463744768000000000e+09
2.981844992000000000e+09
2.044142464000000000e+09
2.604634368000000000e+09
2.768720128000000000e+09
3.752476672000000000e+09
1.899848192000000000e+09
2.032229120000000000e+09
1.762016512000000000e+09
2.814626816000000000e+09
2.814095360000000000e+09
2.977999616000000000e+09
2.729944064000000000e+09
3.059717376000000000e+09
3.223361024000000000e+09
3.922827008000000000e+09
2.308666112000000000e+09
2.273563392000000000e+09
2.428316928000000000e+09
2.559819008000000000e+09
3.951712256000000000e+09
3.280286464000000000e+09
2.279906304000000000e+09
2.172781056000000000e+09
1.895932544000000000e+09
4.454645760000000000e+09
2.364471808000000000e+09
1.544914688000000000e+09
1.864078464000000000e+09
1.322003456000000000e+09
1.621757952000000000e+09
3.492908800000000000e+09
2.623150592000000000e+09
2.111605760000000000e+09
1.858525056000000000e+09
1.884572416000000000e+09
1.891004288000000000e+09
2.379111680000000000e+09
2.731812352000000000e+09
3.439320064000000000e+09
1.757863040000000000e+09
1.715687680000000000e+09
2.346511616000000000e+09
1.689165568000000000e+09
2.492527616000000000e+09
1.909718272000000000e+09
2.700035072000000000e+09
1.406848256000000000e+09
1.204732416000000000e+09
2.429213696000000000e+09
3.103676160000000000e+09
1.292224896000000000e+09
1.500068096000000000e+09
1.394163072000000000e+09
3.348461312000000000e+09
2.281126144000000000e+09
1.314963584000000000e+09
2.177999872000000000e+09
2.488130304000000000e+09
1.088418688000000000e+09
1.405038080000000000e+09
1.019811392000000000e+09
2.397708288000000000e+09
2.773822720000000000e+09
1.519017600000000000e+09
2.114490752000000000e+09
1.749727616000000000e+09
1.027153024000000000e+09
1.189010816000000000e+09
2.623021824000000000e+09
1.507213952000000000e+09
1.191612288000000000e+09
2.804307200000000000e+09
1.670135424000000000e+09
1.011877504000000000e+09
2.606968832000000000e+09
7.886696320000000000e+08
2.129246848000000000e+09
2.077302272000000000e+09
7.606203520000000000e+08
1.365749888000000000e+09
1.088735616000000000e+09
1.406715648000000000e+09
1.876706560000000000e+09
2.564008960000000000e+09
2.074212736000000000e+09
1.336667904000000000e+09
1.562311424000000000e+09
1.279886592000000000e+09
2.373150208000000000e+09
3.050400256000000000e+09
9.281697280000000000e+08
1.150571776000000000e+09
1.402210048000000000e+09
1.613497216000000000e+09
1.747938944000000000e+09
8.481466880000000000e+08
1.334263680000000000e+09
1.758609536000000000e+09
8.972520960000000000e+08
1.624194560000000000e+09
1.057878848000000000e+09
1.542967680000000000e+09
2.497787392000000000e+09
2.010610944000000000e+09
1.834908032000000000e+09
2.219588864000000000e+09
1.181923456000000000e+09
9.277077760000000000e+08
1.766083072000000000e+09
1.585808384000000000e+09
2.538980608000000000e+09
1.475413632000000000e+09
1.084286336000000000e+09
1.240227840000000000e+09
1.559802880000000000e+09
1.539685120000000000e+09
7.019965440000000000e+08
2.374688256000000000e+09
8.458337280000000000e+08
1.311933568000000000e+09
1.207029504000000000e+09
2.824390144000000000e+09
1.794980864000000000e+09
1.552326912000000000e+09
1.877936128000000000e+09
1.162221696000000000e+09
8.336594560000000000e+08
1.197021952000000000e+09
2.398436352000000000e+09
2.714554112000000000e+09
8.674361600000000000e+08
1.388561152000000000e+09
1.783005440000000000e+09
1.087795584000000000e+09
1.281061248000000000e+09
2.382576128000000000e+09
3.043118080000000000e+09
7.786170880000000000e+08
1.067931392000000000e+09
1.592504576000000000e+09
7.458908160000000000e+08
1.049887808000000000e+09
1.526944896000000000e+09
9.156167680000000000e+08
1.668023424000000000e+09
1.621169152000000000e+09
6.133056000000000000e+08
1.228802048000000000e+09
4.214388480000000000e+09
6.963959680000000000e+08
1.279196032000000000e+09
1.281162624000000000e+09
1.854031616000000000e+09
7.858714880000000000e+08
1.526468352000000000e+09
2.892788992000000000e+09
1.670526976000000000e+09
1.625816320000000000e+09
7.576643840000000000e+08
1.568451328000000000e+09
2.448509184000000000e+09
6.422699520000000000e+08
1.106569472000000000e+09
1.600241024000000000e+09
3.135877888000000000e+09
9.909577600000000000e+08
1.205195520000000000e+09
7.939108480000000000e+08
1.669666944000000000e+09
9.351995520000000000e+08
1.377726208000000000e+09
2.956801024000000000e+09
2.023824640000000000e+09
7.497272320000000000e+08
1.442257920000000000e+09
1.579947136000000000e+09
7.053564160000000000e+08
3.424673792000000000e+09
6.689940480000000000e+08
2.878327040000000000e+09
1.141736832000000000e+09
8.574684800000000000e+08
7.270339840000000000e+08
1.267297536000000000e+09
1.144012160000000000e+09
1.213818112000000000e+09
1.275164544000000000e+09
9.052523520000000000e+08
1.352156928000000000e+09
4.854695424000000000e+09
7.337510400000000000e+08
8.266190080000000000e+08
8.142272000000000000e+08
1.511208320000000000e+09
9.448000000000000000e+08
1.396487424000000000e+09
1.723543424000000000e+09
3.077538304000000000e+09
8.255328000000000000e+08
1.203267584000000000e+09
1.774910976000000000e+09
1.406700544000000000e+09
5.987385600000000000e+08
1.168969472000000000e+09
1.113934976000000000e+09
2.048201216000000000e+09
3.823800832000000000e+09
1.099631104000000000e+09
1.022747520000000000e+09
1.063284416000000000e+09
1.174236160000000000e+09
8.706618880000000000e+08
8.612392320000000000e+08
2.104991360000000000e+09
9.375981440000000000e+08
3.685802240000000000e+09
8.029523840000000000e+08
7.333946240000000000e+08
8.718908800000000000e+08
1.221494784000000000e+09
1.296763264000000000e+09
1.369671552000000000e+09
1.094805120000000000e+09
1.880248832000000000e+09
7.471648000000000000e+08
1.082487040000000000e+09
1.400918272000000000e+09
9.169232000000000000e+08
3.245611520000000000e+09
8.574442880000000000e+08
2.049674240000000000e+09
1.103701504000000000e+09
9.743784320000000000e+08
1.201554816000000000e+09
9.911879680000000000e+08
1.490843648000000000e+09
2.915760128000000000e+09
2.143613568000000000e+09
1.600930304000000000e+09
5.376382720000000000e+08
1.011596288000000000e+09
9.975500160000000000e+08
1.750688896000000000e+09
6.266853760000000000e+08
8.556935040000000000e+08
7.648682240000000000e+08
1.116102912000000000e+09
4.443484160000000000e+09
1.431992064000000000e+09
7.973667840000000000e+08
1.343217280000000000e+09
5.243845120000000000e+08
1.492036224000000000e+09
1.045373888000000000e+09
8.345369600000000000e+08
1.295235840000000000e+09
1.046725440000000000e+09
4.473159168000000000e+09
3.469147648000000000e+09
1.853489024000000000e+09
5.953811840000000000e+08
7.122503680000000000e+08
1.695218304000000000e+09
8.966192640000000000e+08
1.979370496000000000e+09
7.668512640000000000e+08
7.530970880000000000e+08
3.570735872000000000e+09
7.792378240000000000e+08
9.131690240000000000e+08
9.178643200000000000e+08
9.160074240000000000e+08
1.702238208000000000e+09
1.503949440000000000e+09
1.471833728000000000e+09
7.721927040000000000e+08
1.953077760000000000e+09
1.891546496000000000e+09
3.049451776000000000e+09
5.998481920000000000e+08
1.144194176000000000e+09
1.094571904000000000e+09
1.055845760000000000e+09
6.425696640000000000e+08
1.099188608000000000e+09
8.146247680000000000e+08
9.212854400000000000e+08
9.972922880000000000e+08
9.573415680000000000e+08
3.167919104000000000e+09
1.727216256000000000e+09
8.731959680000000000e+08
1.545064064000000000e+09
1.543324672000000000e+09
1.687526016000000000e+09
1.494431104000000000e+09
3.387329536000000000e+09
1.344379520000000000e+09
8.519967360000000000e+08
7.850869120000000000e+08
1.016257152000000000e+09
9.107580160000000000e+08
7.220732160000000000e+08
1.137505280000000000e+09
9.368504320000000000e+08
9.881214720000000000e+08
8.028473600000000000e+08
1.554022400000000000e+09
3.374494464000000000e+09
8.409390720000000000e+08
9.357370240000000000e+08
1.913317888000000000e+09
1.434213760000000000e+09
6.038704640000000000e+08
9.877031680000000000e+08
1.318000000000000000e+09
3.187658752000000000e+09
1.119089920000000000e+09
2.183411200000000000e+09
9.021105280000000000e+08
6.674570880000000000e+08
1.105550976000000000e+09
2.497053952000000000e+09
6.013082880000000000e+08
3.171036416000000000e+09
9.440218880000000000e+08
9.749731840000000000e+08
1.527327360000000000e+09
6.583078400000000000e+08
9.597994880000000000e+08
9.002181120000000000e+08
1.568253952000000000e+09
1.708835328000000000e+09
9.324360960000000000e+08
1.307843456000000000e+09
3.557737984000000000e+09
9.902697600000000000e+08
7.366846080000000000e+08
6.626741120000000000e+08
1.592872192000000000e+09
1.054191680000000000e+09
8.424556160000000000e+08
7.851841280000000000e+08
6.082592000000000000e+08
1.544614272000000000e+09
8.115079680000000000e+08
1.988163328000000000e+09
7.349708160000000000e+08
1.088982144000000000e+09
6.063868800000000000e+08
9.808122240000000000e+08
9.568388480000000000e+08
8.479283840000000000e+08
2.550989312000000000e+09
7.640846720000000000e+08
6.171688960000000000e+08
3.134532608000000000e+09
7.034298880000000000e+08
9.590717440000000000e+08
3.086656768000000000e+09
1.751049728000000000e+09
1.758684032000000000e+09
9.682996480000000000e+08
1.058896960000000000e+09
8.071294080000000000e+08
1.358943360000000000e+09
3.229045760000000000e+09
9.334486400000000000e+08
9.264046080000000000e+08
7.895304960000000000e+08
1.045665728000000000e+09
2.804511744000000000e+09
6.632042240000000000e+08
8.434591360000000000e+08
9.922706560000000000e+08
9.938982400000000000e+08
6.355569280000000000e+08
3.026226176000000000e+09
1.506421632000000000e+09
1.168035072000000000e+09
5.056918080000000000e+08
9.943450240000000000e+08
1.225627392000000000e+09
2.317675520000000000e+09
1.649895680000000000e+09
3.110094592000000000e+09
1.258927616000000000e+09
9.300856960000000000e+08
1.791596544000000000e+09
9.544617600000000000e+08
8.152362240000000000e+08
1.000065344000000000e+09
7.532553600000000000e+08
1.448070400000000000e+09
1.280720640000000000e+09
8.485132800000000000e+08
6.159430400000000000e+08
4.255652864000000000e+09
1.336093824000000000e+09
6.915713280000000000e+08
5.718039680000000000e+08
1.025060736000000000e+09
1.431501184000000000e+09
5.596116480000000000e+08
1.426028288000000000e+09
1.035465664000000000e+09
3.232793344000000000e+09
8.980221440000000000e+08
9.600668800000000000e+08
7.195191040000000000e+08
1.858627712000000000e+09
1.069739840000000000e+09
9.542432640000000000e+08
3.008564224000000000e+09
5.687535360000000000e+08
9.459004800000000000e+08
1.648549248000000000e+09
7.272478720000000000e+08
1.124370688000000000e+09
1.933723392000000000e+09
8.490236160000000000e+08
7.156616960000000000e+08
1.227342976000000000e+09
8.170867840000000000e+08
1.084416896000000000e+09
9.260922240000000000e+08
9.038436480000000000e+08
4.538997760000000000e+09
9.814162560000000000e+08
6.936515840000000000e+08
7.251117440000000000e+08
5.734341760000000000e+08
7.500138240000000000e+08
2.406250496000000000e+09
4.033646080000000000e+09
6.263232640000000000e+08
6.924413440000000000e+08
1.491114240000000000e+09
1.473445760000000000e+09
9.513747840000000000e+08
1.012606976000000000e+09
1.362223104000000000e+09
1.415820800000000000e+09
3.090518016000000000e+09
8.793718400000000000e+08
9.064690560000000000e+08
7.990645120000000000e+08
8.489381760000000000e+08
1.065361920000000000e+09
5.707269760000000000e+08
3.062082816000000000e+09
9.407843200000000000e+08
9.789267840000000000e+08
1.775469952000000000e+09
1.694271360000000000e+09
9.819493120000000000e+08
9.173649920000000000e+08
1.913519872000000000e+09
2.967513856000000000e+09
1.602157440000000000e+09
6.938945280000000000e+08
1.274430080000000000e+09
4.805031040000000000e+08
1.041260160000000000e+09
7.189392000000000000e+08
6.905167360000000000e+08
9.212322560000000000e+08
1.061599872000000000e+09
6.774460800000000000e+08
1.499092992000000000e+09
2.774524416000000000e+09
6.879249920000000000e+08
5.043059840000000000e+08
3.171185664000000000e+09
1.819052544000000000e+09
6.762942720000000000e+08
3.204881152000000000e+09
1.463097088000000000e+09
1.157691136000000000e+09
9.839406080000000000e+08
1.187679104000000000e+09
1.093329152000000000e+09
5.749768960000000000e+08
6.369747200000000000e+08
1.143932160000000000e+09
9.996574080000000000e+08
1.440907520000000000e+09
7.972394880000000000e+08
3.097384960000000000e+09
1.264936960000000000e+09
1.437575040000000000e+09
1.317526272000000000e+09
1.580734208000000000e+09
7.877434880000000000e+08
3.231371776000000000e+09
9.281247360000000000e+08
1.019410048000000000e+09
8.909086080000000000e+08
1.977812736000000000e+09
6.180014080000000000e+08
1.022113536000000000e+09
2.022600704000000000e+09
9.718787840000000000e+08
9.572107520000000000e+08
8.889355520000000000e+08
7.179498240000000000e+08
3.834147328000000000e+09
1.257616896000000000e+09
6.685543680000000000e+08
7.936120320000000000e+08
7.460526720000000000e+08
8.628851200000000000e+08
2.870902528000000000e+09
1.825667456000000000e+09
5.711477760000000000e+08
1.371319808000000000e+09
1.869606272000000000e+09
7.788553600000000000e+08
8.665445760000000000e+08
1.706850688000000000e+09
1.830990464000000000e+09
7.030936320000000000e+08
9.557543040000000000e+08
1.126093952000000000e+09
8.461733760000000000e+08
2.929594368000000000e+09
9.059010560000000000e+08
8.965895680000000000e+08
7.742360960000000000e+08
9.680654720000000000e+08
1.195776512000000000e+09
2.984273920000000000e+09
6.619806720000000000e+08
1.229288832000000000e+09
4.485588160000000000e+08
2.423364096000000000e+09
8.118246400000000000e+08
6.306963200000000000e+08
1.217738752000000000e+09
3.740460032000000000e+09
8.539569920000000000e+08
6.207870720000000000e+08
1.242317312000000000e+09
1.146261888000000000e+09
1.574223232000000000e+09
6.502186240000000000e+08
9.435852160000000000e+08
5.933630720000000000e+08
1.048721920000000000e+09
2.869455360000000000e+09
8.442832640000000000e+08
8.467700480000000000e+08
1.739682688000000000e+09
1.814432896000000000e+09
9.767435520000000000e+08
1.695672704000000000e+09
8.231271680000000000e+08
1.439681664000000000e+09
4.787586560000000000e+08
9.455608320000000000e+08
8.456631040000000000e+08
1.020263616000000000e+09
3.191935744000000000e+09
9.860693120000000000e+08
1.564772864000000000e+09
1.291779840000000000e+09
1.847921152000000000e+09
8.949309440000000000e+08
1.023266496000000000e+09
5.149247040000000000e+08
6.259051520000000000e+08
3.140344832000000000e+09
6.911004160000000000e+08
8.923512320000000000e+08
1.842744320000000000e+09
1.321437696000000000e+09
9.299507840000000000e+08
5.795959680000000000e+08
6.439777280000000000e+08
4.832594880000000000e+08
3.643298816000000000e+09
1.279571456000000000e+09
5.088323200000000000e+08
9.144227840000000000e+08
1.894630912000000000e+09
1.624337408000000000e+09
1.087923584000000000e+09
6.522086400000000000e+08
3.315142912000000000e+09
9.831003520000000000e+08
5.125961600000000000e+08
1.681047936000000000e+09
8.756753920000000000e+08
9.927622400000000000e+08
3.138140416000000000e+09
7.904605440000000000e+08
1.339231360000000000e+09
9.505068800000000000e+08
8.534323200000000000e+08
9.507174400000000000e+08
6.924206720000000000e+08
1.188132096000000000e+09
2.206493184000000000e+09
5.951008000000000000e+08
6.033191040000000000e+08
1.538078592000000000e+09
3.238167296000000000e+09
1.009377792000000000e+09
5.118478720000000000e+08
8.840347520000000000e+08
7.837281920000000000e+08
3.126894848000000000e+09
9.563211520000000000e+08
1.622867968000000000e+09
5.425358080000000000e+08
1.845399168000000000e+09
9.407721600000000000e+08
8.103681280000000000e+08
1.968829568000000000e+09
2.952330240000000000e+09
8.020409600000000000e+08
7.659393280000000000e+08
7.555696640000000000e+08
1.435152768000000000e+09
6.436085120000000000e+08
1.418063104000000000e+09
8.770417920000000000e+08
9.235909120000000000e+08
7.566727680000000000e+08
1.549723648000000000e+09
8.383258880000000000e+08
6.544158720000000000e+08
3.424103680000000000e+09
1.627204096000000000e+09
6.256095360000000000e+08
7.168695040000000000e+08
6.341285760000000000e+08
9.539765760000000000e+08
3.052443648000000000e+09
1.721995904000000000e+09
1.418838528000000000e+09
7.342915840000000000e+08
9.103503360000000000e+08
1.339875200000000000e+09
8.831291520000000000e+08
8.345621760000000000e+08
9.684455680000000000e+08
1.021620480000000000e+09
4.606897664000000000e+09
6.283562880000000000e+08
7.375655680000000000e+08
1.460772864000000000e+09
8.580696320000000000e+08
7.225527040000000000e+08
8.070265600000000000e+08
1.381502720000000000e+09
2.352831232000000000e+09
7.859391360000000000e+08
6.988385280000000000e+08
1.064482816000000000e+09
7.550376320000000000e+08
6.685406720000000000e+08
3.055825408000000000e+09
1.173589504000000000e+09
7.806071040000000000e+08
1.761472000000000000e+09
6.693746560000000000e+08
7.476497920000000000e+08
2.856644352000000000e+09
5.657651840000000000e+08
1.730344064000000000e+09
1.002049280000000000e+09
1.496642560000000000e+09
1.129321472000000000e+09
6.143810560000000000e+08
1.717226624000000000e+09
9.411706880000000000e+08
6.538927360000000000e+08
3.198075904000000000e+09
1.184566016000000000e+09
6.490568960000000000e+08
1.144660096000000000e+09
1.672029312000000000e+09
5.760644480000000000e+08
2.953832448000000000e+09
7.798806400000000000e+08
1.626767232000000000e+09
6.150439040000000000e+08
1.412535424000000000e+09
7.311243520000000000e+08
1.510306560000000000e+09
1.943759104000000000e+09
6.673006720000000000e+08
1.058163968000000000e+09
9.326423040000000000e+08
9.181109760000000000e+08
5.737453440000000000e+08
3.108250880000000000e+09
7.506371200000000000e+08
1.005891200000000000e+09
6.155724800000000000e+08
8.886746880000000000e+08
9.054251520000000000e+08
2.651554560000000000e+09
2.669671936000000000e+09
9.624779520000000000e+08
8.522424320000000000e+08
8.203459840000000000e+08
1.342915712000000000e+09
3.054406400000000000e+09
9.282365440000000000e+08
1.203876352000000000e+09
1.666034304000000000e+09
9.482001920000000000e+08
8.930700800000000000e+08
7.326432000000000000e+08
4.517298560000000000e+08
4.768737280000000000e+08
1.488141440000000000e+09
7.680131840000000000e+08
3.033251072000000000e+09
9.286487680000000000e+08
1.894558592000000000e+09
9.130906880000000000e+08
6.020670720000000000e+08
1.234220288000000000e+09
3.228342784000000000e+09
8.175682560000000000e+08
8.206530560000000000e+08
1.307269760000000000e+09
4.995961280000000000e+08
1.425788288000000000e+09
1.977946240000000000e+09
6.459275520000000000e+08
7.286200320000000000e+08
1.911625088000000000e+09
1.141547264000000000e+09
2.923628032000000000e+09
1.694212224000000000e+09
8.131199360000000000e+08
7.079228800000000000e+08
6.064629760000000000e+08
9.179084800000000000e+08
5.312101440000000000e+08
1.301435520000000000e+09
1.636040704000000000e+09
6.386189440000000000e+08
7.978033920000000000e+08
2.940710144000000000e+09
6.050190720000000000e+08
1.779961856000000000e+09
9.294872960000000000e+08
6.185515520000000000e+08
7.895175040000000000e+08
1.749722624000000000e+09
2.837009408000000000e+09
8.276481280000000000e+08
1.929724288000000000e+09
7.026099840000000000e+08
7.827891200000000000e+08
9.343152000000000000e+08
6.454279040000000000e+08
1.222967808000000000e+09
7.823056640000000000e+08
6.793432320000000000e+08
7.584377600000000000e+08
9.606213120000000000e+08
8.200148480000000000e+08
6.735044480000000000e+08
4.318126592000000000e+09
1.003336448000000000e+09
1.437182592000000000e+09
6.892817920000000000e+08
1.337759744000000000e+09
5.922049280000000000e+08
7.905639680000000000e+08
1.357561472000000000e+09
9.177132160000000000e+08
9.552701440000000000e+08
3.257079808000000000e+09
6.699658240000000000e+08
7.881762560000000000e+08
6.592619520000000000e+08
5.609308160000000000e+08
1.017764480000000000e+09
3.291384576000000000e+09
1.993226368000000000e+09
9.586723840000000000e+08
1.493965952000000000e+09
1.708916352000000000e+09
1.129148928000000000e+09
8.490898560000000000e+08
1.902513152000000000e+09
7.947648000000000000e+08
7.057616000000000000e+08
3.223827712000000000e+09
7.705530880000000000e+08
6.564503680000000000e+08
6.964794240000000000e+08
2.815523328000000000e+09
4.956514880000000000e+08
1.415750272000000000e+09
1.014854144000000000e+09
5.990809600000000000e+08
5.221739520000000000e+08
3.407497472000000000e+09
6.182517120000000000e+08
6.896767360000000000e+08
2.016621440000000000e+09
6.610933760000000000e+08
8.838856960000000000e+08
3.077413376000000000e+09
1.082909440000000000e+09
1.451534720000000000e+09
5.699746560000000000e+08
7.268473600000000000e+08
7.292864000000000000e+08
6.673353600000000000e+08
1.763730048000000000e+09
1.525545472000000000e+09
1.639524864000000000e+09
7.492195840000000000e+08
6.861933440000000000e+08
6.502906880000000000e+08
2.903401728000000000e+09
6.586567040000000000e+08
5.472604800000000000e+08
8.037316480000000000e+08
2.869466624000000000e+09
7.162069760000000000e+08
6.976681600000000000e+08
1.416247680000000000e+09
1.989727488000000000e+09
1.469080832000000000e+09
9.011383680000000000e+08
1.815694208000000000e+09
8.757921280000000000e+08
2.987309568000000000e+09
1.386949376000000000e+09
8.407836160000000000e+08
5.847143040000000000e+08
1.076802304000000000e+09
7.035783040000000000e+08
3.511136512000000000e+09
1.301671552000000000e+09
1.041880192000000000e+09
5.818635520000000000e+08
9.667067520000000000e+08
6.003874560000000000e+08
7.510985600000000000e+08
1.348598912000000000e+09
1.064231168000000000e+09
7.750003200000000000e+08
1.557868032000000000e+09
9.432291840000000000e+08
7.287240960000000000e+08
1.885893248000000000e+09
6.969235840000000000e+08
6.796325760000000000e+08
6.295183360000000000e+08
3.296326912000000000e+09
9.037373440000000000e+08
1.041469056000000000e+09
3.813992960000000000e+09
6.666869760000000000e+08
5.408316160000000000e+08
1.698454272000000000e+09
8.822520320000000000e+08
1.043009920000000000e+09
6.894832000000000000e+08
2.750393344000000000e+09
5.453733120000000000e+08
8.492721920000000000e+08
7.613119360000000000e+08
6.909420800000000000e+08
3.023813120000000000e+09
5.714675840000000000e+08
1.046833664000000000e+09
1.118203264000000000e+09
8.084926080000000000e+08
7.985611520000000000e+08
1.833774848000000000e+09
5.965953920000000000e+08
8.275019520000000000e+08
6.246156800000000000e+08
2.136268800000000000e+09
6.955803520000000000e+08
3.214582272000000000e+09
4.242211520000000000e+08
5.451886080000000000e+08
8.264334720000000000e+08
2.857486080000000000e+09
1.233352704000000000e+09
5.562874880000000000e+08
2.347309312000000000e+09
1.714672128000000000e+09
6.567879680000000000e+08
6.384223360000000000e+08
1.044727616000000000e+09
1.397363328000000000e+09
2.839348224000000000e+09
1.978178176000000000e+09
8.233994880000000000e+08
6.675710720000000000e+08
7.121036160000000000e+08
1.273369216000000000e+09
6.373990400000000000e+08
3.561363456000000000e+09
1.034736896000000000e+09
6.434229760000000000e+08
1.159571328000000000e+09
8.076179200000000000e+08
6.052488960000000000e+08
6.142417280000000000e+08
1.904682880000000000e+09
3.602036224000000000e+09
1.049575424000000000e+09
6.443261440000000000e+08
1.915247744000000000e+09
9.404296320000000000e+08
8.670789120000000000e+08
6.648235520000000000e+08
7.530675840000000000e+08
5.536035840000000000e+08
1.525731456000000000e+09
1.066885504000000000e+09
1.668800384000000000e+09
5.888155520000000000e+08
7.949825280000000000e+08
7.503704320000000000e+08
6.529904640000000000e+08
3.207524096000000000e+09
7.093750400000000000e+08
6.774115840000000000e+08
3.621949952000000000e+09
9.701977600000000000e+08
7.380536320000000000e+08
1.243787264000000000e+09
5.912907520000000000e+08
1.600484480000000000e+09
5.653211520000000000e+08
8.343507200000000000e+08
1.094633472000000000e+09
7.921110400000000000e+08
5.749417600000000000e+08
3.005462784000000000e+09
8.899440640000000000e+08
6.924756480000000000e+08
2.423642368000000000e+09
8.009123840000000000e+08
6.494403840000000000e+08
9.102728960000000000e+08
7.446837120000000000e+08
3.065678848000000000e+09
6.885830400000000000e+08
6.161567360000000000e+08
5.146885440000000000e+08
1.342731008000000000e+09
2.317289216000000000e+09
6.328615680000000000e+08
2.498083840000000000e+09
1.036942464000000000e+09
1.659816320000000000e+09
7.994496000000000000e+08
8.073357440000000000e+08
6.910835840000000000e+08
1.191897856000000000e+09
1.255770752000000000e+09
9.511745280000000000e+08
1.587008256000000000e+09
1.005927360000000000e+09
2.674152192000000000e+09
6.702411520000000000e+08
6.516193920000000000e+08
8.946175360000000000e+08
1.761257984000000000e+09
6.464305920000000000e+08
7.985880320000000000e+08
6.699150720000000000e+08
6.073054720000000000e+08
1.225010816000000000e+09
7.960908800000000000e+08
6.881891840000000000e+08
8.769191680000000000e+08
3.094580480000000000e+09
1.638696192000000000e+09
1.206771200000000000e+09
4.116528000000000000e+08
2.582429184000000000e+09
2.365832192000000000e+09
5.226539520000000000e+08
8.916388480000000000e+08
1.495661056000000000e+09
8.723390720000000000e+08
1.034025920000000000e+09
7.827671680000000000e+08
1.233814656000000000e+09
8.886673280000000000e+08
2.743110144000000000e+09
6.670263040000000000e+08
9.199011200000000000e+08
1.803660160000000000e+09
5.738129280000000000e+08
6.081322240000000000e+08
1.500094080000000000e+09
9.840597120000000000e+08
6.565235840000000000e+08
1.191250176000000000e+09
1.258060800000000000e+09
1.787644672000000000e+09
5.303496960000000000e+08
6.629052160000000000e+08
9.270472320000000000e+08
3.127300352000000000e+09
1.026507904000000000e+09
1.020220736000000000e+09
2.387522048000000000e+09
5.354253440000000000e+08
1.103391616000000000e+09
2.640239872000000000e+09
5.137059200000000000e+08
5.613232000000000000e+08
9.466739840000000000e+08
1.477717632000000000e+09
4.561557120000000000e+08
2.522047744000000000e+09
7.403963520000000000e+08
9.866778240000000000e+08
6.913397120000000000e+08
5.774234240000000000e+08
6.287461120000000000e+08
2.697682688000000000e+09
9.298283520000000000e+08
1.782975872000000000e+09
2.637113856000000000e+09
5.370665600000000000e+08
7.181609600000000000e+08
8.327976320000000000e+08
1.772191488000000000e+09
1.086764032000000000e+09
4.868915840000000000e+08
6.871232000000000000e+08
1.842489472000000000e+09
1.135772416000000000e+09
8.396219520000000000e+08
9.273881600000000000e+08
4.920931840000000000e+08
1.352688128000000000e+09
2.807779584000000000e+09
6.920267520000000000e+08
1.102920448000000000e+09
3.034048000000000000e+09
1.528454400000000000e+09
9.335831680000000000e+08
8.403470080000000000e+08
1.393762688000000000e+09
7.059818240000000000e+08
5.361759360000000000e+08
5.859668480000000000e+08
6.865167360000000000e+08
1.077051904000000000e+09
6.778067840000000000e+08
3.354274816000000000e+09
9.012735360000000000e+08
1.874442368000000000e+09
6.845520640000000000e+08
8.286316800000000000e+08
6.374342400000000000e+08
1.826119936000000000e+09
1.025462080000000000e+09
1.016000128000000000e+09
8.511601920000000000e+08
8.641722240000000000e+08
2.448290304000000000e+09
7.668442240000000000e+08
5.955925120000000000e+08
1.307086592000000000e+09
3.599060224000000000e+09
4.009223680000000000e+08
1.532715520000000000e+09
1.377510272000000000e+09
1.010567168000000000e+09
7.334275200000000000e+08
8.821653120000000000e+08
4.639129280000000000e+08
7.660122880000000000e+08
1.109580544000000000e+09
5.904896000000000000e+08
8.123314560000000000e+08
1.200822400000000000e+09
1.922254976000000000e+09
5.761279360000000000e+08
1.070446912000000000e+09
2.625930496000000000e+09
7.457922560000000000e+08
6.786634240000000000e+08
5.699813760000000000e+08
1.158278400000000000e+09
2.692098560000000000e+09
5.467211520000000000e+08
5.823411200000000000e+08
1.447760896000000000e+09
5.789746560000000000e+08
2.448017152000000000e+09
7.019987200000000000e+08
1.036295424000000000e+09
5.828208640000000000e+08
1.538899328000000000e+09
2.945872384000000000e+09
5.860016640000000000e+08
5.808024960000000000e+08
1.694829184000000000e+09
5.980796160000000000e+08
1.358421888000000000e+09
6.900892160000000000e+08
7.387303680000000000e+08
1.287516032000000000e+09
1.942652672000000000e+09
8.231509760000000000e+08
2.630703616000000000e+09
5.610764160000000000e+08
7.220205440000000000e+08
1.326020992000000000e+09
1.968120064000000000e+09
7.875625600000000000e+08
7.696648960000000000e+08
6.403272960000000000e+08
1.218409088000000000e+09
5.819293440000000000e+08
5.474418560000000000e+08
2.745476608000000000e+09
1.166981120000000000e+09
5.185093760000000000e+08
5.236170880000000000e+08
6.278241280000000000e+08
9.595738240000000000e+08
3.942834432000000000e+09
1.091957248000000000e+09
4.198954240000000000e+08
6.782172160000000000e+08
9.387968000000000000e+08
5.854384640000000000e+08
1.104484096000000000e+09
2.460822272000000000e+09
6.482465280000000000e+08
1.914196864000000000e+09
8.570160640000000000e+08
1.525457024000000000e+09
6.592147840000000000e+08
3.682474240000000000e+08
1.284125056000000000e+09
4.353241600000000000e+08
9.153831040000000000e+08
2.638893568000000000e+09
2.170296064000000000e+09
7.129251200000000000e+08
1.267349888000000000e+09
8.058881280000000000e+08
1.305625088000000000e+09
2.494569472000000000e+09
6.970060160000000000e+08
1.593479168000000000e+09
8.221217280000000000e+08
1.153809536000000000e+09
1.159383296000000000e+09
5.858593280000000000e+08
6.621744640000000000e+08
8.500396800000000000e+08
1.106805376000000000e+09
5.089758720000000000e+08
8.122140160000000000e+08
1.739776512000000000e+09
5.119118080000000000e+08
7.162069120000000000e+08
3.529470976000000000e+09
7.350424320000000000e+08
2.509487104000000000e+09
5.728026240000000000e+08
1.074883200000000000e+09
2.026371328000000000e+09
6.588872320000000000e+08
6.408570240000000000e+08
1.016049728000000000e+09
6.917835520000000000e+08
1.309133312000000000e+09
9.086892800000000000e+08
5.963920640000000000e+08
9.790814080000000000e+08
1.329212160000000000e+09
3.554009344000000000e+09
8.814899840000000000e+08
8.711127040000000000e+08
8.199793920000000000e+08
7.658688000000000000e+08
5.892319360000000000e+08
1.678841216000000000e+09
7.639272320000000000e+08
1.558845312000000000e+09
7.560024320000000000e+08
6.429588480000000000e+08
6.952665600000000000e+08
8.231079040000000000e+08
2.678256896000000000e+09
2.686671360000000000e+09
7.051742720000000000e+08
1.425645056000000000e+09
8.475838080000000000e+08
2.361404928000000000e+09
6.905262080000000000e+08
9.068835840000000000e+08
6.208705920000000000e+08
7.190782720000000000e+08
6.591642880000000000e+08
1.850353920000000000e+09
9.682213120000000000e+08
5.274739200000000000e+08
9.492264960000000000e+08
1.362018816000000000e+09
1.193545728000000000e+09
2.522521856000000000e+09
5.844714240000000000e+08
6.611651200000000000e+08
9.063714560000000000e+08
5.448681600000000000e+08
8.342579840000000000e+08
7.950396800000000000e+08
1.554117888000000000e+09
1.550591488000000000e+09
3.125014016000000000e+09
5.178285440000000000e+08
8.271564800000000000e+08
4.821299200000000000e+08
5.240455040000000000e+08
1.061297664000000000e+09
5.462993280000000000e+08
9.721456640000000000e+08
2.092816640000000000e+09
2.551468800000000000e+09
6.358611840000000000e+08
8.073796480000000000e+08
6.985658880000000000e+08
6.973241600000000000e+08
1.229918976000000000e+09
1.053790848000000000e+09
9.332090240000000000e+08
6.475886080000000000e+08
7.913759360000000000e+08
3.642740480000000000e+09
6.760019200000000000e+08
1.541523712000000000e+09
9.877920640000000000e+08
5.192379520000000000e+08
2.592903168000000000e+09
1.421327744000000000e+09
5.649275520000000000e+08
8.082713600000000000e+08
1.037267840000000000e+09
5.165149120000000000e+08
1.233855488000000000e+09
8.295559680000000000e+08
6.100837120000000000e+08
1.561612160000000000e+09
7.966624000000000000e+08
5.863608960000000000e+08
1.709479680000000000e+09
2.646952960000000000e+09
5.877624960000000000e+08
1.010602560000000000e+09
5.700500480000000000e+08
3.372524032000000000e+09
1.073659968000000000e+09
1.152211712000000000e+09
1.511296512000000000e+09
6.348386560000000000e+08
6.811900800000000000e+08
7.851060480000000000e+08
2.467641344000000000e+09
7.807400320000000000e+08
6.146044160000000000e+08
5.045997440000000000e+08
2.218596608000000000e+09
1.176275840000000000e+09
5.962563200000000000e+08
1.410889856000000000e+09
1.511211776000000000e+09
9.144394240000000000e+08
1.005251520000000000e+09
5.912839680000000000e+08
5.593863680000000000e+08
1.711811584000000000e+09
7.766335360000000000e+08
2.782628352000000000e+09
7.490894080000000000e+08
7.067812480000000000e+08
9.240391680000000000e+08
8.868187520000000000e+08
5.909963520000000000e+08
4.371504640000000000e+09
7.855592320000000000e+08
8.019349760000000000e+08
7.633962240000000000e+08
5.966997760000000000e+08
2.196217600000000000e+09
7.359907200000000000e+08
2.269974528000000000e+09
6.937781760000000000e+08
8.388783360000000000e+08
4.575639360000000000e+08
9.054722560000000000e+08
1.374253952000000000e+09
7.814382080000000000e+08
8.783372800000000000e+08
5.668291840000000000e+08
1.589767808000000000e+09
5.620244480000000000e+08
5.738501120000000000e+08
1.272161664000000000e+09
6.255467520000000000e+08
2.975219456000000000e+09
1.281987456000000000e+09
7.464698880000000000e+08
1.840897664000000000e+09
8.929518720000000000e+08
2.585045504000000000e+09
1.810909696000000000e+09
6.010670080000000000e+08
6.142500480000000000e+08
7.149756800000000000e+08
8.783495680000000000e+08
2.582656256000000000e+09
1.015578944000000000e+09
1.711912192000000000e+09
1.252709248000000000e+09
9.278154880000000000e+08
6.911435520000000000e+08
6.645925120000000000e+08
5.844367360000000000e+08
9.028410240000000000e+08
5.742245120000000000e+08
5.749681920000000000e+08
1.217903616000000000e+09
9.061945600000000000e+08
1.225293568000000000e+09
2.534991616000000000e+09
6.853536000000000000e+08
8.951325440000000000e+08
1.643155584000000000e+09
9.710805760000000000e+08
2.079229696000000000e+09
2.289337088000000000e+09
7.079829120000000000e+08
1.032123200000000000e+09
5.731587200000000000e+08
7.217524480000000000e+08
1.149884928000000000e+09
7.093961600000000000e+08
5.083290240000000000e+08
8.205219840000000000e+08
8.183495040000000000e+08
7.647737600000000000e+08
9.878572800000000000e+08
1.033344576000000000e+09
3.417019392000000000e+09
1.199811840000000000e+09
7.437683200000000000e+08
2.751414016000000000e+09
9.174211840000000000e+08
8.553809920000000000e+08
5.820265600000000000e+08
8.768227840000000000e+08
1.706950784000000000e+09
6.283558400000000000e+08
1.517155840000000000e+09
4.612941760000000000e+08
6.008295680000000000e+08
5.040467840000000000e+08
6.249378560000000000e+08
9.361287680000000000e+08
1.900315648000000000e+09
8.658375040000000000e+08
1.603330816000000000e+09
2.299259648000000000e+09
8.475347200000000000e+08
1.529869184000000000e+09
1.142544384000000000e+09
7.468924160000000000e+08
6.394444800000000000e+08
2.651967232000000000e+09
9.588656000000000000e+08
1.002057472000000000e+09
4.562748160000000000e+08
9.410460160000000000e+08
6.908888320000000000e+08
1.128310016000000000e+09
8.624686080000000000e+08
1.661115904000000000e+09
5.686103040000000000e+08
1.295930112000000000e+09
8.608165120000000000e+08
2.498175488000000000e+09
8.015712640000000000e+08
2.554219776000000000e+09
6.524775680000000000e+08
1.004041856000000000e+09
5.253672320000000000e+08
5.395040640000000000e+08
1.364708864000000000e+09
6.018755840000000000e+08
2.352839424000000000e+09
7.155033600000000000e+08
1.812952320000000000e+09
5.865111680000000000e+08
5.497900800000000000e+08
2.883957760000000000e+09
7.638455680000000000e+08
5.977100800000000000e+08
1.047090752000000000e+09
4.229940480000000000e+08
1.327840768000000000e+09
1.021041280000000000e+09
7.242323200000000000e+08
1.265962240000000000e+09
1.817206272000000000e+09
6.410616320000000000e+08
2.741687296000000000e+09
4.914396160000000000e+08
8.397512320000000000e+08
8.307670400000000000e+08
9.487778560000000000e+08
6.168807680000000000e+08
7.616651520000000000e+08
5.180075520000000000e+08
1.185862528000000000e+09
6.334341120000000000e+08
1.981284608000000000e+09
2.701943040000000000e+09
1.163547904000000000e+09
4.934362240000000000e+08
7.414461440000000000e+08
1.926626688000000000e+09
7.398793600000000000e+08
1.273443072000000000e+09
6.768496640000000000e+08
9.632877440000000000e+08
5.996221440000000000e+08
3.000582144000000000e+09
5.567449600000000000e+08
7.034096000000000000e+08
6.302007680000000000e+08
9.299262080000000000e+08
9.963195520000000000e+08
8.491504640000000000e+08
8.281498240000000000e+08
1.613764480000000000e+09
3.093547520000000000e+09
7.074920320000000000e+08
2.222383104000000000e+09
9.960130560000000000e+08
6.017908480000000000e+08
7.324207360000000000e+08
7.315312000000000000e+08
1.780642048000000000e+09
7.540277760000000000e+08
1.294810368000000000e+09
6.194984960000000000e+08
6.727895680000000000e+08
9.655176960000000000e+08
4.953814400000000000e+08
1.024199296000000000e+09
7.086464000000000000e+08
2.576013824000000000e+09
7.723402240000000000e+08
2.273407744000000000e+09
6.765117440000000000e+08
9.778259840000000000e+08
6.129971840000000000e+08
6.768149120000000000e+08
1.276518272000000000e+09
2.324506624000000000e+09
1.240179840000000000e+09
5.506513920000000000e+08
1.813535744000000000e+09
8.119309440000000000e+08
6.771720320000000000e+08
1.193966208000000000e+09
1.666227968000000000e+09
2.537786880000000000e+09
9.030787200000000000e+08
1.197326720000000000e+09
5.727189760000000000e+08
5.582044160000000000e+08
6.020479360000000000e+08
7.908567680000000000e+08
7.861939840000000000e+08
9.052284800000000000e+08
1.892466944000000000e+09
1.245908736000000000e+09
2.403131904000000000e+09
7.904294400000000000e+08
7.497405440000000000e+08
1.087236224000000000e+09
6.258448640000000000e+08
1.453398528000000000e+09
5.608124160000000000e+08
2.231298560000000000e+09
7.088671360000000000e+08
7.671846400000000000e+08
1.786589696000000000e+09
7.776245760000000000e+08
4.324655040000000000e+08
1.468895872000000000e+09
2.216580608000000000e+09
5.120651520000000000e+08
9.575731200000000000e+08
1.419368064000000000e+09
8.393738880000000000e+08
6.362590720000000000e+08
1.647678336000000000e+09
6.069379200000000000e+08
5.691229440000000000e+08
7.430814080000000000e+08
2.950644992000000000e+09
8.172139520000000000e+08
5.643928320000000000e+08
8.474364160000000000e+08
1.488119040000000000e+09
1.651126784000000000e+09
8.030458240000000000e+08
5.537626880000000000e+08
7.516149760000000000e+08
6.230374400000000000e+08
7.409319680000000000e+08
1.373295744000000000e+09
7.162322560000000000e+08
3.777035776000000000e+09
8.091928320000000000e+08
5.462389760000000000e+08
2.369408768000000000e+09
5.721426560000000000e+08
1.367272320000000000e+09
8.150660480000000000e+08
1.853811840000000000e+09
6.356113920000000000e+08
4.302183040000000000e+08
7.629470720000000000e+08
1.053531776000000000e+09
1.347836032000000000e+09
5.708478080000000000e+08
9.767217280000000000e+08
7.807522560000000000e+08
2.448279808000000000e+09
6.885184640000000000e+08
1.617577600000000000e+09
8.356241920000000000e+08
7.602023040000000000e+08
8.897799040000000000e+08
1.750099456000000000e+09
2.294795776000000000e+09
7.479575040000000000e+08
1.523537024000000000e+09
4.340756480000000000e+08
6.363172480000000000e+08
1.120316160000000000e+09
3.347280384000000000e+09
1.183982848000000000e+09
7.607397120000000000e+08
6.235922560000000000e+08
6.780071680000000000e+08
4.875606720000000000e+08
1.458790272000000000e+09
1.146518912000000000e+09
4.840350080000000000e+08
2.489205760000000000e+09
7.229163520000000000e+08
1.080948864000000000e+09
7.043025920000000000e+08
6.864963840000000000e+08
6.480461440000000000e+08
1.867470336000000000e+09
5.462862080000000000e+08
6.168766720000000000e+08
8.475758080000000000e+08
4.079435520000000000e+09
6.048373760000000000e+08
8.186400000000000000e+08
7.528632320000000000e+08
6.139842560000000000e+08
5.415010560000000000e+08
1.196792064000000000e+09
5.648826240000000000e+08
1.242472448000000000e+09
1.430012800000000000e+09
1.207506176000000000e+09
6.558179840000000000e+08
7.862889600000000000e+08
2.457107200000000000e+09
8.164495360000000000e+08
7.228520320000000000e+08
7.247523200000000000e+08
4.597022720000000000e+08
5.874799360000000000e+08
2.661662720000000000e+09
9.277205760000000000e+08
8.317653760000000000e+08
1.777044992000000000e+09
1.214290816000000000e+09
9.393480960000000000e+08
5.188309440000000000e+08
2.456221696000000000e+09
6.610487680000000000e+08
1.498393344000000000e+09
1.074251136000000000e+09
6.860648960000000000e+08
7.944067840000000000e+08
1.003046656000000000e+09
6.522547840000000000e+08
1.183231104000000000e+09
8.015804800000000000e+08
7.243953280000000000e+08
1.175406976000000000e+09
2.388890368000000000e+09
1.845407744000000000e+09
4.883340800000000000e+08
1.065759616000000000e+09
8.383266560000000000e+08
7.321085440000000000e+08
8.500339200000000000e+08
8.880668800000000000e+08
1.060500352000000000e+09
7.249969920000000000e+08
3.587307520000000000e+09
7.706145920000000000e+08
5.298387200000000000e+08
6.040833280000000000e+08
1.143590016000000000e+09
8.773673600000000000e+08
1.870810880000000000e+09
7.052339840000000000e+08
5.799823360000000000e+08
5.244465280000000000e+08
9.752591360000000000e+08
1.114766720000000000e+09
9.810375040000000000e+08
2.403213824000000000e+09
2.219207936000000000e+09
1.193436672000000000e+09
9.687893760000000000e+08
8.833930880000000000e+08
6.036888320000000000e+08
9.372584960000000000e+08
1.799393664000000000e+09
8.739983360000000000e+08
6.400085760000000000e+08
7.041658880000000000e+08
7.916633600000000000e+08
2.518141440000000000e+09
1.534908800000000000e+09
1.098624640000000000e+09
9.020614400000000000e+08
6.365751040000000000e+08
1.385829632000000000e+09
5.807101440000000000e+08
1.119198720000000000e+09
1.422862080000000000e+09
7.229066240000000000e+08
2.593668096000000000e+09
6.104572160000000000e+08
3.988284160000000000e+08
1.695847424000000000e+09
8.150199040000000000e+08
8.059895680000000000e+08
1.994789120000000000e+09
6.864693120000000000e+08
4.966772480000000000e+08
6.757265280000000000e+08
8.070339200000000000e+08
9.526199680000000000e+08
1.134668800000000000e+09
1.961337856000000000e+09
1.301351808000000000e+09
7.799539840000000000e+08
1.608846464000000000e+09
2.058181632000000000e+09
1.793022208000000000e+09
1.211102976000000000e+09
7.272943360000000000e+08
8.211411200000000000e+08
7.735555840000000000e+08
6.027273600000000000e+08
9.285120000000000000e+08
1.277792000000000000e+09
7.752324480000000000e+08
6.646247040000000000e+08
7.023002880000000000e+08
2.337580544000000000e+09
1.684362240000000000e+09
8.456866560000000000e+08
1.015005568000000000e+09
6.007178880000000000e+08
1.274033536000000000e+09
7.774540800000000000e+08
4.950080640000000000e+08
5.642719360000000000e+08
7.293948160000000000e+08
3.799147264000000000e+09
1.351923456000000000e+09
7.906095360000000000e+08
5.788101120000000000e+08
8.704430080000000000e+08
4.757840000000000000e+08
2.035073536000000000e+09
1.001964480000000000e+09
1.251487744000000000e+09
4.701999360000000000e+08
9.824135680000000000e+08
2.300686848000000000e+09
5.692903680000000000e+08
6.449660160000000000e+08
7.407882240000000000e+08
2.164483840000000000e+09
1.508918528000000000e+09
1.058713408000000000e+09
5.734526720000000000e+08
1.656721536000000000e+09
1.052092224000000000e+09
9.184968320000000000e+08
3.279484672000000000e+09
7.977478400000000000e+08
1.210831616000000000e+09
6.234579840000000000e+08
1.259918848000000000e+09
5.797865600000000000e+08
6.191082880000000000e+08
6.312748160000000000e+08
9.146362240000000000e+08
7.607264000000000000e+08
1.693113216000000000e+09
6.726840320000000000e+08
7.678513920000000000e+08
5.672165760000000000e+08
1.288177792000000000e+09
6.216140800000000000e+08
2.480462080000000000e+09
2.506330112000000000e+09
6.340495360000000000e+08
9.757602560000000000e+08
8.716559360000000000e+08
6.512750080000000000e+08
1.541766272000000000e+09
5.936761600000000000e+08
1.415785216000000000e+09
6.686533120000000000e+08
9.570555520000000000e+08
1.247477120000000000e+09
4.518458560000000000e+08
6.088254080000000000e+08
2.268152320000000000e+09
8.975125760000000000e+08
4.741334080000000000e+08
2.168930816000000000e+09
8.304677760000000000e+08
8.791116800000000000e+08
7.916779520000000000e+08
5.875434240000000000e+08
1.717013120000000000e+09
2.679061504000000000e+09
4.485649600000000000e+08
6.453204480000000000e+08
7.682980480000000000e+08
1.332971392000000000e+09
3.082695424000000000e+09
9.709661440000000000e+08
9.386989440000000000e+08
1.962787200000000000e+09
6.915639680000000000e+08
4.600991360000000000e+08
4.045864320000000000e+08
5.375915520000000000e+08
7.928714240000000000e+08
6.307107840000000000e+08
8.174892160000000000e+08
5.068330240000000000e+08
1.231128448000000000e+09
5.439646080000000000e+08
9.124169600000000000e+08
4.080399360000000000e+09
6.811062400000000000e+08
6.142950400000000000e+08
2.312455168000000000e+09
5.997103360000000000e+08
7.175212800000000000e+08
5.660625280000000000e+08
7.375933440000000000e+08
7.407851520000000000e+08
8.473575040000000000e+08
1.855723520000000000e+09
1.727696128000000000e+09
6.790899200000000000e+08
7.986110080000000000e+08
2.536734208000000000e+09
6.099032320000000000e+08
1.525352704000000000e+09
7.063775360000000000e+08
1.200227328000000000e+09
5.706699520000000000e+08
1.583981312000000000e+09
6.410406400000000000e+08
1.468653696000000000e+09
6.130996480000000000e+08
2.264892160000000000e+09
9.351875840000000000e+08
1.083396352000000000e+09
7.184823680000000000e+08
5.598984960000000000e+08
1.423453952000000000e+09
8.663851520000000000e+08
8.686394240000000000e+08
5.452456320000000000e+08
5.657655040000000000e+08
1.057581248000000000e+09
7.219927680000000000e+08
4.041143808000000000e+09
5.140177920000000000e+08
5.623592960000000000e+08
7.414053760000000000e+08
1.265228544000000000e+09
1.118353280000000000e+09
6.697217920000000000e+08
7.649094400000000000e+08
2.526970624000000000e+09
5.227324800000000000e+08
6.705024000000000000e+08
1.621608704000000000e+09
