3.884151603200000000e+10
4.330992435200000000e+10
4.699115520000000000e+10
4.465221222400000000e+10
3.612258713600000000e+10
3.953247846400000000e+10
3.800267161600000000e+10
3.799742464000000000e+10
3.355506073600000000e+10
4.262406553600000000e+10
4.145126604800000000e+10
3.495851622400000000e+10
3.826235392000000000e+10
4.045687193600000000e+10
3.671316889600000000e+10
3.826872729600000000e+10
4.591031910400000000e+10
3.758516633600000000e+10
3.701212774400000000e+10
3.706912768000000000e+10
3.757667123200000000e+10
4.607616614400000000e+10
3.890211225600000000e+10
3.932389376000000000e+10
4.118428057600000000e+10
3.808105267200000000e+10
4.185129369600000000e+10
3.668521779200000000e+10
3.677062758400000000e+10
4.591289958400000000e+10
4.203742003200000000e+10
3.199723520000000000e+10
4.889320652800000000e+10
3.605455667200000000e+10
4.201501491200000000e+10
3.465448652800000000e+10
4.316274688000000000e+10
4.275594854400000000e+10
4.307474022400000000e+10
3.263374540800000000e+10
4.270633779200000000e+10
3.678885888000000000e+10
3.457796096000000000e+10
4.191838617600000000e+10
3.642044416000000000e+10
4.549963776000000000e+10
3.594464051200000000e+10
3.613953638400000000e+10
4.017541939200000000e+10
3.538271436800000000e+10
4.091508326400000000e+10
3.756909363200000000e+10
2.995867852800000000e+10
3.433822003200000000e+10
3.124155187200000000e+10
3.746170880000000000e+10
3.107429580800000000e+10
3.402895360000000000e+10
3.145066496000000000e+10
3.241979904000000000e+10
3.160668569600000000e+10
2.666060185600000000e+10
2.823952793600000000e+10
3.003155865600000000e+10
2.345722880000000000e+10
1.996102041600000000e+10
1.764941209600000000e+10
1.834490675200000000e+10
1.604663296000000000e+10
1.666057728000000000e+10
1.229951692800000000e+10
1.179515187200000000e+10
9.588176896000000000e+09
1.108326195200000000e+10
7.051068416000000000e+09
5.980520960000000000e+09
4.315696128000000000e+09
5.839697920000000000e+09
6.178188288000000000e+09
1.001818009600000000e+10
9.925253120000000000e+09
6.964739584000000000e+09
1.069528678400000000e+10
6.202323456000000000e+09
5.734848000000000000e+09
7.517656576000000000e+09
9.360424960000000000e+09
7.971742208000000000e+09
6.696229376000000000e+09
6.422748672000000000e+09
4.703787520000000000e+09
8.563396096000000000e+09
7.087055360000000000e+09
5.214161920000000000e+09
8.804988928000000000e+09
4.658816512000000000e+09
6.141733376000000000e+09
6.599367168000000000e+09
3.814342400000000000e+09
8.169591296000000000e+09
5.351963136000000000e+09
3.224702464000000000e+09
3.374325504000000000e+09
7.990365184000000000e+09
6.720883712000000000e+09
6.743475200000000000e+09
4.403329024000000000e+09
5.210907136000000000e+09
6.698839552000000000e+09
6.179090432000000000e+09
4.293393408000000000e+09
3.524745728000000000e+09
6.763864576000000000e+09
6.580878336000000000e+09
5.876587008000000000e+09
3.561871104000000000e+09
5.042264064000000000e+09
4.274044928000000000e+09
5.650301952000000000e+09
5.192763904000000000e+09
3.541837312000000000e+09
5.508723712000000000e+09
5.710781440000000000e+09
4.670959616000000000e+09
4.672845824000000000e+09
6.744054784000000000e+09
2.869089280000000000e+09
6.431764992000000000e+09
5.436453376000000000e+09
4.940310528000000000e+09
3.632983296000000000e+09
5.404060160000000000e+09
5.274716672000000000e+09
4.706869248000000000e+09
4.109169664000000000e+09
4.446322688000000000e+09
4.059729408000000000e+09
6.607731200000000000e+09
4.793301504000000000e+09
3.783906816000000000e+09
4.008991488000000000e+09
3.832304640000000000e+09
2.890785280000000000e+09
5.823677952000000000e+09
7.742072320000000000e+09
3.528091392000000000e+09
3.151417600000000000e+09
5.153231360000000000e+09
4.543209984000000000e+09
2.820797184000000000e+09
3.650015744000000000e+09
4.421158912000000000e+09
2.476485632000000000e+09
4.540390912000000000e+09
4.059937536000000000e+09
3.882347264000000000e+09
2.398384896000000000e+09
5.161581568000000000e+09
2.513068800000000000e+09
2.450128640000000000e+09
5.678474240000000000e+09
4.755049472000000000e+09
5.251178496000000000e+09
2.594264064000000000e+09
3.084748800000000000e+09
2.703168768000000000e+09
3.426228992000000000e+09
4.277718272000000000e+09
2.261725952000000000e+09
4.678846976000000000e+09
4.282214912000000000e+09
3.416820992000000000e+09
2.220026112000000000e+09
3.156678912000000000e+09
2.920934656000000000e+09
3.879195392000000000e+09
3.971520000000000000e+09
2.070239104000000000e+09
2.647250688000000000e+09
4.539058176000000000e+09
2.820879360000000000e+09
2.658349824000000000e+09
3.500653824000000000e+09
3.955095296000000000e+09
6.362605056000000000e+09
1.965464192000000000e+09
2.362634240000000000e+09
2.081315456000000000e+09
3.063655168000000000e+09
2.914397440000000000e+09
3.911201024000000000e+09
3.511479552000000000e+09
3.022181632000000000e+09
2.179266304000000000e+09
3.260723200000000000e+09
1.526396416000000000e+09
3.043778304000000000e+09
3.285550848000000000e+09
4.147920896000000000e+09
4.152224512000000000e+09
1.608583296000000000e+09
3.875287296000000000e+09
1.874242048000000000e+09
2.812633856000000000e+09
1.917497472000000000e+09
1.870308736000000000e+09
2.627921408000000000e+09
5.083922432000000000e+09
2.227008256000000000e+09
1.931790848000000000e+09
2.339254272000000000e+09
1.673237248000000000e+09
4.294778112000000000e+09
1.835556992000000000e+09
1.170981120000000000e+09
2.633358336000000000e+09
1.935843584000000000e+09
2.307665408000000000e+09
2.707120640000000000e+09
4.380082688000000000e+09
2.328664064000000000e+09
1.910696960000000000e+09
2.599614464000000000e+09
1.942566784000000000e+09
1.691445888000000000e+09
1.343665280000000000e+09
1.779208960000000000e+09
1.622563712000000000e+09
3.199574784000000000e+09
3.992317440000000000e+09
2.522265344000000000e+09
2.170821120000000000e+09
2.123326976000000000e+09
1.610741504000000000e+09
2.381510144000000000e+09
1.636367616000000000e+09
3.289762816000000000e+09
1.853724288000000000e+09
3.296762112000000000e+09
2.104270848000000000e+09
2.265628672000000000e+09
1.439147776000000000e+09
1.198577408000000000e+09
2.184008704000000000e+09
1.773430784000000000e+09
1.335718144000000000e+09
1.601565312000000000e+09
3.810393856000000000e+09
1.890928640000000000e+09
1.749282816000000000e+09
1.927080960000000000e+09
2.049207296000000000e+09
1.049641024000000000e+09
1.915726464000000000e+09
1.236229376000000000e+09
2.102257920000000000e+09
3.083095808000000000e+09
2.354953472000000000e+09
2.756821760000000000e+09
1.715404672000000000e+09
1.340815744000000000e+09
3.553694976000000000e+09
9.348967680000000000e+08
2.706012672000000000e+09
1.693057024000000000e+09
1.659797760000000000e+09
1.272130304000000000e+09
1.475492480000000000e+09
1.810800640000000000e+09
1.893794304000000000e+09
1.061553856000000000e+09
2.148075264000000000e+09
3.003458816000000000e+09
1.148956416000000000e+09
1.882180480000000000e+09
1.098897664000000000e+09
2.583089152000000000e+09
8.932312960000000000e+08
2.801277696000000000e+09
1.393865216000000000e+09
1.324091776000000000e+09
2.200558848000000000e+09
1.459859456000000000e+09
1.840408064000000000e+09
2.273742592000000000e+09
2.663189760000000000e+09
1.633207040000000000e+09
1.012593920000000000e+09
1.305645184000000000e+09
1.129924608000000000e+09
2.149217536000000000e+09
1.149516160000000000e+09
1.732986496000000000e+09
3.514332672000000000e+09
9.993916160000000000e+08
1.157538944000000000e+09
2.669261056000000000e+09
1.175714432000000000e+09
2.799139840000000000e+09
2.898699264000000000e+09
1.109913600000000000e+09
2.838797312000000000e+09
1.197760768000000000e+09
9.345697280000000000e+08
1.937389696000000000e+09
8.860988800000000000e+08
1.264037632000000000e+09
2.034232448000000000e+09
1.081675392000000000e+09
9.824570880000000000e+08
1.261225344000000000e+09
1.987330304000000000e+09
3.654460416000000000e+09
8.399735680000000000e+08
2.604815872000000000e+09
2.281913088000000000e+09
2.317413120000000000e+09
2.213740800000000000e+09
8.775996800000000000e+08
2.530992896000000000e+09
1.781892096000000000e+09
8.354846080000000000e+08
1.378605952000000000e+09
9.085167360000000000e+08
9.439953280000000000e+08
2.553920256000000000e+09
1.304957184000000000e+09
1.795705216000000000e+09
2.077992064000000000e+09
2.508707840000000000e+09
1.277931136000000000e+09
1.510145920000000000e+09
1.361682176000000000e+09
1.388447232000000000e+09
1.322984832000000000e+09
3.412842496000000000e+09
2.763412992000000000e+09
1.290110848000000000e+09
1.141698560000000000e+09
1.340817920000000000e+09
1.924262784000000000e+09
9.076450560000000000e+08
8.446541440000000000e+08
1.511785728000000000e+09
1.488742912000000000e+09
7.513145600000000000e+08
3.530088704000000000e+09
8.356360960000000000e+08
1.331297792000000000e+09
2.139723776000000000e+09
2.946380544000000000e+09
1.354493056000000000e+09
3.189757952000000000e+09
1.633610240000000000e+09
1.250453376000000000e+09
2.790066176000000000e+09
1.697701888000000000e+09
6.089737600000000000e+08
9.124337920000000000e+08
1.788764800000000000e+09
1.801119360000000000e+09
1.107570432000000000e+09
1.107739392000000000e+09
2.320982272000000000e+09
1.173297024000000000e+09
3.710710784000000000e+09
1.273667200000000000e+09
9.222982400000000000e+08
1.505577728000000000e+09
2.712127232000000000e+09
3.294949120000000000e+09
1.104263680000000000e+09
1.216720896000000000e+09
2.200625152000000000e+09
8.108500480000000000e+08
1.244446976000000000e+09
1.630358272000000000e+09
7.885630080000000000e+08
9.330580480000000000e+08
1.052729408000000000e+09
1.283049984000000000e+09
1.722549888000000000e+09
2.373004800000000000e+09
8.645267200000000000e+08
3.185306880000000000e+09
1.044773248000000000e+09
2.478060288000000000e+09
1.493736448000000000e+09
1.471536128000000000e+09
8.813390720000000000e+08
7.252748800000000000e+08
1.579139968000000000e+09
3.081240832000000000e+09
2.639805440000000000e+09
2.172500480000000000e+09
8.615747200000000000e+08
2.595575296000000000e+09
3.107782144000000000e+09
9.093269760000000000e+08
1.238828032000000000e+09
8.419491840000000000e+08
8.916215680000000000e+08
1.881939968000000000e+09
1.325618432000000000e+09
2.046812928000000000e+09
2.662308352000000000e+09
1.451122432000000000e+09
4.301513728000000000e+09
9.376865920000000000e+08
8.535418880000000000e+08
9.883436800000000000e+08
1.306201088000000000e+09
1.414221824000000000e+09
1.024015040000000000e+09
2.987049216000000000e+09
8.318268160000000000e+08
1.198202624000000000e+09
9.723715840000000000e+08
1.037199360000000000e+09
1.815878016000000000e+09
2.540194560000000000e+09
2.410758144000000000e+09
1.026976896000000000e+09
2.197588224000000000e+09
9.149219200000000000e+08
8.418474240000000000e+08
2.169367808000000000e+09
1.101727744000000000e+09
3.039384576000000000e+09
1.464213760000000000e+09
2.041905920000000000e+09
8.235523840000000000e+08
8.384385280000000000e+08
4.206407168000000000e+09
1.557174912000000000e+09
1.923379712000000000e+09
1.161126272000000000e+09
9.160752000000000000e+08
1.735066368000000000e+09
1.464300800000000000e+09
9.919655680000000000e+08
2.112161280000000000e+09
9.469582080000000000e+08
1.202564352000000000e+09
1.248104192000000000e+09
4.165554432000000000e+09
1.164564224000000000e+09
9.784353280000000000e+08
1.689005568000000000e+09
1.498370048000000000e+09
1.205822464000000000e+09
1.369983488000000000e+09
1.047935296000000000e+09
2.738217728000000000e+09
1.718641152000000000e+09
1.026024896000000000e+09
1.766508032000000000e+09
9.763555840000000000e+08
2.822026752000000000e+09
2.654113536000000000e+09
1.101681536000000000e+09
1.251179008000000000e+09
8.121878400000000000e+08
7.692925440000000000e+08
2.343109120000000000e+09
9.000594560000000000e+08
3.678921216000000000e+09
9.273162880000000000e+08
1.137033600000000000e+09
9.952037120000000000e+08
1.228270720000000000e+09
1.281928960000000000e+09
3.099534080000000000e+09
1.281913088000000000e+09
1.286547584000000000e+09
9.386391040000000000e+08
2.261152768000000000e+09
1.199664384000000000e+09
1.784183552000000000e+09
1.006555008000000000e+09
3.579801856000000000e+09
1.023370688000000000e+09
1.627528960000000000e+09
9.061665920000000000e+08
2.536536320000000000e+09
6.792496640000000000e+08
8.741924480000000000e+08
1.134300288000000000e+09
1.878374656000000000e+09
9.161589120000000000e+08
3.253603328000000000e+09
1.934375552000000000e+09
1.275570432000000000e+09
1.235214720000000000e+09
1.209743360000000000e+09
1.016251648000000000e+09
2.048041856000000000e+09
2.729923840000000000e+09
7.763206400000000000e+08
7.679265280000000000e+08
8.981333120000000000e+08
2.942032384000000000e+09
2.075083136000000000e+09
1.086288256000000000e+09
1.104877312000000000e+09
9.071939840000000000e+08
9.310333440000000000e+08
1.096958720000000000e+09
3.109500928000000000e+09
3.005088000000000000e+09
8.516419200000000000e+08
7.898874240000000000e+08
2.382740480000000000e+09
1.675298688000000000e+09
1.645499392000000000e+09
9.864497280000000000e+08
1.789644672000000000e+09
1.275685888000000000e+09
1.379318912000000000e+09
1.166188544000000000e+09
3.424247808000000000e+09
9.885141120000000000e+08
1.114258176000000000e+09
3.913795584000000000e+09
1.690285312000000000e+09
7.355797760000000000e+08
1.728747392000000000e+09
1.417089792000000000e+09
9.483155840000000000e+08
1.555628416000000000e+09
9.090680960000000000e+08
3.744880640000000000e+09
1.069019200000000000e+09
1.096621568000000000e+09
1.130779520000000000e+09
1.141381760000000000e+09
8.087160960000000000e+08
7.265356800000000000e+08
1.002200064000000000e+09
3.638599680000000000e+09
1.451181824000000000e+09
9.025425920000000000e+08
1.232931840000000000e+09
1.435796480000000000e+09
3.704797952000000000e+09
1.752379008000000000e+09
1.796869248000000000e+09
9.695185920000000000e+08
7.447559680000000000e+08
1.308038144000000000e+09
2.930382080000000000e+09
2.585607424000000000e+09
1.210167168000000000e+09
5.795233280000000000e+08
2.406220032000000000e+09
1.265420416000000000e+09
8.609737600000000000e+08
8.813423360000000000e+08
1.564414848000000000e+09
7.624540800000000000e+08
2.005439744000000000e+09
1.232122752000000000e+09
9.161731840000000000e+08
8.516430720000000000e+08
3.090043648000000000e+09
2.774566144000000000e+09
1.057080192000000000e+09
1.140917248000000000e+09
1.381326848000000000e+09
1.118163456000000000e+09
7.781182080000000000e+08
1.050905344000000000e+09
4.100409344000000000e+09
8.503735040000000000e+08
1.638609152000000000e+09
1.671880960000000000e+09
2.778777088000000000e+09
7.421898240000000000e+08
9.190346880000000000e+08
1.164426752000000000e+09
6.914836480000000000e+08
1.273122944000000000e+09
2.831573504000000000e+09
1.561754112000000000e+09
1.303149568000000000e+09
1.860086272000000000e+09
8.839739520000000000e+08
9.903322880000000000e+08
1.456378112000000000e+09
1.086099840000000000e+09
1.289685888000000000e+09
3.109765120000000000e+09
1.531453696000000000e+09
1.708187520000000000e+09
1.572832128000000000e+09
2.362199296000000000e+09
1.156188928000000000e+09
2.849024000000000000e+09
1.652989056000000000e+09
1.492697472000000000e+09
7.473817600000000000e+08
1.029739136000000000e+09
9.195550080000000000e+08
1.960602112000000000e+09
1.379846400000000000e+09
1.305023232000000000e+09
4.039619584000000000e+09
7.698559360000000000e+08
9.378325760000000000e+08
1.432897536000000000e+09
1.288328704000000000e+09
7.808213120000000000e+08
1.454895488000000000e+09
1.477323264000000000e+09
7.876995200000000000e+08
1.366250496000000000e+09
1.022345024000000000e+09
3.266737152000000000e+09
5.636180480000000000e+08
1.586893312000000000e+09
2.277374208000000000e+09
8.603208320000000000e+08
7.488693120000000000e+08
3.137656064000000000e+09
1.266593792000000000e+09
1.599781248000000000e+09
1.030581760000000000e+09
3.308118528000000000e+09
7.606648320000000000e+08
1.058718208000000000e+09
1.212331264000000000e+09
2.148186880000000000e+09
3.774507520000000000e+09
6.125558400000000000e+08
1.192573440000000000e+09
1.193025408000000000e+09
1.446411904000000000e+09
1.015894912000000000e+09
1.072000384000000000e+09
8.272488320000000000e+08
3.318185472000000000e+09
2.078539392000000000e+09
6.254597120000000000e+08
8.736875520000000000e+08
8.264187520000000000e+08
1.680027776000000000e+09
1.818583040000000000e+09
1.669599360000000000e+09
1.409825152000000000e+09
1.498025088000000000e+09
1.044674560000000000e+09
4.180663296000000000e+09
8.960696320000000000e+08
9.562007040000000000e+08
7.855818880000000000e+08
1.842770816000000000e+09
1.106478592000000000e+09
5.962743040000000000e+08
1.363359232000000000e+09
8.382512000000000000e+08
8.720518400000000000e+08
4.491624960000000000e+09
1.795491072000000000e+09
9.755461120000000000e+08
1.247899520000000000e+09
1.290202880000000000e+09
8.824360960000000000e+08
1.676411904000000000e+09
1.152571392000000000e+09
3.392737536000000000e+09
2.301827840000000000e+09
1.701028224000000000e+09
7.527074560000000000e+08
9.494659840000000000e+08
7.420638720000000000e+08
2.068474880000000000e+09
7.023222400000000000e+08
7.643576960000000000e+08
1.495140992000000000e+09
1.449713408000000000e+09
7.652193920000000000e+08
1.322562304000000000e+09
1.629588480000000000e+09
3.274337792000000000e+09
1.088932736000000000e+09
1.082742400000000000e+09
1.616648320000000000e+09
7.696732800000000000e+08
1.012789248000000000e+09
3.798506496000000000e+09
1.973824640000000000e+09
1.511279872000000000e+09
7.083475840000000000e+08
9.982810240000000000e+08
1.764654720000000000e+09
9.328128000000000000e+08
3.519526656000000000e+09
8.418471040000000000e+08
9.616752000000000000e+08
1.658744448000000000e+09
1.229889024000000000e+09
1.528207616000000000e+09
9.914939520000000000e+08
1.530016384000000000e+09
1.446425344000000000e+09
3.370243072000000000e+09
1.971646976000000000e+09
7.881004800000000000e+08
9.420240640000000000e+08
1.778292736000000000e+09
5.812924160000000000e+08
1.264740352000000000e+09
1.211438976000000000e+09
3.230585344000000000e+09
1.621892864000000000e+09
1.336498816000000000e+09
7.007645440000000000e+08
1.297705216000000000e+09
8.194434560000000000e+08
1.959473152000000000e+09
1.059405120000000000e+09
1.628162688000000000e+09
8.333044480000000000e+08
4.037521408000000000e+09
1.158642176000000000e+09
1.192014208000000000e+09
1.167268736000000000e+09
1.806048768000000000e+09
7.354026880000000000e+08
1.483341952000000000e+09
1.141192320000000000e+09
1.145236352000000000e+09
3.340981760000000000e+09
9.342087680000000000e+08
1.530398592000000000e+09
1.223077760000000000e+09
9.412769280000000000e+08
1.805935872000000000e+09
1.981635584000000000e+09
1.626692992000000000e+09
7.992552960000000000e+08
8.555033600000000000e+08
1.097819392000000000e+09
9.295473920000000000e+08
1.289269248000000000e+09
1.377870080000000000e+09
3.446368768000000000e+09
1.645311360000000000e+09
6.752185600000000000e+08
1.772610816000000000e+09
3.269524224000000000e+09
6.549617920000000000e+08
2.158629120000000000e+09
9.876198400000000000e+08
1.032542976000000000e+09
8.779679360000000000e+08
7.967063680000000000e+08
6.855646080000000000e+08
3.538581248000000000e+09
9.522967040000000000e+08
1.173431680000000000e+09
2.889533952000000000e+09
1.107870592000000000e+09
7.561974400000000000e+08
1.109825792000000000e+09
9.795076480000000000e+08
1.844129280000000000e+09
1.779539584000000000e+09
4.526849024000000000e+09
7.869774080000000000e+08
9.457456000000000000e+08
8.146779520000000000e+08
8.246956800000000000e+08
6.016993280000000000e+08
9.050816000000000000e+08
2.844995328000000000e+09
1.792712960000000000e+09
1.461792640000000000e+09
1.164544000000000000e+09
1.088947712000000000e+09
8.753941760000000000e+08
1.155483136000000000e+09
1.982021760000000000e+09
2.395177216000000000e+09
3.150263296000000000e+09
8.465833600000000000e+08
8.372363520000000000e+08
1.107888256000000000e+09
1.784727680000000000e+09
1.534073728000000000e+09
7.722496640000000000e+08
7.097003520000000000e+08
8.759911040000000000e+08
8.912801280000000000e+08
1.069024512000000000e+09
2.999159296000000000e+09
1.021273984000000000e+09
7.748921600000000000e+08
1.672351360000000000e+09
1.999544320000000000e+09
1.661952640000000000e+09
1.609040768000000000e+09
1.581145344000000000e+09
8.815381120000000000e+08
9.498592000000000000e+08
9.226298880000000000e+08
1.925870592000000000e+09
3.550956800000000000e+09
9.811568000000000000e+08
7.766614400000000000e+08
6.658419200000000000e+08
1.516449408000000000e+09
1.545254656000000000e+09
8.286295680000000000e+08
1.365249152000000000e+09
3.025107968000000000e+09
2.487696640000000000e+09
8.206459520000000000e+08
1.067746240000000000e+09
1.643096320000000000e+09
7.638359680000000000e+08
1.104289536000000000e+09
1.183621760000000000e+09
7.793509120000000000e+08
1.499870848000000000e+09
3.292469760000000000e+09
1.663325568000000000e+09
1.180329728000000000e+09
7.193642880000000000e+08
1.052412736000000000e+09
8.332837120000000000e+08
1.847666688000000000e+09
1.854594304000000000e+09
2.422045696000000000e+09
7.489844480000000000e+08
2.676003840000000000e+09
7.916805760000000000e+08
2.651678464000000000e+09
1.618102144000000000e+09
1.388956032000000000e+09
1.083351552000000000e+09
8.898117760000000000e+08
1.669676160000000000e+09
7.307673600000000000e+08
1.987067264000000000e+09
8.273440000000000000e+08
9.763862400000000000e+08
1.182224384000000000e+09
1.138200448000000000e+09
1.317732864000000000e+09
1.679447680000000000e+09
2.944883200000000000e+09
1.811970176000000000e+09
1.058323328000000000e+09
7.991002240000000000e+08
9.903051520000000000e+08
8.562017920000000000e+08
1.727086976000000000e+09
1.505896576000000000e+09
3.910955008000000000e+09
9.062845440000000000e+08
9.452366080000000000e+08
8.669300480000000000e+08
1.119463168000000000e+09
1.473496448000000000e+09
1.787121664000000000e+09
1.076739968000000000e+09
9.343272960000000000e+08
1.294329088000000000e+09
8.855762560000000000e+08
4.262134272000000000e+09
7.658021120000000000e+08
5.041022400000000000e+08
8.581821440000000000e+08
1.611899008000000000e+09
7.988861440000000000e+08
2.134172416000000000e+09
9.869171200000000000e+08
5.739857920000000000e+08
3.576742400000000000e+09
1.064209152000000000e+09
1.463389824000000000e+09
1.770023936000000000e+09
9.650112000000000000e+08
1.163007872000000000e+09
8.302616320000000000e+08
8.017244160000000000e+08
4.619562496000000000e+09
9.074214400000000000e+08
1.023785216000000000e+09
7.175926400000000000e+08
2.691363840000000000e+09
2.114895872000000000e+09
7.496794240000000000e+08
8.743335040000000000e+08
1.148570752000000000e+09
1.544316928000000000e+09
2.137638656000000000e+09
7.839608320000000000e+08
7.863626880000000000e+08
7.977166080000000000e+08
1.180447744000000000e+09
7.897978880000000000e+08
3.352914176000000000e+09
6.789410560000000000e+08
6.228168320000000000e+08
1.273680768000000000e+09
2.793521408000000000e+09
1.037327552000000000e+09
1.476830976000000000e+09
1.308549632000000000e+09
2.898507008000000000e+09
8.724064000000000000e+08
1.025186304000000000e+09
1.509158656000000000e+09
7.068122880000000000e+08
1.789605120000000000e+09
8.989384960000000000e+08
5.921562880000000000e+08
3.049862144000000000e+09
2.346428416000000000e+09
7.656280320000000000e+08
1.060611264000000000e+09
7.064284160000000000e+08
1.070799232000000000e+09
1.594152576000000000e+09
1.394992384000000000e+09
1.071233600000000000e+09
1.388755328000000000e+09
1.770099968000000000e+09
1.683867520000000000e+09
2.748508672000000000e+09
8.812312960000000000e+08
1.090692736000000000e+09
1.184001792000000000e+09
6.627925760000000000e+08
8.720194560000000000e+08
8.537304320000000000e+08
1.691107712000000000e+09
8.905245440000000000e+08
1.438930176000000000e+09
1.171373568000000000e+09
6.808110720000000000e+08
1.656768128000000000e+09
2.755764992000000000e+09
2.035507200000000000e+09
3.203204608000000000e+09
6.852408960000000000e+08
9.079422720000000000e+08
1.640084096000000000e+09
8.112282240000000000e+08
7.822229760000000000e+08
1.586552320000000000e+09
7.901351680000000000e+08
7.374673280000000000e+08
6.809506560000000000e+08
2.575134464000000000e+09
1.316621056000000000e+09
2.659842048000000000e+09
8.344234880000000000e+08
9.563440640000000000e+08
9.965162240000000000e+08
9.722374400000000000e+08
1.053382144000000000e+09
1.511488896000000000e+09
1.709847808000000000e+09
8.069313280000000000e+08
1.776099968000000000e+09
5.556613120000000000e+08
9.444375680000000000e+08
2.582548992000000000e+09
1.206097792000000000e+09
2.205833984000000000e+09
7.183736320000000000e+08
1.977408640000000000e+09
1.759957376000000000e+09
7.169620480000000000e+08
1.147218304000000000e+09
9.325357440000000000e+08
2.015819392000000000e+09
7.875260160000000000e+08
2.558242304000000000e+09
2.560363520000000000e+09
1.529366528000000000e+09
7.454637440000000000e+08
1.482068864000000000e+09
9.703079680000000000e+08
8.537958400000000000e+08
6.853409280000000000e+08
7.318661120000000000e+08
1.252098688000000000e+09
6.533858560000000000e+08
2.626208000000000000e+09
1.689166336000000000e+09
6.090475520000000000e+08
2.131251456000000000e+09
1.090841344000000000e+09
1.127199744000000000e+09
9.913649280000000000e+08
8.399525760000000000e+08
7.693207040000000000e+08
1.587207040000000000e+09
8.830112640000000000e+08
1.122796928000000000e+09
1.606179968000000000e+09
9.029817600000000000e+08
3.396726272000000000e+09
9.943157760000000000e+08
1.080932608000000000e+09
2.376473088000000000e+09
9.928843520000000000e+08
9.199648640000000000e+08
1.438042624000000000e+09
5.146673280000000000e+08
1.401896832000000000e+09
1.414716288000000000e+09
1.378218240000000000e+09
8.960562560000000000e+08
1.134922496000000000e+09
7.307647360000000000e+08
1.889335168000000000e+09
1.103071616000000000e+09
9.191501440000000000e+08
2.252893696000000000e+09
1.989669760000000000e+09
1.114521600000000000e+09
7.034394880000000000e+08
1.525569408000000000e+09
2.668488704000000000e+09
9.028160000000000000e+08
1.022995008000000000e+09
1.391837824000000000e+09
1.632877824000000000e+09
1.285350656000000000e+09
8.226165760000000000e+08
1.034806528000000000e+09
9.860212480000000000e+08
1.309495296000000000e+09
8.887567360000000000e+08
7.532152320000000000e+08
7.198326400000000000e+08
1.051224576000000000e+09
1.957184768000000000e+09
3.224709888000000000e+09
6.391726720000000000e+08
6.340104960000000000e+08
8.050695680000000000e+08
7.977922560000000000e+08
1.261668608000000000e+09
1.451289088000000000e+09
1.731899008000000000e+09
3.155792640000000000e+09
1.144412800000000000e+09
9.087080960000000000e+08
1.001404544000000000e+09
1.055763584000000000e+09
7.391080320000000000e+08
2.258556928000000000e+09
2.926472704000000000e+09
1.157310208000000000e+09
1.200877184000000000e+09
5.816441600000000000e+08
7.437890560000000000e+08
6.564168960000000000e+08
2.411378688000000000e+09
2.016649216000000000e+09
6.515365760000000000e+08
1.206264064000000000e+09
1.121883264000000000e+09
1.523154432000000000e+09
1.494791424000000000e+09
1.442652544000000000e+09
7.556439040000000000e+08
2.726638592000000000e+09
1.029181120000000000e+09
1.091163392000000000e+09
2.114394240000000000e+09
9.441100800000000000e+08
8.046272000000000000e+08
9.310439680000000000e+08
1.015978752000000000e+09
6.972101760000000000e+08
9.965349120000000000e+08
7.927345280000000000e+08
1.389386880000000000e+09
1.663724160000000000e+09
1.557424896000000000e+09
2.570864128000000000e+09
8.849317760000000000e+08
9.185505280000000000e+08
8.384823680000000000e+08
3.467278336000000000e+09
9.328832000000000000e+08
7.268750080000000000e+08
1.837775872000000000e+09
7.181975040000000000e+08
1.490983424000000000e+09
6.946053120000000000e+08
4.330579456000000000e+09
5.716018560000000000e+08
9.024442240000000000e+08
7.772860800000000000e+08
6.121464960000000000e+08
7.267004160000000000e+08
1.097802240000000000e+09
8.951170560000000000e+08
1.069165376000000000e+09
9.308270080000000000e+08
8.688664960000000000e+08
1.724241792000000000e+09
7.729656960000000000e+08
1.064342528000000000e+09
1.154567552000000000e+09
7.827751680000000000e+08
1.219240960000000000e+09
2.981678848000000000e+09
1.127942784000000000e+09
6.969473280000000000e+08
9.570625280000000000e+08
1.655762560000000000e+09
2.913382400000000000e+09
7.131470720000000000e+08
4.441610240000000000e+08
1.717932928000000000e+09
1.277311616000000000e+09
2.259655168000000000e+09
2.199133696000000000e+09
1.118922112000000000e+09
9.334641280000000000e+08
1.890758400000000000e+09
8.682844800000000000e+08
8.321236480000000000e+08
6.467581440000000000e+08
7.410720000000000000e+08
7.960227840000000000e+08
9.825188480000000000e+08
2.596525568000000000e+09
5.915513600000000000e+08
8.808840320000000000e+08
1.118421120000000000e+09
2.236783872000000000e+09
7.584548480000000000e+08
1.380237696000000000e+09
6.747877120000000000e+08
1.088179072000000000e+09
1.475883648000000000e+09
6.359223680000000000e+08
9.350535680000000000e+08
1.638833280000000000e+09
8.146280320000000000e+08
2.244064768000000000e+09
1.719801984000000000e+09
1.118146432000000000e+09
7.693985920000000000e+08
1.691879040000000000e+09
7.188293120000000000e+08
2.128516480000000000e+09
2.209312256000000000e+09
1.222060416000000000e+09
8.067074560000000000e+08
6.067529600000000000e+08
6.473189120000000000e+08
9.317303040000000000e+08
1.409568512000000000e+09
1.274117376000000000e+09
1.782309120000000000e+09
1.458796288000000000e+09
1.018473536000000000e+09
2.107742080000000000e+09
6.107354880000000000e+08
1.623582592000000000e+09
1.622616064000000000e+09
6.901308800000000000e+08
1.967497984000000000e+09
8.854875520000000000e+08
9.377422720000000000e+08
1.156401792000000000e+09
1.495451264000000000e+09
8.421703680000000000e+08
1.164396416000000000e+09
1.020030080000000000e+09
7.241470720000000000e+08
1.071034880000000000e+09
1.021375680000000000e+09
3.045177088000000000e+09
8.639873280000000000e+08
1.437643008000000000e+09
7.502256000000000000e+08
8.673015680000000000e+08
8.080607360000000000e+08
7.923453440000000000e+08
3.054441728000000000e+09
1.109064192000000000e+09
4.940688640000000000e+08
1.446587392000000000e+09
6.071473920000000000e+08
1.888169088000000000e+09
8.829536640000000000e+08
6.403875200000000000e+08
1.427417856000000000e+09
1.489851008000000000e+09
7.717653120000000000e+08
5.966646400000000000e+08
1.851250688000000000e+09
1.242603008000000000e+09
2.119061120000000000e+09
6.469168000000000000e+08
8.976056960000000000e+08
6.594653440000000000e+08
9.243708160000000000e+08
1.005255616000000000e+09
1.827569920000000000e+09
2.112911360000000000e+09
1.753168384000000000e+09
9.863888000000000000e+08
2.178132224000000000e+09
6.450429440000000000e+08
7.036965120000000000e+08
6.539051520000000000e+08
1.059718336000000000e+09
9.858034560000000000e+08
2.327133440000000000e+09
7.293046400000000000e+08
1.680921856000000000e+09
6.781544960000000000e+08
9.161222400000000000e+08
8.067116160000000000e+08
1.076703104000000000e+09
7.837799680000000000e+08
1.950681856000000000e+09
8.614087680000000000e+08
3.165012480000000000e+09
6.659902720000000000e+08
7.310782720000000000e+08
1.916343168000000000e+09
7.669543680000000000e+08
2.832281344000000000e+09
1.320204032000000000e+09
9.118446720000000000e+08
8.657184000000000000e+08
7.017468160000000000e+08
7.413140480000000000e+08
9.444956160000000000e+08
1.636145152000000000e+09
1.866592512000000000e+09
6.198998400000000000e+08
1.573940736000000000e+09
7.712843520000000000e+08
1.084964608000000000e+09
9.711820800000000000e+08
1.371462400000000000e+09
1.643537024000000000e+09
7.878425600000000000e+08
9.519347840000000000e+08
1.028837568000000000e+09
1.348972672000000000e+09
9.165893120000000000e+08
1.764181248000000000e+09
1.676764928000000000e+09
5.596322560000000000e+08
1.476722944000000000e+09
1.025846720000000000e+09
1.121722624000000000e+09
6.880285440000000000e+08
1.729039232000000000e+09
8.183153280000000000e+08
2.072466944000000000e+09
1.185623424000000000e+09
6.093615360000000000e+08
9.101917440000000000e+08
1.818311168000000000e+09
7.627921280000000000e+08
1.585209216000000000e+09
1.737166080000000000e+09
1.297479680000000000e+09
8.651380480000000000e+08
6.603884800000000000e+08
9.505049600000000000e+08
1.025989760000000000e+09
2.365644544000000000e+09
1.705433728000000000e+09
6.535744640000000000e+08
1.648796672000000000e+09
9.024217600000000000e+08
5.864590720000000000e+08
1.104615936000000000e+09
6.858913920000000000e+08
8.680142080000000000e+08
1.626764672000000000e+09
1.836400384000000000e+09
8.024249600000000000e+08
9.931297280000000000e+08
1.557401216000000000e+09
1.424745472000000000e+09
5.537269760000000000e+08
8.995772160000000000e+08
8.362363520000000000e+08
2.613180416000000000e+09
6.898847360000000000e+08
1.053382656000000000e+09
1.517065088000000000e+09
1.313703808000000000e+09
8.600709120000000000e+08
8.409511040000000000e+08
7.407664000000000000e+08
5.001607360000000000e+08
1.429528704000000000e+09
1.666036992000000000e+09
1.613731968000000000e+09
1.037485504000000000e+09
7.939866880000000000e+08
1.103593984000000000e+09
9.088399360000000000e+08
1.421000576000000000e+09
2.105860480000000000e+09
9.406226560000000000e+08
7.169658240000000000e+08
1.439218432000000000e+09
2.105494656000000000e+09
7.891120000000000000e+08
7.673304960000000000e+08
8.462108160000000000e+08
7.218880640000000000e+08
1.517153792000000000e+09
5.291808640000000000e+08
1.438780928000000000e+09
1.361944448000000000e+09
7.132738560000000000e+08
1.705738112000000000e+09
8.085948800000000000e+08
6.477757440000000000e+08
1.559195136000000000e+09
8.466654720000000000e+08
6.541603840000000000e+08
1.665583744000000000e+09
1.546678656000000000e+09
1.537602048000000000e+09
6.638686720000000000e+08
6.655662720000000000e+08
9.961259520000000000e+08
1.712335104000000000e+09
2.209970176000000000e+09
9.862789120000000000e+08
8.943854720000000000e+08
7.705850880000000000e+08
1.679241856000000000e+09
6.190667520000000000e+08
6.817521920000000000e+08
1.044339072000000000e+09
1.171936768000000000e+09
1.756287232000000000e+09
1.260313472000000000e+09
9.772229760000000000e+08
7.851885440000000000e+08
9.592933120000000000e+08
1.293068672000000000e+09
1.558440448000000000e+09
1.068533056000000000e+09
4.536004160000000000e+08
6.370547840000000000e+08
1.672886528000000000e+09
6.273158400000000000e+08
1.936651776000000000e+09
7.823311360000000000e+08
1.400481792000000000e+09
8.109840640000000000e+08
7.921267840000000000e+08
1.491959936000000000e+09
1.627849600000000000e+09
1.058065664000000000e+09
1.570498816000000000e+09
6.874532480000000000e+08
1.496151680000000000e+09
4.771618560000000000e+08
7.475850880000000000e+08
7.431514240000000000e+08
8.926161280000000000e+08
9.057717760000000000e+08
1.034591936000000000e+09
1.562962688000000000e+09
8.300705920000000000e+08
1.249795968000000000e+09
8.016415360000000000e+08
1.220453888000000000e+09
6.560603520000000000e+08
1.453881472000000000e+09
1.800891008000000000e+09
7.158798080000000000e+08
8.203712000000000000e+08
1.089360896000000000e+09
7.905537280000000000e+08
6.209630720000000000e+08
8.839463040000000000e+08
9.695238400000000000e+08
2.132363648000000000e+09
9.783414400000000000e+08
7.091994880000000000e+08
6.234348160000000000e+08
9.154133760000000000e+08
2.084284928000000000e+09
1.894015104000000000e+09
5.488283520000000000e+08
1.377628800000000000e+09
8.266619520000000000e+08
1.211694080000000000e+09
6.710833920000000000e+08
2.002945024000000000e+09
1.389434240000000000e+09
7.565902720000000000e+08
7.694988800000000000e+08
8.783509760000000000e+08
1.305200384000000000e+09
6.996101120000000000e+08
8.809653120000000000e+08
1.147985408000000000e+09
8.275144320000000000e+08
1.715985408000000000e+09
1.085696896000000000e+09
5.495680000000000000e+08
1.388806784000000000e+09
1.353086848000000000e+09
7.659431040000000000e+08
1.095716480000000000e+09
1.823688064000000000e+09
2.302191104000000000e+09
9.585077760000000000e+08
7.737025280000000000e+08
6.219370240000000000e+08
6.058529280000000000e+08
8.370122240000000000e+08
6.920428160000000000e+08
1.793986432000000000e+09
1.066912512000000000e+09
1.279981824000000000e+09
8.486522240000000000e+08
7.167251200000000000e+08
7.350089600000000000e+08
1.049725120000000000e+09
8.971955200000000000e+08
1.163165440000000000e+09
9.852872320000000000e+08
7.086905600000000000e+08
7.269020800000000000e+08
1.190396928000000000e+09
7.974596480000000000e+08
1.263819648000000000e+09
1.680736512000000000e+09
1.680164992000000000e+09
6.672001280000000000e+08
1.629417728000000000e+09
1.067475712000000000e+09
8.350524160000000000e+08
7.966685440000000000e+08
1.351092992000000000e+09
9.258771200000000000e+08
1.253062656000000000e+09
1.058995136000000000e+09
5.382682880000000000e+08
6.932607360000000000e+08
6.789861120000000000e+08
1.077076736000000000e+09
1.914667264000000000e+09
8.979432960000000000e+08
1.513971968000000000e+09
7.384443520000000000e+08
1.264467328000000000e+09
8.381972480000000000e+08
1.400843776000000000e+09
9.231163520000000000e+08
1.138928384000000000e+09
1.451154048000000000e+09
6.821127040000000000e+08
6.705018880000000000e+08
8.126988800000000000e+08
1.866043648000000000e+09
4.896379840000000000e+08
9.564970880000000000e+08
6.583232640000000000e+08
8.647200000000000000e+08
1.592930816000000000e+09
7.377211520000000000e+08
6.911842560000000000e+08
1.265590016000000000e+09
1.692002816000000000e+09
9.575536640000000000e+08
6.904730880000000000e+08
6.503559680000000000e+08
1.057402240000000000e+09
1.085950208000000000e+09
1.108291328000000000e+09
7.358085120000000000e+08
8.909808000000000000e+08
2.090717696000000000e+09
8.257074560000000000e+08
1.007604032000000000e+09
1.259487104000000000e+09
7.203774720000000000e+08
1.430745344000000000e+09
7.517022720000000000e+08
6.637470080000000000e+08
9.228684160000000000e+08
9.966626560000000000e+08
1.362999680000000000e+09
6.850685440000000000e+08
1.848168576000000000e+09
6.304154240000000000e+08
9.491302400000000000e+08
7.624394880000000000e+08
9.431045120000000000e+08
1.107036288000000000e+09
8.181605120000000000e+08
6.908792320000000000e+08
9.860884480000000000e+08
1.099831552000000000e+09
9.652280960000000000e+08
4.772394240000000000e+08
6.031109120000000000e+08
9.513935360000000000e+08
1.199848832000000000e+09
6.931526400000000000e+08
2.189173760000000000e+09
7.957182080000000000e+08
9.414912640000000000e+08
1.148523008000000000e+09
1.564792064000000000e+09
5.855879040000000000e+08
1.305421312000000000e+09
1.408317696000000000e+09
5.833815680000000000e+08
8.562076800000000000e+08
6.766123520000000000e+08
2.165125120000000000e+09
7.039069440000000000e+08
5.816958080000000000e+08
8.956257280000000000e+08
1.503320064000000000e+09
7.127846400000000000e+08
8.036340480000000000e+08
1.045414976000000000e+09
1.739979648000000000e+09
6.817073280000000000e+08
6.679057920000000000e+08
5.541131520000000000e+08
8.202069760000000000e+08
1.065174016000000000e+09
6.141538560000000000e+08
7.281094400000000000e+08
2.243485440000000000e+09
6.789012480000000000e+08
1.068785280000000000e+09
7.121968640000000000e+08
8.246144000000000000e+08
1.620177024000000000e+09
1.225060352000000000e+09
7.473084800000000000e+08
1.265068160000000000e+09
7.096071040000000000e+08
1.304256256000000000e+09
1.561808896000000000e+09
7.151289600000000000e+08
6.673192960000000000e+08
1.148623872000000000e+09
5.891886720000000000e+08
1.098944384000000000e+09
8.079927680000000000e+08
8.888024960000000000e+08
1.240412288000000000e+09
7.868417280000000000e+08
9.156604160000000000e+08
1.623837824000000000e+09
4.718724160000000000e+08
1.516230144000000000e+09
6.738782720000000000e+08
7.850821760000000000e+08
7.993552640000000000e+08
5.785802240000000000e+08
8.260673280000000000e+08
1.370605312000000000e+09
6.339098240000000000e+08
1.174000896000000000e+09
1.389625088000000000e+09
7.973621760000000000e+08
1.293904000000000000e+09
7.538165120000000000e+08
1.530388224000000000e+09
5.772484480000000000e+08
5.220473600000000000e+08
1.516312960000000000e+09
1.412675712000000000e+09
8.622883840000000000e+08
8.436908160000000000e+08
5.398209280000000000e+08
8.931815680000000000e+08
8.508622080000000000e+08
5.826340480000000000e+08
6.279555840000000000e+08
9.161818880000000000e+08
7.278765440000000000e+08
1.357024000000000000e+09
1.404244992000000000e+09
1.177879040000000000e+09
1.049193792000000000e+09
1.346850176000000000e+09
1.047739584000000000e+09
5.258491520000000000e+08
7.261300480000000000e+08
7.778020480000000000e+08
8.006934400000000000e+08
6.307191680000000000e+08
1.223523584000000000e+09
1.405208704000000000e+09
7.033347200000000000e+08
7.306627200000000000e+08
1.199974272000000000e+09
6.677797120000000000e+08
1.099428352000000000e+09
9.282112000000000000e+08
9.907603200000000000e+08
8.389611520000000000e+08
1.475614080000000000e+09
1.148808448000000000e+09
8.536177280000000000e+08
6.418054400000000000e+08
1.700393216000000000e+09
5.499223680000000000e+08
6.536412800000000000e+08
1.028996928000000000e+09
9.508444160000000000e+08
6.289521280000000000e+08
1.129583872000000000e+09
7.777657600000000000e+08
1.318793088000000000e+09
5.710384000000000000e+08
9.548885120000000000e+08
1.172605696000000000e+09
9.299337600000000000e+08
5.542780160000000000e+08
1.192098560000000000e+09
6.029844480000000000e+08
1.646922752000000000e+09
6.359939840000000000e+08
1.142269824000000000e+09
1.307452928000000000e+09
1.077004288000000000e+09
9.963539200000000000e+08
6.708083200000000000e+08
6.679363200000000000e+08
1.116088192000000000e+09
4.986173440000000000e+08
2.003309696000000000e+09
1.312190080000000000e+09
4.821107200000000000e+08
5.866238080000000000e+08
6.024798720000000000e+08
9.391724160000000000e+08
8.646505600000000000e+08
9.317164800000000000e+08
8.742930560000000000e+08
8.280965760000000000e+08
1.404727552000000000e+09
1.290028544000000000e+09
5.855002880000000000e+08
7.205946880000000000e+08
6.939966720000000000e+08
9.567131520000000000e+08
8.506074880000000000e+08
9.578318720000000000e+08
9.270686080000000000e+08
4.957459200000000000e+08
1.445538176000000000e+09
1.077295360000000000e+09
8.477301120000000000e+08
8.749694080000000000e+08
7.359108480000000000e+08
7.715557120000000000e+08
5.953858560000000000e+08
5.427496960000000000e+08
1.233662720000000000e+09
8.710403200000000000e+08
5.241340160000000000e+08
7.702708480000000000e+08
7.699697920000000000e+08
2.180529152000000000e+09
7.682408960000000000e+08
1.248757120000000000e+09
6.924688640000000000e+08
9.042149120000000000e+08
7.642830720000000000e+08
1.172103296000000000e+09
1.086599680000000000e+09
6.977827200000000000e+08
7.932563200000000000e+08
1.095243776000000000e+09
8.662987520000000000e+08
8.478462080000000000e+08
1.206926720000000000e+09
1.129369600000000000e+09
7.817607680000000000e+08
7.582626560000000000e+08
7.298202880000000000e+08
7.476422400000000000e+08
5.586396160000000000e+08
8.152613760000000000e+08
8.497678720000000000e+08
1.139382400000000000e+09
8.880151040000000000e+08
6.282262400000000000e+08
2.034828672000000000e+09
7.491697920000000000e+08
4.253265280000000000e+08
6.037002240000000000e+08
9.220449920000000000e+08
1.077608064000000000e+09
1.079992064000000000e+09
9.749936640000000000e+08
7.129572480000000000e+08
4.801982080000000000e+08
9.923302400000000000e+08
1.202491264000000000e+09
1.195540992000000000e+09
1.024439168000000000e+09
1.242816128000000000e+09
8.189293440000000000e+08
7.191298560000000000e+08
7.576448640000000000e+08
7.134474240000000000e+08
1.034102016000000000e+09
8.044743040000000000e+08
9.461479680000000000e+08
8.767224960000000000e+08
6.836079360000000000e+08
8.496907520000000000e+08
6.638260480000000000e+08
1.266348032000000000e+09
7.415244800000000000e+08
9.740464000000000000e+08
9.578945920000000000e+08
8.105115520000000000e+08
8.176437120000000000e+08
5.509594880000000000e+08
1.018874240000000000e+09
7.133776640000000000e+08
9.044253440000000000e+08
7.762695680000000000e+08
7.311303680000000000e+08
1.065392896000000000e+09
8.278160640000000000e+08
9.012764160000000000e+08
9.956290560000000000e+08
8.021991040000000000e+08
6.026149120000000000e+08
1.366454272000000000e+09
6.286073600000000000e+08
1.133064704000000000e+09
6.340010880000000000e+08
7.364002560000000000e+08
1.087633024000000000e+09
7.336904960000000000e+08
1.262245376000000000e+09
9.784425600000000000e+08
7.271381120000000000e+08
8.669469440000000000e+08
5.912053760000000000e+08
7.750355200000000000e+08
7.649678080000000000e+08
1.039894336000000000e+09
1.647248896000000000e+09
5.819307520000000000e+08
7.524515840000000000e+08
6.262602240000000000e+08
9.664816640000000000e+08
8.775874560000000000e+08
6.013992960000000000e+08
1.163598464000000000e+09
4.887705600000000000e+08
6.416392320000000000e+08
7.134264320000000000e+08
5.483344640000000000e+08
1.465250816000000000e+09
6.783525120000000000e+08
1.034350208000000000e+09
9.012012800000000000e+08
8.007383040000000000e+08
7.093559680000000000e+08
1.268449408000000000e+09
5.495196160000000000e+08
1.141110144000000000e+09
8.193696000000000000e+08
7.882280960000000000e+08
9.671987840000000000e+08
6.642831360000000000e+08
1.061686400000000000e+09
8.191523200000000000e+08
6.113552640000000000e+08
1.160003840000000000e+09
1.197509632000000000e+09
5.984009600000000000e+08
7.859705600000000000e+08
5.347774080000000000e+08
8.776640000000000000e+08
6.987750400000000000e+08
1.227165312000000000e+09
5.442350720000000000e+08
1.246972928000000000e+09
6.303063040000000000e+08
9.396826880000000000e+08
9.748860160000000000e+08
6.955847680000000000e+08
5.598640640000000000e+08
7.300784640000000000e+08
1.031421952000000000e+09
7.319345280000000000e+08
6.111041280000000000e+08
6.131897600000000000e+08
1.149918208000000000e+09
7.672926720000000000e+08
1.138619520000000000e+09
7.730020480000000000e+08
1.200945792000000000e+09
1.262684288000000000e+09
5.318496000000000000e+08
7.570773760000000000e+08
5.588188160000000000e+08
6.900589440000000000e+08
7.597445760000000000e+08
8.160481280000000000e+08
1.104466432000000000e+09
6.598588800000000000e+08
6.527148160000000000e+08
8.661203840000000000e+08
9.132480640000000000e+08
1.142331136000000000e+09
1.007427648000000000e+09
1.006966656000000000e+09
5.691328640000000000e+08
7.275824640000000000e+08
1.403622144000000000e+09
6.764843520000000000e+08
1.246529536000000000e+09
5.382120960000000000e+08
5.823162880000000000e+08
8.593006720000000000e+08
1.145024768000000000e+09
5.587629440000000000e+08
6.325850880000000000e+08
7.594016000000000000e+08
6.428335360000000000e+08
6.226082560000000000e+08
1.605799424000000000e+09
9.170083840000000000e+08
7.386304640000000000e+08
6.056188800000000000e+08
1.014295808000000000e+09
5.044891840000000000e+08
7.609818880000000000e+08
8.495645440000000000e+08
1.017602752000000000e+09
6.533528960000000000e+08
8.707071360000000000e+08
7.473569280000000000e+08
6.005107200000000000e+08
1.179951872000000000e+09
6.676172160000000000e+08
9.960011520000000000e+08
6.947036800000000000e+08
9.284526720000000000e+08
7.889191680000000000e+08
5.439745280000000000e+08
7.781753600000000000e+08
1.340319744000000000e+09
5.663125120000000000e+08
7.939507840000000000e+08
8.502263040000000000e+08
6.169381120000000000e+08
8.434070400000000000e+08
5.708400000000000000e+08
1.003148736000000000e+09
6.244433920000000000e+08
1.324123136000000000e+09
7.058456320000000000e+08
8.048764800000000000e+08
8.954487040000000000e+08
1.158913024000000000e+09
7.533064960000000000e+08
7.448227840000000000e+08
6.368039680000000000e+08
6.882992640000000000e+08
1.085787392000000000e+09
8.230453760000000000e+08
6.289011200000000000e+08
7.458540160000000000e+08
6.689360640000000000e+08
6.543379200000000000e+08
1.010923584000000000e+09
1.295491840000000000e+09
6.258635520000000000e+08
6.630402560000000000e+08
8.879035520000000000e+08
7.509655040000000000e+08
5.766785280000000000e+08
1.471701248000000000e+09
7.468577280000000000e+08
5.289039360000000000e+08
6.213405440000000000e+08
9.297875200000000000e+08
6.591667840000000000e+08
1.024910720000000000e+09
8.089815040000000000e+08
8.475376000000000000e+08
1.166655232000000000e+09
8.613130240000000000e+08
9.102817280000000000e+08
6.284730880000000000e+08
7.141138560000000000e+08
7.356024960000000000e+08
7.525123840000000000e+08
7.112189440000000000e+08
7.075834880000000000e+08
8.201394560000000000e+08
6.777578240000000000e+08
6.540348800000000000e+08
9.762956800000000000e+08
5.901758720000000000e+08
5.240520000000000000e+08
1.386097792000000000e+09
9.770488320000000000e+08
5.697360000000000000e+08
6.664933120000000000e+08
5.582370560000000000e+08
5.551042560000000000e+08
9.164311040000000000e+08
1.055970688000000000e+09
9.816352000000000000e+08
1.207558400000000000e+09
7.734842880000000000e+08
6.243832320000000000e+08
9.921623680000000000e+08
9.379719680000000000e+08
8.406782720000000000e+08
7.048030720000000000e+08
1.094964992000000000e+09
6.623105280000000000e+08
5.726204160000000000e+08
8.521682560000000000e+08
7.605713920000000000e+08
8.871281280000000000e+08
7.031563520000000000e+08
7.439380480000000000e+08
5.466262400000000000e+08
7.181236480000000000e+08
1.187500416000000000e+09
6.128079360000000000e+08
1.065230720000000000e+09
4.071640000000000000e+08
7.146965760000000000e+08
8.643444480000000000e+08
5.067701760000000000e+08
9.139431040000000000e+08
1.549759744000000000e+09
8.245032960000000000e+08
8.128324480000000000e+08
6.820977280000000000e+08
7.325570560000000000e+08
7.230613760000000000e+08
1.033490432000000000e+09
8.313950720000000000e+08
6.114881280000000000e+08
5.998359680000000000e+08
9.280596480000000000e+08
7.895360000000000000e+08
1.106792704000000000e+09
7.915357440000000000e+08
1.351430784000000000e+09
6.938631680000000000e+08
8.383152640000000000e+08
8.568467200000000000e+08
6.059542400000000000e+08
5.095648000000000000e+08
7.027731840000000000e+08
7.866981120000000000e+08
7.166667520000000000e+08
7.497114880000000000e+08
7.326724480000000000e+08
6.244892800000000000e+08
8.081500800000000000e+08
7.984245760000000000e+08
1.130794624000000000e+09
1.080978944000000000e+09
5.411457280000000000e+08
9.304727040000000000e+08
7.118188160000000000e+08
6.688343040000000000e+08
1.233225984000000000e+09
4.932837760000000000e+08
5.199824000000000000e+08
7.529384960000000000e+08
6.355639040000000000e+08
1.158103552000000000e+09
8.673966720000000000e+08
6.128949760000000000e+08
7.738268160000000000e+08
5.483969280000000000e+08
1.128968960000000000e+09
6.687461120000000000e+08
9.313922560000000000e+08
8.817525760000000000e+08
7.405989760000000000e+08
9.229726720000000000e+08
5.116750080000000000e+08
5.143210880000000000e+08
6.320903040000000000e+08
6.089052160000000000e+08
7.589352960000000000e+08
1.054231424000000000e+09
8.417462400000000000e+08
1.166452224000000000e+09
5.265909760000000000e+08
9.448868480000000000e+08
6.742286080000000000e+08
6.074920960000000000e+08
9.156123520000000000e+08
8.927428480000000000e+08
5.982261760000000000e+08
1.364015872000000000e+09
5.295816320000000000e+08
6.186258560000000000e+08
9.921578880000000000e+08
7.508938880000000000e+08
7.373160960000000000e+08
5.649075840000000000e+08
6.099593600000000000e+08
5.534328320000000000e+08
1.549925504000000000e+09
6.354826240000000000e+08
1.019268288000000000e+09
5.169304320000000000e+08
8.282334080000000000e+08
6.731628800000000000e+08
8.051336960000000000e+08
6.536092160000000000e+08
5.503954560000000000e+08
7.816368000000000000e+08
1.119382528000000000e+09
7.289762560000000000e+08
5.614968960000000000e+08
7.536701440000000000e+08
7.523024640000000000e+08
8.371405440000000000e+08
1.145696768000000000e+09
9.468039680000000000e+08
5.843481600000000000e+08
7.759146240000000000e+08
5.851859840000000000e+08
1.238110464000000000e+09
8.090161920000000000e+08
6.403457280000000000e+08
5.815211520000000000e+08
6.571216640000000000e+08
9.770922240000000000e+08
8.832594560000000000e+08
6.712981760000000000e+08
7.057589120000000000e+08
1.073901824000000000e+09
9.078773120000000000e+08
5.863532160000000000e+08
6.138391040000000000e+08
7.872750080000000000e+08
1.005381888000000000e+09
5.822316800000000000e+08
7.652464000000000000e+08
4.622173760000000000e+08
8.543647360000000000e+08
1.129772032000000000e+09
5.860065920000000000e+08
7.658144640000000000e+08
6.355701120000000000e+08
1.117350144000000000e+09
6.081429120000000000e+08
8.048814080000000000e+08
6.375728640000000000e+08
9.797123840000000000e+08
4.765854720000000000e+08
6.664076160000000000e+08
5.971852160000000000e+08
8.480005120000000000e+08
7.894282240000000000e+08
1.182806528000000000e+09
7.469456640000000000e+08
6.086809600000000000e+08
5.810807040000000000e+08
6.591800320000000000e+08
1.135740288000000000e+09
8.862766720000000000e+08
5.726670720000000000e+08
1.278699392000000000e+09
7.115344640000000000e+08
5.265110400000000000e+08
8.301810560000000000e+08
6.393896320000000000e+08
6.636451840000000000e+08
7.036079360000000000e+08
8.868325120000000000e+08
1.156346752000000000e+09
6.460124800000000000e+08
7.072149120000000000e+08
7.116993280000000000e+08
6.014042880000000000e+08
7.434851200000000000e+08
5.538549760000000000e+08
9.464898560000000000e+08
5.742200960000000000e+08
7.956315520000000000e+08
1.026065088000000000e+09
9.916727040000000000e+08
6.467197440000000000e+08
5.248895040000000000e+08
5.816209280000000000e+08
8.556161280000000000e+08
1.125376640000000000e+09
6.728480000000000000e+08
4.993279040000000000e+08
1.039098240000000000e+09
8.286430720000000000e+08
7.316085760000000000e+08
8.240212480000000000e+08
4.504142080000000000e+08
6.246049280000000000e+08
6.791936640000000000e+08
8.120276480000000000e+08
7.167129600000000000e+08
8.635059200000000000e+08
7.969774080000000000e+08
6.685214080000000000e+08
4.999149440000000000e+08
1.082643840000000000e+09
6.842796160000000000e+08
7.704306560000000000e+08
6.739031040000000000e+08
1.096654080000000000e+09
8.596135040000000000e+08
7.248891520000000000e+08
5.364203200000000000e+08
4.539948160000000000e+08
5.462145920000000000e+08
7.127665920000000000e+08
9.603123840000000000e+08
6.675338880000000000e+08
9.902909440000000000e+08
7.315430400000000000e+08
1.274315648000000000e+09
5.604148480000000000e+08
1.063847360000000000e+09
5.401616640000000000e+08
1.151123456000000000e+09
6.289026560000000000e+08
4.839335680000000000e+08
7.158040320000000000e+08
6.267057280000000000e+08
7.922322560000000000e+08
7.022624000000000000e+08
6.105120640000000000e+08
5.565486080000000000e+08
9.038686720000000000e+08
7.391604480000000000e+08
8.267468800000000000e+08
8.263765760000000000e+08
9.744007040000000000e+08
6.401424640000000000e+08
7.554119680000000000e+08
6.078693120000000000e+08
6.400785920000000000e+08
6.410357120000000000e+08
1.470074624000000000e+09
8.115729920000000000e+08
5.925555840000000000e+08
7.706766080000000000e+08
5.445768960000000000e+08
6.978919040000000000e+08
4.127971200000000000e+08
6.485447680000000000e+08
6.941007360000000000e+08
6.335285120000000000e+08
1.171521024000000000e+09
9.263059840000000000e+08
6.670796800000000000e+08
8.106670080000000000e+08
1.023707712000000000e+09
6.149399040000000000e+08
5.496918400000000000e+08
1.131704832000000000e+09
7.310086400000000000e+08
9.989690880000000000e+08
6.214564480000000000e+08
9.452429440000000000e+08
5.635361280000000000e+08
7.764526080000000000e+08
6.868753920000000000e+08
7.904355200000000000e+08
9.820820480000000000e+08
5.825800960000000000e+08
7.764794880000000000e+08
7.261117440000000000e+08
9.478297600000000000e+08
7.691116160000000000e+08
5.474231040000000000e+08
7.016231680000000000e+08
7.147337600000000000e+08
8.897189120000000000e+08
8.132875520000000000e+08
7.604128000000000000e+08
6.239903360000000000e+08
8.803744640000000000e+08
5.928840960000000000e+08
8.183536640000000000e+08
4.807514880000000000e+08
6.742995200000000000e+08
7.082003200000000000e+08
8.582103040000000000e+08
1.286247296000000000e+09
5.706792320000000000e+08
8.044725120000000000e+08
1.049784448000000000e+09
4.752793600000000000e+08
1.180716160000000000e+09
5.265411200000000000e+08
8.444976000000000000e+08
6.271740160000000000e+08
9.452546560000000000e+08
6.235465600000000000e+08
8.819024640000000000e+08
7.256481280000000000e+08
4.732872320000000000e+08
6.879923840000000000e+08
8.107622400000000000e+08
8.304025600000000000e+08
7.765167360000000000e+08
5.579434240000000000e+08
4.645949440000000000e+08
1.095066240000000000e+09
7.830799360000000000e+08
7.658382720000000000e+08
9.312763520000000000e+08
5.804520960000000000e+08
6.656145280000000000e+08
6.889475200000000000e+08
8.312683520000000000e+08
5.530721280000000000e+08
5.243297280000000000e+08
7.013573760000000000e+08
1.152071680000000000e+09
8.800682880000000000e+08
9.674497920000000000e+08
8.512334720000000000e+08
8.238896000000000000e+08
8.355673600000000000e+08
5.845851520000000000e+08
5.948953600000000000e+08
6.421082240000000000e+08
6.217910400000000000e+08
6.278227200000000000e+08
6.486214400000000000e+08
9.527818880000000000e+08
5.858874880000000000e+08
9.686548480000000000e+08
6.137201920000000000e+08
7.569884800000000000e+08
6.432551040000000000e+08
7.816525440000000000e+08
1.254753280000000000e+09
5.367980160000000000e+08
5.914650880000000000e+08
7.359539200000000000e+08
1.009378176000000000e+09
5.365929600000000000e+08
6.643292800000000000e+08
8.166508160000000000e+08
5.829397760000000000e+08
8.312117120000000000e+08
7.066244480000000000e+08
9.818666880000000000e+08
4.997375360000000000e+08
6.831080960000000000e+08
6.459367680000000000e+08
6.363558400000000000e+08
7.919366400000000000e+08
8.780381440000000000e+08
5.878414720000000000e+08
5.492291840000000000e+08
7.241752320000000000e+08
6.072906880000000000e+08
1.195416320000000000e+09
6.397541760000000000e+08
6.903721600000000000e+08
8.717155840000000000e+08
6.230096640000000000e+08
8.039528960000000000e+08
5.595793920000000000e+08
9.697409280000000000e+08
1.006035072000000000e+09
5.826128640000000000e+08
6.312838400000000000e+08
6.813937920000000000e+08
4.861568000000000000e+08
9.060421120000000000e+08
7.987589120000000000e+08
4.836512960000000000e+08
1.357760000000000000e+09
8.008272640000000000e+08
6.476465920000000000e+08
7.035233280000000000e+08
5.768547840000000000e+08
7.839268480000000000e+08
4.718905280000000000e+08
8.335247360000000000e+08
5.329824320000000000e+08
5.676688640000000000e+08
7.825602560000000000e+08
7.555517440000000000e+08
4.796700160000000000e+08
7.411365760000000000e+08
9.808812160000000000e+08
8.890373120000000000e+08
8.632950400000000000e+08
8.710471680000000000e+08
5.483585920000000000e+08
5.021330560000000000e+08
8.032659840000000000e+08
6.489225600000000000e+08
7.375951360000000000e+08
1.009572480000000000e+09
5.461982080000000000e+08
7.421626880000000000e+08
7.451521920000000000e+08
7.392608000000000000e+08
4.833192640000000000e+08
5.926778240000000000e+08
1.172544384000000000e+09
5.915072640000000000e+08
6.598810880000000000e+08
6.658789120000000000e+08
3.556835200000000000e+08
8.776915840000000000e+08
1.226779776000000000e+09
6.556693120000000000e+08
4.994160640000000000e+08
1.105106560000000000e+09
5.020610560000000000e+08
5.488853120000000000e+08
7.038103040000000000e+08
6.136192640000000000e+08
8.121538560000000000e+08
7.009182720000000000e+08
5.012721600000000000e+08
7.387774080000000000e+08
7.490351360000000000e+08
9.676202240000000000e+08
6.589018880000000000e+08
8.134001280000000000e+08
4.930090240000000000e+08
7.539264640000000000e+08
7.863402880000000000e+08
4.460798720000000000e+08
6.357828480000000000e+08
6.161314560000000000e+08
1.202740480000000000e+09
7.761644160000000000e+08
7.174275840000000000e+08
5.497770240000000000e+08
8.531171840000000000e+08
1.045160704000000000e+09
5.579851520000000000e+08
6.088560640000000000e+08
6.323809920000000000e+08
7.982391680000000000e+08
6.922970880000000000e+08
7.636000000000000000e+08
9.129935360000000000e+08
6.392581120000000000e+08
5.968364800000000000e+08
7.152617600000000000e+08
7.806506240000000000e+08
9.260051200000000000e+08
6.262120960000000000e+08
5.851453440000000000e+08
5.795313920000000000e+08
7.819453440000000000e+08
8.521287040000000000e+08
4.511667200000000000e+08
7.551669760000000000e+08
6.725082880000000000e+08
1.077195648000000000e+09
7.937331200000000000e+08
5.380098560000000000e+08
4.126664320000000000e+08
6.887920000000000000e+08
8.333233280000000000e+08
5.848276480000000000e+08
8.397000960000000000e+08
6.539728640000000000e+08
9.155573760000000000e+08
7.633525120000000000e+08
5.730517760000000000e+08
6.133794560000000000e+08
1.011712832000000000e+09
5.462787840000000000e+08
5.273143680000000000e+08
7.309775360000000000e+08
1.029763968000000000e+09
8.133523200000000000e+08
7.634384000000000000e+08
6.211486720000000000e+08
4.770555520000000000e+08
5.077377920000000000e+08
1.003851840000000000e+09
4.850674560000000000e+08
6.126748160000000000e+08
8.032738560000000000e+08
8.773233920000000000e+08
8.413687040000000000e+08
6.910810240000000000e+08
7.814743040000000000e+08
8.647436800000000000e+08
6.754430720000000000e+08
5.080570240000000000e+08
1.016261056000000000e+09
5.541285120000000000e+08
5.085254720000000000e+08
7.294561280000000000e+08
9.921246720000000000e+08
6.288884480000000000e+08
7.736696320000000000e+08
9.357267840000000000e+08
7.976738560000000000e+08
6.914272000000000000e+08
5.173813760000000000e+08
5.531015680000000000e+08
8.394168960000000000e+08
6.170494080000000000e+08
7.820250880000000000e+08
7.097544320000000000e+08
4.589912320000000000e+08
6.596986240000000000e+08
7.241367040000000000e+08
6.139235200000000000e+08
8.798914560000000000e+08
9.872785920000000000e+08
7.734200320000000000e+08
4.701648320000000000e+08
7.917395200000000000e+08
6.942083840000000000e+08
7.358687360000000000e+08
3.928464320000000000e+08
4.811403520000000000e+08
7.507232000000000000e+08
6.909323520000000000e+08
5.629465600000000000e+08
1.301184768000000000e+09
6.151629440000000000e+08
6.746827520000000000e+08
6.423836160000000000e+08
6.547267840000000000e+08
6.588019200000000000e+08
5.205973120000000000e+08
7.701264000000000000e+08
8.705651840000000000e+08
9.850103680000000000e+08
4.125737600000000000e+08
6.421095680000000000e+08
6.625371520000000000e+08
1.025410112000000000e+09
7.239230720000000000e+08
6.819571200000000000e+08
5.044590720000000000e+08
9.795373440000000000e+08
7.740728320000000000e+08
5.881528320000000000e+08
6.006928640000000000e+08
6.317845120000000000e+08
8.389653760000000000e+08
5.997286400000000000e+08
8.864586880000000000e+08
7.963461120000000000e+08
8.711031680000000000e+08
5.182517440000000000e+08
5.109902400000000000e+08
4.730072320000000000e+08
8.720071040000000000e+08
8.580537600000000000e+08
6.797865600000000000e+08
6.503182080000000000e+08
5.712275840000000000e+08
1.107097856000000000e+09
5.733608960000000000e+08
6.077080320000000000e+08
1.041783360000000000e+09
5.474958080000000000e+08
7.164999680000000000e+08
5.864451840000000000e+08
5.780392320000000000e+08
7.807797760000000000e+08
7.557081600000000000e+08
6.044136960000000000e+08
8.303047040000000000e+08
8.433573760000000000e+08
5.764723840000000000e+08
1.056855040000000000e+09
5.276873600000000000e+08
6.265923840000000000e+08
6.958759680000000000e+08
6.850163200000000000e+08
5.973612800000000000e+08
7.680203520000000000e+08
6.896778240000000000e+08
1.084026496000000000e+09
7.864398080000000000e+08
6.837221120000000000e+08
7.184122240000000000e+08
6.889785600000000000e+08
5.188621440000000000e+08
5.904817920000000000e+08
5.836289920000000000e+08
5.146869760000000000e+08
8.066646400000000000e+08
6.426094080000000000e+08
9.841048320000000000e+08
5.650391680000000000e+08
6.723500160000000000e+08
6.410138880000000000e+08
9.377388800000000000e+08
7.595583360000000000e+08
6.439886080000000000e+08
4.498608640000000000e+08
9.423710080000000000e+08
1.050324544000000000e+09
5.132782080000000000e+08
5.675708160000000000e+08
7.323121920000000000e+08
6.225672320000000000e+08
7.722109440000000000e+08
6.872650240000000000e+08
7.470186880000000000e+08
5.376806400000000000e+08
6.305287040000000000e+08
6.837518720000000000e+08
8.952505600000000000e+08
6.407905920000000000e+08
8.620116480000000000e+08
8.703655680000000000e+08
5.497209600000000000e+08
1.098796800000000000e+09
7.542045440000000000e+08
4.638914240000000000e+08
6.945599360000000000e+08
4.317139200000000000e+08
5.512928000000000000e+08
8.665700480000000000e+08
8.681664640000000000e+08
8.919551360000000000e+08
6.377091200000000000e+08
7.439242240000000000e+08
6.214918400000000000e+08
5.274227520000000000e+08
8.375306240000000000e+08
5.135116160000000000e+08
5.316024960000000000e+08
6.462069760000000000e+08
6.346660480000000000e+08
8.111045760000000000e+08
6.392495360000000000e+08
7.526236800000000000e+08
8.004320000000000000e+08
6.142969600000000000e+08
6.072144000000000000e+08
5.529704320000000000e+08
5.709509120000000000e+08
5.862615040000000000e+08
6.025110400000000000e+08
1.015042112000000000e+09
9.414450560000000000e+08
5.049672960000000000e+08
5.890952960000000000e+08
6.389873280000000000e+08
7.000341120000000000e+08
5.526426880000000000e+08
7.230977920000000000e+08
5.527645440000000000e+08
9.560992000000000000e+08
8.786403200000000000e+08
7.832899840000000000e+08
7.251914240000000000e+08
4.680446080000000000e+08
5.221657920000000000e+08
6.394327040000000000e+08
9.414952960000000000e+08
9.444940800000000000e+08
4.998759040000000000e+08
5.163193600000000000e+08
8.386586240000000000e+08
7.122467840000000000e+08
5.528928640000000000e+08
5.632550400000000000e+08
6.365804800000000000e+08
7.601083520000000000e+08
5.858470400000000000e+08
6.901188480000000000e+08
6.180541440000000000e+08
5.657381120000000000e+08
5.509148160000000000e+08
6.375361280000000000e+08
1.123518592000000000e+09
8.120373760000000000e+08
5.264524160000000000e+08
8.050341120000000000e+08
6.556483840000000000e+08
7.329024000000000000e+08
4.379052480000000000e+08
9.393415680000000000e+08
6.956886400000000000e+08
5.790833920000000000e+08
5.463144960000000000e+08
7.464075520000000000e+08
6.380458240000000000e+08
1.135492352000000000e+09
6.133991680000000000e+08
6.758440960000000000e+08
7.414576640000000000e+08
7.274342400000000000e+08
5.790319360000000000e+08
5.907384320000000000e+08
8.871868160000000000e+08
5.525100800000000000e+08
6.156130560000000000e+08
4.856857600000000000e+08
7.007562880000000000e+08
7.037536000000000000e+08
8.758187520000000000e+08
6.407015680000000000e+08
5.633589760000000000e+08
7.588055680000000000e+08
6.518416640000000000e+08
8.906229760000000000e+08
5.343350400000000000e+08
8.540829440000000000e+08
7.585481600000000000e+08
6.027079680000000000e+08
5.384033280000000000e+08
6.321387520000000000e+08
1.012839488000000000e+09
4.939162880000000000e+08
7.004733440000000000e+08
6.410826240000000000e+08
7.955299200000000000e+08
6.530249600000000000e+08
5.667427840000000000e+08
7.693799680000000000e+08
6.413909760000000000e+08
9.125446400000000000e+08
5.710828800000000000e+08
8.165660160000000000e+08
5.772433920000000000e+08
5.259959040000000000e+08
9.018550400000000000e+08
7.029203200000000000e+08
5.605703680000000000e+08
7.068457600000000000e+08
5.756439040000000000e+08
4.820981760000000000e+08
7.151527680000000000e+08
9.380111360000000000e+08
7.104819840000000000e+08
6.024393600000000000e+08
9.407505920000000000e+08
5.475669760000000000e+08
5.935507200000000000e+08
6.285864960000000000e+08
5.301202560000000000e+08
9.490899840000000000e+08
5.856021760000000000e+08
7.991603200000000000e+08
4.650220160000000000e+08
8.462737920000000000e+08
6.247495680000000000e+08
6.082637440000000000e+08
8.952840960000000000e+08
6.588021760000000000e+08
8.200808960000000000e+08
6.925827840000000000e+08
5.865441920000000000e+08
6.163402880000000000e+08
5.574043520000000000e+08
6.367524480000000000e+08
6.519541760000000000e+08
1.159125888000000000e+09
7.044710400000000000e+08
5.388478720000000000e+08
5.659425280000000000e+08
4.911260800000000000e+08
6.408556800000000000e+08
5.489808000000000000e+08
5.998900480000000000e+08
5.705848320000000000e+08
7.015911040000000000e+08
7.339170560000000000e+08
7.556712960000000000e+08
7.771070080000000000e+08
6.990353920000000000e+08
4.728112640000000000e+08
7.039214080000000000e+08
5.112299520000000000e+08
7.535485440000000000e+08
7.663943680000000000e+08
8.125835520000000000e+08
6.388200960000000000e+08
7.530187520000000000e+08
7.483372800000000000e+08
4.790246400000000000e+08
6.048040960000000000e+08
5.626092800000000000e+08
6.041437440000000000e+08
9.353143040000000000e+08
4.921599360000000000e+08
5.234769920000000000e+08
6.330263040000000000e+08
9.261931520000000000e+08
6.645685760000000000e+08
5.678745600000000000e+08
6.624565120000000000e+08
9.623577600000000000e+08
6.826974720000000000e+08
4.596706880000000000e+08
5.283041280000000000e+08
6.189274240000000000e+08
6.997593600000000000e+08
7.608852480000000000e+08
8.306837120000000000e+08
4.975205760000000000e+08
8.906752000000000000e+08
8.404026880000000000e+08
6.547867520000000000e+08
6.057549440000000000e+08
8.534313600000000000e+08
5.801998720000000000e+08
6.486010880000000000e+08
5.806911360000000000e+08
4.912904320000000000e+08
6.724416000000000000e+08
7.358042240000000000e+08
4.629940480000000000e+08
6.350529920000000000e+08
5.477303680000000000e+08
6.056944640000000000e+08
6.915153920000000000e+08
8.031962880000000000e+08
8.372407680000000000e+08
6.501706240000000000e+08
1.183020416000000000e+09
7.412857600000000000e+08
6.735820800000000000e+08
7.174112000000000000e+08
4.309707520000000000e+08
7.100572160000000000e+08
6.715426560000000000e+08
4.188451200000000000e+08
6.844439040000000000e+08
5.496839040000000000e+08
7.172840960000000000e+08
7.048677120000000000e+08
5.256867200000000000e+08
1.004761600000000000e+09
5.999153920000000000e+08
6.950084480000000000e+08
7.711636480000000000e+08
6.136604800000000000e+08
6.756118400000000000e+08
8.365788160000000000e+08
6.666704000000000000e+08
6.723936000000000000e+08
7.495200000000000000e+08
6.987671040000000000e+08
4.874851840000000000e+08
6.341180160000000000e+08
7.181087360000000000e+08
6.661809920000000000e+08
4.675423360000000000e+08
9.889928960000000000e+08
5.831089280000000000e+08
5.067602560000000000e+08
6.102106880000000000e+08
7.501120640000000000e+08
7.152802560000000000e+08
7.037351040000000000e+08
6.092757760000000000e+08
4.507090560000000000e+08
6.716928640000000000e+08
9.639764480000000000e+08
8.069050240000000000e+08
4.926056320000000000e+08
5.841027840000000000e+08
6.426131200000000000e+08
8.386773760000000000e+08
5.810410880000000000e+08
5.906061440000000000e+08
6.194492800000000000e+08
7.506832000000000000e+08
5.625216000000000000e+08
8.331268480000000000e+08
7.376147200000000000e+08
5.817048320000000000e+08
5.067895040000000000e+08
8.008988800000000000e+08
6.075816960000000000e+08
1.091038080000000000e+09
5.382451200000000000e+08
5.332305600000000000e+08
8.116335360000000000e+08
5.918396160000000000e+08
5.381931520000000000e+08
6.588570880000000000e+08
4.591505280000000000e+08
7.657390720000000000e+08
5.937452160000000000e+08
6.510273280000000000e+08
7.917955200000000000e+08
5.888497920000000000e+08
9.075185920000000000e+08
7.745507840000000000e+08
7.115911680000000000e+08
6.453287040000000000e+08
6.441041920000000000e+08
6.831868800000000000e+08
6.478387840000000000e+08
7.839137280000000000e+08
7.313505920000000000e+08
5.734102400000000000e+08
5.787829760000000000e+08
4.345943680000000000e+08
1.065952448000000000e+09
8.887911680000000000e+08
6.730617600000000000e+08
5.482760320000000000e+08
5.956631040000000000e+08
6.365849600000000000e+08
6.583086720000000000e+08
4.823917440000000000e+08
5.923428480000000000e+08
5.616064640000000000e+08
9.441144960000000000e+08
5.649194240000000000e+08
5.748341760000000000e+08
5.311530880000000000e+08
7.729155840000000000e+08
8.751142400000000000e+08
5.495875200000000000e+08
4.598631040000000000e+08
6.145324800000000000e+08
5.142240640000000000e+08
5.562411520000000000e+08
6.051886080000000000e+08
1.080386560000000000e+09
7.118042240000000000e+08
7.893740800000000000e+08
5.736604800000000000e+08
6.490059520000000000e+08
5.939107200000000000e+08
5.533302400000000000e+08
9.480988800000000000e+08
6.015168640000000000e+08
6.622677760000000000e+08
7.955434240000000000e+08
5.224449280000000000e+08
6.779718400000000000e+08
5.837767040000000000e+08
6.354540800000000000e+08
5.256218240000000000e+08
8.201267200000000000e+08
7.260666880000000000e+08
6.656999680000000000e+08
5.047990720000000000e+08
7.415152640000000000e+08
6.933357440000000000e+08
5.520302080000000000e+08
5.578704640000000000e+08
8.873829120000000000e+08
5.724458240000000000e+08
5.892764160000000000e+08
6.504666880000000000e+08
7.334425600000000000e+08
6.071258880000000000e+08
6.606882560000000000e+08
5.845840640000000000e+08
4.776932160000000000e+08
9.170120960000000000e+08
6.243459840000000000e+08
4.498608640000000000e+08
8.301783680000000000e+08
6.973447040000000000e+08
7.031139200000000000e+08
5.761907200000000000e+08
5.509726720000000000e+08
6.888816640000000000e+08
9.412135680000000000e+08
8.533109760000000000e+08
5.069205760000000000e+08
7.281726720000000000e+08
5.748842240000000000e+08
3.788193920000000000e+08
6.707006720000000000e+08
5.173204480000000000e+08
5.807252480000000000e+08
5.320560640000000000e+08
5.215453440000000000e+08
8.956687360000000000e+08
9.045995520000000000e+08
5.191071680000000000e+08
5.784344320000000000e+08
8.176279040000000000e+08
5.132248960000000000e+08
6.105346560000000000e+08
5.259939840000000000e+08
5.735824640000000000e+08
6.455136000000000000e+08
6.257454720000000000e+08
6.563328640000000000e+08
1.066931456000000000e+09
5.666531840000000000e+08
6.449225600000000000e+08
5.966248320000000000e+08
5.123133440000000000e+08
6.723554560000000000e+08
8.451410560000000000e+08
5.500553600000000000e+08
9.556667520000000000e+08
7.949878400000000000e+08
4.042739200000000000e+08
8.902506240000000000e+08
8.241740800000000000e+08
5.815974400000000000e+08
6.680369920000000000e+08
5.262040320000000000e+08
6.956337280000000000e+08
8.115478400000000000e+08
5.674982400000000000e+08
4.316270080000000000e+08
8.217566720000000000e+08
5.479056640000000000e+08
5.889030400000000000e+08
5.328629120000000000e+08
8.492709760000000000e+08
6.504334080000000000e+08
6.582251520000000000e+08
6.320708480000000000e+08
6.038685440000000000e+08
6.522217600000000000e+08
5.357592960000000000e+08
6.116575360000000000e+08
6.410759040000000000e+08
6.796068480000000000e+08
6.444263680000000000e+08
7.675238400000000000e+08
5.354174400000000000e+08
5.892942720000000000e+08
8.058652160000000000e+08
3.681445120000000000e+08
8.163417600000000000e+08
6.247649280000000000e+08
4.260139520000000000e+08
7.175114880000000000e+08
6.054360320000000000e+08
8.397836800000000000e+08
5.998412800000000000e+08
9.056537600000000000e+08
6.745066240000000000e+08
6.825242240000000000e+08
6.148729600000000000e+08
5.413048960000000000e+08
7.277441920000000000e+08
4.712782720000000000e+08
6.550140160000000000e+08
6.057819520000000000e+08
6.008130560000000000e+08
5.584980480000000000e+08
8.427720320000000000e+08
7.454816000000000000e+08
5.205607680000000000e+08
4.278043520000000000e+08
3.934258560000000000e+08
6.834113920000000000e+08
8.885011200000000000e+08
7.471746560000000000e+08
4.921883840000000000e+08
5.356827840000000000e+08
5.422112640000000000e+08
8.349112320000000000e+08
4.729140480000000000e+08
7.404879360000000000e+08
6.467148800000000000e+08
8.063393280000000000e+08
7.404392960000000000e+08
7.062301440000000000e+08
5.997169920000000000e+08
5.678259840000000000e+08
7.332606080000000000e+08
5.937108480000000000e+08
5.356660800000000000e+08
7.023526400000000000e+08
7.665856000000000000e+08
7.793290240000000000e+08
7.034117120000000000e+08
4.056807040000000000e+08
7.616012800000000000e+08
7.405423360000000000e+08
6.625672960000000000e+08
4.854120960000000000e+08
6.558762880000000000e+08
5.866359040000000000e+08
5.167506880000000000e+08
6.917742080000000000e+08
6.296666880000000000e+08
6.638858240000000000e+08
6.982544640000000000e+08
8.144733440000000000e+08
5.710206720000000000e+08
5.807087360000000000e+08
5.044273920000000000e+08
4.867248640000000000e+08
5.318860800000000000e+08
6.349669120000000000e+08
8.318728960000000000e+08
5.212492160000000000e+08
8.526517760000000000e+08
7.618732800000000000e+08
4.900244800000000000e+08
6.493288320000000000e+08
6.679652480000000000e+08
6.222224000000000000e+08
9.935815680000000000e+08
5.679849600000000000e+08
5.001944320000000000e+08
6.557987200000000000e+08
5.061905920000000000e+08
5.789838080000000000e+08
6.284747520000000000e+08
5.346835520000000000e+08
5.336848640000000000e+08
6.681121280000000000e+08
5.694522240000000000e+08
5.354059520000000000e+08
5.529325440000000000e+08
1.045323008000000000e+09
4.743396800000000000e+08
6.843540480000000000e+08
5.207691520000000000e+08
6.360550400000000000e+08
6.736262400000000000e+08
4.553899520000000000e+08
7.460007680000000000e+08
8.576905600000000000e+08
5.153179520000000000e+08
5.722572160000000000e+08
8.069408000000000000e+08
5.121622400000000000e+08
4.248906240000000000e+08
6.088883200000000000e+08
8.169007360000000000e+08
7.927717120000000000e+08
8.049688320000000000e+08
6.210516480000000000e+08
5.119704640000000000e+08
5.170194560000000000e+08
6.053791360000000000e+08
5.856913920000000000e+08
8.174906880000000000e+08
7.523930240000000000e+08
4.827571840000000000e+08
4.776307840000000000e+08
7.252627840000000000e+08
6.463065600000000000e+08
5.038030720000000000e+08
8.242993920000000000e+08
5.280760960000000000e+08
6.699088640000000000e+08
5.092993280000000000e+08
5.673697920000000000e+08
4.970260480000000000e+08
6.599918080000000000e+08
8.518337280000000000e+08
6.328480640000000000e+08
7.033941760000000000e+08
5.612158080000000000e+08
7.794490880000000000e+08
5.488798080000000000e+08
6.800849280000000000e+08
6.149991040000000000e+08
6.347249920000000000e+08
6.526002560000000000e+08
5.718044800000000000e+08
6.158636800000000000e+08
6.684197760000000000e+08
5.528666880000000000e+08
5.678713600000000000e+08
6.360850560000000000e+08
5.242272000000000000e+08
6.712978560000000000e+08
6.664288000000000000e+08
7.854941440000000000e+08
5.071843840000000000e+08
9.034705920000000000e+08
5.615036160000000000e+08
6.189462400000000000e+08
7.052381440000000000e+08
6.253330560000000000e+08
5.463942400000000000e+08
5.522714880000000000e+08
5.388222080000000000e+08
5.272397440000000000e+08
4.389483520000000000e+08
5.475635200000000000e+08
5.207295360000000000e+08
6.057491840000000000e+08
4.723385600000000000e+08
7.914731520000000000e+08
8.972564480000000000e+08
9.509407360000000000e+08
6.949507840000000000e+08
4.670610240000000000e+08
4.908353600000000000e+08
4.335435520000000000e+08
7.940824320000000000e+08
8.800031360000000000e+08
4.695054400000000000e+08
5.768499200000000000e+08
8.106705920000000000e+08
7.548110080000000000e+08
6.271406080000000000e+08
6.287777920000000000e+08
6.842394240000000000e+08
6.049296000000000000e+08
6.891219200000000000e+08
5.620971520000000000e+08
5.391401600000000000e+08
6.059614080000000000e+08
8.263523200000000000e+08
5.651783680000000000e+08
6.587927040000000000e+08
7.951292160000000000e+08
4.533414720000000000e+08
4.603818880000000000e+08
6.676743680000000000e+08
6.797148160000000000e+08
5.954335360000000000e+08
6.342222080000000000e+08
6.412899840000000000e+08
4.900976640000000000e+08
4.043522560000000000e+08
6.602142720000000000e+08
5.947370880000000000e+08
7.888623360000000000e+08
7.270913280000000000e+08
6.669109760000000000e+08
5.164661760000000000e+08
5.436631040000000000e+08
6.794451840000000000e+08
7.829716480000000000e+08
6.019125760000000000e+08
5.336530560000000000e+08
5.745052160000000000e+08
6.735406720000000000e+08
8.337656320000000000e+08
5.910588160000000000e+08
7.100307200000000000e+08
6.363823360000000000e+08
5.143649600000000000e+08
5.321548160000000000e+08
6.859525760000000000e+08
5.831152000000000000e+08
8.293377920000000000e+08
6.896996480000000000e+08
7.532084480000000000e+08
5.492106240000000000e+08
4.983498880000000000e+08
5.004993280000000000e+08
9.816111360000000000e+08
4.643814080000000000e+08
7.589327360000000000e+08
6.075747840000000000e+08
6.333187840000000000e+08
6.007569280000000000e+08
6.067991040000000000e+08
6.581998080000000000e+08
5.953978240000000000e+08
8.787149440000000000e+08
8.212092160000000000e+08
6.292647680000000000e+08
5.593792000000000000e+08
5.997471360000000000e+08
6.936901120000000000e+08
7.938638720000000000e+08
5.539596800000000000e+08
5.257165120000000000e+08
4.607505920000000000e+08
4.598069760000000000e+08
8.753561600000000000e+08
6.365922560000000000e+08
6.284060800000000000e+08
7.494492160000000000e+08
5.986939520000000000e+08
5.625888640000000000e+08
6.239731200000000000e+08
6.417563520000000000e+08
5.492473600000000000e+08
7.672297600000000000e+08
7.797116160000000000e+08
6.450603520000000000e+08
4.370145280000000000e+08
6.093421440000000000e+08
7.119377920000000000e+08
8.372095360000000000e+08
5.916130560000000000e+08
5.458380800000000000e+08
8.569795840000000000e+08
6.582862080000000000e+08
5.551565440000000000e+08
6.740531840000000000e+08
5.049432960000000000e+08
6.124764160000000000e+08
5.394872320000000000e+08
4.498244160000000000e+08
4.423253760000000000e+08
5.273557440000000000e+08
7.947472000000000000e+08
1.036008896000000000e+09
4.556240640000000000e+08
7.418754560000000000e+08
7.322876800000000000e+08
4.611376000000000000e+08
6.021843200000000000e+08
6.708387200000000000e+08
5.444592000000000000e+08
6.265373440000000000e+08
7.903205120000000000e+08
5.440385280000000000e+08
5.964805120000000000e+08
6.146051840000000000e+08
7.589927040000000000e+08
4.658507200000000000e+08
6.970009600000000000e+08
6.467690240000000000e+08
5.992912640000000000e+08
6.626415360000000000e+08
7.176829440000000000e+08
4.886288640000000000e+08
4.676909440000000000e+08
6.705713920000000000e+08
7.012311680000000000e+08
7.983820160000000000e+08
5.120401280000000000e+08
5.532293120000000000e+08
8.380748800000000000e+08
9.029395200000000000e+08
5.339870080000000000e+08
8.548545280000000000e+08
5.902312960000000000e+08
5.987345920000000000e+08
4.496818560000000000e+08
7.134530560000000000e+08
5.336490880000000000e+08
5.384936960000000000e+08
5.736588800000000000e+08
7.360323840000000000e+08
5.902287360000000000e+08
5.869262720000000000e+08
5.608430080000000000e+08
6.082289920000000000e+08
6.711176320000000000e+08
7.190317440000000000e+08
7.346964480000000000e+08
6.685630720000000000e+08
6.456516480000000000e+08
7.178112000000000000e+08
7.220675200000000000e+08
4.867998720000000000e+08
6.254750720000000000e+08
5.027260800000000000e+08
6.401358080000000000e+08
5.350864640000000000e+08
8.998245120000000000e+08
5.449888640000000000e+08
4.335490880000000000e+08
6.223750400000000000e+08
7.820624640000000000e+08
6.881542400000000000e+08
4.251898240000000000e+08
6.234295040000000000e+08
5.093682240000000000e+08
6.574133760000000000e+08
8.373738240000000000e+08
6.047498880000000000e+08
6.381689600000000000e+08
6.934585600000000000e+08
5.261873600000000000e+08
6.406006400000000000e+08
5.030573760000000000e+08
4.881581120000000000e+08
4.561275520000000000e+08
6.549302400000000000e+08
3.868168640000000000e+08
7.009409920000000000e+08
5.658003200000000000e+08
5.854083200000000000e+08
9.044256640000000000e+08
5.313373760000000000e+08
7.556961920000000000e+08
5.537765760000000000e+08
5.034652800000000000e+08
4.867986560000000000e+08
8.400524800000000000e+08
4.802087680000000000e+08
6.418469760000000000e+08
5.865308800000000000e+08
6.300967680000000000e+08
8.085888000000000000e+08
5.576590080000000000e+08
8.206205440000000000e+08
6.214756480000000000e+08
5.247017600000000000e+08
6.695577600000000000e+08
7.243978240000000000e+08
7.679696640000000000e+08
4.068912960000000000e+08
4.872097280000000000e+08
6.498311680000000000e+08
5.949045760000000000e+08
5.190610880000000000e+08
8.104560000000000000e+08
3.992973120000000000e+08
5.901514240000000000e+08
6.823386880000000000e+08
6.838877440000000000e+08
6.786101760000000000e+08
5.009991040000000000e+08
5.086862400000000000e+08
7.154485760000000000e+08
6.881306880000000000e+08
9.732012160000000000e+08
4.930940800000000000e+08
4.708427520000000000e+08
5.898464640000000000e+08
5.446470400000000000e+08
5.910443520000000000e+08
5.735248000000000000e+08
6.040003840000000000e+08
4.868875840000000000e+08
5.489504000000000000e+08
7.341015040000000000e+08
4.740966720000000000e+08
5.393799680000000000e+08
9.586691840000000000e+08
6.166867200000000000e+08
5.777529600000000000e+08
6.380390400000000000e+08
5.781629440000000000e+08
7.269186560000000000e+08
5.196412160000000000e+08
5.051198720000000000e+08
7.417189120000000000e+08
5.874311680000000000e+08
5.887798400000000000e+08
4.508966400000000000e+08
6.812455680000000000e+08
4.178163840000000000e+08
7.028286720000000000e+08
6.119048320000000000e+08
7.492032000000000000e+08
3.398691840000000000e+08
9.785090560000000000e+08
7.858566400000000000e+08
6.429599360000000000e+08
4.662687680000000000e+08
5.211877440000000000e+08
7.683070720000000000e+08
5.363980800000000000e+08
7.411061760000000000e+08
4.752287360000000000e+08
5.676465920000000000e+08
4.340415680000000000e+08
6.537382400000000000e+08
6.679626240000000000e+08
4.628583680000000000e+08
7.095975680000000000e+08
4.670483840000000000e+08
8.373205120000000000e+08
5.946542080000000000e+08
5.109115520000000000e+08
4.989238080000000000e+08
7.408037120000000000e+08
6.344287360000000000e+08
4.910377600000000000e+08
6.015769600000000000e+08
6.479463680000000000e+08
5.892099200000000000e+08
8.338961920000000000e+08
5.404307200000000000e+08
3.625870080000000000e+08
7.134472960000000000e+08
6.151160320000000000e+08
4.120062720000000000e+08
8.540456320000000000e+08
7.239176960000000000e+08
6.981547520000000000e+08
5.041827520000000000e+08
6.033582720000000000e+08
6.052000640000000000e+08
5.523535360000000000e+08
6.036276480000000000e+08
6.022050560000000000e+08
5.206398400000000000e+08
5.914776960000000000e+08
8.935283840000000000e+08
5.865537280000000000e+08
5.335200960000000000e+08
5.972543360000000000e+08
4.805113600000000000e+08
5.735893760000000000e+08
5.988659200000000000e+08
5.488996480000000000e+08
6.583560960000000000e+08
8.064425600000000000e+08
7.158069760000000000e+08
5.637683840000000000e+08
5.880322560000000000e+08
9.322886400000000000e+08
4.539939840000000000e+08
6.660947200000000000e+08
5.940694400000000000e+08
6.245512960000000000e+08
6.357998080000000000e+08
4.043503360000000000e+08
5.525048320000000000e+08
5.292622080000000000e+08
6.043799040000000000e+08
5.747599360000000000e+08
5.319528640000000000e+08
6.446533120000000000e+08
6.712068480000000000e+08
6.745639680000000000e+08
5.951677440000000000e+08
6.133386240000000000e+08
6.520496640000000000e+08
5.538985600000000000e+08
5.359749760000000000e+08
6.746375680000000000e+08
4.799935360000000000e+08
6.147141120000000000e+08
5.268059520000000000e+08
6.769992960000000000e+08
6.628513280000000000e+08
6.513217920000000000e+08
4.903077120000000000e+08
7.689869440000000000e+08
4.666045440000000000e+08
4.431400320000000000e+08
7.096499200000000000e+08
6.823947520000000000e+08
8.839096960000000000e+08
5.285911040000000000e+08
4.692101120000000000e+08
8.268826880000000000e+08
6.938748160000000000e+08
6.397395840000000000e+08
7.120339200000000000e+08
5.679141120000000000e+08
5.093834240000000000e+08
5.500954880000000000e+08
5.648038400000000000e+08
5.820893440000000000e+08
5.805211520000000000e+08
6.502142720000000000e+08
5.062205760000000000e+08
7.571370240000000000e+08
6.076860800000000000e+08
5.117047680000000000e+08
7.572623360000000000e+08
5.420360960000000000e+08
5.743383040000000000e+08
7.350992640000000000e+08
6.979155200000000000e+08
8.627957120000000000e+08
6.048844800000000000e+08
4.931720960000000000e+08
5.998282880000000000e+08
4.707410240000000000e+08
4.405923200000000000e+08
7.115526400000000000e+08
5.158656960000000000e+08
4.094957440000000000e+08
6.871835520000000000e+08
4.300739200000000000e+08
4.687481600000000000e+08
4.480167680000000000e+08
7.057152000000000000e+08
1.085111296000000000e+09
1.045876096000000000e+09
4.730664000000000000e+08
5.003916160000000000e+08
6.783262720000000000e+08
5.427043840000000000e+08
4.583283840000000000e+08
5.404883840000000000e+08
6.712709120000000000e+08
5.579709440000000000e+08
4.855115520000000000e+08
5.614716160000000000e+08
6.179610880000000000e+08
5.529354880000000000e+08
5.278644480000000000e+08
7.478224640000000000e+08
5.805977600000000000e+08
7.255348480000000000e+08
6.370282240000000000e+08
6.467761920000000000e+08
4.880826240000000000e+08
6.216552320000000000e+08
6.186638080000000000e+08
5.938986240000000000e+08
7.996380800000000000e+08
6.350568960000000000e+08
5.087220160000000000e+08
5.397979520000000000e+08
6.993809920000000000e+08
4.832794240000000000e+08
3.698506880000000000e+08
7.241073920000000000e+08
7.452837760000000000e+08
5.074205120000000000e+08
4.746388800000000000e+08
7.110971520000000000e+08
6.700760960000000000e+08
4.948833600000000000e+08
4.862508160000000000e+08
5.755096320000000000e+08
6.161760640000000000e+08
6.010339840000000000e+08
5.721180160000000000e+08
5.094190080000000000e+08
7.280110080000000000e+08
8.076638720000000000e+08
7.524486400000000000e+08
5.506447360000000000e+08
5.862883200000000000e+08
5.213889280000000000e+08
4.830867840000000000e+08
6.564368000000000000e+08
8.907571200000000000e+08
4.558644160000000000e+08
4.940921600000000000e+08
5.547473280000000000e+08
5.225330240000000000e+08
4.660149120000000000e+08
6.006416000000000000e+08
5.323636160000000000e+08
6.275123840000000000e+08
6.423313920000000000e+08
6.825603840000000000e+08
6.496062720000000000e+08
5.220380160000000000e+08
5.635351680000000000e+08
7.333413120000000000e+08
6.828377600000000000e+08
6.917605120000000000e+08
6.644433280000000000e+08
5.066435840000000000e+08
3.309405440000000000e+08
6.980238720000000000e+08
4.483613440000000000e+08
7.746455680000000000e+08
6.601105280000000000e+08
7.755467520000000000e+08
3.893481600000000000e+08
6.395445760000000000e+08
5.839278720000000000e+08
4.230026880000000000e+08
5.534251520000000000e+08
5.532652160000000000e+08
5.230260160000000000e+08
5.278561600000000000e+08
4.323420160000000000e+08
5.176064320000000000e+08
7.793345280000000000e+08
7.439976960000000000e+08
4.838457920000000000e+08
7.674693120000000000e+08
6.988817280000000000e+08
7.835608320000000000e+08
4.970283520000000000e+08
6.536876160000000000e+08
5.624000640000000000e+08
4.632892160000000000e+08
4.213827200000000000e+08
5.706228480000000000e+08
5.495768960000000000e+08
6.173192960000000000e+08
7.237967360000000000e+08
5.777286400000000000e+08
3.969628160000000000e+08
5.817147520000000000e+08
4.788458240000000000e+08
6.633711360000000000e+08
5.266418240000000000e+08
8.660214400000000000e+08
5.899513600000000000e+08
5.639966080000000000e+08
6.941578240000000000e+08
5.141345920000000000e+08
5.223969920000000000e+08
6.576173440000000000e+08
4.731055680000000000e+08
5.773864960000000000e+08
6.926693760000000000e+08
