3.205274828800000000e+10
4.056130355200000000e+10
4.036771840000000000e+10
4.469890252800000000e+10
4.142035763200000000e+10
3.752433254400000000e+10
3.860368998400000000e+10
3.493215846400000000e+10
3.642170572800000000e+10
3.172404224000000000e+10
4.812872908800000000e+10
3.804944793600000000e+10
3.707628339200000000e+10
3.584860979200000000e+10
3.668923596800000000e+10
3.941095424000000000e+10
3.794733465600000000e+10
4.325892096000000000e+10
3.488917094400000000e+10
3.213692518400000000e+10
4.370990694400000000e+10
4.040449638400000000e+10
4.427580211200000000e+10
3.124931174400000000e+10
4.428736102400000000e+10
3.786361651200000000e+10
3.515179827200000000e+10
3.875672064000000000e+10
3.841453260800000000e+10
3.703758438400000000e+10
3.660623052800000000e+10
4.769497088000000000e+10
3.529316761600000000e+10
3.574672588800000000e+10
3.229484441600000000e+10
4.359448985600000000e+10
3.820202393600000000e+10
3.228563251200000000e+10
3.676355379200000000e+10
4.166205849600000000e+10
3.827755827200000000e+10
3.471602892800000000e+10
3.402955980800000000e+10
4.268631244800000000e+10
3.819273830400000000e+10
3.029645312000000000e+10
3.754855628800000000e+10
3.825955635200000000e+10
3.217124556800000000e+10
4.195923968000000000e+10
3.099897446400000000e+10
3.176233984000000000e+10
3.077186150400000000e+10
2.912894156800000000e+10
3.041586176000000000e+10
2.712663244800000000e+10
2.871257088000000000e+10
2.811990630400000000e+10
1.961348915200000000e+10
2.344122163200000000e+10
1.928750080000000000e+10
1.955968614400000000e+10
1.371855974400000000e+10
1.988142080000000000e+10
1.277593702400000000e+10
9.329117184000000000e+09
6.400395776000000000e+09
4.994040832000000000e+09
5.207543296000000000e+09
5.342398464000000000e+09
4.901659136000000000e+09
9.676206080000000000e+09
7.450765824000000000e+09
7.744728064000000000e+09
1.088926617600000000e+10
7.670633984000000000e+09
9.578839040000000000e+09
7.208983552000000000e+09
8.836578304000000000e+09
4.884325376000000000e+09
5.212405248000000000e+09
5.559608832000000000e+09
4.323386880000000000e+09
4.028122112000000000e+09
5.663267328000000000e+09
6.390100992000000000e+09
5.462725632000000000e+09
7.881401344000000000e+09
7.992149504000000000e+09
5.626491392000000000e+09
5.789585920000000000e+09
5.801155072000000000e+09
7.301066752000000000e+09
7.424074240000000000e+09
4.350209536000000000e+09
7.148801536000000000e+09
4.230221056000000000e+09
3.946223616000000000e+09
4.783444480000000000e+09
6.257135616000000000e+09
4.291866880000000000e+09
3.574126592000000000e+09
4.783864832000000000e+09
7.472587264000000000e+09
3.565981952000000000e+09
7.435835392000000000e+09
4.409615872000000000e+09
4.820466688000000000e+09
5.248448000000000000e+09
5.038970880000000000e+09
4.494551552000000000e+09
4.241403392000000000e+09
4.146783488000000000e+09
8.046667264000000000e+09
4.129958400000000000e+09
4.014193664000000000e+09
4.221934848000000000e+09
7.264566272000000000e+09
3.922979584000000000e+09
3.616045824000000000e+09
3.577113344000000000e+09
4.427986432000000000e+09
5.018834432000000000e+09
5.567756800000000000e+09
4.022172160000000000e+09
3.723884544000000000e+09
5.916561920000000000e+09
5.436980224000000000e+09
2.381067776000000000e+09
5.194134528000000000e+09
3.424853248000000000e+09
3.215789568000000000e+09
5.280821760000000000e+09
5.110846464000000000e+09
2.769602816000000000e+09
3.971124480000000000e+09
2.582363904000000000e+09
3.446429952000000000e+09
2.568961024000000000e+09
4.369116672000000000e+09
4.068706560000000000e+09
5.464512000000000000e+09
4.050108928000000000e+09
5.909323264000000000e+09
2.687000320000000000e+09
4.554108928000000000e+09
2.451946496000000000e+09
3.202930432000000000e+09
2.994466816000000000e+09
3.353351424000000000e+09
4.965139968000000000e+09
6.574602752000000000e+09
3.499580160000000000e+09
3.795081984000000000e+09
4.003429632000000000e+09
2.813666304000000000e+09
3.784977920000000000e+09
2.532629760000000000e+09
6.312267776000000000e+09
4.312712704000000000e+09
2.339939072000000000e+09
2.518458624000000000e+09
2.977540352000000000e+09
5.890425344000000000e+09
2.959310080000000000e+09
2.716174592000000000e+09
3.943595776000000000e+09
2.181179904000000000e+09
3.529096192000000000e+09
2.312845824000000000e+09
3.615294464000000000e+09
5.093978624000000000e+09
2.749198592000000000e+09
2.681865728000000000e+09
3.226612736000000000e+09
3.080876544000000000e+09
2.141088896000000000e+09
3.786345984000000000e+09
2.675541504000000000e+09
2.688885504000000000e+09
4.555917312000000000e+09
4.726734848000000000e+09
2.452575744000000000e+09
1.358592768000000000e+09
2.736586240000000000e+09
2.624051712000000000e+09
3.031203328000000000e+09
1.451680384000000000e+09
3.058341632000000000e+09
3.234962176000000000e+09
2.700730880000000000e+09
2.194247168000000000e+09
1.347215360000000000e+09
3.007520768000000000e+09
2.381554688000000000e+09
4.194071040000000000e+09
1.661129088000000000e+09
2.806443776000000000e+09
4.191499008000000000e+09
1.953574528000000000e+09
1.858784128000000000e+09
4.030621696000000000e+09
2.812732672000000000e+09
1.655917568000000000e+09
1.661760512000000000e+09
1.880704256000000000e+09
2.423800832000000000e+09
3.577145344000000000e+09
2.123974912000000000e+09
2.576145664000000000e+09
2.664284416000000000e+09
1.329264384000000000e+09
1.317203584000000000e+09
2.877143808000000000e+09
1.541469952000000000e+09
2.597173504000000000e+09
2.748840448000000000e+09
1.621580288000000000e+09
1.314311808000000000e+09
1.463386752000000000e+09
2.610811648000000000e+09
3.254120448000000000e+09
2.327802368000000000e+09
2.063995264000000000e+09
1.578956928000000000e+09
1.836661248000000000e+09
1.564070016000000000e+09
2.299444224000000000e+09
1.152461568000000000e+09
1.087144192000000000e+09
1.193610368000000000e+09
3.510059008000000000e+09
2.880739328000000000e+09
2.185303040000000000e+09
1.498932608000000000e+09
2.644637952000000000e+09
1.288928896000000000e+09
2.421507328000000000e+09
1.403576320000000000e+09
2.819631616000000000e+09
1.864594432000000000e+09
1.089699456000000000e+09
1.581156864000000000e+09
1.871003392000000000e+09
1.256262272000000000e+09
9.794862720000000000e+08
1.599303808000000000e+09
1.718009216000000000e+09
3.487383040000000000e+09
1.783507200000000000e+09
1.958124160000000000e+09
1.032031360000000000e+09
1.848635264000000000e+09
1.222499840000000000e+09
1.552265728000000000e+09
1.639977856000000000e+09
3.321032192000000000e+09
1.150454528000000000e+09
1.747229056000000000e+09
1.082642304000000000e+09
1.412294272000000000e+09
1.523267072000000000e+09
1.481353088000000000e+09
9.794288000000000000e+08
1.163451008000000000e+09
1.498678656000000000e+09
2.320919552000000000e+09
2.973182720000000000e+09
9.394832000000000000e+08
1.738643456000000000e+09
9.971543680000000000e+08
1.934537472000000000e+09
2.006118400000000000e+09
1.783779840000000000e+09
2.403321088000000000e+09
1.630276096000000000e+09
1.053223680000000000e+09
1.199553024000000000e+09
1.237900800000000000e+09
2.457288704000000000e+09
9.778786560000000000e+08
2.230131200000000000e+09
1.716451584000000000e+09
8.191732480000000000e+08
1.606893056000000000e+09
2.075982976000000000e+09
8.967546880000000000e+08
1.076391296000000000e+09
1.496109824000000000e+09
2.008117760000000000e+09
1.655011712000000000e+09
1.455339648000000000e+09
9.857849600000000000e+08
1.545438464000000000e+09
1.330677504000000000e+09
2.137159552000000000e+09
1.135546112000000000e+09
1.212374784000000000e+09
7.937909120000000000e+08
2.224444672000000000e+09
2.354149120000000000e+09
9.817449600000000000e+08
1.309586176000000000e+09
1.297257088000000000e+09
1.581778176000000000e+09
1.858431360000000000e+09
1.591347968000000000e+09
9.492378880000000000e+08
1.072972864000000000e+09
1.201869568000000000e+09
1.690645248000000000e+09
2.552596224000000000e+09
1.455779712000000000e+09
1.300285568000000000e+09
1.772028416000000000e+09
1.020549952000000000e+09
1.173512192000000000e+09
8.867451520000000000e+08
2.447738112000000000e+09
1.352578688000000000e+09
2.049378816000000000e+09
1.213847552000000000e+09
1.072688320000000000e+09
2.218055680000000000e+09
2.475347968000000000e+09
1.582721792000000000e+09
1.901265280000000000e+09
1.035496448000000000e+09
1.128455040000000000e+09
9.343380480000000000e+08
1.107837952000000000e+09
1.285528576000000000e+09
1.800070656000000000e+09
2.154218240000000000e+09
1.776437248000000000e+09
1.035835520000000000e+09
1.347263616000000000e+09
9.014653440000000000e+08
1.723025920000000000e+09
1.717812480000000000e+09
9.056857600000000000e+08
1.616780032000000000e+09
2.228567296000000000e+09
1.252628352000000000e+09
9.924408960000000000e+08
1.914778752000000000e+09
1.860004736000000000e+09
1.173535488000000000e+09
1.114777216000000000e+09
1.883252480000000000e+09
7.348717440000000000e+08
2.021273856000000000e+09
1.229020544000000000e+09
1.773841920000000000e+09
1.966745088000000000e+09
1.719759744000000000e+09
1.198403200000000000e+09
8.056664960000000000e+08
1.260397056000000000e+09
1.049703680000000000e+09
1.551774080000000000e+09
2.676467200000000000e+09
1.690596736000000000e+09
9.263580160000000000e+08
1.108777088000000000e+09
1.007694720000000000e+09
9.652911360000000000e+08
1.485707136000000000e+09
1.232277248000000000e+09
8.765690240000000000e+08
1.959561344000000000e+09
1.442715776000000000e+09
1.122159360000000000e+09
1.463826560000000000e+09
1.822776832000000000e+09
1.399020032000000000e+09
1.295385600000000000e+09
1.188955648000000000e+09
3.061946880000000000e+09
9.547176960000000000e+08
9.273737600000000000e+08
8.583313920000000000e+08
1.184109312000000000e+09
1.298573696000000000e+09
1.566437376000000000e+09
1.194236032000000000e+09
1.801443200000000000e+09
9.700743040000000000e+08
1.210895744000000000e+09
2.136758272000000000e+09
1.078072320000000000e+09
1.115694848000000000e+09
1.099473664000000000e+09
7.183264640000000000e+08
1.919233280000000000e+09
2.190981888000000000e+09
9.870878720000000000e+08
1.245804160000000000e+09
2.583719936000000000e+09
9.334124800000000000e+08
7.268380160000000000e+08
1.752439040000000000e+09
1.684538368000000000e+09
1.218872704000000000e+09
1.159460096000000000e+09
1.758825472000000000e+09
1.230196480000000000e+09
2.260199424000000000e+09
9.765366400000000000e+08
1.090732928000000000e+09
1.378108928000000000e+09
2.008047744000000000e+09
9.203562240000000000e+08
9.382878080000000000e+08
