3.500226969600000000e+10
3.778995814400000000e+10
3.424510156800000000e+10
4.272484761600000000e+10
4.137893068800000000e+10
4.420653875200000000e+10
3.305562112000000000e+10
4.514861875200000000e+10
3.716055040000000000e+10
4.258809446400000000e+10
3.426955264000000000e+10
4.645841305600000000e+10
4.621280051200000000e+10
3.439138816000000000e+10
3.485381017600000000e+10
4.008921907200000000e+10
3.734521446400000000e+10
3.300503961600000000e+10
3.411382272000000000e+10
3.569106124800000000e+10
3.528061337600000000e+10
3.908383129600000000e+10
4.174018969600000000e+10
3.690713497600000000e+10
4.455554252800000000e+10
4.576777420800000000e+10
3.510532915200000000e+10
4.473720832000000000e+10
3.910951731200000000e+10
3.983649177600000000e+10
3.294266982400000000e+10
3.833133465600000000e+10
4.000172441600000000e+10
3.958880665600000000e+10
3.246343168000000000e+10
4.180511948800000000e+10
4.265175859200000000e+10
3.675937996800000000e+10
4.822754099200000000e+10
3.934195302400000000e+10
3.636164198400000000e+10
3.249939046400000000e+10
3.858606489600000000e+10
3.452560179200000000e+10
3.384091238400000000e+10
4.316742451200000000e+10
3.517893017600000000e+10
3.815888896000000000e+10
3.505412096000000000e+10
3.461378457600000000e+10
3.578400768000000000e+10
2.939752652800000000e+10
3.498011852800000000e+10
3.490364211200000000e+10
3.528418508800000000e+10
2.949611929600000000e+10
3.404034252800000000e+10
3.072878592000000000e+10
2.809050726400000000e+10
2.801308672000000000e+10
2.395235737600000000e+10
2.826105446400000000e+10
2.703648358400000000e+10
2.445026918400000000e+10
1.804989030400000000e+10
2.611055411200000000e+10
1.630297292800000000e+10
1.262473523200000000e+10
1.452698316800000000e+10
1.252638003200000000e+10
9.866017792000000000e+09
1.023368192000000000e+10
6.033247232000000000e+09
8.433551872000000000e+09
9.484018688000000000e+09
5.857281536000000000e+09
5.261713920000000000e+09
6.558951936000000000e+09
5.915859456000000000e+09
7.810740224000000000e+09
8.141875712000000000e+09
6.860994048000000000e+09
6.833296896000000000e+09
6.608611840000000000e+09
9.421850624000000000e+09
4.670991360000000000e+09
5.184381952000000000e+09
5.373750272000000000e+09
7.040093696000000000e+09
6.273620480000000000e+09
5.050338304000000000e+09
4.382768128000000000e+09
4.780628480000000000e+09
5.318712320000000000e+09
4.450464256000000000e+09
9.483369472000000000e+09
6.423301632000000000e+09
5.513373696000000000e+09
4.729305600000000000e+09
6.867114496000000000e+09
6.253264384000000000e+09
4.766332928000000000e+09
5.812272128000000000e+09
5.492894720000000000e+09
5.492899840000000000e+09
3.155422720000000000e+09
3.755145728000000000e+09
4.342525952000000000e+09
3.693593088000000000e+09
4.197836032000000000e+09
6.902867968000000000e+09
4.453204480000000000e+09
4.515689984000000000e+09
7.577126400000000000e+09
3.202157824000000000e+09
4.360403456000000000e+09
4.132825600000000000e+09
3.356016384000000000e+09
5.612629504000000000e+09
4.137544960000000000e+09
4.440273408000000000e+09
5.083260416000000000e+09
3.455961344000000000e+09
4.031573248000000000e+09
4.832608256000000000e+09
5.685295616000000000e+09
4.096437760000000000e+09
3.781137152000000000e+09
4.969618432000000000e+09
3.774531840000000000e+09
3.806579200000000000e+09
3.691770112000000000e+09
3.804079104000000000e+09
5.390922240000000000e+09
5.223396864000000000e+09
4.367008256000000000e+09
3.246166784000000000e+09
3.458658816000000000e+09
3.189374720000000000e+09
5.489045504000000000e+09
3.652407296000000000e+09
3.167257856000000000e+09
6.302162432000000000e+09
3.584694528000000000e+09
4.716888576000000000e+09
4.460257280000000000e+09
2.361705984000000000e+09
3.547523840000000000e+09
4.797675008000000000e+09
3.250103552000000000e+09
4.328325120000000000e+09
3.453045504000000000e+09
4.020481792000000000e+09
2.286595072000000000e+09
3.626917376000000000e+09
3.351367936000000000e+09
3.826022912000000000e+09
2.920238336000000000e+09
5.444756992000000000e+09
4.022802432000000000e+09
2.395981312000000000e+09
5.144269824000000000e+09
2.635048960000000000e+09
4.156249856000000000e+09
2.877975296000000000e+09
2.895214592000000000e+09
4.854130176000000000e+09
3.080798976000000000e+09
3.562327552000000000e+09
4.026830336000000000e+09
3.095485440000000000e+09
2.145870592000000000e+09
3.963923200000000000e+09
2.939323904000000000e+09
3.557842688000000000e+09
5.736178688000000000e+09
2.973803776000000000e+09
2.099226496000000000e+09
2.536342528000000000e+09
3.069768960000000000e+09
2.395300096000000000e+09
6.570854400000000000e+09
2.473068288000000000e+09
2.918431488000000000e+09
2.906691840000000000e+09
2.306541056000000000e+09
2.198942208000000000e+09
3.250045184000000000e+09
2.070290816000000000e+09
1.889793280000000000e+09
4.861044736000000000e+09
3.999617024000000000e+09
2.511710976000000000e+09
1.774826368000000000e+09
3.183805696000000000e+09
3.467525888000000000e+09
1.507009408000000000e+09
2.800991232000000000e+09
3.476790784000000000e+09
2.942814208000000000e+09
2.772830464000000000e+09
2.246875904000000000e+09
2.332064512000000000e+09
2.987815680000000000e+09
2.080130816000000000e+09
2.243033600000000000e+09
3.534290944000000000e+09
2.491620864000000000e+09
3.304190208000000000e+09
2.221777664000000000e+09
2.812292864000000000e+09
2.434864384000000000e+09
1.455863936000000000e+09
2.985508352000000000e+09
2.336214784000000000e+09
3.027022592000000000e+09
3.652928768000000000e+09
2.417131008000000000e+09
2.393246720000000000e+09
1.859968512000000000e+09
1.941940224000000000e+09
2.781293824000000000e+09
2.775624960000000000e+09
2.191138816000000000e+09
1.619781888000000000e+09
1.344764928000000000e+09
4.854360064000000000e+09
2.374828544000000000e+09
1.804830848000000000e+09
1.726193536000000000e+09
1.740121856000000000e+09
9.323578880000000000e+08
2.144310656000000000e+09
3.610072320000000000e+09
1.692254336000000000e+09
3.261052416000000000e+09
1.307201792000000000e+09
1.292981504000000000e+09
2.415627264000000000e+09
2.935843072000000000e+09
3.576038656000000000e+09
1.482746752000000000e+09
1.320838656000000000e+09
1.950613632000000000e+09
1.339155328000000000e+09
2.481507584000000000e+09
1.556145536000000000e+09
2.520410368000000000e+09
2.357608704000000000e+09
1.255565952000000000e+09
1.701070848000000000e+09
3.018851584000000000e+09
2.231737088000000000e+09
1.787446144000000000e+09
1.744035072000000000e+09
1.763821824000000000e+09
1.586246400000000000e+09
1.914377472000000000e+09
2.484493568000000000e+09
2.783638272000000000e+09
9.062625920000000000e+08
2.273105664000000000e+09
1.925120256000000000e+09
2.762223104000000000e+09
1.260991104000000000e+09
1.529250432000000000e+09
1.599428352000000000e+09
1.308656640000000000e+09
1.586563200000000000e+09
1.190168576000000000e+09
1.634226176000000000e+09
1.126438144000000000e+09
1.148772608000000000e+09
2.378343168000000000e+09
1.248040320000000000e+09
2.642323456000000000e+09
1.629129472000000000e+09
2.678287616000000000e+09
1.462803072000000000e+09
1.168404096000000000e+09
3.215311616000000000e+09
1.557553152000000000e+09
2.420810240000000000e+09
1.434607232000000000e+09
1.121848832000000000e+09
2.304400640000000000e+09
7.107987840000000000e+08
1.428492160000000000e+09
1.955909888000000000e+09
1.428893056000000000e+09
1.596440576000000000e+09
1.067816832000000000e+09
1.120219008000000000e+09
1.607889536000000000e+09
1.604678656000000000e+09
1.483947264000000000e+09
3.238356224000000000e+09
2.308744192000000000e+09
1.406633344000000000e+09
1.043990272000000000e+09
1.224862976000000000e+09
1.283475968000000000e+09
1.284627712000000000e+09
2.236446976000000000e+09
2.528602880000000000e+09
1.523607040000000000e+09
1.298187008000000000e+09
2.410777856000000000e+09
2.024672896000000000e+09
2.117727744000000000e+09
1.564782976000000000e+09
2.056439424000000000e+09
8.263605120000000000e+08
1.230465920000000000e+09
1.118362624000000000e+09
1.171525120000000000e+09
1.142513664000000000e+09
1.966795008000000000e+09
2.205398272000000000e+09
1.297389440000000000e+09
2.094072704000000000e+09
9.012245760000000000e+08
1.645291648000000000e+09
1.879890176000000000e+09
9.686407680000000000e+08
1.074989952000000000e+09
2.572817664000000000e+09
1.235835392000000000e+09
8.061309440000000000e+08
1.823828224000000000e+09
2.272311296000000000e+09
1.217388672000000000e+09
2.313998592000000000e+09
1.427582720000000000e+09
2.464253184000000000e+09
1.907393792000000000e+09
1.119683840000000000e+09
2.042545152000000000e+09
9.322106880000000000e+08
1.442939648000000000e+09
1.425683968000000000e+09
1.388011520000000000e+09
1.276317824000000000e+09
1.199931520000000000e+09
3.181070336000000000e+09
8.272449920000000000e+08
1.594286464000000000e+09
1.196164864000000000e+09
2.259829760000000000e+09
1.040378688000000000e+09
1.628726656000000000e+09
1.590966272000000000e+09
2.268248832000000000e+09
1.420314112000000000e+09
1.207495808000000000e+09
1.548188288000000000e+09
1.375538944000000000e+09
1.311463808000000000e+09
2.288473088000000000e+09
1.111564800000000000e+09
1.799821696000000000e+09
7.995588480000000000e+08
1.066796544000000000e+09
1.956020352000000000e+09
1.103998592000000000e+09
1.537035136000000000e+09
1.364950528000000000e+09
3.292709888000000000e+09
1.006776128000000000e+09
2.639292928000000000e+09
1.037931776000000000e+09
1.215969280000000000e+09
1.671874688000000000e+09
1.341088512000000000e+09
1.575178240000000000e+09
1.980753920000000000e+09
1.101193088000000000e+09
1.389839488000000000e+09
1.883660416000000000e+09
2.953349632000000000e+09
9.670151040000000000e+08
1.309369600000000000e+09
1.101800704000000000e+09
1.751435264000000000e+09
1.087117952000000000e+09
1.323761792000000000e+09
1.394857088000000000e+09
1.646468480000000000e+09
1.235737984000000000e+09
1.284294528000000000e+09
2.048782848000000000e+09
1.104534528000000000e+09
2.891776512000000000e+09
9.637370880000000000e+08
9.635430400000000000e+08
1.258660864000000000e+09
1.541463552000000000e+09
7.766725760000000000e+08
1.715241088000000000e+09
2.483616000000000000e+09
1.720739584000000000e+09
1.424906752000000000e+09
1.453947008000000000e+09
1.021473344000000000e+09
1.409094272000000000e+09
8.590973440000000000e+08
1.077282560000000000e+09
1.147116416000000000e+09
1.417117824000000000e+09
1.493859712000000000e+09
1.347547392000000000e+09
2.400600064000000000e+09
1.825676416000000000e+09
1.982819456000000000e+09
3.298684416000000000e+09
9.337876480000000000e+08
9.151907840000000000e+08
1.176356352000000000e+09
1.221780096000000000e+09
1.627084544000000000e+09
1.164180224000000000e+09
2.113655936000000000e+09
1.026862528000000000e+09
8.822211840000000000e+08
1.703635456000000000e+09
1.371614592000000000e+09
1.670866432000000000e+09
8.729347200000000000e+08
1.365056768000000000e+09
3.453858816000000000e+09
9.963943040000000000e+08
1.102648192000000000e+09
1.043584128000000000e+09
2.025457280000000000e+09
1.132457984000000000e+09
1.181077504000000000e+09
1.479492864000000000e+09
1.346318848000000000e+09
9.819051520000000000e+08
2.168264448000000000e+09
1.930171136000000000e+09
1.405144448000000000e+09
3.216545280000000000e+09
1.160802304000000000e+09
1.639119744000000000e+09
1.418102016000000000e+09
1.361444096000000000e+09
6.700511360000000000e+08
1.141284352000000000e+09
9.429938560000000000e+08
2.049353600000000000e+09
1.302381056000000000e+09
9.517292800000000000e+08
1.317518976000000000e+09
1.022681792000000000e+09
9.428422400000000000e+08
2.569662464000000000e+09
1.112028032000000000e+09
1.974836736000000000e+09
2.958105344000000000e+09
1.065797376000000000e+09
2.007232896000000000e+09
8.568711040000000000e+08
1.320452224000000000e+09
7.976678400000000000e+08
1.359670016000000000e+09
1.614832256000000000e+09
9.776755840000000000e+08
1.693232000000000000e+09
9.093566720000000000e+08
1.888848896000000000e+09
1.208124032000000000e+09
1.188452224000000000e+09
2.753554432000000000e+09
1.143943936000000000e+09
1.126355584000000000e+09
1.009545216000000000e+09
8.065851520000000000e+08
2.994293760000000000e+09
1.545088000000000000e+09
1.162279168000000000e+09
1.650450944000000000e+09
9.924218880000000000e+08
1.628965120000000000e+09
1.306089856000000000e+09
9.106514560000000000e+08
3.071591424000000000e+09
2.167232768000000000e+09
1.107067008000000000e+09
8.555409920000000000e+08
1.301578496000000000e+09
9.482956800000000000e+08
1.212196480000000000e+09
8.975214080000000000e+08
1.238762624000000000e+09
1.800359168000000000e+09
8.854461440000000000e+08
8.680893440000000000e+08
9.357755520000000000e+08
1.287653248000000000e+09
1.886187136000000000e+09
1.422533760000000000e+09
2.605739520000000000e+09
1.025549312000000000e+09
1.050660992000000000e+09
7.338928000000000000e+08
1.223023744000000000e+09
2.479702528000000000e+09
1.364207744000000000e+09
9.777255040000000000e+08
1.027441920000000000e+09
1.088625280000000000e+09
2.628477696000000000e+09
8.486958080000000000e+08
1.656726656000000000e+09
1.162381312000000000e+09
1.168520576000000000e+09
7.713874560000000000e+08
2.591535360000000000e+09
1.864646144000000000e+09
9.929781760000000000e+08
1.445012608000000000e+09
1.609532928000000000e+09
9.157925760000000000e+08
2.056051200000000000e+09
8.919444480000000000e+08
2.345581568000000000e+09
6.580273280000000000e+08
1.236786688000000000e+09
9.972988160000000000e+08
1.130963200000000000e+09
6.812390400000000000e+08
1.391868416000000000e+09
1.206368128000000000e+09
8.130959360000000000e+08
1.482498560000000000e+09
7.205816320000000000e+08
1.145687296000000000e+09
3.130306304000000000e+09
1.808675328000000000e+09
1.435575936000000000e+09
9.825816320000000000e+08
7.869249280000000000e+08
8.039370240000000000e+08
8.210698240000000000e+08
1.012393984000000000e+09
1.096393344000000000e+09
1.411572096000000000e+09
3.903592704000000000e+09
9.479244800000000000e+08
1.381915136000000000e+09
1.741107968000000000e+09
1.240739456000000000e+09
1.247390208000000000e+09
1.146984576000000000e+09
9.473754880000000000e+08
1.011265792000000000e+09
2.528386816000000000e+09
1.084296064000000000e+09
1.029160448000000000e+09
3.207394816000000000e+09
1.084268928000000000e+09
9.371466240000000000e+08
1.554942848000000000e+09
1.249644032000000000e+09
8.577258240000000000e+08
1.177946368000000000e+09
1.148640896000000000e+09
1.543815424000000000e+09
1.141550080000000000e+09
1.268444416000000000e+09
2.673955072000000000e+09
1.101405184000000000e+09
1.601579520000000000e+09
7.560245760000000000e+08
9.639416960000000000e+08
1.139412224000000000e+09
2.577031424000000000e+09
1.463164800000000000e+09
1.516541952000000000e+09
2.446276608000000000e+09
7.280908160000000000e+08
6.307937280000000000e+08
9.550828800000000000e+08
7.719832960000000000e+08
2.498284800000000000e+09
6.948940160000000000e+08
9.034368640000000000e+08
1.208813440000000000e+09
1.869110144000000000e+09
1.309213952000000000e+09
8.720561920000000000e+08
1.315199232000000000e+09
1.211529856000000000e+09
8.573275520000000000e+08
7.159360000000000000e+08
8.509984000000000000e+08
1.712334848000000000e+09
8.132899840000000000e+08
1.165534336000000000e+09
2.459586560000000000e+09
1.218770048000000000e+09
1.094230912000000000e+09
6.301576320000000000e+08
1.152276480000000000e+09
7.416931840000000000e+08
2.914789632000000000e+09
6.482500480000000000e+08
1.206360320000000000e+09
2.016981376000000000e+09
1.060315904000000000e+09
1.310082048000000000e+09
2.677673472000000000e+09
8.914655360000000000e+08
1.250763520000000000e+09
9.110226560000000000e+08
8.345492480000000000e+08
1.395091200000000000e+09
1.410749568000000000e+09
1.446075904000000000e+09
7.803162880000000000e+08
1.187725056000000000e+09
3.125420032000000000e+09
8.507942400000000000e+08
7.915038720000000000e+08
1.087863296000000000e+09
8.265481600000000000e+08
1.353509760000000000e+09
9.519546880000000000e+08
1.307355648000000000e+09
2.712578816000000000e+09
1.425805056000000000e+09
1.403350016000000000e+09
9.798035200000000000e+08
7.923148160000000000e+08
1.062942720000000000e+09
9.844268160000000000e+08
1.041778176000000000e+09
8.724228480000000000e+08
2.675090688000000000e+09
1.343617792000000000e+09
1.865264896000000000e+09
7.741198080000000000e+08
1.422354944000000000e+09
8.544200960000000000e+08
9.511169280000000000e+08
6.487731840000000000e+08
8.665594240000000000e+08
1.198330368000000000e+09
9.850197760000000000e+08
7.593522560000000000e+08
2.943038464000000000e+09
1.253741184000000000e+09
9.484426880000000000e+08
1.093923712000000000e+09
1.498241280000000000e+09
6.712167680000000000e+08
1.261656960000000000e+09
8.142496000000000000e+08
6.788028160000000000e+08
1.527282560000000000e+09
3.154270208000000000e+09
6.903679360000000000e+08
1.117851520000000000e+09
1.251937664000000000e+09
8.774106880000000000e+08
1.027701632000000000e+09
7.922539520000000000e+08
6.956831360000000000e+08
1.568001280000000000e+09
9.494585600000000000e+08
1.018262976000000000e+09
1.091730944000000000e+09
1.022321856000000000e+09
3.078685184000000000e+09
8.886632960000000000e+08
8.428632320000000000e+08
8.870494080000000000e+08
8.744242560000000000e+08
1.106658048000000000e+09
1.064683008000000000e+09
1.256714240000000000e+09
1.724873728000000000e+09
2.644854272000000000e+09
1.150860544000000000e+09
1.659982336000000000e+09
1.031013312000000000e+09
9.266592000000000000e+08
1.004644992000000000e+09
6.310081280000000000e+08
1.137273856000000000e+09
6.777662080000000000e+08
2.874221056000000000e+09
6.441054720000000000e+08
1.229452544000000000e+09
9.970498560000000000e+08
7.972789760000000000e+08
7.957641600000000000e+08
7.744442880000000000e+08
2.789606144000000000e+09
1.769183616000000000e+09
1.519924480000000000e+09
6.397982080000000000e+08
1.535885696000000000e+09
8.314464640000000000e+08
1.202533120000000000e+09
1.368421632000000000e+09
3.362327040000000000e+09
7.895505920000000000e+08
7.114382080000000000e+08
7.115664000000000000e+08
8.351759360000000000e+08
7.615934080000000000e+08
3.316977152000000000e+09
1.285537536000000000e+09
1.454441344000000000e+09
8.828723840000000000e+08
9.050981760000000000e+08
8.000671360000000000e+08
7.994314880000000000e+08
6.300257920000000000e+08
1.147256192000000000e+09
8.037879040000000000e+08
9.772576000000000000e+08
1.101042048000000000e+09
9.254882560000000000e+08
2.830066688000000000e+09
1.284180608000000000e+09
1.286932480000000000e+09
1.141142784000000000e+09
1.123865856000000000e+09
2.762395392000000000e+09
8.565980160000000000e+08
7.595064320000000000e+08
4.577295040000000000e+08
1.088658944000000000e+09
1.792176896000000000e+09
9.336890240000000000e+08
1.274932480000000000e+09
5.779985920000000000e+08
1.580908672000000000e+09
3.031776256000000000e+09
1.558549120000000000e+09
6.792920960000000000e+08
6.875559040000000000e+08
7.635424640000000000e+08
7.061885440000000000e+08
1.115004672000000000e+09
6.492551680000000000e+08
7.666297600000000000e+08
3.064040704000000000e+09
7.170499200000000000e+08
1.043954368000000000e+09
8.511717760000000000e+08
9.257550720000000000e+08
1.271927552000000000e+09
2.741677056000000000e+09
1.505761024000000000e+09
6.195025920000000000e+08
1.642119040000000000e+09
5.442721280000000000e+08
9.245274880000000000e+08
6.890526720000000000e+08
9.318808960000000000e+08
1.215449600000000000e+09
2.574989568000000000e+09
6.098926720000000000e+08
9.236556800000000000e+08
7.225047040000000000e+08
1.389796864000000000e+09
1.187354112000000000e+09
7.658636160000000000e+08
1.407484288000000000e+09
1.242118272000000000e+09
1.203825024000000000e+09
3.098978816000000000e+09
1.098095616000000000e+09
6.988218240000000000e+08
1.193013760000000000e+09
9.039168640000000000e+08
6.301014400000000000e+08
5.671400320000000000e+08
1.508439296000000000e+09
8.435837440000000000e+08
1.279211392000000000e+09
9.075568640000000000e+08
8.746197120000000000e+08
1.120413824000000000e+09
6.767818880000000000e+08
2.892572416000000000e+09
1.422581248000000000e+09
7.869242880000000000e+08
1.572431872000000000e+09
2.753226240000000000e+09
1.104450176000000000e+09
8.793758720000000000e+08
7.149784320000000000e+08
7.788445440000000000e+08
9.555357440000000000e+08
1.041961024000000000e+09
8.556754560000000000e+08
8.170024960000000000e+08
7.158779520000000000e+08
1.270074752000000000e+09
8.775050240000000000e+08
7.187150080000000000e+08
9.891285120000000000e+08
1.286988544000000000e+09
3.151411200000000000e+09
8.212999040000000000e+08
7.132842240000000000e+08
9.623878400000000000e+08
1.312691200000000000e+09
3.188774144000000000e+09
1.116591616000000000e+09
9.027996800000000000e+08
1.006802624000000000e+09
5.341949120000000000e+08
9.576189440000000000e+08
1.223596800000000000e+09
6.255931520000000000e+08
7.749392640000000000e+08
9.775715840000000000e+08
7.792004480000000000e+08
1.420110080000000000e+09
2.901088000000000000e+09
8.511507200000000000e+08
8.700436480000000000e+08
1.085605120000000000e+09
9.758574720000000000e+08
6.561518720000000000e+08
1.406493184000000000e+09
2.842298880000000000e+09
1.596534016000000000e+09
7.266855680000000000e+08
7.930715520000000000e+08
4.842784960000000000e+08
9.235800320000000000e+08
1.046189120000000000e+09
1.390924544000000000e+09
8.777580800000000000e+08
6.794061440000000000e+08
8.110329600000000000e+08
3.093388032000000000e+09
6.294074880000000000e+08
1.008971392000000000e+09
7.346613760000000000e+08
1.386965376000000000e+09
1.157366528000000000e+09
8.497628160000000000e+08
2.945346304000000000e+09
8.033397120000000000e+08
5.450663040000000000e+08
8.718709120000000000e+08
1.212686592000000000e+09
9.370504320000000000e+08
2.679602432000000000e+09
7.187463040000000000e+08
9.305407360000000000e+08
7.369212800000000000e+08
1.001029504000000000e+09
9.761130880000000000e+08
9.697000960000000000e+08
1.646297984000000000e+09
9.163849600000000000e+08
9.077352960000000000e+08
7.582743040000000000e+08
8.176788480000000000e+08
5.249547840000000000e+08
1.032427648000000000e+09
6.042970880000000000e+08
1.362564480000000000e+09
3.574777344000000000e+09
1.142687104000000000e+09
1.238289152000000000e+09
1.165278336000000000e+09
9.298290560000000000e+08
7.466615040000000000e+08
5.384515200000000000e+08
8.484357120000000000e+08
3.108982272000000000e+09
7.470146560000000000e+08
1.016532800000000000e+09
1.459395712000000000e+09
7.292520960000000000e+08
6.802792320000000000e+08
7.059688320000000000e+08
6.784769280000000000e+08
8.804878080000000000e+08
3.174011648000000000e+09
1.185525248000000000e+09
2.752000768000000000e+09
4.755324160000000000e+08
7.103436800000000000e+08
1.027086528000000000e+09
9.383235200000000000e+08
9.588222720000000000e+08
7.880830080000000000e+08
1.527935360000000000e+09
1.432647040000000000e+09
8.352042240000000000e+08
2.976565504000000000e+09
8.764466560000000000e+08
1.157069056000000000e+09
1.218103552000000000e+09
8.859493120000000000e+08
1.143727360000000000e+09
6.466926080000000000e+08
8.648604160000000000e+08
5.454487680000000000e+08
1.363522048000000000e+09
3.369903872000000000e+09
7.937423360000000000e+08
1.263502848000000000e+09
9.087256320000000000e+08
7.391893760000000000e+08
7.269953920000000000e+08
6.299371520000000000e+08
7.555842560000000000e+08
7.830391040000000000e+08
7.708764800000000000e+08
1.177788928000000000e+09
8.051323520000000000e+08
1.331697152000000000e+09
2.955310848000000000e+09
9.850833920000000000e+08
8.377407360000000000e+08
1.117782528000000000e+09
7.626833280000000000e+08
2.857093888000000000e+09
7.713374720000000000e+08
1.444272128000000000e+09
8.985566720000000000e+08
1.195399040000000000e+09
6.639408000000000000e+08
6.803817600000000000e+08
8.406784000000000000e+08
6.140354560000000000e+08
1.900686592000000000e+09
9.456705280000000000e+08
3.182055424000000000e+09
8.494408320000000000e+08
8.961331200000000000e+08
5.214216320000000000e+08
6.109880960000000000e+08
1.076992768000000000e+09
1.312071424000000000e+09
6.015705600000000000e+08
6.588610560000000000e+08
6.221152000000000000e+08
3.520353024000000000e+09
9.723731200000000000e+08
8.682914560000000000e+08
7.600229120000000000e+08
1.266847360000000000e+09
4.742167040000000000e+08
9.259914240000000000e+08
5.964401280000000000e+08
8.519247360000000000e+08
9.658291200000000000e+08
1.450013952000000000e+09
2.977213696000000000e+09
7.730184320000000000e+08
2.049721600000000000e+09
3.057451264000000000e+09
8.772177920000000000e+08
6.801589760000000000e+08
6.609936640000000000e+08
5.895415040000000000e+08
6.847777280000000000e+08
7.123032320000000000e+08
1.006659392000000000e+09
1.630766080000000000e+09
9.892615680000000000e+08
9.816042240000000000e+08
8.270624000000000000e+08
7.579584640000000000e+08
6.161848320000000000e+08
6.618023680000000000e+08
3.164680192000000000e+09
7.492536960000000000e+08
7.447598720000000000e+08
8.513927680000000000e+08
8.027095040000000000e+08
8.032501120000000000e+08
2.957482496000000000e+09
1.109441792000000000e+09
1.160613248000000000e+09
7.465034240000000000e+08
1.102001920000000000e+09
8.665644160000000000e+08
7.823941120000000000e+08
9.546079360000000000e+08
1.017120640000000000e+09
1.213145344000000000e+09
1.118141952000000000e+09
2.784073216000000000e+09
8.672521600000000000e+08
6.326609920000000000e+08
6.241003520000000000e+08
8.582952960000000000e+08
6.552133760000000000e+08
9.838876160000000000e+08
9.596960000000000000e+08
1.520269184000000000e+09
6.945393280000000000e+08
2.847689472000000000e+09
1.116335232000000000e+09
6.730555520000000000e+08
9.247815040000000000e+08
4.847243520000000000e+08
8.250013440000000000e+08
8.459717120000000000e+08
1.021248768000000000e+09
2.812901376000000000e+09
1.382544896000000000e+09
9.095895680000000000e+08
6.695564800000000000e+08
1.153979008000000000e+09
9.858375040000000000e+08
2.884637440000000000e+09
8.613288960000000000e+08
5.612119040000000000e+08
1.538356992000000000e+09
5.875461760000000000e+08
8.316210560000000000e+08
7.026350080000000000e+08
5.920567680000000000e+08
5.488440960000000000e+08
7.405813760000000000e+08
1.141857280000000000e+09
7.085185920000000000e+08
1.657299968000000000e+09
1.014896640000000000e+09
3.093416448000000000e+09
6.671673600000000000e+08
1.096993152000000000e+09
3.168886784000000000e+09
7.811270400000000000e+08
1.244131328000000000e+09
8.509124480000000000e+08
8.738087680000000000e+08
5.492217600000000000e+08
8.952622720000000000e+08
7.452734720000000000e+08
5.973848320000000000e+08
6.665962240000000000e+08
7.534027520000000000e+08
8.915332480000000000e+08
6.243568640000000000e+08
1.363389312000000000e+09
1.492386944000000000e+09
2.987176448000000000e+09
8.606446080000000000e+08
7.894984320000000000e+08
8.264386560000000000e+08
1.282540544000000000e+09
7.375566720000000000e+08
3.076052992000000000e+09
8.889875200000000000e+08
8.473370880000000000e+08
7.828295040000000000e+08
8.044215040000000000e+08
9.463148800000000000e+08
9.935044480000000000e+08
1.202836608000000000e+09
4.566536640000000000e+08
5.954027520000000000e+08
9.209327360000000000e+08
1.192553472000000000e+09
2.993443840000000000e+09
9.214670080000000000e+08
1.337784448000000000e+09
7.274338560000000000e+08
6.600389120000000000e+08
8.263827200000000000e+08
1.025126784000000000e+09
2.847200000000000000e+09
7.647843840000000000e+08
8.281769600000000000e+08
9.369025280000000000e+08
7.643572480000000000e+08
6.493631360000000000e+08
6.963541120000000000e+08
3.264854272000000000e+09
1.092272512000000000e+09
6.687278720000000000e+08
1.195919616000000000e+09
7.999045120000000000e+08
7.656503040000000000e+08
1.054059456000000000e+09
8.917609600000000000e+08
8.676643840000000000e+08
3.062732800000000000e+09
7.079908480000000000e+08
1.364731136000000000e+09
5.705385600000000000e+08
8.132688640000000000e+08
7.004785920000000000e+08
1.320367488000000000e+09
1.065522688000000000e+09
2.908781056000000000e+09
6.361478400000000000e+08
5.932673280000000000e+08
5.411670400000000000e+08
1.400442496000000000e+09
8.535755520000000000e+08
9.061772800000000000e+08
6.282012800000000000e+08
8.163740800000000000e+08
6.391579520000000000e+08
8.124379520000000000e+08
3.602547968000000000e+09
6.962345600000000000e+08
1.037407104000000000e+09
7.637144320000000000e+08
1.384474880000000000e+09
1.152555008000000000e+09
5.998711680000000000e+08
1.135065728000000000e+09
5.363888640000000000e+08
7.329530240000000000e+08
8.809166720000000000e+08
2.883463424000000000e+09
6.333377280000000000e+08
7.042396160000000000e+08
1.316560768000000000e+09
8.585432320000000000e+08
1.468545664000000000e+09
6.321462400000000000e+08
2.820948992000000000e+09
8.799439360000000000e+08
6.401946880000000000e+08
6.546945280000000000e+08
8.830727040000000000e+08
5.812314240000000000e+08
4.987315200000000000e+08
8.871684480000000000e+08
7.215074560000000000e+08
1.425283584000000000e+09
1.383144960000000000e+09
2.726806016000000000e+09
9.275936000000000000e+08
9.096546560000000000e+08
7.731564800000000000e+08
8.111665920000000000e+08
8.053919360000000000e+08
2.985936640000000000e+09
1.213007744000000000e+09
6.713831040000000000e+08
1.024140096000000000e+09
8.845036800000000000e+08
9.101621760000000000e+08
2.459824896000000000e+09
9.608328960000000000e+08
1.432620288000000000e+09
1.006886016000000000e+09
7.812023680000000000e+08
8.714243840000000000e+08
6.853077120000000000e+08
8.164510080000000000e+08
8.055974400000000000e+08
8.243580160000000000e+08
7.449448320000000000e+08
9.443369600000000000e+08
6.159879040000000000e+08
1.041063424000000000e+09
1.078048128000000000e+09
6.558424960000000000e+08
2.961708032000000000e+09
8.937866880000000000e+08
1.102385536000000000e+09
9.144715520000000000e+08
3.367786496000000000e+09
6.829578880000000000e+08
4.977310720000000000e+08
8.433618560000000000e+08
1.020464256000000000e+09
6.043568640000000000e+08
8.520379520000000000e+08
8.961666560000000000e+08
9.981617920000000000e+08
1.553945216000000000e+09
7.158199040000000000e+08
2.696271616000000000e+09
8.258997120000000000e+08
7.215267200000000000e+08
7.597559680000000000e+08
1.018169792000000000e+09
1.492764160000000000e+09
9.034910720000000000e+08
2.760708864000000000e+09
7.814577920000000000e+08
7.538232320000000000e+08
6.022405760000000000e+08
8.383882240000000000e+08
8.661966080000000000e+08
5.744499200000000000e+08
8.084602880000000000e+08
6.848675840000000000e+08
7.910855680000000000e+08
6.177187200000000000e+08
3.237029120000000000e+09
7.782008320000000000e+08
1.382746880000000000e+09
9.215660800000000000e+08
7.589011200000000000e+08
1.021935488000000000e+09
6.590957440000000000e+08
8.887655040000000000e+08
1.126524800000000000e+09
1.056139776000000000e+09
2.729663488000000000e+09
6.142528640000000000e+08
1.006150848000000000e+09
8.291703040000000000e+08
8.845266560000000000e+08
8.145978880000000000e+08
1.088445184000000000e+09
6.035479040000000000e+08
8.161498880000000000e+08
1.179338112000000000e+09
7.098515200000000000e+08
2.972988672000000000e+09
9.604716800000000000e+08
9.202617600000000000e+08
5.191413760000000000e+08
6.515224960000000000e+08
2.904710144000000000e+09
9.891710080000000000e+08
5.016761280000000000e+08
1.112312192000000000e+09
1.278215424000000000e+09
9.136762240000000000e+08
7.310096000000000000e+08
8.567130240000000000e+08
9.323759360000000000e+08
8.304161280000000000e+08
3.592037376000000000e+09
7.322288640000000000e+08
6.414227200000000000e+08
6.766044160000000000e+08
1.175117568000000000e+09
6.934327680000000000e+08
1.331603072000000000e+09
6.848524800000000000e+08
9.206805120000000000e+08
7.473592320000000000e+08
9.516894720000000000e+08
2.936509440000000000e+09
6.977485440000000000e+08
8.354804480000000000e+08
8.152892800000000000e+08
2.708235264000000000e+09
7.073200000000000000e+08
5.646383360000000000e+08
8.496472320000000000e+08
8.209731840000000000e+08
7.795914240000000000e+08
1.820619008000000000e+09
5.847439360000000000e+08
8.928940160000000000e+08
7.783605120000000000e+08
9.280491520000000000e+08
2.685618688000000000e+09
9.759735040000000000e+08
1.477651968000000000e+09
7.884652160000000000e+08
8.318647680000000000e+08
7.633258240000000000e+08
1.603632000000000000e+09
7.952757120000000000e+08
2.590971392000000000e+09
8.721406720000000000e+08
6.756573440000000000e+08
9.690108160000000000e+08
6.906613120000000000e+08
8.369877760000000000e+08
7.069297280000000000e+08
6.761048960000000000e+08
5.562899200000000000e+08
7.788404480000000000e+08
1.649409152000000000e+09
8.020008960000000000e+08
8.020006400000000000e+08
3.187571712000000000e+09
5.078274240000000000e+08
6.957205760000000000e+08
2.927616512000000000e+09
1.364523520000000000e+09
7.044421120000000000e+08
6.732531840000000000e+08
7.698532480000000000e+08
9.807083520000000000e+08
6.272720640000000000e+08
9.667168000000000000e+08
5.173431040000000000e+08
6.826430720000000000e+08
1.000938176000000000e+09
7.214055680000000000e+08
9.694382080000000000e+08
3.062404352000000000e+09
7.532325120000000000e+08
9.770407040000000000e+08
1.026441472000000000e+09
1.078200192000000000e+09
6.155762560000000000e+08
8.488429440000000000e+08
1.058365952000000000e+09
7.195586560000000000e+08
6.644163840000000000e+08
1.016287552000000000e+09
2.870519296000000000e+09
9.443403520000000000e+08
6.338695040000000000e+08
7.259554560000000000e+08
7.874236160000000000e+08
3.074106368000000000e+09
1.461795456000000000e+09
6.622378240000000000e+08
6.891528960000000000e+08
6.236535040000000000e+08
8.395040000000000000e+08
1.105828352000000000e+09
8.113463040000000000e+08
2.658866688000000000e+09
6.245036160000000000e+08
9.056481280000000000e+08
9.192109440000000000e+08
8.455476480000000000e+08
1.093534464000000000e+09
8.488801280000000000e+08
5.078030080000000000e+08
2.557386752000000000e+09
7.873358080000000000e+08
1.023397376000000000e+09
6.235130880000000000e+08
1.242246016000000000e+09
9.069183360000000000e+08
8.754650880000000000e+08
1.150241024000000000e+09
9.606192640000000000e+08
1.057764096000000000e+09
5.967038720000000000e+08
1.340044672000000000e+09
2.740421888000000000e+09
6.814113920000000000e+08
7.017262080000000000e+08
6.867580800000000000e+08
8.499850880000000000e+08
8.535900800000000000e+08
5.902044160000000000e+08
1.480243584000000000e+09
1.054906624000000000e+09
4.978662400000000000e+08
3.072095232000000000e+09
5.645107200000000000e+08
6.704778880000000000e+08
8.698620160000000000e+08
8.122506240000000000e+08
7.449658880000000000e+08
7.540901120000000000e+08
8.525637120000000000e+08
7.613220480000000000e+08
1.037709568000000000e+09
7.187633920000000000e+08
9.672243840000000000e+08
2.709987840000000000e+09
1.342024064000000000e+09
8.003361920000000000e+08
8.813438720000000000e+08
2.770126848000000000e+09
6.117660160000000000e+08
6.560414720000000000e+08
1.246786176000000000e+09
7.825912960000000000e+08
5.248516480000000000e+08
5.822469760000000000e+08
8.516979200000000000e+08
5.857402240000000000e+08
8.301831680000000000e+08
9.103586560000000000e+08
2.733089024000000000e+09
1.472849408000000000e+09
8.656229120000000000e+08
8.306565120000000000e+08
7.708659200000000000e+08
9.346270080000000000e+08
4.942243200000000000e+08
5.620664960000000000e+08
1.355468544000000000e+09
8.727006720000000000e+08
2.753394688000000000e+09
8.168638080000000000e+08
1.035489664000000000e+09
8.657831040000000000e+08
1.540507648000000000e+09
9.556190720000000000e+08
2.606429696000000000e+09
6.839966720000000000e+08
5.053849920000000000e+08
8.680004480000000000e+08
7.329445120000000000e+08
8.020606720000000000e+08
2.451990784000000000e+09
1.154759424000000000e+09
6.006422400000000000e+08
1.107001216000000000e+09
1.258997632000000000e+09
7.220278400000000000e+08
5.754846080000000000e+08
6.980464000000000000e+08
9.330192000000000000e+08
4.852431360000000000e+08
8.528938880000000000e+08
7.456724480000000000e+08
9.100232960000000000e+08
3.387559424000000000e+09
9.411199360000000000e+08
8.343716480000000000e+08
7.277946240000000000e+08
6.627329280000000000e+08
1.132641024000000000e+09
1.055040576000000000e+09
7.287404800000000000e+08
6.652921600000000000e+08
4.972973440000000000e+08
1.006779008000000000e+09
2.847532288000000000e+09
6.502433920000000000e+08
9.598629120000000000e+08
1.036698752000000000e+09
6.082469120000000000e+08
6.071803520000000000e+08
9.010837120000000000e+08
9.439544960000000000e+08
1.145663488000000000e+09
7.534628480000000000e+08
2.835279104000000000e+09
7.723320960000000000e+08
7.054101760000000000e+08
7.684865920000000000e+08
6.911477120000000000e+08
5.572195200000000000e+08
1.549485184000000000e+09
7.341927040000000000e+08
5.607462400000000000e+08
2.953124352000000000e+09
8.854579840000000000e+08
9.672596480000000000e+08
6.133125120000000000e+08
4.764895680000000000e+08
9.237497600000000000e+08
2.749988608000000000e+09
1.450816256000000000e+09
7.388296960000000000e+08
5.811008000000000000e+08
8.781462400000000000e+08
8.760588800000000000e+08
2.567739392000000000e+09
7.157527680000000000e+08
1.027618368000000000e+09
7.211365760000000000e+08
7.133880960000000000e+08
1.109408768000000000e+09
9.632060160000000000e+08
7.616753920000000000e+08
6.980238720000000000e+08
6.868242560000000000e+08
1.152875136000000000e+09
5.995351680000000000e+08
6.057280000000000000e+08
8.704714240000000000e+08
5.905829120000000000e+08
3.179802368000000000e+09
1.024843456000000000e+09
2.554654464000000000e+09
1.190330240000000000e+09
8.907347200000000000e+08
6.767862400000000000e+08
7.543941760000000000e+08
6.563567360000000000e+08
4.945427200000000000e+08
1.128891136000000000e+09
1.078870144000000000e+09
7.647169920000000000e+08
9.104200320000000000e+08
6.014028800000000000e+08
6.014336640000000000e+08
9.514794240000000000e+08
3.245049856000000000e+09
8.311662080000000000e+08
7.963209600000000000e+08
5.648089600000000000e+08
7.298407040000000000e+08
6.733285120000000000e+08
7.918650240000000000e+08
9.497131520000000000e+08
1.048566080000000000e+09
6.354754560000000000e+08
9.675728000000000000e+08
2.709511168000000000e+09
6.917419520000000000e+08
1.461377920000000000e+09
5.811821440000000000e+08
4.281290880000000000e+08
1.310563328000000000e+09
7.571208320000000000e+08
6.931818880000000000e+08
7.049058560000000000e+08
2.965466112000000000e+09
6.158494720000000000e+08
5.558384640000000000e+08
1.165150592000000000e+09
2.785674240000000000e+09
1.014720768000000000e+09
6.340998400000000000e+08
8.468362240000000000e+08
1.104289536000000000e+09
6.635472000000000000e+08
8.070279680000000000e+08
8.961010560000000000e+08
6.287016960000000000e+08
6.414817920000000000e+08
5.766913920000000000e+08
1.059089152000000000e+09
2.448218112000000000e+09
1.310634624000000000e+09
1.233630208000000000e+09
7.789482240000000000e+08
7.711979520000000000e+08
7.783887360000000000e+08
5.120009600000000000e+08
9.942428160000000000e+08
2.548890880000000000e+09
1.239851008000000000e+09
1.185137792000000000e+09
5.957912320000000000e+08
7.864264960000000000e+08
1.318129152000000000e+09
8.036410880000000000e+08
6.616118400000000000e+08
8.044471040000000000e+08
7.908805760000000000e+08
5.626548480000000000e+08
1.133070208000000000e+09
6.714060160000000000e+08
2.630994944000000000e+09
8.839952000000000000e+08
7.927079680000000000e+08
2.438308352000000000e+09
7.706592000000000000e+08
1.139468928000000000e+09
1.032194368000000000e+09
4.771384640000000000e+08
8.109644160000000000e+08
1.062761408000000000e+09
1.458301440000000000e+09
1.039966144000000000e+09
7.999100160000000000e+08
6.751131520000000000e+08
6.452298240000000000e+08
6.684821760000000000e+08
2.682082816000000000e+09
6.328519680000000000e+08
7.395684480000000000e+08
1.299952384000000000e+09
1.081006336000000000e+09
6.969370880000000000e+08
1.036499584000000000e+09
5.915272960000000000e+08
5.961425280000000000e+08
9.606149760000000000e+08
5.585228160000000000e+08
2.790611200000000000e+09
5.652753920000000000e+08
6.338232320000000000e+08
1.045222912000000000e+09
9.555965440000000000e+08
7.761697280000000000e+08
7.074071040000000000e+08
6.824552320000000000e+08
1.152914560000000000e+09
8.924105600000000000e+08
2.539506688000000000e+09
6.929080960000000000e+08
8.102014080000000000e+08
7.252191360000000000e+08
1.199126272000000000e+09
1.305688320000000000e+09
8.397542400000000000e+08
6.452752000000000000e+08
6.073241600000000000e+08
9.071525120000000000e+08
1.015141504000000000e+09
1.349676416000000000e+09
2.583959296000000000e+09
8.296770560000000000e+08
7.421553920000000000e+08
7.492795520000000000e+08
6.631334400000000000e+08
4.390842880000000000e+08
1.443146240000000000e+09
6.777559680000000000e+08
6.827624960000000000e+08
9.300135680000000000e+08
6.888536960000000000e+08
2.895954432000000000e+09
6.451909120000000000e+08
5.415912960000000000e+08
7.640351360000000000e+08
3.134585344000000000e+09
9.140583680000000000e+08
5.958045440000000000e+08
8.606474240000000000e+08
8.477316480000000000e+08
7.992762880000000000e+08
6.279067520000000000e+08
5.694375680000000000e+08
9.196932480000000000e+08
6.206244480000000000e+08
4.515441920000000000e+08
1.057642048000000000e+09
4.890129920000000000e+08
9.417020800000000000e+08
7.519400960000000000e+08
5.504350720000000000e+08
1.027004608000000000e+09
3.393781504000000000e+09
6.912390400000000000e+08
6.188612480000000000e+08
2.934908928000000000e+09
5.446600320000000000e+08
7.122001920000000000e+08
1.437569408000000000e+09
5.521349120000000000e+08
9.377674880000000000e+08
8.855823360000000000e+08
7.178540800000000000e+08
6.034252160000000000e+08
8.040092800000000000e+08
5.502997760000000000e+08
2.702965504000000000e+09
1.544094208000000000e+09
8.082816000000000000e+08
9.333473280000000000e+08
5.857679360000000000e+08
2.621015296000000000e+09
6.797330560000000000e+08
9.011154560000000000e+08
1.069376384000000000e+09
9.087214720000000000e+08
6.862694400000000000e+08
7.853936000000000000e+08
5.480442240000000000e+08
1.123367424000000000e+09
2.519522304000000000e+09
7.991501440000000000e+08
4.465838720000000000e+08
5.667322240000000000e+08
8.302712320000000000e+08
8.603939840000000000e+08
1.335817344000000000e+09
7.469978880000000000e+08
9.844177280000000000e+08
7.902488320000000000e+08
2.486944256000000000e+09
8.976499200000000000e+08
7.389033600000000000e+08
1.027631616000000000e+09
1.454050432000000000e+09
5.920519680000000000e+08
6.725848960000000000e+08
5.875118720000000000e+08
2.476044800000000000e+09
1.035828224000000000e+09
4.760086720000000000e+08
5.674953600000000000e+08
8.564632960000000000e+08
8.106851840000000000e+08
1.384424064000000000e+09
8.596360960000000000e+08
7.765844480000000000e+08
6.763488640000000000e+08
6.122898560000000000e+08
6.894064000000000000e+08
8.772970240000000000e+08
2.765310208000000000e+09
1.011924224000000000e+09
5.886371200000000000e+08
1.463191552000000000e+09
6.348421120000000000e+08
2.663237376000000000e+09
5.260764800000000000e+08
5.171369600000000000e+08
6.980718080000000000e+08
1.142158976000000000e+09
1.086049024000000000e+09
8.028975360000000000e+08
8.580821760000000000e+08
7.397555200000000000e+08
5.623632640000000000e+08
2.629318656000000000e+09
1.019993920000000000e+09
1.173947520000000000e+09
5.828124160000000000e+08
7.971722240000000000e+08
6.953416960000000000e+08
5.021927680000000000e+08
1.164634880000000000e+09
6.962791680000000000e+08
6.654698240000000000e+08
5.868427520000000000e+08
8.591427200000000000e+08
1.064275456000000000e+09
8.991032320000000000e+08
7.271672320000000000e+08
9.916215040000000000e+08
2.667581440000000000e+09
1.342872832000000000e+09
6.532328320000000000e+08
8.803207040000000000e+08
6.683473920000000000e+08
2.794664960000000000e+09
5.570112000000000000e+08
7.655527040000000000e+08
4.689870080000000000e+08
9.339608960000000000e+08
5.998457600000000000e+08
9.961284480000000000e+08
1.022549312000000000e+09
6.594139520000000000e+08
1.069720960000000000e+09
2.610625536000000000e+09
5.218069760000000000e+08
7.125267200000000000e+08
9.609857280000000000e+08
7.634769920000000000e+08
2.328741632000000000e+09
6.496122240000000000e+08
6.986118400000000000e+08
9.527170560000000000e+08
6.795264640000000000e+08
8.348950400000000000e+08
1.176476032000000000e+09
1.099416192000000000e+09
2.479979776000000000e+09
1.207605248000000000e+09
1.203780864000000000e+09
5.251309760000000000e+08
6.679512960000000000e+08
9.040997120000000000e+08
9.969669760000000000e+08
6.192816640000000000e+08
6.644467200000000000e+08
7.202678400000000000e+08
5.743767040000000000e+08
6.174507520000000000e+08
1.212862464000000000e+09
8.866408960000000000e+08
2.725956864000000000e+09
6.581272960000000000e+08
7.587020800000000000e+08
8.858169600000000000e+08
5.579361280000000000e+08
7.913410560000000000e+08
9.006398720000000000e+08
1.418706176000000000e+09
8.078883840000000000e+08
2.440647680000000000e+09
6.145325440000000000e+08
7.952494080000000000e+08
7.831360000000000000e+08
7.354151040000000000e+08
5.751440640000000000e+08
9.660604160000000000e+08
7.496813440000000000e+08
8.040987520000000000e+08
2.870793728000000000e+09
9.596686720000000000e+08
7.222796160000000000e+08
6.298429440000000000e+08
6.795212800000000000e+08
1.069151744000000000e+09
1.103246592000000000e+09
2.798988544000000000e+09
4.203730560000000000e+08
5.711217280000000000e+08
9.378714880000000000e+08
7.905864960000000000e+08
6.184084480000000000e+08
3.145005824000000000e+09
7.868057600000000000e+08
7.836682240000000000e+08
5.452830720000000000e+08
5.273777920000000000e+08
8.746878080000000000e+08
6.481020800000000000e+08
8.148696320000000000e+08
6.302257280000000000e+08
8.028972160000000000e+08
7.276435200000000000e+08
2.941563136000000000e+09
1.006541056000000000e+09
6.417342720000000000e+08
8.222487040000000000e+08
6.298226560000000000e+08
5.901420800000000000e+08
7.096368640000000000e+08
8.830888960000000000e+08
6.119260800000000000e+08
5.086834880000000000e+08
2.506130944000000000e+09
1.032482880000000000e+09
1.097504768000000000e+09
1.129632512000000000e+09
7.066643200000000000e+08
6.522845440000000000e+08
8.424520960000000000e+08
2.476530944000000000e+09
7.305099520000000000e+08
9.347469440000000000e+08
1.609789184000000000e+09
5.737616640000000000e+08
5.919303040000000000e+08
5.656419200000000000e+08
7.716989440000000000e+08
9.671228800000000000e+08
5.029813440000000000e+08
9.738337280000000000e+08
2.534234368000000000e+09
7.503991040000000000e+08
1.068851456000000000e+09
5.399176960000000000e+08
6.760228480000000000e+08
8.232293120000000000e+08
8.403896960000000000e+08
8.725775360000000000e+08
8.634926720000000000e+08
7.024759040000000000e+08
9.912208640000000000e+08
4.435670400000000000e+08
6.031077760000000000e+08
7.292049920000000000e+08
2.791256576000000000e+09
5.483878400000000000e+08
1.294598144000000000e+09
4.072629440000000000e+08
9.548217600000000000e+08
8.322659200000000000e+08
8.345804160000000000e+08
2.570304512000000000e+09
6.995095040000000000e+08
7.041580160000000000e+08
7.453731200000000000e+08
1.184484096000000000e+09
5.687303680000000000e+08
1.069982720000000000e+09
5.680318080000000000e+08
6.054172160000000000e+08
1.053513600000000000e+09
5.921933440000000000e+08
2.484583424000000000e+09
9.204345600000000000e+08
5.218508800000000000e+08
6.457184640000000000e+08
5.050862720000000000e+08
6.387536000000000000e+08
7.437822080000000000e+08
3.055182592000000000e+09
7.467389440000000000e+08
9.394430720000000000e+08
5.823178240000000000e+08
8.919010560000000000e+08
5.073475520000000000e+08
8.851409280000000000e+08
8.397079040000000000e+08
7.948976000000000000e+08
8.029141120000000000e+08
1.050475648000000000e+09
2.485728000000000000e+09
7.437311360000000000e+08
7.059753600000000000e+08
7.715185280000000000e+08
2.775296256000000000e+09
7.344405120000000000e+08
9.214593280000000000e+08
8.693893760000000000e+08
7.187957760000000000e+08
5.197945600000000000e+08
8.118670080000000000e+08
4.893392320000000000e+08
1.211123456000000000e+09
1.196815104000000000e+09
7.087631360000000000e+08
6.587276800000000000e+08
2.256497920000000000e+09
6.101116800000000000e+08
6.731848960000000000e+08
4.954537920000000000e+08
6.374355840000000000e+08
8.271459840000000000e+08
8.278967040000000000e+08
1.264610432000000000e+09
6.155731200000000000e+08
5.612468480000000000e+08
2.925259776000000000e+09
6.664729600000000000e+08
8.951377920000000000e+08
7.757536000000000000e+08
9.704047360000000000e+08
6.735854080000000000e+08
9.288455680000000000e+08
6.593304320000000000e+08
2.228377600000000000e+09
7.103102720000000000e+08
7.810775040000000000e+08
8.403368960000000000e+08
2.323448832000000000e+09
5.046104960000000000e+08
9.348188160000000000e+08
5.398396800000000000e+08
6.813260800000000000e+08
7.238123520000000000e+08
6.978357120000000000e+08
1.378685440000000000e+09
5.491036160000000000e+08
7.611656960000000000e+08
5.881637760000000000e+08
2.498708992000000000e+09
1.058087104000000000e+09
6.474259200000000000e+08
5.865233920000000000e+08
9.622638080000000000e+08
1.006107520000000000e+09
6.318000000000000000e+08
5.357445760000000000e+08
6.172420480000000000e+08
1.313822464000000000e+09
2.420968448000000000e+09
5.659901440000000000e+08
7.483047040000000000e+08
8.693794560000000000e+08
9.451642880000000000e+08
5.600160640000000000e+08
6.073936640000000000e+08
7.133413760000000000e+08
8.567064320000000000e+08
4.328842240000000000e+08
1.198129792000000000e+09
2.390142976000000000e+09
5.562890880000000000e+08
1.125072128000000000e+09
6.615823360000000000e+08
1.307474176000000000e+09
6.547746560000000000e+08
6.914218240000000000e+08
2.431026944000000000e+09
6.251749120000000000e+08
8.140576000000000000e+08
8.186104960000000000e+08
6.670104320000000000e+08
9.830187520000000000e+08
7.121653760000000000e+08
8.044184960000000000e+08
8.220387840000000000e+08
1.206142720000000000e+09
5.914976640000000000e+08
7.183075200000000000e+08
5.805452800000000000e+08
2.164049152000000000e+09
6.320441600000000000e+08
7.453492480000000000e+08
9.616035840000000000e+08
1.037784576000000000e+09
5.840540800000000000e+08
6.682759680000000000e+08
7.948552960000000000e+08
2.238517760000000000e+09
1.007304832000000000e+09
6.169187840000000000e+08
5.537418880000000000e+08
1.003440768000000000e+09
6.277246080000000000e+08
6.229136640000000000e+08
7.965293440000000000e+08
1.334170368000000000e+09
5.005984000000000000e+08
2.413405184000000000e+09
5.249136000000000000e+08
6.998622720000000000e+08
8.304720640000000000e+08
8.579988480000000000e+08
6.089396480000000000e+08
9.098759680000000000e+08
2.427013376000000000e+09
7.756913280000000000e+08
9.486005760000000000e+08
8.633083520000000000e+08
7.576776960000000000e+08
9.337676800000000000e+08
4.280352320000000000e+08
2.421136384000000000e+09
6.886142720000000000e+08
7.676268800000000000e+08
1.242401536000000000e+09
6.337831040000000000e+08
2.109399040000000000e+09
5.195584960000000000e+08
5.260382720000000000e+08
6.301240320000000000e+08
7.350708480000000000e+08
6.986081920000000000e+08
1.410787840000000000e+09
1.126785408000000000e+09
6.346472960000000000e+08
7.799258880000000000e+08
1.103072768000000000e+09
8.453640960000000000e+08
6.976192000000000000e+08
2.540346112000000000e+09
5.515255040000000000e+08
5.825596160000000000e+08
6.037863680000000000e+08
7.722638080000000000e+08
6.163673600000000000e+08
8.243129600000000000e+08
7.393756800000000000e+08
6.171747200000000000e+08
4.930876800000000000e+08
8.856123520000000000e+08
9.920007680000000000e+08
2.392029696000000000e+09
7.113384320000000000e+08
6.581023360000000000e+08
7.112902400000000000e+08
3.783541440000000000e+08
1.991819136000000000e+09
1.292854912000000000e+09
8.528209280000000000e+08
6.647905280000000000e+08
7.275959040000000000e+08
1.075205248000000000e+09
5.958489600000000000e+08
5.134246400000000000e+08
7.827860480000000000e+08
7.929905280000000000e+08
8.087855360000000000e+08
2.175329536000000000e+09
5.606449920000000000e+08
1.369207552000000000e+09
8.457493760000000000e+08
7.114379520000000000e+08
1.161081216000000000e+09
5.286167680000000000e+08
9.629566720000000000e+08
6.952100480000000000e+08
7.200096000000000000e+08
2.242537984000000000e+09
5.417342720000000000e+08
6.998323200000000000e+08
1.094243200000000000e+09
2.015589376000000000e+09
5.564928640000000000e+08
5.786488960000000000e+08
1.497049088000000000e+09
8.628448000000000000e+08
8.061993600000000000e+08
5.497137920000000000e+08
7.130583040000000000e+08
6.608237440000000000e+08
4.330762880000000000e+08
2.592988672000000000e+09
7.333014400000000000e+08
6.778762240000000000e+08
8.304856320000000000e+08
7.626073600000000000e+08
8.739788800000000000e+08
9.190074880000000000e+08
2.297753088000000000e+09
9.447557760000000000e+08
6.311118080000000000e+08
6.435320320000000000e+08
6.873421440000000000e+08
5.743449600000000000e+08
9.289175040000000000e+08
1.327431424000000000e+09
6.569985280000000000e+08
8.424222720000000000e+08
2.203045376000000000e+09
4.702215040000000000e+08
8.081557760000000000e+08
9.433168000000000000e+08
1.027751680000000000e+09
5.311239680000000000e+08
8.337679360000000000e+08
6.509581440000000000e+08
7.445125760000000000e+08
5.791137280000000000e+08
6.877143040000000000e+08
6.894163840000000000e+08
9.315090560000000000e+08
2.268648704000000000e+09
8.449658880000000000e+08
9.315486080000000000e+08
5.855376640000000000e+08
5.976584320000000000e+08
6.783046400000000000e+08
7.983182720000000000e+08
5.233455360000000000e+08
2.569143808000000000e+09
7.377207040000000000e+08
1.291317632000000000e+09
5.235440320000000000e+08
4.821432960000000000e+08
5.051024640000000000e+08
4.970963840000000000e+08
1.015065984000000000e+09
8.104151680000000000e+08
7.570666240000000000e+08
7.142454400000000000e+08
2.146980608000000000e+09
6.518930560000000000e+08
1.216070272000000000e+09
1.053542016000000000e+09
1.888398592000000000e+09
5.763466880000000000e+08
8.196438400000000000e+08
6.257706880000000000e+08
1.078214784000000000e+09
5.553999360000000000e+08
7.908434560000000000e+08
7.495980160000000000e+08
1.897658880000000000e+09
5.031232000000000000e+08
6.596642560000000000e+08
6.545679360000000000e+08
1.136877184000000000e+09
1.132000256000000000e+09
6.114675840000000000e+08
8.195205120000000000e+08
9.050341760000000000e+08
1.549494144000000000e+09
7.194177920000000000e+08
2.408875520000000000e+09
6.026808320000000000e+08
6.367145600000000000e+08
7.608059520000000000e+08
4.805413760000000000e+08
5.868623360000000000e+08
7.978944640000000000e+08
6.922866560000000000e+08
7.178456960000000000e+08
5.022670400000000000e+08
8.558012800000000000e+08
1.058477824000000000e+09
8.099823360000000000e+08
9.683968000000000000e+08
7.756619520000000000e+08
1.998881280000000000e+09
6.484820480000000000e+08
6.384399360000000000e+08
9.356693120000000000e+08
1.331123328000000000e+09
1.954914304000000000e+09
6.984306560000000000e+08
7.252999040000000000e+08
8.534036480000000000e+08
6.702321280000000000e+08
6.762169600000000000e+08
1.007568832000000000e+09
7.186404480000000000e+08
7.840824960000000000e+08
4.423304640000000000e+08
7.808110720000000000e+08
5.642458240000000000e+08
2.280992512000000000e+09
8.877805440000000000e+08
5.816250880000000000e+08
7.778320640000000000e+08
6.083706240000000000e+08
7.737040640000000000e+08
6.063164160000000000e+08
2.171928064000000000e+09
4.919146240000000000e+08
9.896307840000000000e+08
1.157796992000000000e+09
4.648211200000000000e+08
5.623500160000000000e+08
8.074024960000000000e+08
6.481935360000000000e+08
7.202760960000000000e+08
2.115533312000000000e+09
1.141780480000000000e+09
4.490235520000000000e+08
1.038432896000000000e+09
6.438718720000000000e+08
1.090506368000000000e+09
2.067644672000000000e+09
9.792488960000000000e+08
7.188989440000000000e+08
1.046432128000000000e+09
4.529555520000000000e+08
4.717426560000000000e+08
5.986206080000000000e+08
7.700266240000000000e+08
1.811148416000000000e+09
1.335568640000000000e+09
5.572004480000000000e+08
4.767202240000000000e+08
5.336040960000000000e+08
8.059347840000000000e+08
1.045114112000000000e+09
6.960332160000000000e+08
5.534046720000000000e+08
7.318901760000000000e+08
5.955597440000000000e+08
4.891233600000000000e+08
7.745633280000000000e+08
9.307474560000000000e+08
6.672502400000000000e+08
1.375874304000000000e+09
7.522356480000000000e+08
1.065867264000000000e+09
2.024000256000000000e+09
7.261607040000000000e+08
5.486339840000000000e+08
6.042592000000000000e+08
9.200812800000000000e+08
8.350564480000000000e+08
4.765714560000000000e+08
9.454463360000000000e+08
7.421400320000000000e+08
6.874293760000000000e+08
5.430765440000000000e+08
1.095828992000000000e+09
6.976961280000000000e+08
6.405490560000000000e+08
7.021307520000000000e+08
2.174057728000000000e+09
6.810496640000000000e+08
9.533815680000000000e+08
4.792056000000000000e+08
5.566190720000000000e+08
8.394348800000000000e+08
5.660435840000000000e+08
5.703761920000000000e+08
2.095008768000000000e+09
1.111068672000000000e+09
9.211806720000000000e+08
6.769897600000000000e+08
5.383874560000000000e+08
1.293465600000000000e+09
8.849433600000000000e+08
6.799584000000000000e+08
7.133242880000000000e+08
6.515711360000000000e+08
8.295467520000000000e+08
6.207258880000000000e+08
6.347649920000000000e+08
2.072750208000000000e+09
6.081961600000000000e+08
1.100731520000000000e+09
6.644657280000000000e+08
8.511027200000000000e+08
6.567091200000000000e+08
8.725760000000000000e+08
5.756473600000000000e+08
9.296970240000000000e+08
1.129289216000000000e+09
6.246982400000000000e+08
8.652023680000000000e+08
7.655824640000000000e+08
5.688352640000000000e+08
1.805519360000000000e+09
6.292161280000000000e+08
8.251253760000000000e+08
7.810398720000000000e+08
6.235422720000000000e+08
5.746455040000000000e+08
5.004442880000000000e+08
5.292775040000000000e+08
1.927646592000000000e+09
1.222394112000000000e+09
1.105265408000000000e+09
8.465240320000000000e+08
7.708737280000000000e+08
3.946838400000000000e+08
8.290616960000000000e+08
7.717751040000000000e+08
5.954766080000000000e+08
7.220241280000000000e+08
7.731997440000000000e+08
6.846673920000000000e+08
2.357869568000000000e+09
1.082777344000000000e+09
2.178021376000000000e+09
8.764821760000000000e+08
6.874968320000000000e+08
5.749699200000000000e+08
5.632579840000000000e+08
6.032643840000000000e+08
5.842276480000000000e+08
7.134948480000000000e+08
6.230691840000000000e+08
5.463706880000000000e+08
2.141362816000000000e+09
7.803363840000000000e+08
5.612028160000000000e+08
1.056833408000000000e+09
5.820075520000000000e+08
4.930626560000000000e+08
1.056043456000000000e+09
6.743663360000000000e+08
6.896547840000000000e+08
5.482641920000000000e+08
5.325068480000000000e+08
7.834362880000000000e+08
1.097049088000000000e+09
4.811880320000000000e+08
8.053288960000000000e+08
2.223943936000000000e+09
9.784665600000000000e+08
7.586866560000000000e+08
4.917886080000000000e+08
6.982078080000000000e+08
5.291138240000000000e+08
8.069625600000000000e+08
4.685686400000000000e+08
1.013769728000000000e+09
2.102673536000000000e+09
6.551276160000000000e+08
6.127421440000000000e+08
1.314480256000000000e+09
4.264081920000000000e+08
7.761479680000000000e+08
5.653335040000000000e+08
1.950015616000000000e+09
9.149019520000000000e+08
6.389628160000000000e+08
1.723158528000000000e+09
8.034480640000000000e+08
9.323005440000000000e+08
5.525589760000000000e+08
6.611700480000000000e+08
9.450207360000000000e+08
6.216824960000000000e+08
9.765860480000000000e+08
5.165155520000000000e+08
7.033490560000000000e+08
5.639381120000000000e+08
6.500664320000000000e+08
1.082294272000000000e+09
6.694887680000000000e+08
5.755623680000000000e+08
1.869878912000000000e+09
6.364753280000000000e+08
9.383628160000000000e+08
8.224521600000000000e+08
5.729452160000000000e+08
2.276484352000000000e+09
8.137022080000000000e+08
4.087232000000000000e+08
4.714494400000000000e+08
6.579042560000000000e+08
7.087674880000000000e+08
7.595134080000000000e+08
7.290176000000000000e+08
6.636499840000000000e+08
1.854627712000000000e+09
7.579461120000000000e+08
5.642851840000000000e+08
6.642341120000000000e+08
6.544431360000000000e+08
6.761521920000000000e+08
1.064955392000000000e+09
6.092220800000000000e+08
7.733352320000000000e+08
6.753351040000000000e+08
7.645475200000000000e+08
7.422062720000000000e+08
8.306734080000000000e+08
2.036855040000000000e+09
5.998494720000000000e+08
5.654147840000000000e+08
1.130644736000000000e+09
8.358119040000000000e+08
5.126024960000000000e+08
8.856882560000000000e+08
1.813411712000000000e+09
1.062577984000000000e+09
4.268920640000000000e+08
4.786876160000000000e+08
4.930568320000000000e+08
5.465639680000000000e+08
1.733279104000000000e+09
4.909661120000000000e+08
1.302846976000000000e+09
7.674727040000000000e+08
9.183415040000000000e+08
6.785688320000000000e+08
6.246075520000000000e+08
5.460604800000000000e+08
6.688557440000000000e+08
4.534968320000000000e+08
1.077228288000000000e+09
8.894161280000000000e+08
9.091861760000000000e+08
1.627668864000000000e+09
6.427629440000000000e+08
6.418752000000000000e+08
6.969718400000000000e+08
7.058215680000000000e+08
1.248136704000000000e+09
1.710642816000000000e+09
6.704967040000000000e+08
5.447393280000000000e+08
6.663342720000000000e+08
8.206624640000000000e+08
6.054133120000000000e+08
6.141831040000000000e+08
6.413249280000000000e+08
5.248355840000000000e+08
2.070780800000000000e+09
6.714737920000000000e+08
1.011696512000000000e+09
4.845507200000000000e+08
8.119425280000000000e+08
7.482005120000000000e+08
5.092030080000000000e+08
8.571756800000000000e+08
1.810857856000000000e+09
6.514903040000000000e+08
7.133199360000000000e+08
3.895764480000000000e+08
9.103023360000000000e+08
8.985739520000000000e+08
5.857991680000000000e+08
7.703937280000000000e+08
1.597822464000000000e+09
9.128757760000000000e+08
7.579520000000000000e+08
1.081869440000000000e+09
6.080744320000000000e+08
6.173697920000000000e+08
5.914840320000000000e+08
6.223511040000000000e+08
7.530785280000000000e+08
