4.852704460800000000e+10
3.616482918400000000e+10
4.183071948800000000e+10
3.546836172800000000e+10
3.903646105600000000e+10
3.867216281600000000e+10
4.178168217600000000e+10
3.782281625600000000e+10
3.993145753600000000e+10
3.920322969600000000e+10
3.933163110400000000e+10
3.792855040000000000e+10
4.082590105600000000e+10
4.619812864000000000e+10
4.242313216000000000e+10
3.809179238400000000e+10
3.966999347200000000e+10
3.850535731200000000e+10
3.867381350400000000e+10
4.853017804800000000e+10
3.999849267200000000e+10
5.081561497600000000e+10
3.538092032000000000e+10
3.765850112000000000e+10
3.689544089600000000e+10
3.729557913600000000e+10
3.574046310400000000e+10
4.432645324800000000e+10
3.846848512000000000e+10
4.265953689600000000e+10
3.996810444800000000e+10
3.039959449600000000e+10
3.630064025600000000e+10
4.521877504000000000e+10
4.234672537600000000e+10
3.901123788800000000e+10
4.012071731200000000e+10
3.910506905600000000e+10
4.130512076800000000e+10
4.199634534400000000e+10
3.661088768000000000e+10
3.813362073600000000e+10
3.584063488000000000e+10
3.946162995200000000e+10
4.498663424000000000e+10
3.110030950400000000e+10
3.569772134400000000e+10
4.206836940800000000e+10
3.665161830400000000e+10
4.344028774400000000e+10
4.383225036800000000e+10
3.592585216000000000e+10
3.534048460800000000e+10
3.992663654400000000e+10
3.270051020800000000e+10
3.329882521600000000e+10
3.693098188800000000e+10
3.530090086400000000e+10
3.747008512000000000e+10
3.361161011200000000e+10
2.853860556800000000e+10
3.327463628800000000e+10
3.196086067200000000e+10
3.056670105600000000e+10
3.091973324800000000e+10
2.031967846400000000e+10
2.334789222400000000e+10
2.376637849600000000e+10
1.913234841600000000e+10
1.679550259200000000e+10
1.828484096000000000e+10
1.655170457600000000e+10
1.176453734400000000e+10
9.566623744000000000e+09
4.237447936000000000e+09
1.035359027200000000e+10
7.285112832000000000e+09
1.217766092800000000e+10
9.055493120000000000e+09
5.220462592000000000e+09
6.244665856000000000e+09
8.372112896000000000e+09
8.646510592000000000e+09
9.106314240000000000e+09
1.053562368000000000e+10
9.667696640000000000e+09
9.800725504000000000e+09
7.848573440000000000e+09
6.120567808000000000e+09
4.015632128000000000e+09
6.036411904000000000e+09
6.923654656000000000e+09
4.386947072000000000e+09
6.965297664000000000e+09
7.355683328000000000e+09
1.002387865600000000e+10
4.562235392000000000e+09
5.330607616000000000e+09
6.014917632000000000e+09
6.973067776000000000e+09
4.219180288000000000e+09
5.098123776000000000e+09
7.409275904000000000e+09
7.869036544000000000e+09
7.301348352000000000e+09
4.898994688000000000e+09
5.785994240000000000e+09
5.772114432000000000e+09
6.859632128000000000e+09
4.707481088000000000e+09
5.301324800000000000e+09
6.645877760000000000e+09
4.804980224000000000e+09
4.661830656000000000e+09
5.310937088000000000e+09
3.877961472000000000e+09
7.656082944000000000e+09
5.048578560000000000e+09
4.505415680000000000e+09
3.967446784000000000e+09
6.797846528000000000e+09
4.491676672000000000e+09
2.873118720000000000e+09
5.286582272000000000e+09
8.775335936000000000e+09
4.641657344000000000e+09
7.268380160000000000e+09
3.708641024000000000e+09
6.576327168000000000e+09
4.510920704000000000e+09
4.588840448000000000e+09
4.183827968000000000e+09
4.740118016000000000e+09
4.082372352000000000e+09
4.509775872000000000e+09
6.014992896000000000e+09
6.261040128000000000e+09
3.065336576000000000e+09
6.233716224000000000e+09
3.525430016000000000e+09
3.791387648000000000e+09
4.089484032000000000e+09
3.460233472000000000e+09
5.160845824000000000e+09
5.347419136000000000e+09
3.710603520000000000e+09
6.053864960000000000e+09
2.749826048000000000e+09
2.545503488000000000e+09
5.500281344000000000e+09
4.028940544000000000e+09
3.911472384000000000e+09
4.785352192000000000e+09
2.233281792000000000e+09
3.275590400000000000e+09
2.871414784000000000e+09
6.863066624000000000e+09
4.717582336000000000e+09
3.709748736000000000e+09
5.160824832000000000e+09
3.045403648000000000e+09
4.159781120000000000e+09
4.994515968000000000e+09
2.658709760000000000e+09
2.635772672000000000e+09
4.087785728000000000e+09
4.602689536000000000e+09
2.250425856000000000e+09
6.355886080000000000e+09
2.683035136000000000e+09
3.229487104000000000e+09
5.539730944000000000e+09
2.989303296000000000e+09
2.178729984000000000e+09
2.206681088000000000e+09
3.700044800000000000e+09
6.158585344000000000e+09
2.127401984000000000e+09
3.758643200000000000e+09
3.469213952000000000e+09
2.309770496000000000e+09
2.154489600000000000e+09
5.803088896000000000e+09
1.660971392000000000e+09
2.701066752000000000e+09
3.561533696000000000e+09
3.215719424000000000e+09
4.003347968000000000e+09
4.302548992000000000e+09
2.464682752000000000e+09
4.221622784000000000e+09
2.376772608000000000e+09
4.514885120000000000e+09
1.709569536000000000e+09
4.373751296000000000e+09
2.064668032000000000e+09
1.800851840000000000e+09
4.127086848000000000e+09
2.769478400000000000e+09
3.501048064000000000e+09
5.348516352000000000e+09
2.494101760000000000e+09
2.573638912000000000e+09
2.483155968000000000e+09
2.238031616000000000e+09
1.607023232000000000e+09
2.859545600000000000e+09
3.282982656000000000e+09
2.859562240000000000e+09
4.093483264000000000e+09
2.496445184000000000e+09
3.302572544000000000e+09
1.804982784000000000e+09
2.615878656000000000e+09
1.742554368000000000e+09
2.002212224000000000e+09
2.232032512000000000e+09
1.548035840000000000e+09
2.228760064000000000e+09
2.636836608000000000e+09
5.951171072000000000e+09
1.428515840000000000e+09
1.943249024000000000e+09
1.741439744000000000e+09
2.319812096000000000e+09
2.178068224000000000e+09
3.049095936000000000e+09
1.805021184000000000e+09
1.902176512000000000e+09
2.073528320000000000e+09
2.232179200000000000e+09
2.678416128000000000e+09
2.349886464000000000e+09
2.907515392000000000e+09
3.343028992000000000e+09
2.580547328000000000e+09
2.125246720000000000e+09
1.562874368000000000e+09
1.953879936000000000e+09
1.680620416000000000e+09
3.703853824000000000e+09
1.613222016000000000e+09
1.391496576000000000e+09
1.485401728000000000e+09
1.827536000000000000e+09
1.785358080000000000e+09
1.283996928000000000e+09
3.527975936000000000e+09
1.783747072000000000e+09
2.645663232000000000e+09
1.500604160000000000e+09
2.822140672000000000e+09
2.556161536000000000e+09
1.712467328000000000e+09
2.468342784000000000e+09
1.634276480000000000e+09
2.607882752000000000e+09
1.189389568000000000e+09
1.916197504000000000e+09
1.546893056000000000e+09
2.653201920000000000e+09
3.676949248000000000e+09
2.209420032000000000e+09
1.034713664000000000e+09
2.155952128000000000e+09
3.133564416000000000e+09
1.217248640000000000e+09
1.067611200000000000e+09
1.392871936000000000e+09
1.787672832000000000e+09
1.748877824000000000e+09
2.112234496000000000e+09
1.146156800000000000e+09
2.507415040000000000e+09
1.915031808000000000e+09
1.363277696000000000e+09
2.464875008000000000e+09
2.910445056000000000e+09
1.010826560000000000e+09
1.605386880000000000e+09
2.301275648000000000e+09
1.591146240000000000e+09
9.861211520000000000e+08
2.741609472000000000e+09
1.748399616000000000e+09
2.350260736000000000e+09
1.808104448000000000e+09
1.789085696000000000e+09
2.068988288000000000e+09
1.713846656000000000e+09
3.395729920000000000e+09
1.616753792000000000e+09
2.744034304000000000e+09
1.061140480000000000e+09
1.309265792000000000e+09
1.112781568000000000e+09
1.629513600000000000e+09
1.382014592000000000e+09
2.859917312000000000e+09
1.095699200000000000e+09
2.047998336000000000e+09
2.378355968000000000e+09
1.480487680000000000e+09
1.929912832000000000e+09
1.854404608000000000e+09
1.157958400000000000e+09
1.644064512000000000e+09
2.872665856000000000e+09
1.191956224000000000e+09
1.216772224000000000e+09
1.231432192000000000e+09
2.311951360000000000e+09
1.939634560000000000e+09
7.637516800000000000e+08
2.359911424000000000e+09
1.996848896000000000e+09
2.568592384000000000e+09
1.243474816000000000e+09
1.235729536000000000e+09
1.791810304000000000e+09
1.352599168000000000e+09
1.762191616000000000e+09
2.715225856000000000e+09
1.461607040000000000e+09
1.359760512000000000e+09
2.880601088000000000e+09
1.763976704000000000e+09
9.283896320000000000e+08
2.203158016000000000e+09
1.956112512000000000e+09
1.248086400000000000e+09
9.161756160000000000e+08
2.715016448000000000e+09
2.836122368000000000e+09
1.335849472000000000e+09
2.058776192000000000e+09
1.734748032000000000e+09
1.323892480000000000e+09
6.873702400000000000e+08
1.758284544000000000e+09
3.038814208000000000e+09
1.012966272000000000e+09
1.267017600000000000e+09
1.319942272000000000e+09
2.190396928000000000e+09
2.127518848000000000e+09
1.369961216000000000e+09
1.502908800000000000e+09
1.990791680000000000e+09
9.850410880000000000e+08
3.135302144000000000e+09
1.077986944000000000e+09
3.564737280000000000e+09
9.028867840000000000e+08
1.056381696000000000e+09
2.364991488000000000e+09
1.074266112000000000e+09
1.731058688000000000e+09
1.315912960000000000e+09
2.549544960000000000e+09
1.604673024000000000e+09
1.456427520000000000e+09
1.379734656000000000e+09
3.081544192000000000e+09
2.216830208000000000e+09
1.337366656000000000e+09
1.428074240000000000e+09
2.009759104000000000e+09
1.148735744000000000e+09
3.241677056000000000e+09
1.276638848000000000e+09
1.149854080000000000e+09
2.043378176000000000e+09
1.433790592000000000e+09
1.417905408000000000e+09
3.015543296000000000e+09
7.467779840000000000e+08
9.655347840000000000e+08
1.317251456000000000e+09
9.778833920000000000e+08
1.789356800000000000e+09
1.141455104000000000e+09
1.243360256000000000e+09
1.998408192000000000e+09
4.536525312000000000e+09
1.443641472000000000e+09
9.934690560000000000e+08
2.206201344000000000e+09
1.463474304000000000e+09
3.181878784000000000e+09
1.026683456000000000e+09
1.668452864000000000e+09
2.110899456000000000e+09
1.018747520000000000e+09
1.131284224000000000e+09
1.535495168000000000e+09
2.666794240000000000e+09
7.754469760000000000e+08
1.761862144000000000e+09
1.701123968000000000e+09
9.188210560000000000e+08
2.207271936000000000e+09
8.449003520000000000e+08
1.284180096000000000e+09
2.634924032000000000e+09
1.080940928000000000e+09
2.445279232000000000e+09
1.225818496000000000e+09
9.868504960000000000e+08
1.730442240000000000e+09
1.011974080000000000e+09
1.158231936000000000e+09
1.504774528000000000e+09
3.197673728000000000e+09
1.455571968000000000e+09
8.041804160000000000e+08
8.541239680000000000e+08
1.514449280000000000e+09
2.134986752000000000e+09
2.182016256000000000e+09
9.851842560000000000e+08
3.384884480000000000e+09
1.891023232000000000e+09
1.842178944000000000e+09
3.567012096000000000e+09
7.991236480000000000e+08
1.328427904000000000e+09
1.026251584000000000e+09
2.137050752000000000e+09
1.137215104000000000e+09
1.120707456000000000e+09
2.050057216000000000e+09
1.991821568000000000e+09
1.203562496000000000e+09
9.263022080000000000e+08
8.061790080000000000e+08
2.089382400000000000e+09
2.905535232000000000e+09
1.565308032000000000e+09
1.187158400000000000e+09
2.099676672000000000e+09
9.198133760000000000e+08
1.412780544000000000e+09
4.190617088000000000e+09
1.635196800000000000e+09
1.711100672000000000e+09
8.305907840000000000e+08
1.410352128000000000e+09
1.673707776000000000e+09
1.036393280000000000e+09
2.099231360000000000e+09
1.737710720000000000e+09
1.241988096000000000e+09
1.057311360000000000e+09
1.305766912000000000e+09
1.675692672000000000e+09
3.000867072000000000e+09
1.287370368000000000e+09
1.589477888000000000e+09
1.142084992000000000e+09
3.129004288000000000e+09
1.971697536000000000e+09
2.550624512000000000e+09
9.262064000000000000e+08
1.079538304000000000e+09
9.213816320000000000e+08
2.287204096000000000e+09
8.489862400000000000e+08
1.068246400000000000e+09
8.511548160000000000e+08
3.409906688000000000e+09
1.267653888000000000e+09
7.123740800000000000e+08
1.000474432000000000e+09
8.278531200000000000e+08
2.201719808000000000e+09
3.404549632000000000e+09
1.176831744000000000e+09
7.346748160000000000e+08
1.614863872000000000e+09
3.763938048000000000e+09
9.975652480000000000e+08
1.197235456000000000e+09
1.459348352000000000e+09
1.946128128000000000e+09
1.114291712000000000e+09
2.475026176000000000e+09
1.187922944000000000e+09
3.183345920000000000e+09
1.212587904000000000e+09
1.336972544000000000e+09
1.692107392000000000e+09
1.549908992000000000e+09
1.513013120000000000e+09
6.231897600000000000e+08
2.451462144000000000e+09
2.098001408000000000e+09
8.779029120000000000e+08
3.230734080000000000e+09
1.191771648000000000e+09
1.300235264000000000e+09
1.627996288000000000e+09
7.105376640000000000e+08
1.059509568000000000e+09
1.008537088000000000e+09
1.261901696000000000e+09
1.225038592000000000e+09
1.558774144000000000e+09
3.283175936000000000e+09
1.062596672000000000e+09
1.004111104000000000e+09
3.212311552000000000e+09
8.498343680000000000e+08
1.438380672000000000e+09
1.226619008000000000e+09
2.197298944000000000e+09
1.937816192000000000e+09
1.059071872000000000e+09
3.103834624000000000e+09
1.636652928000000000e+09
1.079356416000000000e+09
9.324648960000000000e+08
3.513175296000000000e+09
1.296383232000000000e+09
1.069955776000000000e+09
1.830616960000000000e+09
2.108446208000000000e+09
1.113084928000000000e+09
1.509313408000000000e+09
1.119737472000000000e+09
8.833416960000000000e+08
1.351022848000000000e+09
1.253290752000000000e+09
1.175711872000000000e+09
7.381747840000000000e+08
9.398733440000000000e+08
4.355302912000000000e+09
2.021207168000000000e+09
1.645839104000000000e+09
9.928827520000000000e+08
1.405969792000000000e+09
1.422306944000000000e+09
1.969692672000000000e+09
9.063456000000000000e+08
3.638699008000000000e+09
2.128342400000000000e+09
8.957429120000000000e+08
8.851834240000000000e+08
1.120672128000000000e+09
9.593105920000000000e+08
1.271301376000000000e+09
1.830769408000000000e+09
1.220974976000000000e+09
2.135232000000000000e+09
3.416957696000000000e+09
1.735571968000000000e+09
8.791979520000000000e+08
8.972543360000000000e+08
2.558367488000000000e+09
3.635056640000000000e+09
8.254764160000000000e+08
7.177256960000000000e+08
8.242013440000000000e+08
2.030734336000000000e+09
1.506616960000000000e+09
8.078273920000000000e+08
1.306656256000000000e+09
1.065395968000000000e+09
3.029366016000000000e+09
1.743398144000000000e+09
1.128062080000000000e+09
1.261598464000000000e+09
1.929140096000000000e+09
1.418498176000000000e+09
1.628029696000000000e+09
1.042246144000000000e+09
9.142383360000000000e+08
9.916965760000000000e+08
1.323847552000000000e+09
2.751612672000000000e+09
1.288068992000000000e+09
1.846973952000000000e+09
9.250316800000000000e+08
9.204009600000000000e+08
9.909967360000000000e+08
7.717689600000000000e+08
2.610415616000000000e+09
3.428463360000000000e+09
1.523158016000000000e+09
1.078640640000000000e+09
8.217216640000000000e+08
1.988476928000000000e+09
1.177078656000000000e+09
7.504865280000000000e+08
9.544080640000000000e+08
3.964139008000000000e+09
1.021810944000000000e+09
8.782331520000000000e+08
1.493541248000000000e+09
2.459111936000000000e+09
1.436094336000000000e+09
6.727411840000000000e+08
1.076516864000000000e+09
1.087722240000000000e+09
9.119216000000000000e+08
1.919873280000000000e+09
1.050409600000000000e+09
2.120044160000000000e+09
1.001518016000000000e+09
3.358154496000000000e+09
1.100702080000000000e+09
1.408279168000000000e+09
3.469759744000000000e+09
1.365527168000000000e+09
1.686910592000000000e+09
1.882281728000000000e+09
7.481562880000000000e+08
8.743193600000000000e+08
1.199175680000000000e+09
1.401113984000000000e+09
1.392153344000000000e+09
1.654906368000000000e+09
2.423171840000000000e+09
8.737831040000000000e+08
1.604140416000000000e+09
7.004463360000000000e+08
3.326551808000000000e+09
1.651850752000000000e+09
9.231064320000000000e+08
9.489585280000000000e+08
2.882642176000000000e+09
3.391229440000000000e+09
8.436501120000000000e+08
1.014898304000000000e+09
1.584786432000000000e+09
1.572970496000000000e+09
9.268869120000000000e+08
8.451509120000000000e+08
1.188212736000000000e+09
8.660124800000000000e+08
1.128279680000000000e+09
9.903602560000000000e+08
7.797413760000000000e+08
5.186925568000000000e+09
9.132009600000000000e+08
1.262443520000000000e+09
1.390120320000000000e+09
1.631799040000000000e+09
8.272716800000000000e+08
1.205622656000000000e+09
2.947423488000000000e+09
1.537059072000000000e+09
1.294850304000000000e+09
2.090608384000000000e+09
1.000656832000000000e+09
1.088614016000000000e+09
1.908019840000000000e+09
1.296529152000000000e+09
7.430652800000000000e+08
9.238498560000000000e+08
2.573701376000000000e+09
9.979596800000000000e+08
1.114101760000000000e+09
3.802199552000000000e+09
1.560796160000000000e+09
7.008057600000000000e+08
1.852554752000000000e+09
1.144788480000000000e+09
1.092403968000000000e+09
1.613164416000000000e+09
1.586755584000000000e+09
3.708637440000000000e+09
8.219594240000000000e+08
8.671368320000000000e+08
1.115222144000000000e+09
3.383864832000000000e+09
8.291023360000000000e+08
7.234454400000000000e+08
2.151077888000000000e+09
1.320291840000000000e+09
8.097722880000000000e+08
1.146061312000000000e+09
2.570433280000000000e+09
7.589528960000000000e+08
1.370772992000000000e+09
7.704359040000000000e+08
1.264254592000000000e+09
8.453784320000000000e+08
2.814855168000000000e+09
8.769422720000000000e+08
7.262450560000000000e+08
1.628508416000000000e+09
3.218095616000000000e+09
1.200099584000000000e+09
9.191330560000000000e+08
8.400510080000000000e+08
9.724225280000000000e+08
1.471689472000000000e+09
1.821350400000000000e+09
2.040680960000000000e+09
3.343406592000000000e+09
1.178255360000000000e+09
2.384457472000000000e+09
9.072289920000000000e+08
1.020685440000000000e+09
1.623327744000000000e+09
1.859643136000000000e+09
3.011126272000000000e+09
7.181456640000000000e+08
1.451500032000000000e+09
6.836469760000000000e+08
6.021836800000000000e+08
3.265548032000000000e+09
8.156296320000000000e+08
1.080808704000000000e+09
1.142634880000000000e+09
2.656278016000000000e+09
1.555305728000000000e+09
8.012442240000000000e+08
1.521274880000000000e+09
1.208490752000000000e+09
8.934029440000000000e+08
7.758768640000000000e+08
1.004858112000000000e+09
1.756181504000000000e+09
3.460502016000000000e+09
1.514032896000000000e+09
1.647704064000000000e+09
1.343525632000000000e+09
8.413142400000000000e+08
1.173900672000000000e+09
6.813653120000000000e+08
2.038161152000000000e+09
1.657536128000000000e+09
1.362059264000000000e+09
1.789106304000000000e+09
7.919943040000000000e+08
3.244026880000000000e+09
9.787009920000000000e+08
1.300229504000000000e+09
1.696214272000000000e+09
1.083964160000000000e+09
8.801280000000000000e+08
1.364023168000000000e+09
3.319662336000000000e+09
8.785565440000000000e+08
1.841807488000000000e+09
1.537543168000000000e+09
6.395277440000000000e+08
8.074233600000000000e+08
6.645342080000000000e+08
9.830213760000000000e+08
4.566371328000000000e+09
2.300926208000000000e+09
8.707976960000000000e+08
9.291598720000000000e+08
1.202292992000000000e+09
1.027266688000000000e+09
1.910382848000000000e+09
1.142839168000000000e+09
1.655759872000000000e+09
9.136385280000000000e+08
7.986565760000000000e+08
1.003462784000000000e+09
1.314937856000000000e+09
3.358995456000000000e+09
8.719564160000000000e+08
1.934859264000000000e+09
1.498313984000000000e+09
9.418279040000000000e+08
1.866353920000000000e+09
1.230967552000000000e+09
7.980056960000000000e+08
9.983304320000000000e+08
1.456005120000000000e+09
8.404701440000000000e+08
1.874228992000000000e+09
1.794174208000000000e+09
9.649648640000000000e+08
9.368230400000000000e+08
3.461369344000000000e+09
1.286219776000000000e+09
6.281076480000000000e+08
1.827360128000000000e+09
8.246726400000000000e+08
1.110351104000000000e+09
7.308120960000000000e+08
2.471003392000000000e+09
1.206454144000000000e+09
3.744571136000000000e+09
7.218355200000000000e+08
7.316010880000000000e+08
7.895412480000000000e+08
2.284269824000000000e+09
1.124560128000000000e+09
1.294208640000000000e+09
7.467032320000000000e+08
9.123817600000000000e+08
1.727986304000000000e+09
3.043344384000000000e+09
1.322426624000000000e+09
6.327367680000000000e+08
8.248405760000000000e+08
1.109677312000000000e+09
1.230638080000000000e+09
9.537964800000000000e+08
8.498786560000000000e+08
3.528162304000000000e+09
1.145076608000000000e+09
2.830510336000000000e+09
1.002858624000000000e+09
2.065306880000000000e+09
8.604519680000000000e+08
1.383628800000000000e+09
1.316465664000000000e+09
1.462014208000000000e+09
8.997745280000000000e+08
6.434136320000000000e+08
3.546408704000000000e+09
9.553550080000000000e+08
1.134355456000000000e+09
1.908060416000000000e+09
1.191554816000000000e+09
1.020249152000000000e+09
8.963853440000000000e+08
1.081211008000000000e+09
4.273841408000000000e+09
6.761838080000000000e+08
9.638353920000000000e+08
8.439005440000000000e+08
3.972130816000000000e+09
2.594141952000000000e+09
1.464032768000000000e+09
7.207948160000000000e+08
9.074534400000000000e+08
1.041478400000000000e+09
5.351420160000000000e+08
2.606576128000000000e+09
9.843127040000000000e+08
7.345335680000000000e+08
1.827905664000000000e+09
1.046503104000000000e+09
7.584262400000000000e+08
3.392062976000000000e+09
8.360605440000000000e+08
9.345806080000000000e+08
1.241936384000000000e+09
6.810816000000000000e+08
7.126788480000000000e+08
9.689348480000000000e+08
7.524003840000000000e+08
1.752311040000000000e+09
1.724842240000000000e+09
4.622759936000000000e+09
5.957840640000000000e+08
2.016728448000000000e+09
1.072073152000000000e+09
6.922807680000000000e+08
8.607796480000000000e+08
2.932466688000000000e+09
8.849378560000000000e+08
1.034520448000000000e+09
5.899212160000000000e+08
3.165251584000000000e+09
1.022954624000000000e+09
1.006533632000000000e+09
1.597946496000000000e+09
7.604659200000000000e+08
1.514164096000000000e+09
1.924854016000000000e+09
3.595230464000000000e+09
1.168709760000000000e+09
5.708301440000000000e+08
8.036609280000000000e+08
1.316893696000000000e+09
2.047372032000000000e+09
1.148322688000000000e+09
1.470923392000000000e+09
9.812210560000000000e+08
2.876025344000000000e+09
1.637069696000000000e+09
6.253281920000000000e+08
2.157101824000000000e+09
7.250388480000000000e+08
2.152936704000000000e+09
3.108541440000000000e+09
9.455640320000000000e+08
6.242474880000000000e+08
7.573111040000000000e+08
1.685063296000000000e+09
9.035778560000000000e+08
1.470157824000000000e+09
7.406299520000000000e+08
5.347216320000000000e+08
9.981803520000000000e+08
1.923897344000000000e+09
1.151639424000000000e+09
1.181173888000000000e+09
4.179873024000000000e+09
8.085192320000000000e+08
1.739214848000000000e+09
3.477489664000000000e+09
8.637593600000000000e+08
2.054515840000000000e+09
1.601257472000000000e+09
1.039574080000000000e+09
9.879063040000000000e+08
6.198510080000000000e+08
8.394931200000000000e+08
3.070550272000000000e+09
8.794595840000000000e+08
1.121244672000000000e+09
1.422536192000000000e+09
7.355356160000000000e+08
9.166841600000000000e+08
1.977273472000000000e+09
9.689781760000000000e+08
1.834248704000000000e+09
3.330364160000000000e+09
1.032444928000000000e+09
1.013078656000000000e+09
1.753083264000000000e+09
1.129895680000000000e+09
8.224208640000000000e+08
1.757343104000000000e+09
1.352044928000000000e+09
7.672341760000000000e+08
1.533797120000000000e+09
1.234823296000000000e+09
9.781107200000000000e+08
8.591398400000000000e+08
8.784276480000000000e+08
3.192133888000000000e+09
1.355867904000000000e+09
7.941301120000000000e+08
9.349547520000000000e+08
2.896123904000000000e+09
8.203443200000000000e+08
1.339407616000000000e+09
9.471966720000000000e+08
7.777034240000000000e+08
1.848371456000000000e+09
1.145474560000000000e+09
1.827050752000000000e+09
1.172268416000000000e+09
1.840074880000000000e+09
3.749360128000000000e+09
8.133361280000000000e+08
1.010305280000000000e+09
6.928830080000000000e+08
1.713753984000000000e+09
9.274609920000000000e+08
1.138485120000000000e+09
1.162853376000000000e+09
5.950630400000000000e+08
3.195922944000000000e+09
2.215330560000000000e+09
1.386535936000000000e+09
8.164095360000000000e+08
1.549277568000000000e+09
9.174436480000000000e+08
1.026011904000000000e+09
1.005227136000000000e+09
6.373719040000000000e+08
1.022054784000000000e+09
7.075792640000000000e+08
3.139441408000000000e+09
9.618897280000000000e+08
7.746486400000000000e+08
2.634772480000000000e+09
7.234092160000000000e+08
2.284848128000000000e+09
9.757658240000000000e+08
6.869928960000000000e+08
1.649170688000000000e+09
8.141851520000000000e+08
1.051555392000000000e+09
9.551458560000000000e+08
3.478366720000000000e+09
2.280761856000000000e+09
1.178967296000000000e+09
1.322129920000000000e+09
1.142545792000000000e+09
6.008552960000000000e+08
1.408572928000000000e+09
3.458531328000000000e+09
7.839202560000000000e+08
2.011090816000000000e+09
1.101103744000000000e+09
8.834617600000000000e+08
3.190222848000000000e+09
1.037664064000000000e+09
5.466181760000000000e+08
2.444733952000000000e+09
7.101522560000000000e+08
8.766479360000000000e+08
6.376120960000000000e+08
1.131705088000000000e+09
2.044219136000000000e+09
5.845178880000000000e+08
1.916518528000000000e+09
3.191537152000000000e+09
1.486465024000000000e+09
3.795176960000000000e+08
1.441614720000000000e+09
2.340292096000000000e+09
9.273843200000000000e+08
6.669667200000000000e+08
6.437249280000000000e+08
6.320213120000000000e+08
1.694633344000000000e+09
7.226368640000000000e+08
2.702056960000000000e+09
3.030444288000000000e+09
1.014880640000000000e+09
9.603710080000000000e+08
1.217037312000000000e+09
9.802395520000000000e+08
7.974591360000000000e+08
1.103612160000000000e+09
7.786437760000000000e+08
1.971907584000000000e+09
1.086244096000000000e+09
1.540812800000000000e+09
3.148980736000000000e+09
1.199012480000000000e+09
7.113487360000000000e+08
1.307252096000000000e+09
3.305350656000000000e+09
6.804939520000000000e+08
8.947632000000000000e+08
2.123588224000000000e+09
5.975285120000000000e+08
2.166875136000000000e+09
7.544371200000000000e+08
1.175448320000000000e+09
9.654875520000000000e+08
5.060802560000000000e+08
3.970053632000000000e+09
1.800810368000000000e+09
1.020444480000000000e+09
1.295710464000000000e+09
8.015645440000000000e+08
1.092262272000000000e+09
9.572741760000000000e+08
2.777813248000000000e+09
1.038859904000000000e+09
1.471862656000000000e+09
1.453841792000000000e+09
1.481129216000000000e+09
1.959308928000000000e+09
6.497697920000000000e+08
8.358030080000000000e+08
1.724214144000000000e+09
3.481517056000000000e+09
1.080640128000000000e+09
8.093904000000000000e+08
5.702584960000000000e+08
1.079193600000000000e+09
6.086761600000000000e+08
2.224296448000000000e+09
9.394464000000000000e+08
8.140161280000000000e+08
4.344162816000000000e+09
7.494263680000000000e+08
8.632732160000000000e+08
1.055501184000000000e+09
1.943111808000000000e+09
1.133058688000000000e+09
6.155030400000000000e+08
7.040677120000000000e+08
3.396215296000000000e+09
6.509404800000000000e+08
1.912584320000000000e+09
1.615983360000000000e+09
1.016291264000000000e+09
1.189436672000000000e+09
5.412789120000000000e+08
1.489947648000000000e+09
7.972373760000000000e+08
8.279811200000000000e+08
7.788301440000000000e+08
1.375172736000000000e+09
1.077875712000000000e+09
8.844776320000000000e+08
9.756274560000000000e+08
7.979571200000000000e+08
4.953906176000000000e+09
8.215980160000000000e+08
8.205955840000000000e+08
1.302123520000000000e+09
7.291879040000000000e+08
1.288221056000000000e+09
7.579532800000000000e+08
1.373406464000000000e+09
8.278332160000000000e+08
3.057124096000000000e+09
2.363980288000000000e+09
2.984587776000000000e+09
1.448175488000000000e+09
1.017088896000000000e+09
1.149695232000000000e+09
1.817793536000000000e+09
1.170294272000000000e+09
1.372238336000000000e+09
8.982071040000000000e+08
7.536655360000000000e+08
1.173590400000000000e+09
8.566081920000000000e+08
1.400041728000000000e+09
3.437543168000000000e+09
8.889738880000000000e+08
1.872773376000000000e+09
4.379647360000000000e+08
1.277012480000000000e+09
1.480195712000000000e+09
1.859833984000000000e+09
1.101382912000000000e+09
3.276054272000000000e+09
8.566839040000000000e+08
1.042879744000000000e+09
6.660971520000000000e+08
1.187843200000000000e+09
1.560466304000000000e+09
8.256998400000000000e+08
