2.896533203100000173e+04
2.619515625000000000e+04
2.369024218800000017e+04
2.142527539099999922e+04
1.937726171899999827e+04
1.752563281199999983e+04
1.585167578099999992e+04
1.433796679699999913e+04
1.296943066399999952e+04
1.173227246100000048e+04
1.061391992199999913e+04
9.602940430000000561e+03
8.689075194999999439e+03
7.863112304999999651e+03
7.116841309000000365e+03
6.442353027000000111e+03
5.833297362999999677e+03
5.283107909999999720e+03
4.786211425999999847e+03
4.337650391000000127e+03
3.932907714999999826e+03
3.567850829999999860e+03
3.238295897999999852e+03
2.941562743999999839e+03
2.674414061999999831e+03
2.433706055000000106e+03
2.218064209000000119e+03
2.024488892000000078e+03
1.850226685000000089e+03
1.693846313000000009e+03
1.555355225000000019e+03
1.431112914999999930e+03
1.321095825000000104e+03
1.223661499000000049e+03
1.136831543000000011e+03
1.060892090000000053e+03
9.938917239999999538e+02
9.354219359999999597e+02
8.844530029999999670e+02
8.397463989999999967e+02
8.011965330000000449e+02
7.677146609999999782e+02
7.382076419999999644e+02
7.123104250000000093e+02
6.895577389999999696e+02
6.713007199999999557e+02
6.549267579999999498e+02
6.422708129999999755e+02
6.297162479999999505e+02
6.196710819999999558e+02
6.083021850000000086e+02
5.995700679999999920e+02
5.910659789999999703e+02
5.858981320000000323e+02
5.782260740000000396e+02
5.737114259999999604e+02
5.696425779999999577e+02
5.648580930000000535e+02
5.623417359999999690e+02
5.592156370000000152e+02
5.554962160000000040e+02
5.527484739999999874e+02
5.506633910000000469e+02
5.485281370000000152e+02
5.465670169999999644e+02
5.438726199999999835e+02
5.399216920000000073e+02
5.343264769999999544e+02
5.310497440000000324e+02
5.293907470000000330e+02
5.265665279999999484e+02
5.220939329999999927e+02
5.164060670000000073e+02
5.112597049999999967e+02
5.089111629999999877e+02
5.058884580000000142e+02
5.001024780000000192e+02
4.966677250000000186e+02
4.934877619999999752e+02
4.907526250000000232e+02
4.895974429999999984e+02
4.865278319999999894e+02
4.819816589999999792e+02
4.782693790000000149e+02
4.763860169999999812e+02
4.739952390000000264e+02
4.724275210000000129e+02
4.705632320000000277e+02
4.696127010000000155e+02
4.655110470000000191e+02
4.635129390000000171e+02
4.620074460000000158e+02
4.600373839999999745e+02
4.577767939999999953e+02
4.556693419999999719e+02
4.543696289999999749e+02
4.510915529999999762e+02
4.475587459999999851e+02
4.454703059999999937e+02
4.426469420000000241e+02
4.405863650000000007e+02
4.393854370000000245e+02
4.358582149999999729e+02
4.327824400000000082e+02
4.305104979999999841e+02
4.289954220000000191e+02
4.282441709999999944e+02
4.256387629999999831e+02
4.229165949999999725e+02
4.211464230000000271e+02
4.205240170000000148e+02
4.180568850000000225e+02
4.174763790000000085e+02
4.138846439999999802e+02
4.114622190000000046e+02
4.079258730000000241e+02
4.068497919999999795e+02
4.036450810000000047e+02
4.029541929999999752e+02
4.021859130000000278e+02
4.003178100000000086e+02
3.987045590000000175e+02
3.980884399999999914e+02
3.953906250000000000e+02
3.937978519999999776e+02
3.919454959999999915e+02
3.913817139999999881e+02
3.903867190000000278e+02
3.869200440000000185e+02
3.841930849999999964e+02
3.826903080000000159e+02
3.818705439999999953e+02
3.803039549999999736e+02
3.787151180000000181e+02
3.782052610000000072e+02
3.760863949999999818e+02
3.737471919999999841e+02
3.731017759999999726e+02
3.723080140000000142e+02
3.718840030000000070e+02
3.697938540000000103e+02
3.684501950000000079e+02
3.674326169999999934e+02
3.663704220000000191e+02
3.606788020000000188e+02
3.600126339999999914e+02
3.595997310000000198e+02
3.591300049999999828e+02
3.580204160000000115e+02
3.556239009999999894e+02
3.540958249999999907e+02
3.524085079999999834e+02
3.518388669999999934e+02
3.515024720000000116e+02
3.503532099999999900e+02
3.458081970000000069e+02
3.450234990000000153e+02
3.446288450000000125e+02
3.440462650000000053e+02
3.400772089999999821e+02
3.393767399999999839e+02
3.362799679999999967e+02
3.353477780000000052e+02
3.338821720000000255e+02
3.325234679999999798e+02
3.315259399999999914e+02
3.307690729999999917e+02
3.297266849999999749e+02
3.283515929999999798e+02
3.279332890000000020e+02
3.260551449999999818e+02
3.251875000000000000e+02
3.245399780000000192e+02
3.228273320000000126e+02
3.212022709999999961e+02
3.203857120000000123e+02
3.196437070000000062e+02
3.187280269999999973e+02
3.179962459999999851e+02
3.172175899999999729e+02
3.165014949999999772e+02
3.146122129999999970e+02
3.141984560000000215e+02
3.119009399999999914e+02
3.110671080000000188e+02
3.088375239999999735e+02
3.063452760000000126e+02
3.034617610000000241e+02
3.018673400000000129e+02
3.008449400000000082e+02
3.003066410000000133e+02
3.000687869999999862e+02
2.997026369999999815e+02
2.991051330000000235e+02
2.961360169999999812e+02
2.955148009999999772e+02
2.935638430000000199e+02
2.910247499999999832e+02
2.900559999999999832e+02
2.898495790000000056e+02
2.889430849999999964e+02
2.880009459999999990e+02
2.867120970000000284e+02
2.863677670000000148e+02
2.859230650000000082e+02
2.855638119999999844e+02
2.849635309999999890e+02
2.836795349999999871e+02
2.831793210000000158e+02
2.828919369999999844e+02
2.802631230000000073e+02
2.781379699999999957e+02
2.772174679999999967e+02
2.766948849999999993e+02
2.754241030000000023e+02
2.743768309999999815e+02
2.720536190000000261e+02
2.700005800000000136e+02
2.691421809999999937e+02
2.684128109999999765e+02
2.679864200000000096e+02
2.660045170000000212e+02
2.656194150000000036e+02
2.645961909999999762e+02
2.640974429999999984e+02
2.631561889999999835e+02
2.625585019999999759e+02
2.622415470000000255e+02
2.606454770000000281e+02
2.586109309999999937e+02
2.573080140000000142e+02
2.556451570000000117e+02
2.551196899999999914e+02
2.545456389999999942e+02
2.526665189999999939e+02
2.523870239999999967e+02
2.518551480000000140e+02
2.504137420000000134e+02
2.498825070000000039e+02
2.487505040000000065e+02
2.483912200000000041e+02
2.476479339999999922e+02
2.459253080000000011e+02
2.450148619999999937e+02
2.440362550000000113e+02
2.433587949999999864e+02
2.428463289999999972e+02
2.419815670000000125e+02
2.416425480000000050e+02
2.404014740000000074e+02
2.396299899999999923e+02
2.390572359999999890e+02
2.389314880000000016e+02
2.380279850000000010e+02
2.377428590000000099e+02
2.363891600000000039e+02
2.359013060000000053e+02
2.357596589999999992e+02
2.354331050000000118e+02
2.348834229999999934e+02
2.340409089999999992e+02
2.322002720000000124e+02
2.308040469999999971e+02
2.303651120000000105e+02
2.300315549999999973e+02
2.293716740000000129e+02
2.282660219999999924e+02
2.274864499999999907e+02
2.268239900000000091e+02
2.264317169999999919e+02
2.257143399999999929e+02
2.251362300000000118e+02
2.250347439999999892e+02
2.235786899999999946e+02
2.227361600000000124e+02
2.219338679999999897e+02
2.211820979999999963e+02
2.197578279999999893e+02
2.193185579999999959e+02
2.191319119999999998e+02
2.181969149999999900e+02
2.171974030000000084e+02
2.167519839999999931e+02
2.162265930000000083e+02
2.158625030000000038e+02
2.154373319999999978e+02
2.150291899999999998e+02
2.141229250000000093e+02
2.139673310000000015e+02
2.133946530000000052e+02
2.132038569999999993e+02
2.126936949999999911e+02
2.124933780000000070e+02
2.123241120000000137e+02
2.112298739999999952e+02
2.097776949999999943e+02
2.092513730000000010e+02
2.086000369999999862e+02
2.084077450000000056e+02
2.074863129999999956e+02
2.058647770000000037e+02
2.055974429999999984e+02
2.047137299999999982e+02
2.044189149999999984e+02
2.031848139999999887e+02
2.022363129999999956e+02
2.008482209999999952e+02
2.004726719999999887e+02
2.000751950000000079e+02
1.995204160000000115e+02
1.990104980000000126e+02
1.982876740000000098e+02
1.975367579999999919e+02
1.973396759999999972e+02
1.960638280000000009e+02
1.951647639999999910e+02
1.950250240000000019e+02
