2.870974804700000095e+04
2.596428515600000173e+04
2.348175195299999905e+04
2.123708007799999905e+04
1.920750976599999922e+04
1.737248046899999827e+04
1.571340820300000087e+04
1.421321484400000008e+04
1.285678320300000087e+04
1.163058789099999922e+04
1.052247851599999922e+04
9.520570311999999831e+03
8.614973632999999609e+03
7.796631835999999566e+03
7.056802246000000196e+03
6.388689452999999958e+03
5.784853027000000111e+03
5.239742188000000169e+03
4.747240233999999873e+03
4.303027344000000085e+03
3.901648925999999847e+03
3.540212157999999818e+03
3.214260009999999966e+03
2.920745849999999791e+03
2.656672363000000132e+03
2.419219727000000148e+03
2.206135498000000098e+03
2.014256591999999955e+03
1.842894896999999901e+03
1.689580077999999958e+03
1.552899169999999913e+03
1.431171264999999948e+03
1.322875853999999890e+03
1.227201172000000042e+03
1.141490356000000020e+03
1.067137572999999975e+03
1.000763733000000002e+03
9.434844359999999597e+02
8.934342649999999821e+02
8.497142939999999953e+02
8.106312259999999696e+02
7.779931030000000192e+02
7.499333500000000186e+02
7.254152830000000449e+02
7.042559810000000198e+02
6.865855099999999993e+02
6.702046510000000126e+02
6.567037350000000515e+02
6.452204590000000053e+02
6.324074100000000271e+02
6.235949709999999868e+02
6.163575439999999617e+02
6.091119999999999663e+02
6.032626340000000482e+02
5.979339599999999564e+02
5.923425899999999729e+02
5.886138919999999644e+02
5.853101809999999432e+02
5.806988529999999855e+02
5.777604370000000245e+02
5.745875849999999900e+02
5.717716669999999795e+02
5.657209470000000238e+02
5.634489139999999452e+02
5.593286739999999782e+02
5.565754389999999603e+02
5.528502200000000357e+02
5.486334229999999934e+02
5.445394290000000410e+02
5.393715819999999894e+02
5.363168950000000450e+02
5.330449220000000423e+02
5.288728029999999762e+02
5.267547610000000304e+02
5.230913090000000238e+02
5.204342040000000225e+02
5.170601809999999432e+02
5.143826900000000251e+02
5.127197270000000344e+02
5.106734619999999722e+02
5.088385309999999890e+02
5.046853939999999739e+02
5.025288699999999835e+02
5.006188660000000255e+02
4.983983759999999847e+02
4.938082580000000235e+02
