2.954470507799999905e+04
2.671853906199999983e+04
2.416306640600000173e+04
2.185253710900000078e+04
1.976349414099999922e+04
1.787459765600000173e+04
1.616685156199999983e+04
1.462294433600000048e+04
1.322704882800000087e+04
1.196495800799999961e+04
1.082394824200000039e+04
9.792633788999999524e+03
8.860602538999999524e+03
8.018195800999999847e+03
7.256812500000000000e+03
6.568901367000000391e+03
5.947300780999999915e+03
5.386137206999999762e+03
4.879458983999999873e+03
4.422145996000000196e+03
4.009010985999999775e+03
3.636998779000000013e+03
3.301385741999999937e+03
2.999396729000000050e+03
2.726731201000000056e+03
2.482237792999999783e+03
2.261694824000000153e+03
2.063672118999999839e+03
1.885846802000000025e+03
1.727407349000000067e+03
1.585699341000000004e+03
1.459661254999999983e+03
1.348208984000000100e+03
1.248670532000000094e+03
1.160352051000000074e+03
1.083120971999999938e+03
1.014063293000000044e+03
9.548281859999999597e+02
9.030200200000000450e+02
8.568613279999999577e+02
8.181727909999999611e+02
7.845877689999999802e+02
7.555134279999999762e+02
7.295359499999999571e+02
7.055322879999999941e+02
6.871317139999999881e+02
6.702704469999999901e+02
6.565661619999999630e+02
6.440885009999999511e+02
6.336483150000000251e+02
6.252171019999999544e+02
6.181063840000000482e+02
6.078449709999999868e+02
6.029251709999999775e+02
5.970669560000000047e+02
5.923567500000000337e+02
5.874054569999999558e+02
5.830491940000000568e+02
5.772249150000000100e+02
5.746787110000000212e+02
5.698867189999999709e+02
5.667862549999999828e+02
5.625026860000000397e+02
5.602920530000000099e+02
5.585758670000000166e+02
5.556444089999999960e+02
5.532925420000000258e+02
5.488997190000000046e+02
5.446743770000000495e+02
5.422542720000000145e+02
5.377691039999999703e+02
5.335654909999999518e+02
5.278994750000000522e+02
5.235181270000000495e+02
5.182559199999999464e+02
5.164777219999999716e+02
5.149544069999999465e+02
5.129663699999999835e+02
5.101313779999999838e+02
5.057988889999999742e+02
4.997476500000000215e+02
4.977792049999999904e+02
4.940887149999999792e+02
4.907347110000000043e+02
4.859824520000000234e+02
4.835605469999999855e+02
4.814995119999999815e+02
4.797874150000000100e+02
4.766402590000000146e+02
4.752948910000000069e+02
4.733402399999999943e+02
4.713835450000000264e+02
4.683869020000000205e+02
4.641585999999999785e+02
4.628089289999999778e+02
4.615595700000000079e+02
4.595204469999999901e+02
4.579985960000000205e+02
4.561524350000000254e+02
4.544117739999999799e+02
4.527169489999999996e+02
4.519273069999999848e+02
4.505135500000000093e+02
4.488301389999999742e+02
4.476740720000000238e+02
4.459767150000000129e+02
4.450330510000000004e+02
4.436354680000000030e+02
4.428134769999999776e+02
4.418477169999999887e+02
4.395416559999999890e+02
4.387088929999999891e+02
4.370739140000000020e+02
4.363232120000000123e+02
4.355169680000000199e+02
4.345513310000000047e+02
4.331829220000000191e+02
4.324717410000000086e+02
4.308575440000000185e+02
4.280936580000000049e+02
4.272481989999999996e+02
4.267380069999999819e+02
4.260197749999999814e+02
4.244606019999999944e+02
4.224649660000000040e+02
4.210437009999999987e+02
4.171009220000000255e+02
4.159327089999999885e+02
4.148449709999999868e+02
4.135458980000000224e+02
4.129964289999999778e+02
4.123638310000000047e+02
4.100797420000000102e+02
4.077118229999999812e+02
4.061755679999999984e+02
4.041559750000000122e+02
4.033438719999999762e+02
