2.862960351599999922e+04
2.589191992200000095e+04
2.341643554700000095e+04
2.117787500000000000e+04
1.915383203100000173e+04
1.732406054700000095e+04
1.566943359400000008e+04
1.417353418000000056e+04
1.282108203099999992e+04
1.159838867199999913e+04
1.049300195300000087e+04
9.493958984000000783e+03
8.590936523000000307e+03
7.774897949000000153e+03
7.037478516000000127e+03
6.371230469000000085e+03
5.769232422000000042e+03
5.225631835999999566e+03
4.734493652000000111e+03
4.291311034999999720e+03
3.891868163999999979e+03
3.531311035000000174e+03
3.206503173999999944e+03
2.914218993999999839e+03
2.650153808999999910e+03
2.412587402000000111e+03
2.200004150000000209e+03
2.009606444999999894e+03
1.838118652000000111e+03
1.685436889999999948e+03
1.549576904000000013e+03
1.428300780999999915e+03
1.319062134000000015e+03
1.222356078999999909e+03
1.138031250000000000e+03
1.062888916000000108e+03
9.969646609999999782e+02
9.403643190000000232e+02
8.892072140000000218e+02
8.462286380000000463e+02
8.073739620000000059e+02
7.749920650000000251e+02
7.459323120000000245e+02
7.224818119999999908e+02
7.002869259999999940e+02
6.815991209999999683e+02
6.641149289999999610e+02
6.490221559999999954e+02
6.377932130000000370e+02
6.261663210000000390e+02
6.169852909999999611e+02
6.089373170000000073e+02
6.011622919999999795e+02
5.952494510000000218e+02
5.897370610000000397e+02
5.857207640000000310e+02
5.810935060000000476e+02
5.777340699999999742e+02
5.748487549999999828e+02
5.720075679999999920e+02
5.691265869999999722e+02
5.659733889999999974e+02
5.620984499999999571e+02
5.584421999999999571e+02
5.534763179999999920e+02
5.451969599999999900e+02
5.435541379999999663e+02
5.383342290000000503e+02
5.341463619999999537e+02
5.313814089999999624e+02
5.244812620000000152e+02
5.200404049999999643e+02
5.150407099999999900e+02
5.112785640000000171e+02
5.074620669999999905e+02
5.040553889999999910e+02
5.007422490000000153e+02
4.969222110000000043e+02
4.955735470000000191e+02
4.905712589999999977e+02
4.859064940000000092e+02
4.811841739999999845e+02
4.772226870000000076e+02
