1.432159000000000000e+07
1.138610800000000000e+07
1.319150900000000000e+07
1.221416500000000000e+07
1.419202300000000000e+07
1.442560000000000000e+07
1.347711400000000000e+07
1.141071700000000000e+07
1.344583800000000000e+07
1.224805100000000000e+07
1.276247600000000000e+07
1.282624500000000000e+07
1.011244200000000000e+07
1.433556200000000000e+07
1.312295000000000000e+07
1.132186700000000000e+07
1.353612500000000000e+07
9.799085000000000000e+06
1.344372300000000000e+07
1.091039600000000000e+07
1.143850700000000000e+07
1.079817100000000000e+07
1.230015700000000000e+07
1.286657100000000000e+07
1.097400800000000000e+07
1.296730200000000000e+07
1.072396000000000000e+07
1.061772600000000000e+07
1.140337900000000000e+07
1.348887000000000000e+07
1.420107100000000000e+07
1.302061200000000000e+07
1.232282300000000000e+07
1.227164200000000000e+07
1.240876300000000000e+07
1.219495800000000000e+07
1.484932300000000000e+07
1.135312600000000000e+07
8.583419000000000000e+06
1.048646800000000000e+07
1.126660600000000000e+07
9.122602000000000000e+06
9.029421000000000000e+06
7.177446500000000000e+06
8.121074000000000000e+06
7.913101000000000000e+06
9.410476000000000000e+06
7.648724000000000000e+06
8.486043000000000000e+06
8.340562500000000000e+06
7.564001500000000000e+06
8.290994000000000000e+06
7.559567500000000000e+06
6.450436000000000000e+06
7.111468000000000000e+06
7.971290000000000000e+06
6.541385000000000000e+06
6.914440000000000000e+06
7.270705500000000000e+06
7.354984000000000000e+06
6.144190500000000000e+06
6.857018000000000000e+06
7.502022500000000000e+06
7.110151500000000000e+06
5.029882000000000000e+06
6.893175000000000000e+06
6.898766000000000000e+06
7.204885500000000000e+06
5.910229500000000000e+06
6.418136000000000000e+06
6.505460000000000000e+06
5.904226000000000000e+06
5.621436000000000000e+06
6.647513000000000000e+06
5.794679000000000000e+06
5.838383000000000000e+06
6.037471000000000000e+06
5.268831000000000000e+06
5.165235000000000000e+06
5.576915500000000000e+06
5.906966500000000000e+06
5.130233000000000000e+06
5.920598000000000000e+06
5.997236500000000000e+06
5.186542000000000000e+06
5.712356500000000000e+06
5.299899500000000000e+06
5.923440000000000000e+06
5.870436500000000000e+06
5.738791000000000000e+06
4.946776000000000000e+06
5.177394000000000000e+06
5.201440000000000000e+06
5.303343000000000000e+06
5.786907500000000000e+06
5.426507000000000000e+06
5.261580500000000000e+06
5.410408000000000000e+06
5.491509500000000000e+06
5.206580500000000000e+06
5.277158500000000000e+06
4.394404000000000000e+06
6.051498500000000000e+06
5.829099000000000000e+06
5.312472000000000000e+06
5.602366000000000000e+06
5.268935000000000000e+06
5.143559500000000000e+06
5.435164000000000000e+06
5.341938500000000000e+06
5.747869500000000000e+06
5.562078500000000000e+06
4.664220500000000000e+06
5.294847000000000000e+06
5.618754000000000000e+06
4.742292000000000000e+06
4.305966000000000000e+06
5.290958500000000000e+06
4.994867000000000000e+06
4.416413000000000000e+06
5.104506000000000000e+06
4.758112500000000000e+06
5.587473500000000000e+06
5.449138000000000000e+06
5.236636000000000000e+06
4.876986000000000000e+06
5.361525500000000000e+06
5.369525000000000000e+06
5.159979000000000000e+06
5.414078500000000000e+06
4.499351500000000000e+06
4.917150000000000000e+06
5.463821500000000000e+06
5.566975500000000000e+06
4.759768500000000000e+06
4.611594000000000000e+06
4.977049000000000000e+06
4.637255500000000000e+06
4.141105000000000000e+06
4.999378500000000000e+06
5.074235500000000000e+06
5.756107000000000000e+06
5.002434500000000000e+06
4.511828000000000000e+06
5.112983000000000000e+06
4.279944500000000000e+06
5.165881000000000000e+06
5.326966000000000000e+06
4.374608500000000000e+06
5.028712000000000000e+06
4.429974000000000000e+06
5.081123500000000000e+06
5.314123500000000000e+06
4.742008500000000000e+06
4.634961000000000000e+06
4.928794500000000000e+06
4.840722500000000000e+06
4.692975500000000000e+06
4.522488000000000000e+06
4.444666000000000000e+06
5.197179500000000000e+06
4.549909000000000000e+06
4.523387000000000000e+06
4.487043000000000000e+06
4.917430000000000000e+06
4.026403750000000000e+06
4.629639500000000000e+06
4.981667000000000000e+06
4.450493000000000000e+06
4.480108000000000000e+06
4.611154500000000000e+06
4.618706000000000000e+06
4.688291000000000000e+06
4.454569000000000000e+06
4.611296000000000000e+06
4.369894000000000000e+06
4.603515000000000000e+06
4.528067500000000000e+06
4.275047000000000000e+06
4.791274000000000000e+06
4.683015000000000000e+06
4.545828500000000000e+06
3.974274750000000000e+06
4.526111500000000000e+06
4.295840000000000000e+06
4.145678500000000000e+06
5.465990500000000000e+06
5.494065000000000000e+06
4.842040500000000000e+06
4.696316500000000000e+06
3.258830500000000000e+06
4.084314500000000000e+06
4.472193000000000000e+06
4.258640000000000000e+06
4.967250000000000000e+06
4.037510000000000000e+06
4.175431000000000000e+06
4.418647000000000000e+06
4.636035500000000000e+06
4.721090000000000000e+06
4.039262750000000000e+06
4.796078500000000000e+06
4.610812000000000000e+06
3.958258000000000000e+06
4.126725000000000000e+06
4.247303500000000000e+06
4.139713750000000000e+06
4.616576000000000000e+06
5.006681000000000000e+06
4.942918500000000000e+06
4.472748000000000000e+06
4.913418500000000000e+06
4.853033500000000000e+06
4.422136500000000000e+06
4.103693250000000000e+06
3.921806500000000000e+06
4.047556750000000000e+06
4.819707000000000000e+06
4.076105500000000000e+06
3.650972250000000000e+06
4.524551000000000000e+06
4.874952500000000000e+06
4.137998500000000000e+06
4.179745500000000000e+06
4.229306000000000000e+06
4.588453000000000000e+06
3.879324250000000000e+06
4.598870000000000000e+06
4.433651000000000000e+06
3.996887500000000000e+06
4.374235000000000000e+06
5.245622000000000000e+06
4.441670000000000000e+06
4.152521250000000000e+06
4.157627750000000000e+06
4.089432500000000000e+06
3.753142750000000000e+06
3.793220500000000000e+06
4.291048000000000000e+06
4.275141500000000000e+06
4.233810000000000000e+06
4.497389000000000000e+06
4.061920500000000000e+06
3.794995750000000000e+06
4.023037000000000000e+06
4.260392000000000000e+06
4.785485000000000000e+06
4.146631000000000000e+06
4.098188250000000000e+06
3.904104750000000000e+06
3.422153250000000000e+06
4.218362500000000000e+06
4.498240500000000000e+06
3.703176500000000000e+06
4.324921000000000000e+06
4.379302000000000000e+06
4.122505750000000000e+06
4.032201000000000000e+06
4.092736250000000000e+06
3.581847500000000000e+06
4.256926000000000000e+06
4.365658000000000000e+06
4.244807500000000000e+06
4.015777000000000000e+06
3.716035000000000000e+06
4.414418000000000000e+06
4.525424000000000000e+06
4.203636000000000000e+06
3.573305500000000000e+06
4.390659000000000000e+06
3.801509500000000000e+06
4.657706000000000000e+06
4.136965750000000000e+06
4.178958250000000000e+06
4.683289500000000000e+06
3.670183500000000000e+06
3.624817500000000000e+06
3.798771000000000000e+06
3.907016750000000000e+06
3.979909000000000000e+06
4.619910000000000000e+06
3.949712750000000000e+06
4.336207000000000000e+06
3.968468500000000000e+06
4.418109000000000000e+06
3.738200000000000000e+06
4.176467500000000000e+06
3.697979000000000000e+06
4.037401750000000000e+06
4.368486000000000000e+06
3.899946500000000000e+06
4.052547750000000000e+06
3.888309250000000000e+06
4.224198500000000000e+06
3.454262000000000000e+06
3.922931500000000000e+06
3.635479250000000000e+06
3.993397250000000000e+06
4.627082000000000000e+06
4.193322750000000000e+06
3.870900500000000000e+06
4.129182250000000000e+06
4.341619000000000000e+06
3.958708250000000000e+06
4.280742500000000000e+06
3.707235500000000000e+06
3.993786750000000000e+06
4.155613000000000000e+06
4.438659000000000000e+06
4.141488500000000000e+06
4.035478000000000000e+06
3.830788500000000000e+06
3.856111250000000000e+06
4.288184000000000000e+06
4.006931750000000000e+06
4.107822250000000000e+06
4.087779750000000000e+06
4.116149750000000000e+06
3.888513250000000000e+06
3.706896250000000000e+06
4.199854000000000000e+06
3.944963250000000000e+06
3.813885250000000000e+06
3.679463000000000000e+06
4.081928000000000000e+06
3.826191500000000000e+06
3.784549000000000000e+06
3.730585750000000000e+06
3.734025250000000000e+06
3.653255500000000000e+06
4.194515000000000000e+06
4.365036000000000000e+06
3.804322500000000000e+06
3.586873750000000000e+06
3.666437500000000000e+06
3.615219250000000000e+06
4.689967500000000000e+06
3.835691500000000000e+06
3.721518500000000000e+06
3.623927750000000000e+06
4.192642000000000000e+06
4.303636000000000000e+06
3.739326000000000000e+06
4.247714000000000000e+06
3.969983500000000000e+06
3.957617000000000000e+06
3.476511750000000000e+06
3.535213750000000000e+06
2.887152750000000000e+06
3.953179000000000000e+06
3.539361000000000000e+06
4.236376500000000000e+06
3.611092750000000000e+06
3.309689500000000000e+06
4.101501500000000000e+06
4.243459000000000000e+06
4.490664500000000000e+06
4.123437500000000000e+06
3.842546250000000000e+06
3.585245250000000000e+06
4.458966000000000000e+06
3.579799500000000000e+06
3.641387000000000000e+06
3.359941000000000000e+06
4.960267500000000000e+06
3.877707750000000000e+06
4.408980000000000000e+06
3.760367250000000000e+06
3.377896750000000000e+06
4.383272000000000000e+06
3.897816250000000000e+06
3.672142000000000000e+06
3.358300500000000000e+06
3.844063000000000000e+06
3.736199750000000000e+06
4.000738500000000000e+06
3.551109750000000000e+06
4.074042250000000000e+06
3.962431000000000000e+06
3.519826000000000000e+06
4.168839250000000000e+06
4.192894250000000000e+06
4.089076000000000000e+06
4.432575500000000000e+06
3.933835250000000000e+06
4.241085500000000000e+06
3.184242750000000000e+06
3.420931000000000000e+06
3.711936500000000000e+06
3.349418000000000000e+06
3.543535750000000000e+06
3.944106250000000000e+06
3.614614000000000000e+06
4.117828750000000000e+06
4.014907250000000000e+06
3.956394500000000000e+06
3.486467250000000000e+06
3.404711500000000000e+06
4.036691000000000000e+06
3.313317250000000000e+06
3.656108000000000000e+06
3.236559500000000000e+06
4.094036500000000000e+06
3.505431000000000000e+06
4.702721500000000000e+06
4.064211750000000000e+06
4.114433250000000000e+06
4.096075250000000000e+06
3.847859250000000000e+06
3.902305250000000000e+06
4.395608000000000000e+06
3.143510000000000000e+06
3.812922000000000000e+06
3.443864500000000000e+06
3.449294750000000000e+06
3.559392750000000000e+06
3.803201250000000000e+06
3.618589500000000000e+06
3.443767000000000000e+06
3.992311750000000000e+06
3.776848000000000000e+06
3.181179750000000000e+06
3.328771500000000000e+06
2.864499750000000000e+06
3.822611750000000000e+06
4.014266250000000000e+06
3.545555000000000000e+06
3.518695500000000000e+06
3.561709250000000000e+06
4.224330000000000000e+06
3.374965250000000000e+06
4.160900500000000000e+06
3.754549000000000000e+06
3.780659500000000000e+06
3.593750750000000000e+06
4.405679000000000000e+06
4.550581000000000000e+06
4.027994750000000000e+06
4.359804000000000000e+06
3.474691000000000000e+06
3.865869000000000000e+06
4.216583500000000000e+06
3.447035750000000000e+06
3.569692250000000000e+06
3.939025750000000000e+06
3.815890250000000000e+06
3.990497500000000000e+06
3.588525750000000000e+06
4.157869500000000000e+06
4.110560000000000000e+06
4.002738500000000000e+06
3.822612500000000000e+06
3.367447000000000000e+06
3.481690000000000000e+06
3.482665750000000000e+06
3.204004500000000000e+06
3.263467000000000000e+06
3.090158500000000000e+06
4.085873500000000000e+06
4.093731250000000000e+06
3.788108000000000000e+06
3.307609750000000000e+06
3.824869000000000000e+06
4.149907000000000000e+06
2.933144000000000000e+06
3.847367250000000000e+06
3.957370000000000000e+06
3.252329000000000000e+06
3.646429000000000000e+06
3.681564000000000000e+06
3.372818000000000000e+06
3.364800000000000000e+06
3.371108750000000000e+06
3.372101500000000000e+06
4.077233500000000000e+06
3.378700750000000000e+06
4.133421000000000000e+06
3.995114250000000000e+06
4.093209250000000000e+06
3.277548500000000000e+06
3.746718000000000000e+06
3.291220750000000000e+06
3.598470500000000000e+06
3.849779750000000000e+06
3.715057750000000000e+06
3.620614250000000000e+06
3.526159000000000000e+06
3.567487500000000000e+06
4.148758250000000000e+06
4.071409500000000000e+06
3.872436000000000000e+06
3.373805750000000000e+06
3.443410500000000000e+06
3.636186500000000000e+06
3.484103750000000000e+06
3.949912750000000000e+06
3.921896000000000000e+06
3.363112000000000000e+06
3.238978000000000000e+06
3.679771750000000000e+06
4.026698500000000000e+06
3.202263500000000000e+06
3.225142750000000000e+06
3.624433500000000000e+06
3.803041000000000000e+06
3.428404500000000000e+06
3.163485750000000000e+06
3.052836250000000000e+06
3.332056750000000000e+06
3.252841500000000000e+06
4.698907000000000000e+06
2.953734250000000000e+06
3.879672500000000000e+06
3.240995250000000000e+06
3.091542500000000000e+06
4.136693500000000000e+06
3.766609000000000000e+06
4.058652000000000000e+06
3.820936500000000000e+06
3.570170000000000000e+06
3.852477500000000000e+06
3.562440500000000000e+06
3.588342250000000000e+06
3.722268500000000000e+06
3.158783750000000000e+06
3.592497250000000000e+06
3.377903250000000000e+06
3.857833250000000000e+06
3.558327750000000000e+06
3.990959500000000000e+06
4.067884750000000000e+06
3.007777500000000000e+06
3.486890000000000000e+06
3.591079750000000000e+06
3.315165750000000000e+06
3.427401000000000000e+06
3.509571250000000000e+06
4.240576000000000000e+06
3.625523750000000000e+06
3.400189000000000000e+06
3.580775250000000000e+06
3.571445250000000000e+06
3.416147750000000000e+06
3.386023000000000000e+06
3.341417500000000000e+06
3.905030000000000000e+06
3.137072500000000000e+06
3.568665750000000000e+06
3.340594250000000000e+06
3.928917750000000000e+06
3.837044250000000000e+06
3.412673500000000000e+06
3.416147250000000000e+06
3.467244500000000000e+06
3.360931000000000000e+06
4.521941000000000000e+06
3.155926750000000000e+06
3.778765000000000000e+06
2.798616750000000000e+06
3.467493000000000000e+06
3.557394750000000000e+06
3.778371250000000000e+06
3.249110000000000000e+06
3.529501750000000000e+06
4.006108000000000000e+06
3.439914000000000000e+06
3.006293750000000000e+06
3.705772000000000000e+06
3.533151000000000000e+06
3.734603500000000000e+06
3.556770000000000000e+06
3.272627500000000000e+06
3.921552250000000000e+06
3.355003750000000000e+06
2.985584250000000000e+06
3.867536000000000000e+06
3.782410750000000000e+06
3.574271750000000000e+06
2.962934500000000000e+06
2.756736250000000000e+06
3.450976500000000000e+06
4.270068500000000000e+06
3.063163750000000000e+06
2.904209000000000000e+06
3.260326500000000000e+06
3.681517750000000000e+06
3.248471250000000000e+06
3.755556250000000000e+06
2.756694500000000000e+06
3.170962500000000000e+06
3.118227750000000000e+06
3.891079000000000000e+06
3.016706000000000000e+06
2.955176500000000000e+06
3.501931750000000000e+06
4.243457500000000000e+06
3.302840500000000000e+06
2.989870000000000000e+06
3.272687500000000000e+06
3.515196000000000000e+06
4.112565000000000000e+06
3.628535500000000000e+06
3.231947000000000000e+06
3.724304750000000000e+06
3.717224750000000000e+06
2.830303500000000000e+06
3.021756000000000000e+06
3.596521250000000000e+06
3.542318500000000000e+06
3.068690000000000000e+06
3.470772250000000000e+06
3.579606500000000000e+06
4.176238750000000000e+06
3.349031750000000000e+06
3.396426000000000000e+06
3.956667000000000000e+06
3.796279500000000000e+06
3.293097750000000000e+06
3.820117750000000000e+06
3.661894750000000000e+06
3.363243000000000000e+06
2.972511000000000000e+06
3.603215500000000000e+06
3.620786500000000000e+06
3.033221250000000000e+06
3.011128500000000000e+06
3.675028000000000000e+06
2.859314750000000000e+06
2.869244250000000000e+06
3.035788750000000000e+06
3.562218750000000000e+06
4.181189750000000000e+06
3.581618500000000000e+06
3.338930500000000000e+06
3.163638250000000000e+06
3.559329750000000000e+06
3.575664250000000000e+06
3.537423250000000000e+06
3.483882250000000000e+06
3.907191500000000000e+06
3.900168250000000000e+06
3.396996250000000000e+06
3.243040500000000000e+06
3.318808500000000000e+06
3.145399750000000000e+06
2.990502250000000000e+06
2.795660500000000000e+06
3.688651250000000000e+06
2.660968250000000000e+06
3.181043750000000000e+06
3.547867500000000000e+06
3.159358000000000000e+06
3.192478750000000000e+06
3.420720500000000000e+06
3.037440250000000000e+06
2.842191000000000000e+06
3.477453000000000000e+06
3.139405500000000000e+06
2.566143750000000000e+06
3.678851750000000000e+06
3.990482250000000000e+06
3.673773250000000000e+06
2.709584250000000000e+06
3.821146000000000000e+06
4.300902000000000000e+06
3.093742500000000000e+06
3.765755750000000000e+06
3.640161500000000000e+06
2.913616250000000000e+06
3.018014500000000000e+06
3.253546250000000000e+06
2.951481500000000000e+06
3.071351500000000000e+06
3.968004000000000000e+06
3.356490000000000000e+06
4.135561000000000000e+06
2.848449000000000000e+06
3.483436500000000000e+06
2.610138750000000000e+06
3.704551250000000000e+06
3.001852500000000000e+06
3.917430500000000000e+06
3.576150000000000000e+06
3.396165000000000000e+06
3.509679500000000000e+06
3.334071250000000000e+06
2.738761500000000000e+06
3.321882500000000000e+06
2.842925250000000000e+06
3.674908500000000000e+06
3.275460000000000000e+06
2.993988500000000000e+06
3.696155250000000000e+06
3.409268000000000000e+06
3.213661250000000000e+06
3.188522500000000000e+06
2.716232000000000000e+06
3.088657250000000000e+06
3.699458750000000000e+06
3.963030250000000000e+06
3.506235000000000000e+06
3.242623000000000000e+06
4.331101500000000000e+06
3.204643000000000000e+06
2.740217750000000000e+06
3.521812000000000000e+06
2.765901000000000000e+06
3.728701750000000000e+06
2.932691500000000000e+06
3.003610000000000000e+06
2.914041500000000000e+06
3.255329750000000000e+06
3.018070500000000000e+06
3.469285750000000000e+06
3.243432500000000000e+06
3.212024750000000000e+06
2.571630250000000000e+06
2.858449750000000000e+06
3.352646750000000000e+06
3.378569500000000000e+06
3.859936250000000000e+06
2.724199500000000000e+06
3.483135750000000000e+06
3.497078250000000000e+06
3.529772250000000000e+06
3.057487750000000000e+06
3.186529500000000000e+06
2.698090750000000000e+06
2.642879250000000000e+06
3.419964500000000000e+06
3.627623000000000000e+06
3.550155500000000000e+06
2.926253000000000000e+06
3.544760250000000000e+06
2.983883000000000000e+06
3.355095250000000000e+06
2.646488250000000000e+06
2.757208000000000000e+06
3.326347500000000000e+06
3.288210750000000000e+06
3.313434000000000000e+06
3.478135500000000000e+06
3.611610250000000000e+06
2.569977250000000000e+06
2.915715500000000000e+06
3.172622750000000000e+06
2.973621000000000000e+06
3.651727500000000000e+06
3.575678250000000000e+06
3.033019250000000000e+06
2.919198000000000000e+06
2.888774500000000000e+06
3.799062000000000000e+06
3.096679000000000000e+06
3.963812000000000000e+06
2.435426500000000000e+06
2.719703000000000000e+06
3.276252000000000000e+06
2.820241250000000000e+06
3.458489500000000000e+06
3.416295250000000000e+06
3.239134000000000000e+06
3.403745250000000000e+06
3.007087500000000000e+06
3.731480000000000000e+06
2.623547000000000000e+06
2.735774500000000000e+06
2.572288000000000000e+06
3.258446250000000000e+06
3.095147750000000000e+06
2.975908750000000000e+06
3.196299750000000000e+06
4.156812250000000000e+06
2.633917250000000000e+06
3.357485000000000000e+06
4.337982000000000000e+06
2.718673500000000000e+06
3.356143000000000000e+06
2.690809500000000000e+06
2.748950000000000000e+06
2.913564250000000000e+06
3.151364000000000000e+06
2.506059500000000000e+06
3.142710500000000000e+06
3.277736250000000000e+06
3.365058000000000000e+06
3.255921250000000000e+06
2.753469750000000000e+06
4.016877250000000000e+06
2.835290500000000000e+06
3.082994250000000000e+06
3.274091500000000000e+06
2.729489250000000000e+06
3.303133750000000000e+06
3.983599250000000000e+06
3.881798000000000000e+06
2.872949750000000000e+06
2.842923250000000000e+06
2.776419500000000000e+06
3.177102250000000000e+06
2.798701500000000000e+06
2.634327750000000000e+06
3.243056250000000000e+06
3.453081250000000000e+06
2.749744750000000000e+06
2.736880500000000000e+06
3.191543500000000000e+06
3.262466000000000000e+06
3.619757000000000000e+06
3.107867750000000000e+06
3.153748000000000000e+06
3.122790000000000000e+06
3.218795250000000000e+06
3.224176250000000000e+06
3.359443500000000000e+06
3.479099500000000000e+06
2.714223250000000000e+06
3.303736000000000000e+06
3.405167500000000000e+06
3.152932750000000000e+06
2.762177250000000000e+06
2.810716250000000000e+06
3.400004750000000000e+06
3.456275250000000000e+06
2.759355250000000000e+06
2.908037000000000000e+06
3.102995750000000000e+06
3.158094000000000000e+06
3.658282750000000000e+06
3.607548750000000000e+06
2.253405250000000000e+06
3.163371750000000000e+06
2.881208250000000000e+06
2.947640250000000000e+06
3.456427750000000000e+06
2.706409250000000000e+06
2.928384750000000000e+06
3.025972750000000000e+06
3.978733750000000000e+06
2.729265500000000000e+06
3.945922500000000000e+06
2.477330750000000000e+06
2.234874500000000000e+06
3.181975000000000000e+06
3.475129500000000000e+06
3.566622250000000000e+06
2.836551750000000000e+06
3.664121250000000000e+06
2.524803250000000000e+06
3.458044000000000000e+06
3.497971500000000000e+06
2.684150750000000000e+06
3.019243000000000000e+06
2.858526500000000000e+06
3.333446500000000000e+06
3.103684500000000000e+06
2.741424500000000000e+06
2.425193000000000000e+06
2.928043000000000000e+06
3.548382000000000000e+06
3.480874500000000000e+06
3.392871250000000000e+06
3.250147000000000000e+06
2.724703000000000000e+06
2.615024750000000000e+06
2.987682500000000000e+06
2.768959500000000000e+06
3.376684000000000000e+06
3.679932750000000000e+06
2.302122750000000000e+06
2.681738500000000000e+06
2.712248250000000000e+06
2.952138250000000000e+06
3.296294500000000000e+06
2.605399000000000000e+06
3.027588500000000000e+06
2.878429500000000000e+06
2.912226000000000000e+06
3.429372500000000000e+06
2.782366500000000000e+06
3.133679250000000000e+06
3.528455500000000000e+06
3.238322000000000000e+06
3.165276250000000000e+06
2.920189500000000000e+06
2.619770500000000000e+06
2.834599250000000000e+06
3.055941750000000000e+06
2.247595250000000000e+06
3.420720000000000000e+06
2.446069750000000000e+06
2.670002000000000000e+06
2.761619250000000000e+06
3.191473250000000000e+06
2.714264750000000000e+06
2.874185000000000000e+06
3.392392000000000000e+06
2.844844500000000000e+06
3.196081500000000000e+06
2.951416250000000000e+06
3.382773500000000000e+06
3.531729000000000000e+06
3.255609000000000000e+06
4.107414250000000000e+06
2.813698750000000000e+06
2.382429000000000000e+06
2.833774250000000000e+06
2.823139250000000000e+06
2.897865500000000000e+06
2.929478250000000000e+06
4.035176000000000000e+06
3.090223750000000000e+06
3.012264500000000000e+06
2.825578000000000000e+06
2.712772250000000000e+06
2.452243000000000000e+06
2.660917500000000000e+06
2.737507750000000000e+06
2.719490750000000000e+06
2.492556000000000000e+06
2.936122750000000000e+06
3.605654000000000000e+06
3.005548250000000000e+06
3.167651000000000000e+06
3.487956750000000000e+06
3.209971250000000000e+06
2.763763750000000000e+06
2.574428500000000000e+06
2.549858250000000000e+06
3.185914250000000000e+06
2.805988750000000000e+06
3.045788500000000000e+06
3.339538750000000000e+06
2.445912250000000000e+06
2.069982000000000000e+06
2.992127500000000000e+06
1.786019250000000000e+06
3.053283750000000000e+06
2.483045000000000000e+06
3.214433750000000000e+06
3.314889750000000000e+06
3.435795500000000000e+06
3.688824500000000000e+06
2.965103750000000000e+06
4.143471000000000000e+06
2.574902250000000000e+06
3.203528500000000000e+06
2.761646750000000000e+06
2.708993000000000000e+06
2.413363000000000000e+06
2.770244250000000000e+06
3.395247000000000000e+06
3.120855500000000000e+06
2.762618000000000000e+06
3.281664500000000000e+06
3.110882750000000000e+06
2.937877500000000000e+06
2.497502250000000000e+06
3.160874000000000000e+06
2.912934250000000000e+06
3.083615500000000000e+06
2.679219750000000000e+06
3.410890750000000000e+06
3.583334000000000000e+06
3.444292250000000000e+06
2.565288250000000000e+06
2.751332250000000000e+06
2.288937500000000000e+06
2.925915500000000000e+06
2.736414250000000000e+06
3.718711000000000000e+06
2.662075500000000000e+06
2.233862250000000000e+06
3.047638500000000000e+06
2.653345250000000000e+06
2.706786750000000000e+06
3.134061750000000000e+06
2.932677750000000000e+06
3.032484500000000000e+06
3.064766500000000000e+06
2.772855500000000000e+06
2.791409750000000000e+06
2.977588500000000000e+06
3.278601750000000000e+06
2.480015750000000000e+06
3.969699250000000000e+06
3.069791250000000000e+06
2.994547750000000000e+06
3.068140250000000000e+06
2.878942500000000000e+06
2.938134000000000000e+06
3.044056750000000000e+06
2.422267250000000000e+06
2.650494250000000000e+06
2.636908500000000000e+06
2.638028750000000000e+06
3.166313500000000000e+06
2.772273500000000000e+06
3.662147500000000000e+06
2.876944000000000000e+06
3.657250250000000000e+06
3.142317500000000000e+06
2.713520500000000000e+06
2.221253250000000000e+06
3.017522250000000000e+06
2.233028500000000000e+06
2.670201000000000000e+06
4.200314000000000000e+06
3.225901750000000000e+06
2.555545250000000000e+06
2.876721000000000000e+06
2.927705750000000000e+06
2.731497000000000000e+06
2.916679500000000000e+06
3.065896000000000000e+06
3.141756500000000000e+06
3.366474500000000000e+06
2.622844250000000000e+06
3.150448500000000000e+06
2.589841000000000000e+06
2.454205750000000000e+06
2.937232750000000000e+06
2.021002500000000000e+06
3.593542250000000000e+06
2.730068250000000000e+06
3.026457250000000000e+06
2.785284000000000000e+06
2.589799000000000000e+06
2.947838750000000000e+06
2.703217250000000000e+06
3.299329250000000000e+06
2.518096500000000000e+06
3.700244250000000000e+06
2.563749250000000000e+06
3.058137000000000000e+06
2.478788250000000000e+06
3.730467000000000000e+06
2.513834000000000000e+06
1.869452750000000000e+06
3.165829000000000000e+06
3.039455500000000000e+06
1.896081375000000000e+06
2.313645000000000000e+06
3.033055500000000000e+06
3.634247500000000000e+06
2.729370750000000000e+06
2.331165500000000000e+06
2.524515500000000000e+06
3.724928000000000000e+06
2.556979000000000000e+06
2.366194500000000000e+06
2.718314500000000000e+06
2.687008000000000000e+06
2.472471750000000000e+06
3.093448750000000000e+06
2.581054500000000000e+06
2.949821250000000000e+06
3.274431500000000000e+06
2.806751500000000000e+06
2.648575500000000000e+06
3.153220500000000000e+06
2.696026000000000000e+06
2.982148000000000000e+06
2.488627250000000000e+06
2.644169250000000000e+06
2.313215500000000000e+06
3.600216500000000000e+06
3.151724000000000000e+06
2.739871250000000000e+06
2.929265250000000000e+06
3.198548500000000000e+06
2.858505000000000000e+06
2.733530250000000000e+06
2.645103500000000000e+06
2.758126500000000000e+06
2.475471000000000000e+06
2.440720500000000000e+06
2.601440750000000000e+06
2.547477750000000000e+06
2.726094250000000000e+06
3.015328000000000000e+06
2.221243250000000000e+06
3.132891250000000000e+06
2.761474500000000000e+06
2.007779875000000000e+06
3.407192750000000000e+06
3.149829000000000000e+06
2.590592500000000000e+06
3.623657250000000000e+06
3.394488250000000000e+06
3.182542500000000000e+06
2.289979000000000000e+06
3.017260000000000000e+06
2.522729750000000000e+06
2.901081000000000000e+06
2.471878000000000000e+06
3.008552000000000000e+06
2.772654500000000000e+06
2.920841250000000000e+06
2.238074000000000000e+06
3.476322500000000000e+06
3.220011500000000000e+06
2.485527250000000000e+06
2.868028750000000000e+06
2.919731500000000000e+06
2.555110750000000000e+06
2.512522000000000000e+06
3.158446500000000000e+06
2.316114500000000000e+06
3.074756500000000000e+06
3.051713750000000000e+06
2.598143000000000000e+06
3.201465000000000000e+06
3.028596000000000000e+06
2.857767250000000000e+06
3.079317000000000000e+06
2.644452250000000000e+06
2.430135250000000000e+06
2.695021250000000000e+06
2.717662000000000000e+06
3.669347000000000000e+06
2.570331250000000000e+06
3.029157250000000000e+06
2.014733750000000000e+06
2.776535750000000000e+06
3.160356000000000000e+06
2.449211500000000000e+06
3.096977500000000000e+06
2.860776000000000000e+06
2.369945500000000000e+06
2.572572250000000000e+06
3.474688500000000000e+06
3.233529500000000000e+06
2.477844500000000000e+06
3.021604750000000000e+06
2.823214500000000000e+06
2.980328500000000000e+06
2.508021500000000000e+06
2.930280000000000000e+06
2.868630000000000000e+06
2.498625250000000000e+06
3.352121500000000000e+06
3.030377000000000000e+06
2.543049000000000000e+06
2.337592750000000000e+06
3.041379500000000000e+06
2.594321250000000000e+06
2.043263000000000000e+06
2.660162750000000000e+06
2.230163000000000000e+06
2.741714000000000000e+06
3.565536750000000000e+06
2.813812500000000000e+06
2.672182000000000000e+06
2.534066000000000000e+06
2.213926750000000000e+06
2.828378250000000000e+06
2.594043500000000000e+06
2.769235000000000000e+06
2.368734250000000000e+06
2.387986000000000000e+06
2.290227250000000000e+06
2.913485500000000000e+06
3.384211000000000000e+06
2.648209500000000000e+06
2.446742750000000000e+06
3.052291500000000000e+06
3.440446750000000000e+06
3.093565500000000000e+06
2.565113500000000000e+06
2.567799250000000000e+06
3.327601000000000000e+06
2.390457250000000000e+06
2.319938250000000000e+06
2.546725750000000000e+06
2.936632750000000000e+06
2.411916000000000000e+06
3.008265500000000000e+06
2.106947500000000000e+06
2.266561750000000000e+06
2.567693750000000000e+06
2.248675000000000000e+06
2.353875000000000000e+06
2.460063000000000000e+06
2.465425750000000000e+06
2.969349500000000000e+06
3.965124750000000000e+06
3.121930750000000000e+06
2.481184250000000000e+06
3.313919250000000000e+06
2.498855500000000000e+06
3.533087750000000000e+06
2.998812500000000000e+06
3.055739250000000000e+06
3.079258250000000000e+06
2.258204000000000000e+06
2.665020000000000000e+06
2.664593750000000000e+06
2.450989250000000000e+06
2.319129750000000000e+06
2.267161500000000000e+06
2.626589000000000000e+06
3.382951750000000000e+06
2.802245750000000000e+06
3.306776000000000000e+06
2.429567250000000000e+06
2.876820000000000000e+06
2.417163000000000000e+06
3.072163250000000000e+06
1.880536250000000000e+06
3.142160250000000000e+06
3.418519500000000000e+06
3.354126750000000000e+06
2.569654000000000000e+06
2.760872750000000000e+06
2.357464750000000000e+06
2.567306250000000000e+06
2.317331000000000000e+06
2.337959500000000000e+06
2.423664500000000000e+06
2.536570000000000000e+06
2.218966750000000000e+06
2.800807500000000000e+06
3.215139000000000000e+06
2.317469000000000000e+06
3.280063250000000000e+06
2.475691000000000000e+06
3.075097500000000000e+06
3.043698000000000000e+06
2.970138250000000000e+06
2.468521500000000000e+06
3.033855000000000000e+06
2.011072000000000000e+06
3.681860500000000000e+06
2.371807500000000000e+06
2.380565750000000000e+06
2.896757500000000000e+06
2.579048000000000000e+06
2.706488250000000000e+06
3.395234500000000000e+06
2.451756500000000000e+06
2.620057750000000000e+06
1.964527500000000000e+06
2.681754500000000000e+06
2.920814750000000000e+06
3.097252500000000000e+06
2.358521500000000000e+06
2.677205250000000000e+06
3.199313750000000000e+06
3.051280000000000000e+06
3.267793000000000000e+06
2.869871750000000000e+06
2.065727750000000000e+06
2.223832500000000000e+06
2.499847750000000000e+06
2.653940500000000000e+06
2.854686250000000000e+06
2.416428500000000000e+06
1.933903750000000000e+06
2.844716500000000000e+06
2.040607750000000000e+06
2.443780000000000000e+06
2.816380250000000000e+06
2.058014000000000000e+06
2.625013000000000000e+06
2.625335750000000000e+06
2.574551250000000000e+06
1.763277250000000000e+06
3.427430000000000000e+06
2.939571750000000000e+06
2.768491250000000000e+06
2.714341500000000000e+06
3.241373500000000000e+06
3.254932000000000000e+06
2.596244750000000000e+06
2.268024250000000000e+06
2.843944000000000000e+06
3.121945750000000000e+06
2.693854000000000000e+06
1.991449125000000000e+06
2.984592500000000000e+06
2.758155000000000000e+06
1.980194000000000000e+06
2.785342000000000000e+06
2.485322500000000000e+06
1.992414375000000000e+06
2.339542500000000000e+06
2.572972750000000000e+06
2.636119750000000000e+06
2.768047500000000000e+06
2.590193000000000000e+06
2.775718250000000000e+06
2.166558750000000000e+06
3.214584750000000000e+06
1.823912250000000000e+06
2.731170250000000000e+06
2.942936250000000000e+06
3.092297500000000000e+06
3.142388500000000000e+06
2.808769250000000000e+06
2.918059750000000000e+06
2.701502000000000000e+06
2.364172000000000000e+06
2.141271500000000000e+06
2.703558000000000000e+06
2.070826250000000000e+06
2.486702250000000000e+06
1.828565000000000000e+06
2.278944500000000000e+06
3.209623750000000000e+06
2.965903250000000000e+06
2.643056750000000000e+06
2.515765250000000000e+06
3.057486750000000000e+06
2.772985000000000000e+06
2.384063500000000000e+06
3.046032000000000000e+06
2.364307250000000000e+06
2.774248000000000000e+06
1.925484875000000000e+06
2.868931000000000000e+06
2.864800750000000000e+06
2.462813750000000000e+06
2.963704750000000000e+06
2.008513000000000000e+06
2.376724250000000000e+06
2.496591750000000000e+06
2.198833500000000000e+06
2.587837500000000000e+06
2.051205625000000000e+06
2.305360000000000000e+06
2.859113500000000000e+06
2.188411500000000000e+06
2.868404500000000000e+06
2.270210500000000000e+06
3.017440000000000000e+06
3.070345500000000000e+06
3.108027250000000000e+06
2.514826750000000000e+06
2.537035250000000000e+06
2.872066500000000000e+06
2.539312500000000000e+06
3.018333750000000000e+06
2.472779000000000000e+06
2.740681000000000000e+06
2.470122000000000000e+06
2.626859000000000000e+06
2.927468500000000000e+06
2.376183750000000000e+06
2.462093000000000000e+06
3.143279000000000000e+06
2.623169250000000000e+06
2.668387750000000000e+06
2.732883250000000000e+06
1.767377625000000000e+06
2.222048000000000000e+06
2.081041250000000000e+06
2.368212000000000000e+06
2.557601500000000000e+06
2.480983000000000000e+06
3.134174750000000000e+06
2.124884500000000000e+06
3.143522250000000000e+06
3.636060000000000000e+06
2.619062250000000000e+06
2.653033250000000000e+06
2.700352750000000000e+06
1.787973875000000000e+06
2.093453250000000000e+06
3.113771000000000000e+06
2.177275000000000000e+06
3.476282500000000000e+06
2.817833500000000000e+06
3.029922500000000000e+06
3.214715750000000000e+06
2.056316375000000000e+06
3.005692000000000000e+06
1.978052750000000000e+06
2.667653250000000000e+06
2.210816000000000000e+06
2.805443000000000000e+06
2.486604750000000000e+06
2.403770250000000000e+06
2.955354000000000000e+06
2.572345750000000000e+06
2.124149250000000000e+06
2.265346250000000000e+06
2.664666750000000000e+06
2.523789000000000000e+06
2.636522000000000000e+06
2.606910750000000000e+06
2.720543000000000000e+06
2.563414750000000000e+06
2.195240500000000000e+06
2.182930750000000000e+06
2.693513500000000000e+06
2.392010750000000000e+06
3.388951500000000000e+06
2.304422000000000000e+06
1.975374125000000000e+06
3.609925500000000000e+06
2.577743500000000000e+06
2.400564500000000000e+06
2.099013750000000000e+06
2.579559500000000000e+06
2.637099500000000000e+06
2.725051500000000000e+06
2.314987500000000000e+06
1.869873250000000000e+06
2.518412750000000000e+06
2.394192000000000000e+06
2.705705500000000000e+06
2.514035250000000000e+06
2.448644750000000000e+06
2.811456750000000000e+06
2.705802000000000000e+06
2.433405500000000000e+06
2.392952000000000000e+06
2.330300500000000000e+06
1.914925500000000000e+06
2.661455000000000000e+06
1.895383125000000000e+06
2.754397500000000000e+06
2.643184750000000000e+06
2.603989500000000000e+06
3.266239250000000000e+06
3.022590000000000000e+06
2.416261500000000000e+06
2.250110000000000000e+06
3.245279000000000000e+06
2.764772000000000000e+06
2.132099750000000000e+06
2.516957750000000000e+06
2.739365750000000000e+06
2.775084500000000000e+06
2.575452500000000000e+06
1.901041625000000000e+06
2.341973250000000000e+06
2.141694250000000000e+06
1.943818000000000000e+06
2.788725750000000000e+06
2.736036500000000000e+06
2.959349000000000000e+06
2.220963000000000000e+06
2.966614250000000000e+06
2.677547750000000000e+06
1.760848375000000000e+06
2.638961250000000000e+06
3.049630000000000000e+06
2.125728500000000000e+06
2.318749000000000000e+06
3.361328500000000000e+06
2.790480250000000000e+06
2.086917875000000000e+06
1.816475250000000000e+06
2.274519500000000000e+06
2.759874750000000000e+06
2.172389750000000000e+06
2.633976000000000000e+06
2.749549000000000000e+06
2.564954500000000000e+06
2.410804000000000000e+06
2.223667000000000000e+06
3.312600000000000000e+06
1.620817625000000000e+06
2.558978000000000000e+06
3.013763000000000000e+06
2.916508500000000000e+06
2.893695000000000000e+06
2.687174250000000000e+06
2.464856750000000000e+06
2.173699500000000000e+06
1.924527625000000000e+06
3.103880000000000000e+06
3.619729750000000000e+06
1.448750625000000000e+06
2.333340000000000000e+06
2.258521000000000000e+06
2.694881000000000000e+06
2.454161750000000000e+06
2.775856750000000000e+06
2.334546750000000000e+06
2.430107250000000000e+06
2.567400000000000000e+06
3.191261750000000000e+06
2.185912500000000000e+06
2.549757250000000000e+06
1.995051500000000000e+06
1.976180500000000000e+06
2.387959000000000000e+06
2.754525500000000000e+06
2.522962500000000000e+06
2.407263250000000000e+06
3.524064000000000000e+06
2.213247250000000000e+06
2.448610250000000000e+06
1.806529625000000000e+06
1.754783000000000000e+06
2.402446250000000000e+06
2.834097500000000000e+06
2.209519000000000000e+06
2.920642000000000000e+06
2.393624250000000000e+06
2.865708250000000000e+06
2.349753250000000000e+06
2.620927750000000000e+06
3.103339500000000000e+06
2.055984750000000000e+06
2.025803000000000000e+06
2.361664250000000000e+06
3.074363000000000000e+06
1.868122750000000000e+06
3.388597500000000000e+06
2.256694750000000000e+06
2.823717500000000000e+06
2.823799500000000000e+06
2.324865000000000000e+06
2.615613250000000000e+06
2.817827250000000000e+06
2.433004000000000000e+06
2.412014500000000000e+06
2.169914000000000000e+06
1.860473250000000000e+06
2.109843000000000000e+06
2.477378250000000000e+06
2.736606750000000000e+06
2.311813750000000000e+06
2.357031000000000000e+06
2.930148500000000000e+06
2.433253750000000000e+06
2.241066750000000000e+06
2.490376500000000000e+06
2.404510250000000000e+06
2.989018250000000000e+06
2.685791000000000000e+06
2.137998500000000000e+06
2.556110000000000000e+06
2.479261000000000000e+06
2.098735000000000000e+06
2.792899250000000000e+06
2.641610750000000000e+06
2.098218500000000000e+06
2.352597250000000000e+06
2.491412000000000000e+06
2.404914500000000000e+06
2.703376750000000000e+06
1.415432625000000000e+06
2.394906500000000000e+06
3.184189500000000000e+06
2.200937500000000000e+06
2.570166000000000000e+06
2.921237750000000000e+06
1.566038750000000000e+06
2.698872250000000000e+06
1.508355625000000000e+06
2.422863000000000000e+06
2.256550000000000000e+06
2.680625000000000000e+06
2.228347750000000000e+06
2.041004500000000000e+06
2.605272250000000000e+06
1.868832250000000000e+06
2.185143500000000000e+06
2.545384500000000000e+06
2.118678250000000000e+06
2.547973750000000000e+06
2.476744000000000000e+06
2.343301500000000000e+06
2.177476500000000000e+06
3.198305250000000000e+06
3.361079750000000000e+06
2.551677750000000000e+06
1.739570250000000000e+06
1.887231125000000000e+06
3.342648000000000000e+06
2.869657250000000000e+06
3.107894500000000000e+06
1.857028875000000000e+06
1.981892500000000000e+06
2.826842750000000000e+06
2.177839000000000000e+06
1.955857000000000000e+06
2.370096000000000000e+06
2.705584750000000000e+06
2.384294000000000000e+06
2.663904000000000000e+06
2.826955000000000000e+06
1.830953250000000000e+06
2.140872500000000000e+06
2.341438000000000000e+06
2.138504250000000000e+06
2.879344000000000000e+06
2.116939000000000000e+06
3.085481750000000000e+06
2.531568250000000000e+06
1.919219750000000000e+06
2.993546000000000000e+06
2.294296250000000000e+06
1.787163625000000000e+06
2.671968000000000000e+06
1.855999000000000000e+06
2.784011000000000000e+06
2.930061750000000000e+06
1.873501625000000000e+06
2.411188000000000000e+06
1.702782750000000000e+06
2.149565000000000000e+06
2.310561250000000000e+06
2.520286500000000000e+06
2.536414000000000000e+06
2.726891750000000000e+06
2.725384750000000000e+06
2.582714750000000000e+06
2.386347250000000000e+06
2.469292250000000000e+06
2.608437250000000000e+06
3.474608000000000000e+06
3.478625750000000000e+06
2.910281000000000000e+06
2.438372500000000000e+06
2.945991500000000000e+06
2.175252750000000000e+06
2.659456500000000000e+06
2.137947750000000000e+06
2.405805750000000000e+06
2.791216500000000000e+06
2.034767000000000000e+06
1.843258000000000000e+06
1.944835000000000000e+06
2.642225750000000000e+06
2.834144500000000000e+06
2.366094500000000000e+06
2.219593000000000000e+06
2.241934750000000000e+06
2.138463250000000000e+06
2.822899500000000000e+06
1.450983000000000000e+06
2.547585000000000000e+06
2.341069500000000000e+06
2.434554500000000000e+06
2.241214000000000000e+06
2.594671250000000000e+06
2.776891500000000000e+06
2.551736500000000000e+06
2.195862750000000000e+06
1.898933625000000000e+06
1.243214875000000000e+06
2.503008250000000000e+06
2.027297500000000000e+06
2.070872500000000000e+06
2.791446000000000000e+06
2.444633000000000000e+06
2.291707250000000000e+06
3.064250500000000000e+06
2.559458250000000000e+06
2.427930000000000000e+06
2.535545750000000000e+06
1.443291875000000000e+06
2.537220000000000000e+06
1.588280125000000000e+06
2.178800250000000000e+06
2.843236250000000000e+06
2.668570000000000000e+06
2.425088750000000000e+06
2.659438000000000000e+06
2.243350250000000000e+06
3.373185000000000000e+06
3.079801750000000000e+06
2.046178000000000000e+06
2.141223750000000000e+06
2.571788750000000000e+06
2.130837750000000000e+06
3.305136250000000000e+06
1.465875500000000000e+06
2.307788250000000000e+06
1.914989000000000000e+06
1.596221125000000000e+06
1.749663375000000000e+06
2.634601250000000000e+06
1.754351125000000000e+06
1.586558875000000000e+06
1.804160250000000000e+06
2.786849000000000000e+06
2.329228750000000000e+06
2.220383750000000000e+06
2.116287250000000000e+06
2.449778250000000000e+06
2.883441750000000000e+06
2.531626000000000000e+06
2.004268625000000000e+06
2.791827500000000000e+06
2.268776250000000000e+06
2.869292000000000000e+06
1.912009625000000000e+06
2.206578250000000000e+06
1.952278750000000000e+06
1.672667250000000000e+06
2.123995500000000000e+06
2.479673750000000000e+06
2.099890250000000000e+06
1.997302000000000000e+06
2.085536625000000000e+06
2.781141000000000000e+06
2.131094750000000000e+06
2.233408500000000000e+06
2.119460750000000000e+06
3.129059500000000000e+06
2.763341500000000000e+06
2.293112750000000000e+06
1.993931625000000000e+06
1.768490375000000000e+06
2.126434750000000000e+06
2.692019750000000000e+06
2.671940250000000000e+06
2.665310500000000000e+06
2.280717750000000000e+06
2.049456875000000000e+06
2.034917125000000000e+06
2.586306250000000000e+06
1.998394875000000000e+06
2.620948000000000000e+06
1.807947500000000000e+06
2.238933000000000000e+06
2.274339000000000000e+06
1.737207125000000000e+06
2.176922250000000000e+06
2.203766500000000000e+06
2.603902250000000000e+06
3.171966250000000000e+06
2.793730500000000000e+06
1.729227125000000000e+06
2.322248250000000000e+06
1.728114625000000000e+06
1.809980000000000000e+06
2.456920750000000000e+06
2.773234000000000000e+06
3.387385000000000000e+06
2.005512250000000000e+06
2.685586000000000000e+06
2.535114500000000000e+06
2.311377250000000000e+06
1.814181000000000000e+06
2.417057500000000000e+06
2.110125500000000000e+06
2.283848750000000000e+06
2.053841625000000000e+06
2.022451875000000000e+06
2.401691250000000000e+06
1.783620125000000000e+06
2.474340250000000000e+06
2.105900500000000000e+06
1.713960250000000000e+06
2.536649500000000000e+06
2.537274750000000000e+06
1.844907625000000000e+06
2.324165250000000000e+06
1.993479375000000000e+06
2.066547125000000000e+06
2.459054250000000000e+06
2.282953500000000000e+06
2.328569250000000000e+06
2.731329250000000000e+06
2.605429250000000000e+06
2.283599750000000000e+06
1.900190125000000000e+06
2.416305000000000000e+06
2.748255000000000000e+06
2.043928750000000000e+06
1.844422250000000000e+06
2.195991000000000000e+06
1.462075875000000000e+06
2.047009875000000000e+06
2.076815750000000000e+06
1.836373250000000000e+06
1.233499000000000000e+06
2.707574750000000000e+06
2.613248000000000000e+06
1.850732375000000000e+06
2.375533500000000000e+06
2.275032750000000000e+06
2.655583750000000000e+06
2.069606875000000000e+06
1.666759000000000000e+06
2.985094000000000000e+06
1.743987000000000000e+06
2.488048250000000000e+06
1.576128000000000000e+06
1.937460375000000000e+06
2.657825000000000000e+06
2.114637500000000000e+06
2.065996000000000000e+06
2.420947750000000000e+06
2.005676625000000000e+06
2.595001000000000000e+06
2.801292500000000000e+06
2.486015250000000000e+06
2.598554500000000000e+06
2.136437250000000000e+06
1.657099875000000000e+06
2.056780250000000000e+06
1.303504250000000000e+06
2.878181750000000000e+06
2.721457250000000000e+06
2.254675250000000000e+06
2.677419750000000000e+06
1.730208625000000000e+06
2.666564250000000000e+06
2.232447000000000000e+06
1.713416875000000000e+06
1.815290250000000000e+06
3.103070250000000000e+06
1.332979000000000000e+06
2.070403875000000000e+06
2.012567875000000000e+06
2.203309250000000000e+06
2.276745000000000000e+06
2.071546000000000000e+06
2.693057500000000000e+06
2.489584250000000000e+06
2.477821000000000000e+06
2.288602500000000000e+06
2.373410250000000000e+06
2.022489875000000000e+06
2.092768500000000000e+06
1.637664375000000000e+06
1.971463875000000000e+06
1.267516875000000000e+06
2.089323875000000000e+06
1.511634500000000000e+06
2.007681625000000000e+06
1.977118750000000000e+06
2.047913500000000000e+06
2.062625500000000000e+06
1.646404750000000000e+06
1.829447750000000000e+06
2.792119250000000000e+06
2.306943250000000000e+06
2.236100500000000000e+06
2.597795000000000000e+06
1.894079500000000000e+06
2.096962875000000000e+06
1.806308375000000000e+06
2.171159250000000000e+06
2.133345000000000000e+06
1.918221625000000000e+06
2.339759500000000000e+06
2.190713500000000000e+06
2.122579250000000000e+06
1.981929500000000000e+06
2.386121000000000000e+06
2.357041750000000000e+06
1.941128875000000000e+06
2.084387750000000000e+06
2.486828000000000000e+06
2.668753250000000000e+06
2.055794000000000000e+06
2.243555500000000000e+06
2.628405750000000000e+06
2.166770000000000000e+06
1.670588250000000000e+06
1.656086750000000000e+06
1.845421875000000000e+06
1.795999375000000000e+06
2.355815750000000000e+06
2.159932500000000000e+06
1.679469125000000000e+06
2.437906000000000000e+06
1.464569625000000000e+06
1.730564000000000000e+06
1.394128250000000000e+06
1.952405750000000000e+06
1.708237875000000000e+06
2.228835250000000000e+06
1.698355625000000000e+06
1.924973750000000000e+06
2.235763250000000000e+06
1.553896875000000000e+06
1.833446125000000000e+06
2.513776500000000000e+06
2.664307250000000000e+06
2.095782375000000000e+06
2.610462000000000000e+06
1.877182500000000000e+06
1.552210250000000000e+06
1.936850000000000000e+06
1.865605500000000000e+06
2.274962000000000000e+06
2.246465500000000000e+06
2.156131750000000000e+06
2.133435000000000000e+06
2.114167000000000000e+06
2.066369375000000000e+06
2.372778250000000000e+06
2.273958000000000000e+06
1.755496000000000000e+06
2.430589000000000000e+06
1.086222125000000000e+06
2.186737000000000000e+06
2.417546750000000000e+06
2.304283500000000000e+06
1.563181375000000000e+06
2.088293250000000000e+06
2.084759750000000000e+06
1.658850750000000000e+06
2.406108750000000000e+06
1.529524000000000000e+06
2.340785000000000000e+06
1.374441750000000000e+06
1.463266000000000000e+06
1.425270000000000000e+06
1.967967250000000000e+06
2.294146750000000000e+06
1.737526750000000000e+06
1.887782500000000000e+06
2.124228750000000000e+06
1.765065000000000000e+06
2.528163250000000000e+06
2.430127000000000000e+06
1.967671375000000000e+06
1.893790625000000000e+06
1.523826875000000000e+06
1.776796375000000000e+06
1.375084500000000000e+06
3.039682000000000000e+06
1.972362500000000000e+06
2.186662750000000000e+06
1.931245250000000000e+06
2.586309000000000000e+06
1.594114875000000000e+06
1.139723875000000000e+06
2.355336000000000000e+06
1.825209125000000000e+06
1.943492125000000000e+06
1.274763250000000000e+06
1.561535375000000000e+06
2.122356250000000000e+06
1.607138875000000000e+06
1.285889500000000000e+06
2.411059250000000000e+06
1.972634500000000000e+06
1.453533750000000000e+06
1.116877500000000000e+06
2.002038625000000000e+06
1.593441250000000000e+06
2.789322000000000000e+06
2.422255500000000000e+06
2.099651750000000000e+06
1.800909500000000000e+06
2.709273000000000000e+06
1.725052250000000000e+06
2.057518750000000000e+06
1.739888000000000000e+06
1.658781125000000000e+06
1.839407000000000000e+06
1.658755875000000000e+06
1.309154750000000000e+06
1.601838500000000000e+06
1.982820625000000000e+06
1.296580750000000000e+06
1.741367500000000000e+06
1.983149125000000000e+06
1.564356875000000000e+06
1.983771250000000000e+06
2.010774500000000000e+06
1.804838250000000000e+06
1.725093000000000000e+06
1.753272750000000000e+06
2.027383750000000000e+06
1.383638375000000000e+06
2.361617250000000000e+06
1.661075500000000000e+06
1.319672000000000000e+06
2.102191250000000000e+06
2.665702500000000000e+06
1.803987500000000000e+06
1.729867750000000000e+06
1.582312875000000000e+06
1.668928750000000000e+06
1.858365875000000000e+06
1.988067125000000000e+06
1.912234500000000000e+06
1.528260000000000000e+06
2.041279875000000000e+06
2.192034500000000000e+06
2.821367500000000000e+06
1.872224750000000000e+06
1.082531625000000000e+06
2.021565000000000000e+06
1.726857125000000000e+06
2.148289250000000000e+06
1.791158375000000000e+06
2.388891750000000000e+06
1.371122875000000000e+06
2.313149250000000000e+06
2.723120750000000000e+06
1.754775375000000000e+06
1.806518000000000000e+06
1.975747375000000000e+06
2.171095500000000000e+06
2.166364000000000000e+06
2.256330250000000000e+06
1.906285500000000000e+06
1.980380750000000000e+06
2.356130250000000000e+06
1.924048625000000000e+06
1.656649125000000000e+06
1.412864000000000000e+06
2.525128250000000000e+06
2.330555250000000000e+06
2.625021750000000000e+06
1.967246000000000000e+06
1.326747500000000000e+06
1.306398250000000000e+06
1.802659375000000000e+06
1.212082250000000000e+06
1.627594375000000000e+06
1.594281125000000000e+06
1.672907500000000000e+06
1.581519750000000000e+06
1.681775500000000000e+06
2.058369625000000000e+06
1.706395250000000000e+06
1.114226250000000000e+06
1.466910250000000000e+06
1.828123500000000000e+06
2.082361625000000000e+06
1.753364625000000000e+06
2.945370750000000000e+06
1.943166125000000000e+06
2.279140000000000000e+06
2.356285000000000000e+06
1.782203250000000000e+06
1.360568500000000000e+06
1.255411125000000000e+06
1.540500500000000000e+06
1.621193750000000000e+06
2.490271500000000000e+06
2.730242500000000000e+06
1.796293625000000000e+06
1.768722875000000000e+06
1.182235750000000000e+06
1.956215125000000000e+06
1.838723000000000000e+06
1.938536750000000000e+06
1.683972500000000000e+06
1.028458125000000000e+06
1.182778000000000000e+06
1.806192500000000000e+06
1.666160500000000000e+06
1.675578875000000000e+06
1.721506500000000000e+06
1.924270250000000000e+06
1.562798125000000000e+06
1.577504625000000000e+06
1.176336875000000000e+06
1.464453250000000000e+06
1.356145625000000000e+06
1.799045250000000000e+06
1.499431125000000000e+06
2.038387500000000000e+06
1.049736500000000000e+06
1.645219875000000000e+06
9.625718125000000000e+05
2.202987500000000000e+06
1.715501125000000000e+06
1.671361625000000000e+06
1.694710500000000000e+06
1.578626500000000000e+06
1.422115500000000000e+06
2.197385000000000000e+06
3.160785750000000000e+06
1.317697125000000000e+06
1.421068875000000000e+06
9.244495625000000000e+05
1.704542000000000000e+06
1.455318375000000000e+06
1.289604000000000000e+06
1.569722125000000000e+06
1.676468375000000000e+06
2.369883250000000000e+06
2.094414375000000000e+06
1.552972750000000000e+06
1.801499000000000000e+06
1.429105000000000000e+06
1.649069125000000000e+06
1.679147750000000000e+06
1.546487000000000000e+06
1.714338250000000000e+06
2.460555250000000000e+06
1.771092500000000000e+06
1.466464125000000000e+06
1.230482750000000000e+06
9.216348125000000000e+05
1.211293250000000000e+06
8.259052500000000000e+05
1.437308125000000000e+06
1.292557750000000000e+06
1.353849625000000000e+06
1.283375500000000000e+06
1.557725250000000000e+06
