1.102207422256469727e+00
1.068629980087280273e+00
1.046023249626159668e+00
1.058190822601318359e+00
9.517737627029418945e-01
9.493883252143859863e-01
9.341490268707275391e-01
8.549104332923889160e-01
9.018097519874572754e-01
9.406148791313171387e-01
8.869128227233886719e-01
9.312543869018554688e-01
9.192351102828979492e-01
9.694333672523498535e-01
9.305709600448608398e-01
8.824513554573059082e-01
9.015270471572875977e-01
8.560856580734252930e-01
8.658183813095092773e-01
8.887947201728820801e-01
8.538006544113159180e-01
8.214873075485229492e-01
9.010734558105468750e-01
9.013960957527160645e-01
7.938625812530517578e-01
8.327394723892211914e-01
8.565463423728942871e-01
9.040763974189758301e-01
8.324347138404846191e-01
8.816242814064025879e-01
8.678613901138305664e-01
8.943022489547729492e-01
8.746411800384521484e-01
8.142778277397155762e-01
8.599165081977844238e-01
8.536178469657897949e-01
8.437497615814208984e-01
8.157605528831481934e-01
8.348364830017089844e-01
7.909357547760009766e-01
7.994812726974487305e-01
8.340674638748168945e-01
7.801849842071533203e-01
8.710430264472961426e-01
8.566378355026245117e-01
8.728585839271545410e-01
7.762262225151062012e-01
8.026427030563354492e-01
8.290024399757385254e-01
8.083239197731018066e-01
8.111143708229064941e-01
8.014777898788452148e-01
8.194938302040100098e-01
7.846279144287109375e-01
7.989560961723327637e-01
8.038059473037719727e-01
7.727863788604736328e-01
7.539709210395812988e-01
7.751221656799316406e-01
7.863990664482116699e-01
8.038142919540405273e-01
7.997090816497802734e-01
7.700430750846862793e-01
8.079917430877685547e-01
7.680326700210571289e-01
8.251520991325378418e-01
8.046296238899230957e-01
7.723085880279541016e-01
7.524906992912292480e-01
8.131381869316101074e-01
7.702752947807312012e-01
7.513900399208068848e-01
7.225114107131958008e-01
8.332163095474243164e-01
8.044092059135437012e-01
7.535191774368286133e-01
8.678780794143676758e-01
8.551788330078125000e-01
8.332988023757934570e-01
7.970135211944580078e-01
7.677223682403564453e-01
7.158718109130859375e-01
8.095606565475463867e-01
7.454624176025390625e-01
6.571118831634521484e-01
7.520083785057067871e-01
8.094536662101745605e-01
8.365362882614135742e-01
7.907911539077758789e-01
7.802401781082153320e-01
7.486096024513244629e-01
7.608762979507446289e-01
8.943107128143310547e-01
7.632303833961486816e-01
7.732224464416503906e-01
8.148050904273986816e-01
8.046206831932067871e-01
9.187361598014831543e-01
9.679685235023498535e-01
8.040544390678405762e-01
8.606233000755310059e-01
8.520224094390869141e-01
7.811270952224731445e-01
7.482516765594482422e-01
8.199208974838256836e-01
7.534816861152648926e-01
8.420658111572265625e-01
8.505249023437500000e-01
7.568407058715820312e-01
7.759180068969726562e-01
8.550622463226318359e-01
8.828877210617065430e-01
7.300725579261779785e-01
7.444825768470764160e-01
8.760048151016235352e-01
7.446821928024291992e-01
8.394421935081481934e-01
8.296370506286621094e-01
7.069326639175415039e-01
7.314545512199401855e-01
7.665786147117614746e-01
7.272982597351074219e-01
7.617493867874145508e-01
8.745504021644592285e-01
7.760589718818664551e-01
7.681062221527099609e-01
6.923712491989135742e-01
7.837433815002441406e-01
7.325847148895263672e-01
8.535953164100646973e-01
7.618753910064697266e-01
7.240462899208068848e-01
7.138922214508056641e-01
8.848052024841308594e-01
8.861780166625976562e-01
7.026231884956359863e-01
8.034647107124328613e-01
7.723189592361450195e-01
7.736139297485351562e-01
7.070794701576232910e-01
8.152640461921691895e-01
7.807416319847106934e-01
7.221492528915405273e-01
8.297415375709533691e-01
7.880389690399169922e-01
7.594260573387145996e-01
7.732855677604675293e-01
7.405862212181091309e-01
6.862187385559082031e-01
7.763345837593078613e-01
7.953193187713623047e-01
7.585753202438354492e-01
7.836352586746215820e-01
8.573379516601562500e-01
7.554066777229309082e-01
7.927767634391784668e-01
7.596331834793090820e-01
7.838900089263916016e-01
7.305904030799865723e-01
7.535922527313232422e-01
8.334535360336303711e-01
8.038973808288574219e-01
7.047930955886840820e-01
7.982386350631713867e-01
7.867845892906188965e-01
6.922083497047424316e-01
7.424511313438415527e-01
7.152802348136901855e-01
6.921841502189636230e-01
7.319239377975463867e-01
8.116567134857177734e-01
7.582476139068603516e-01
7.361009120941162109e-01
8.117188215255737305e-01
7.177901864051818848e-01
7.123495936393737793e-01
8.158492445945739746e-01
7.148944139480590820e-01
7.000186443328857422e-01
8.219057917594909668e-01
7.158660292625427246e-01
7.850786447525024414e-01
7.867022156715393066e-01
7.348491549491882324e-01
7.552532553672790527e-01
7.474216222763061523e-01
6.711106896400451660e-01
6.921091675758361816e-01
8.284697532653808594e-01
7.426967620849609375e-01
6.942937374114990234e-01
7.274849414825439453e-01
6.720831394195556641e-01
8.067789077758789062e-01
6.996259093284606934e-01
7.502867579460144043e-01
7.757260203361511230e-01
7.399824261665344238e-01
8.421507477760314941e-01
8.278005123138427734e-01
7.175972461700439453e-01
7.244643568992614746e-01
6.895703673362731934e-01
7.108159065246582031e-01
6.968315839767456055e-01
7.407724857330322266e-01
7.443640828132629395e-01
6.967429518699645996e-01
7.631834149360656738e-01
7.570349574089050293e-01
7.055315375328063965e-01
7.411959171295166016e-01
6.953011155128479004e-01
7.022905349731445312e-01
7.736918330192565918e-01
7.970171570777893066e-01
7.637073993682861328e-01
7.755537629127502441e-01
7.866756319999694824e-01
7.933772206306457520e-01
7.501814961433410645e-01
7.681538462638854980e-01
7.087870240211486816e-01
7.249416708946228027e-01
7.257206439971923828e-01
7.727192044258117676e-01
8.027225732803344727e-01
8.243488073348999023e-01
7.276737093925476074e-01
8.162374496459960938e-01
8.427476286888122559e-01
8.407816290855407715e-01
7.036493420600891113e-01
7.986034750938415527e-01
7.738885879516601562e-01
8.678079843521118164e-01
7.174906730651855469e-01
8.122426867485046387e-01
7.616749405860900879e-01
7.197306156158447266e-01
7.690224647521972656e-01
8.333078622817993164e-01
8.019372820854187012e-01
7.517817616462707520e-01
7.631545066833496094e-01
8.323518037796020508e-01
6.859174370765686035e-01
7.412325739860534668e-01
8.280328512191772461e-01
8.063195943832397461e-01
7.900015115737915039e-01
6.946343183517456055e-01
7.064197659492492676e-01
7.553378343582153320e-01
7.384478449821472168e-01
8.030986785888671875e-01
6.947950720787048340e-01
8.082987666130065918e-01
7.329367995262145996e-01
8.072570562362670898e-01
7.602865695953369141e-01
7.704414725303649902e-01
7.743822932243347168e-01
8.085149526596069336e-01
7.986845970153808594e-01
8.130847811698913574e-01
7.396603226661682129e-01
7.308982014656066895e-01
7.211487293243408203e-01
8.168400526046752930e-01
7.650134563446044922e-01
7.068932652473449707e-01
7.642434239387512207e-01
7.302001118659973145e-01
8.046121597290039062e-01
7.753805518150329590e-01
7.450510263442993164e-01
7.473595738410949707e-01
7.847304344177246094e-01
7.118740081787109375e-01
7.837955951690673828e-01
7.515010833740234375e-01
7.730237841606140137e-01
7.193456888198852539e-01
7.672077417373657227e-01
7.204139828681945801e-01
7.752852439880371094e-01
6.746439933776855469e-01
6.624600291252136230e-01
7.518409490585327148e-01
7.725810408592224121e-01
7.276287078857421875e-01
7.765198349952697754e-01
7.170170545578002930e-01
7.658995389938354492e-01
6.548838019371032715e-01
6.952099204063415527e-01
7.887343168258666992e-01
6.803071498870849609e-01
7.281859517097473145e-01
7.727916240692138672e-01
7.183622717857360840e-01
7.327809333801269531e-01
7.088407278060913086e-01
6.898419260978698730e-01
6.993682384490966797e-01
7.094413042068481445e-01
7.905666828155517578e-01
7.412819862365722656e-01
7.768679261207580566e-01
7.441961169242858887e-01
7.707768678665161133e-01
7.989414334297180176e-01
7.048088312149047852e-01
7.364713549613952637e-01
7.122380137443542480e-01
7.717273235321044922e-01
6.806388497352600098e-01
7.575158476829528809e-01
7.712097764015197754e-01
7.243024110794067383e-01
7.580153346061706543e-01
7.959831357002258301e-01
7.609860301017761230e-01
7.297012805938720703e-01
7.286460995674133301e-01
7.403805851936340332e-01
7.693634629249572754e-01
7.888503074645996094e-01
8.416733145713806152e-01
7.355685234069824219e-01
8.272833824157714844e-01
7.763354778289794922e-01
8.280209898948669434e-01
8.571686148643493652e-01
9.198917746543884277e-01
7.277187705039978027e-01
8.224604725837707520e-01
7.885974049568176270e-01
8.092976808547973633e-01
9.102147221565246582e-01
7.561297416687011719e-01
7.905480265617370605e-01
8.180599808692932129e-01
7.587141990661621094e-01
8.323094844818115234e-01
7.801598310470581055e-01
7.694882154464721680e-01
7.753894925117492676e-01
7.823815941810607910e-01
7.780933380126953125e-01
7.400529980659484863e-01
7.435122728347778320e-01
8.172861933708190918e-01
7.137736082077026367e-01
7.951809763908386230e-01
8.290694952011108398e-01
7.473848462104797363e-01
8.083077073097229004e-01
8.587301373481750488e-01
7.257909774780273438e-01
9.188826084136962891e-01
8.490124940872192383e-01
7.581392526626586914e-01
7.315399050712585449e-01
8.500271439552307129e-01
7.679639458656311035e-01
8.086159825325012207e-01
7.303278446197509766e-01
7.598729729652404785e-01
8.232157826423645020e-01
7.980868816375732422e-01
7.515588998794555664e-01
8.205895423889160156e-01
8.714781403541564941e-01
8.336715698242187500e-01
7.580916285514831543e-01
8.477703928947448730e-01
7.915518283843994141e-01
8.846465349197387695e-01
7.790344953536987305e-01
7.172619104385375977e-01
8.536652326583862305e-01
7.472234368324279785e-01
8.060526251792907715e-01
7.599356174468994141e-01
8.031075000762939453e-01
7.872679829597473145e-01
7.645669579505920410e-01
8.695757985115051270e-01
7.652683854103088379e-01
7.882254123687744141e-01
7.579574584960937500e-01
7.804452180862426758e-01
7.346081137657165527e-01
8.117675185203552246e-01
7.738279700279235840e-01
7.485377192497253418e-01
8.432399630546569824e-01
6.801105737686157227e-01
7.429290413856506348e-01
7.246422767639160156e-01
7.532014846801757812e-01
7.239629030227661133e-01
8.615376949310302734e-01
7.205740809440612793e-01
7.914391756057739258e-01
8.273972868919372559e-01
7.532308697700500488e-01
7.904829382896423340e-01
8.169296979904174805e-01
7.965624928474426270e-01
8.531172871589660645e-01
7.046500444412231445e-01
7.469820976257324219e-01
8.638992309570312500e-01
7.921654582023620605e-01
7.822493314743041992e-01
7.646223902702331543e-01
6.936872005462646484e-01
8.281038403511047363e-01
8.492426872253417969e-01
7.380755543708801270e-01
7.916239500045776367e-01
8.085523843765258789e-01
7.029172182083129883e-01
8.081350922584533691e-01
7.442649006843566895e-01
8.396109938621520996e-01
7.250009179115295410e-01
7.367647886276245117e-01
7.465833425521850586e-01
8.077506422996520996e-01
8.131751418113708496e-01
8.233571052551269531e-01
7.892992496490478516e-01
8.553895950317382812e-01
7.463384270668029785e-01
7.913394570350646973e-01
8.571115136146545410e-01
7.762883305549621582e-01
8.027084469795227051e-01
7.828593254089355469e-01
7.768499255180358887e-01
8.788611888885498047e-01
8.097835183143615723e-01
7.747056484222412109e-01
7.743365168571472168e-01
7.809219360351562500e-01
8.088033199310302734e-01
7.556638717651367188e-01
7.816916704177856445e-01
7.314261794090270996e-01
8.469545841217041016e-01
7.968978881835937500e-01
7.985488176345825195e-01
7.546911835670471191e-01
8.502282500267028809e-01
7.786666154861450195e-01
7.691489458084106445e-01
7.606049180030822754e-01
7.296214103698730469e-01
7.664396762847900391e-01
7.985676527023315430e-01
7.488290071487426758e-01
7.042033076286315918e-01
7.941375970840454102e-01
6.638877391815185547e-01
8.401916623115539551e-01
7.739206552505493164e-01
7.294747829437255859e-01
8.284357190132141113e-01
7.416932582855224609e-01
8.178320527076721191e-01
6.831533312797546387e-01
9.261708259582519531e-01
8.585211038589477539e-01
7.579138875007629395e-01
8.068075180053710938e-01
7.550040483474731445e-01
7.850307226181030273e-01
8.148066997528076172e-01
9.561565518379211426e-01
8.681321740150451660e-01
8.342278599739074707e-01
8.291953802108764648e-01
7.752288579940795898e-01
8.988328576087951660e-01
8.305770158767700195e-01
8.021934032440185547e-01
7.558901906013488770e-01
8.017868995666503906e-01
8.457823991775512695e-01
8.001147508621215820e-01
8.616402745246887207e-01
8.858205676078796387e-01
8.525583148002624512e-01
7.659641504287719727e-01
8.883333206176757812e-01
8.875163197517395020e-01
7.366698384284973145e-01
7.607191205024719238e-01
7.148249149322509766e-01
8.052423000335693359e-01
8.248232007026672363e-01
8.629697561264038086e-01
7.678947448730468750e-01
7.120880484580993652e-01
7.523390650749206543e-01
7.793411612510681152e-01
7.744803428649902344e-01
7.579140067100524902e-01
7.376317381858825684e-01
7.027412056922912598e-01
7.207752466201782227e-01
7.972619533538818359e-01
6.856784224510192871e-01
7.427997589111328125e-01
8.305094242095947266e-01
8.014776706695556641e-01
7.497510313987731934e-01
8.191336989402770996e-01
7.645484209060668945e-01
7.623462080955505371e-01
7.075697183609008789e-01
7.590324282646179199e-01
7.793895006179809570e-01
8.024762868881225586e-01
9.008795619010925293e-01
7.809303998947143555e-01
8.093664646148681641e-01
8.501181602478027344e-01
7.450659275054931641e-01
8.109724521636962891e-01
8.079208135604858398e-01
8.267279267311096191e-01
8.516189455986022949e-01
8.165571689605712891e-01
7.153174877166748047e-01
7.605486512184143066e-01
7.924327254295349121e-01
7.279077768325805664e-01
8.010893464088439941e-01
9.042248129844665527e-01
8.559747934341430664e-01
8.633006811141967773e-01
8.008021712303161621e-01
8.716856837272644043e-01
8.602997064590454102e-01
8.003606796264648438e-01
7.686818242073059082e-01
8.059632778167724609e-01
8.108696341514587402e-01
8.663811087608337402e-01
7.543916702270507812e-01
8.541885614395141602e-01
8.172289133071899414e-01
8.248633742332458496e-01
7.705692648887634277e-01
7.595613598823547363e-01
7.866227030754089355e-01
8.234619498252868652e-01
8.804025053977966309e-01
7.802085876464843750e-01
8.832295536994934082e-01
7.653909921646118164e-01
8.285090923309326172e-01
7.831527590751647949e-01
7.179211378097534180e-01
8.387073278427124023e-01
8.530613780021667480e-01
7.723129391670227051e-01
7.901658415794372559e-01
7.204058170318603516e-01
8.055703639984130859e-01
7.880166769027709961e-01
8.203106522560119629e-01
8.570591211318969727e-01
7.617474794387817383e-01
8.405910730361938477e-01
7.371142506599426270e-01
8.156213760375976562e-01
8.763646483421325684e-01
7.826734185218811035e-01
8.932579755783081055e-01
7.719037532806396484e-01
8.150340318679809570e-01
7.495211958885192871e-01
8.131253719329833984e-01
7.761242389678955078e-01
8.091043829917907715e-01
8.313429951667785645e-01
8.030326366424560547e-01
8.150525689125061035e-01
8.488305807113647461e-01
7.497847676277160645e-01
8.415111899375915527e-01
8.196882009506225586e-01
8.864698410034179688e-01
7.667292952537536621e-01
8.213198781013488770e-01
7.418707013130187988e-01
7.508695125579833984e-01
7.421931624412536621e-01
9.310806989669799805e-01
8.183098435401916504e-01
7.933111786842346191e-01
7.829971313476562500e-01
7.608762383460998535e-01
7.283847928047180176e-01
7.120431661605834961e-01
8.045996427536010742e-01
7.978308796882629395e-01
8.371049165725708008e-01
7.617762088775634766e-01
7.779764533042907715e-01
9.027296304702758789e-01
7.660747766494750977e-01
7.795637845993041992e-01
7.973940968513488770e-01
7.306697368621826172e-01
8.994307518005371094e-01
8.389004468917846680e-01
8.293313384056091309e-01
7.931147217750549316e-01
7.356069087982177734e-01
7.756948471069335938e-01
8.444197773933410645e-01
8.000241518020629883e-01
7.734484672546386719e-01
7.467465400695800781e-01
8.411058783531188965e-01
7.976874709129333496e-01
7.354324460029602051e-01
7.412634491920471191e-01
7.950674891471862793e-01
7.954391241073608398e-01
7.469400167465209961e-01
7.985391020774841309e-01
7.998985052108764648e-01
8.789188861846923828e-01
8.512899875640869141e-01
7.934219241142272949e-01
8.200582265853881836e-01
7.349571585655212402e-01
7.294084429740905762e-01
8.118503689765930176e-01
7.329314947128295898e-01
7.817333936691284180e-01
7.826964855194091797e-01
7.612602114677429199e-01
7.664546370506286621e-01
7.962815165519714355e-01
7.318584918975830078e-01
7.914675474166870117e-01
7.361886501312255859e-01
7.671977877616882324e-01
8.577516078948974609e-01
7.634410262107849121e-01
8.186489939689636230e-01
8.101217150688171387e-01
8.187422752380371094e-01
8.413472175598144531e-01
7.835427522659301758e-01
7.577583193778991699e-01
8.098281621932983398e-01
8.394042849540710449e-01
7.790123820304870605e-01
8.557209968566894531e-01
7.880530357360839844e-01
7.768334746360778809e-01
7.907130718231201172e-01
7.757473587989807129e-01
8.614591360092163086e-01
7.780531644821166992e-01
8.237818479537963867e-01
7.452145218849182129e-01
7.325150966644287109e-01
7.567317485809326172e-01
7.607025504112243652e-01
8.113112449645996094e-01
7.832548022270202637e-01
8.374600410461425781e-01
7.110739946365356445e-01
7.084938287734985352e-01
7.273807525634765625e-01
8.194257020950317383e-01
7.169219255447387695e-01
7.932962775230407715e-01
8.365064859390258789e-01
7.543549537658691406e-01
8.138400912284851074e-01
7.933267354965209961e-01
8.455278873443603516e-01
7.832382321357727051e-01
7.960190773010253906e-01
7.389955520629882812e-01
8.254324793815612793e-01
7.216674089431762695e-01
6.900804638862609863e-01
7.295609116554260254e-01
6.990106701850891113e-01
8.121817708015441895e-01
8.792520165443420410e-01
7.797658443450927734e-01
6.950660943984985352e-01
7.645239233970642090e-01
7.884023189544677734e-01
8.296456933021545410e-01
6.980248689651489258e-01
8.343113660812377930e-01
8.216552734375000000e-01
7.260764241218566895e-01
8.178883194923400879e-01
8.090527057647705078e-01
7.304586172103881836e-01
7.551088929176330566e-01
8.093331456184387207e-01
7.871634364128112793e-01
7.143222689628601074e-01
7.717253565788269043e-01
7.796897888183593750e-01
7.546403408050537109e-01
7.341874837875366211e-01
7.912587523460388184e-01
7.758639454841613770e-01
7.865190505981445312e-01
7.187584042549133301e-01
7.482777833938598633e-01
8.359066843986511230e-01
8.072455525398254395e-01
7.384629845619201660e-01
7.320489883422851562e-01
7.978272438049316406e-01
7.642630934715270996e-01
