1.323740600000000000e+07
1.102102400000000000e+07
1.134861400000000000e+07
1.266232300000000000e+07
8.094351000000000000e+06
1.418179800000000000e+07
1.216489500000000000e+07
1.378796600000000000e+07
1.345740700000000000e+07
1.470242200000000000e+07
1.487803600000000000e+07
1.536203000000000000e+07
1.267365500000000000e+07
1.214690000000000000e+07
1.522159800000000000e+07
1.238641400000000000e+07
1.037127800000000000e+07
1.282749900000000000e+07
1.433294300000000000e+07
1.107038700000000000e+07
1.289987400000000000e+07
1.136572300000000000e+07
1.034027600000000000e+07
1.147915000000000000e+07
1.452500900000000000e+07
1.274793000000000000e+07
1.434185700000000000e+07
1.280856400000000000e+07
1.286269900000000000e+07
1.259099000000000000e+07
1.271263300000000000e+07
1.236735700000000000e+07
1.315860700000000000e+07
1.335264400000000000e+07
1.127643800000000000e+07
1.326918400000000000e+07
1.380187700000000000e+07
9.689703000000000000e+06
1.128481000000000000e+07
1.025313700000000000e+07
1.000236400000000000e+07
8.422774000000000000e+06
1.027769000000000000e+07
9.050818000000000000e+06
9.911834000000000000e+06
8.477274000000000000e+06
8.944402000000000000e+06
7.636995500000000000e+06
6.563036000000000000e+06
6.892200500000000000e+06
5.655577500000000000e+06
6.217758500000000000e+06
7.047657500000000000e+06
6.928836000000000000e+06
8.591376000000000000e+06
7.732077500000000000e+06
7.593925500000000000e+06
7.370855000000000000e+06
5.686469500000000000e+06
6.213566000000000000e+06
5.502620000000000000e+06
5.696934000000000000e+06
5.821385000000000000e+06
5.790450500000000000e+06
5.843505500000000000e+06
6.906707000000000000e+06
6.117223000000000000e+06
6.713035500000000000e+06
5.179133500000000000e+06
5.713370500000000000e+06
5.520589000000000000e+06
5.150266000000000000e+06
5.456921000000000000e+06
5.271063500000000000e+06
5.759398000000000000e+06
5.430991000000000000e+06
5.386316000000000000e+06
5.292902000000000000e+06
5.290268500000000000e+06
6.979068500000000000e+06
6.128771000000000000e+06
5.479494500000000000e+06
4.941125000000000000e+06
4.699242000000000000e+06
5.853948500000000000e+06
5.651273500000000000e+06
5.095023500000000000e+06
5.172884500000000000e+06
5.379044500000000000e+06
5.211450500000000000e+06
4.718295500000000000e+06
6.018393000000000000e+06
4.878965500000000000e+06
5.115741500000000000e+06
5.177346000000000000e+06
6.249001500000000000e+06
4.739647000000000000e+06
5.795333500000000000e+06
4.895960500000000000e+06
5.460400500000000000e+06
4.361236000000000000e+06
5.539965000000000000e+06
5.532953000000000000e+06
4.945820000000000000e+06
5.224333500000000000e+06
5.348936500000000000e+06
4.878574500000000000e+06
5.198386000000000000e+06
4.672431500000000000e+06
5.752378000000000000e+06
4.522769000000000000e+06
4.553677000000000000e+06
5.959988000000000000e+06
5.135508000000000000e+06
4.843940500000000000e+06
4.653361000000000000e+06
5.378271000000000000e+06
4.682411500000000000e+06
5.042093000000000000e+06
4.958078000000000000e+06
4.982013000000000000e+06
5.138076000000000000e+06
5.046028000000000000e+06
4.923448500000000000e+06
5.331017000000000000e+06
4.943709500000000000e+06
5.016707500000000000e+06
4.716937000000000000e+06
4.605126500000000000e+06
5.587926500000000000e+06
4.813260500000000000e+06
4.359748000000000000e+06
5.838524000000000000e+06
5.101164000000000000e+06
5.252524000000000000e+06
5.011226500000000000e+06
4.850723000000000000e+06
4.118319500000000000e+06
4.785224500000000000e+06
5.219561000000000000e+06
5.255849000000000000e+06
4.658890000000000000e+06
5.029558500000000000e+06
5.010493500000000000e+06
4.781110500000000000e+06
4.757622000000000000e+06
4.600181500000000000e+06
5.071589500000000000e+06
4.182818250000000000e+06
4.826775500000000000e+06
5.093000000000000000e+06
5.409582000000000000e+06
4.939665500000000000e+06
4.497942000000000000e+06
3.678422500000000000e+06
4.469089000000000000e+06
4.886305000000000000e+06
4.363137500000000000e+06
4.868480500000000000e+06
5.159741000000000000e+06
5.126187000000000000e+06
4.846831000000000000e+06
4.585702000000000000e+06
5.491613500000000000e+06
4.661277000000000000e+06
4.290435500000000000e+06
4.284112000000000000e+06
4.795191000000000000e+06
4.546042500000000000e+06
4.231505000000000000e+06
4.067038750000000000e+06
4.211452000000000000e+06
4.843811000000000000e+06
5.037381500000000000e+06
4.029562500000000000e+06
5.383581000000000000e+06
4.555145500000000000e+06
4.300278000000000000e+06
4.696336500000000000e+06
3.947696500000000000e+06
5.194859000000000000e+06
4.507673000000000000e+06
4.634659000000000000e+06
4.610897500000000000e+06
4.557803000000000000e+06
5.115650000000000000e+06
4.321761000000000000e+06
5.099243000000000000e+06
3.931259000000000000e+06
4.784538500000000000e+06
4.268142000000000000e+06
4.790730500000000000e+06
4.320893000000000000e+06
4.888198000000000000e+06
4.398120000000000000e+06
4.433512500000000000e+06
4.176418500000000000e+06
4.064191750000000000e+06
4.534913000000000000e+06
3.832530250000000000e+06
4.623167500000000000e+06
4.212395000000000000e+06
5.189512000000000000e+06
4.251981500000000000e+06
5.498613000000000000e+06
5.356921500000000000e+06
4.369864000000000000e+06
4.015192000000000000e+06
4.413019500000000000e+06
3.993107500000000000e+06
4.552620500000000000e+06
3.953470500000000000e+06
5.053683000000000000e+06
4.197555500000000000e+06
4.182553500000000000e+06
4.690779000000000000e+06
4.897442000000000000e+06
4.276542500000000000e+06
4.278504000000000000e+06
4.465222000000000000e+06
4.315914500000000000e+06
4.748437000000000000e+06
4.002851250000000000e+06
4.341654500000000000e+06
4.949523500000000000e+06
4.070691250000000000e+06
4.054239000000000000e+06
4.712485500000000000e+06
4.066331250000000000e+06
4.227617000000000000e+06
4.277905500000000000e+06
4.182516250000000000e+06
3.883301250000000000e+06
4.701999500000000000e+06
4.010848500000000000e+06
4.601293500000000000e+06
4.780318500000000000e+06
4.175632000000000000e+06
4.403160500000000000e+06
4.913868000000000000e+06
4.495369500000000000e+06
4.867422000000000000e+06
3.964860500000000000e+06
4.325431500000000000e+06
4.494688500000000000e+06
3.996843500000000000e+06
4.067428000000000000e+06
4.613733000000000000e+06
3.766803000000000000e+06
3.885276000000000000e+06
4.127147500000000000e+06
4.687958000000000000e+06
4.222411000000000000e+06
4.331296500000000000e+06
4.736412500000000000e+06
4.757500000000000000e+06
4.231330000000000000e+06
3.498606500000000000e+06
3.753242500000000000e+06
4.577134000000000000e+06
3.701298000000000000e+06
4.646871000000000000e+06
4.519252000000000000e+06
3.991134250000000000e+06
3.913899750000000000e+06
4.279389000000000000e+06
4.481999500000000000e+06
4.675604500000000000e+06
3.884174000000000000e+06
4.167559250000000000e+06
4.508459000000000000e+06
4.124257250000000000e+06
3.887269000000000000e+06
4.569811000000000000e+06
3.678671500000000000e+06
4.365888000000000000e+06
3.844011750000000000e+06
3.605831500000000000e+06
3.548862000000000000e+06
3.957001250000000000e+06
4.319757500000000000e+06
4.141818500000000000e+06
4.322314500000000000e+06
3.189562000000000000e+06
4.316921500000000000e+06
4.438004000000000000e+06
3.807885500000000000e+06
4.332109000000000000e+06
4.066896250000000000e+06
3.982835500000000000e+06
3.296405750000000000e+06
4.303090000000000000e+06
4.517854000000000000e+06
4.791236500000000000e+06
4.028677250000000000e+06
4.395623000000000000e+06
4.100087500000000000e+06
4.112548000000000000e+06
3.877127000000000000e+06
4.374631000000000000e+06
3.817257000000000000e+06
4.293295500000000000e+06
3.930813000000000000e+06
3.660539000000000000e+06
3.783244250000000000e+06
4.164761000000000000e+06
3.913057000000000000e+06
4.242116500000000000e+06
3.523712000000000000e+06
4.167347000000000000e+06
3.981470750000000000e+06
4.601942000000000000e+06
3.832685750000000000e+06
3.316980000000000000e+06
4.340380500000000000e+06
4.414725500000000000e+06
3.871667250000000000e+06
3.734645000000000000e+06
3.930472000000000000e+06
3.499953000000000000e+06
3.263362250000000000e+06
4.177065750000000000e+06
3.853358750000000000e+06
3.679709250000000000e+06
4.340486000000000000e+06
4.153685000000000000e+06
3.874167000000000000e+06
4.925046000000000000e+06
3.914649000000000000e+06
4.422681000000000000e+06
4.105737500000000000e+06
3.681266750000000000e+06
3.701012250000000000e+06
3.956631750000000000e+06
3.720839500000000000e+06
3.395953500000000000e+06
3.930564750000000000e+06
3.621683250000000000e+06
4.207607500000000000e+06
4.029640750000000000e+06
4.151890250000000000e+06
3.661942750000000000e+06
3.904344500000000000e+06
3.960437750000000000e+06
4.352004000000000000e+06
3.754831500000000000e+06
3.665822250000000000e+06
3.879165750000000000e+06
4.199615500000000000e+06
3.851492750000000000e+06
3.679058750000000000e+06
3.436503250000000000e+06
3.734710250000000000e+06
3.783844750000000000e+06
3.514418750000000000e+06
3.943350750000000000e+06
3.511793250000000000e+06
3.299290000000000000e+06
3.854514500000000000e+06
3.981589000000000000e+06
3.505733750000000000e+06
4.262903500000000000e+06
3.741988000000000000e+06
3.749485750000000000e+06
3.453014500000000000e+06
3.832523500000000000e+06
3.434275250000000000e+06
3.494483750000000000e+06
3.439504750000000000e+06
4.057496500000000000e+06
4.167577250000000000e+06
4.246122500000000000e+06
3.602918500000000000e+06
4.112509500000000000e+06
4.196105500000000000e+06
3.987086250000000000e+06
3.962462500000000000e+06
3.845156750000000000e+06
4.547816500000000000e+06
3.176020500000000000e+06
3.724396500000000000e+06
3.393899500000000000e+06
3.584630500000000000e+06
4.275447500000000000e+06
3.118753000000000000e+06
3.712829500000000000e+06
2.828660000000000000e+06
4.738845500000000000e+06
3.298349000000000000e+06
3.808078750000000000e+06
4.106317000000000000e+06
3.989333000000000000e+06
3.104149750000000000e+06
3.789023000000000000e+06
3.853810000000000000e+06
3.474786500000000000e+06
3.859137000000000000e+06
3.660862000000000000e+06
4.316098000000000000e+06
3.408257000000000000e+06
3.183850750000000000e+06
3.439163500000000000e+06
3.895939250000000000e+06
3.551796250000000000e+06
3.520482500000000000e+06
4.012151750000000000e+06
3.429760000000000000e+06
3.622838500000000000e+06
4.419898000000000000e+06
3.722116250000000000e+06
3.430855500000000000e+06
4.331255000000000000e+06
4.317029500000000000e+06
3.194994250000000000e+06
3.358677750000000000e+06
3.169904750000000000e+06
3.235992250000000000e+06
3.750506500000000000e+06
3.960406250000000000e+06
4.225853000000000000e+06
3.489289750000000000e+06
4.218477500000000000e+06
3.020419500000000000e+06
4.697439500000000000e+06
3.492550750000000000e+06
3.659196000000000000e+06
3.415613750000000000e+06
4.053404250000000000e+06
2.941680250000000000e+06
3.145877750000000000e+06
3.646095250000000000e+06
3.713991000000000000e+06
3.880585500000000000e+06
3.543100500000000000e+06
3.764769000000000000e+06
3.409567500000000000e+06
3.468808750000000000e+06
3.573468250000000000e+06
3.859932500000000000e+06
4.137918250000000000e+06
3.914931500000000000e+06
3.743576750000000000e+06
3.557773250000000000e+06
3.816637500000000000e+06
3.678869000000000000e+06
4.283619500000000000e+06
3.206809000000000000e+06
3.684152500000000000e+06
3.844245000000000000e+06
3.577339250000000000e+06
4.211564500000000000e+06
3.587738500000000000e+06
2.970308500000000000e+06
2.900869750000000000e+06
3.536354500000000000e+06
2.914298250000000000e+06
3.886415750000000000e+06
4.341487000000000000e+06
3.452417000000000000e+06
3.831680000000000000e+06
3.596387000000000000e+06
3.428805500000000000e+06
3.623748000000000000e+06
3.528411500000000000e+06
3.340620250000000000e+06
3.195208500000000000e+06
3.556153750000000000e+06
3.352390500000000000e+06
3.490725750000000000e+06
3.572457500000000000e+06
3.368478250000000000e+06
3.225138000000000000e+06
3.651856000000000000e+06
4.006370750000000000e+06
3.883266500000000000e+06
3.287111250000000000e+06
3.966307000000000000e+06
4.091935750000000000e+06
2.890590000000000000e+06
3.510152000000000000e+06
3.398091750000000000e+06
3.202428500000000000e+06
3.742608000000000000e+06
3.519217500000000000e+06
3.273225250000000000e+06
3.577220500000000000e+06
3.911704750000000000e+06
3.237701250000000000e+06
3.293155500000000000e+06
3.630123250000000000e+06
3.110289250000000000e+06
3.602391000000000000e+06
3.605379250000000000e+06
3.163165000000000000e+06
3.343066250000000000e+06
4.227400500000000000e+06
4.151008500000000000e+06
3.403832750000000000e+06
4.008141750000000000e+06
3.909964500000000000e+06
3.342157000000000000e+06
3.772915500000000000e+06
3.428212250000000000e+06
3.381027500000000000e+06
3.228083750000000000e+06
2.852881500000000000e+06
3.521067500000000000e+06
3.781632250000000000e+06
3.032182500000000000e+06
3.216760500000000000e+06
3.494537250000000000e+06
3.559220500000000000e+06
3.069865000000000000e+06
4.090488750000000000e+06
3.373889500000000000e+06
3.155095500000000000e+06
3.168143750000000000e+06
3.768064750000000000e+06
3.586612250000000000e+06
3.362489250000000000e+06
3.062550000000000000e+06
4.291486000000000000e+06
3.693897000000000000e+06
3.369056000000000000e+06
3.470844750000000000e+06
3.496075000000000000e+06
3.570734000000000000e+06
2.952299750000000000e+06
3.404861750000000000e+06
4.402568500000000000e+06
3.620794500000000000e+06
3.307173000000000000e+06
3.200157500000000000e+06
3.265713750000000000e+06
2.902424500000000000e+06
3.533525000000000000e+06
3.153899000000000000e+06
2.877142750000000000e+06
3.732379750000000000e+06
3.922022750000000000e+06
3.188589000000000000e+06
3.374246750000000000e+06
3.140855250000000000e+06
3.060515000000000000e+06
3.326511500000000000e+06
3.364185750000000000e+06
2.552609250000000000e+06
2.756878000000000000e+06
3.625708500000000000e+06
3.597003250000000000e+06
3.147547000000000000e+06
3.497009250000000000e+06
3.416621000000000000e+06
2.941111250000000000e+06
3.420154500000000000e+06
3.430512750000000000e+06
3.383412250000000000e+06
3.576623250000000000e+06
3.926402250000000000e+06
3.694490000000000000e+06
3.016889000000000000e+06
3.484117750000000000e+06
3.393686000000000000e+06
3.696877500000000000e+06
3.428892250000000000e+06
2.933569250000000000e+06
3.058681500000000000e+06
2.827296000000000000e+06
3.377397750000000000e+06
3.188895000000000000e+06
2.965510750000000000e+06
3.521988000000000000e+06
3.348123000000000000e+06
2.923600000000000000e+06
4.418845000000000000e+06
3.828887500000000000e+06
3.375265750000000000e+06
3.262561750000000000e+06
3.567238750000000000e+06
3.370001750000000000e+06
3.208108000000000000e+06
3.343426250000000000e+06
3.701730000000000000e+06
3.264364000000000000e+06
3.181296000000000000e+06
3.544305250000000000e+06
3.114318500000000000e+06
3.067534250000000000e+06
2.826825750000000000e+06
3.004337000000000000e+06
3.189345750000000000e+06
3.791512500000000000e+06
3.190646000000000000e+06
2.667610250000000000e+06
3.127201750000000000e+06
3.128861000000000000e+06
3.341195000000000000e+06
3.545321000000000000e+06
3.080452500000000000e+06
3.423881250000000000e+06
3.194789500000000000e+06
3.148890500000000000e+06
3.830630250000000000e+06
3.764213500000000000e+06
3.013687000000000000e+06
3.685166500000000000e+06
3.417784000000000000e+06
2.963516500000000000e+06
3.413870500000000000e+06
3.619150000000000000e+06
2.583222000000000000e+06
3.135529000000000000e+06
3.346362750000000000e+06
2.999946750000000000e+06
3.851500500000000000e+06
3.006364250000000000e+06
3.048777500000000000e+06
4.164026000000000000e+06
2.627093750000000000e+06
3.765389500000000000e+06
3.503226750000000000e+06
3.408112500000000000e+06
2.821457500000000000e+06
3.535305000000000000e+06
3.079767500000000000e+06
2.876138250000000000e+06
2.622809000000000000e+06
3.233997000000000000e+06
2.935075250000000000e+06
3.906217500000000000e+06
3.502210000000000000e+06
2.995262000000000000e+06
3.507824750000000000e+06
2.670818750000000000e+06
2.970548500000000000e+06
2.871890000000000000e+06
3.434427000000000000e+06
2.728224250000000000e+06
3.321595750000000000e+06
2.894445750000000000e+06
3.487823250000000000e+06
2.472856000000000000e+06
3.168543750000000000e+06
3.157167500000000000e+06
3.556105500000000000e+06
3.479384000000000000e+06
3.784515500000000000e+06
2.613877500000000000e+06
3.078371250000000000e+06
3.803934000000000000e+06
4.016062750000000000e+06
3.023760500000000000e+06
2.774074000000000000e+06
3.296365250000000000e+06
3.621322500000000000e+06
3.055002250000000000e+06
2.728663750000000000e+06
3.796879500000000000e+06
2.841799250000000000e+06
2.621986750000000000e+06
4.122992500000000000e+06
3.285450000000000000e+06
3.388088000000000000e+06
2.848995500000000000e+06
3.595698750000000000e+06
2.978352750000000000e+06
3.020877750000000000e+06
2.551508500000000000e+06
2.812678000000000000e+06
3.418136000000000000e+06
2.971341500000000000e+06
2.998352750000000000e+06
3.148472750000000000e+06
3.242911000000000000e+06
3.589029000000000000e+06
3.109416000000000000e+06
2.881238000000000000e+06
3.431350750000000000e+06
2.384552750000000000e+06
2.688336750000000000e+06
2.891991500000000000e+06
3.516803500000000000e+06
2.963722500000000000e+06
3.410652000000000000e+06
2.424334000000000000e+06
3.802888000000000000e+06
3.291780000000000000e+06
3.383079500000000000e+06
3.656366000000000000e+06
3.020906250000000000e+06
3.435229000000000000e+06
3.314660750000000000e+06
3.371264000000000000e+06
2.924624000000000000e+06
3.090059250000000000e+06
2.811273500000000000e+06
2.776212750000000000e+06
4.160165750000000000e+06
4.092631500000000000e+06
2.723117500000000000e+06
3.422350000000000000e+06
2.731429500000000000e+06
2.931428250000000000e+06
2.912669500000000000e+06
3.455381250000000000e+06
3.713246750000000000e+06
3.067045250000000000e+06
2.929621250000000000e+06
3.048018000000000000e+06
2.752830000000000000e+06
3.217130750000000000e+06
2.760171000000000000e+06
3.121671000000000000e+06
3.513690000000000000e+06
3.735946000000000000e+06
3.174599250000000000e+06
2.677736000000000000e+06
3.261771000000000000e+06
2.752411250000000000e+06
2.840263000000000000e+06
3.744250500000000000e+06
2.930195000000000000e+06
2.291711750000000000e+06
2.917949500000000000e+06
3.169311500000000000e+06
3.072658250000000000e+06
2.593860250000000000e+06
3.122669000000000000e+06
2.926790500000000000e+06
3.290666250000000000e+06
2.722136250000000000e+06
3.505802000000000000e+06
3.135265000000000000e+06
3.266722750000000000e+06
3.666487750000000000e+06
2.747476000000000000e+06
3.012863250000000000e+06
3.774041000000000000e+06
3.420322250000000000e+06
2.456193500000000000e+06
3.043986750000000000e+06
3.157130750000000000e+06
2.490050750000000000e+06
2.881440750000000000e+06
3.123346250000000000e+06
2.108032500000000000e+06
2.573693750000000000e+06
3.574367500000000000e+06
3.172495250000000000e+06
3.280534000000000000e+06
3.542611000000000000e+06
3.016311250000000000e+06
3.223182500000000000e+06
3.108589000000000000e+06
3.105513000000000000e+06
2.632448500000000000e+06
2.937752750000000000e+06
3.661106750000000000e+06
3.167221250000000000e+06
3.212914750000000000e+06
3.040719750000000000e+06
3.495692500000000000e+06
2.577956750000000000e+06
3.671869250000000000e+06
2.706442500000000000e+06
2.768944250000000000e+06
3.407987750000000000e+06
3.298827750000000000e+06
2.837351250000000000e+06
2.391701000000000000e+06
3.333921750000000000e+06
2.939063250000000000e+06
3.635097000000000000e+06
2.666273500000000000e+06
2.537092750000000000e+06
2.389848500000000000e+06
2.836710000000000000e+06
4.046692750000000000e+06
2.943215250000000000e+06
2.816591250000000000e+06
3.451468750000000000e+06
3.296698250000000000e+06
2.919755000000000000e+06
2.920034500000000000e+06
3.096185750000000000e+06
3.543784000000000000e+06
3.087963750000000000e+06
2.395334000000000000e+06
2.453730500000000000e+06
3.399740750000000000e+06
2.676405750000000000e+06
2.549570000000000000e+06
4.378945500000000000e+06
3.140846750000000000e+06
2.723419750000000000e+06
2.826116000000000000e+06
2.023974625000000000e+06
2.568439500000000000e+06
2.701491250000000000e+06
2.812115500000000000e+06
2.692493000000000000e+06
2.640008500000000000e+06
2.975051500000000000e+06
2.966021500000000000e+06
2.975156750000000000e+06
3.381202750000000000e+06
2.194428500000000000e+06
3.044977750000000000e+06
2.577329750000000000e+06
3.237053250000000000e+06
2.765772750000000000e+06
3.671808500000000000e+06
3.131265000000000000e+06
3.105706500000000000e+06
3.097941750000000000e+06
2.900947000000000000e+06
2.912945500000000000e+06
2.914150500000000000e+06
3.640377750000000000e+06
3.011468250000000000e+06
3.634266750000000000e+06
2.966094500000000000e+06
2.746749500000000000e+06
2.665253750000000000e+06
2.689805500000000000e+06
2.058242875000000000e+06
3.127405000000000000e+06
2.506120750000000000e+06
2.990198750000000000e+06
2.988193250000000000e+06
3.389360250000000000e+06
2.526334000000000000e+06
3.655618000000000000e+06
2.780021500000000000e+06
2.490445000000000000e+06
3.853680000000000000e+06
2.594209750000000000e+06
3.314622000000000000e+06
2.503813750000000000e+06
3.200304500000000000e+06
3.092239250000000000e+06
3.229507750000000000e+06
2.817594250000000000e+06
3.323936750000000000e+06
3.806601750000000000e+06
2.603457500000000000e+06
2.465566250000000000e+06
3.108291750000000000e+06
2.982233250000000000e+06
2.893865750000000000e+06
2.854798000000000000e+06
3.247026250000000000e+06
2.944258500000000000e+06
2.423367500000000000e+06
2.510967000000000000e+06
3.108749000000000000e+06
2.375643000000000000e+06
3.193804000000000000e+06
3.145007250000000000e+06
2.956116000000000000e+06
2.414047500000000000e+06
2.068438625000000000e+06
3.722280250000000000e+06
3.563088500000000000e+06
2.007756375000000000e+06
3.721202750000000000e+06
2.363750500000000000e+06
3.755557000000000000e+06
2.911234750000000000e+06
2.937452000000000000e+06
3.051942250000000000e+06
2.602219250000000000e+06
2.722836500000000000e+06
2.806899500000000000e+06
2.129740000000000000e+06
3.387955750000000000e+06
3.342786250000000000e+06
2.788201000000000000e+06
1.869886500000000000e+06
2.917531750000000000e+06
3.025549750000000000e+06
3.237834500000000000e+06
3.129582500000000000e+06
3.026490500000000000e+06
2.900991500000000000e+06
2.322689000000000000e+06
2.957466500000000000e+06
2.910114750000000000e+06
3.146957250000000000e+06
3.000310250000000000e+06
2.868698500000000000e+06
3.075876750000000000e+06
2.421807250000000000e+06
2.990496500000000000e+06
3.244374000000000000e+06
2.645067750000000000e+06
2.658753500000000000e+06
2.246314250000000000e+06
2.926059750000000000e+06
3.127321000000000000e+06
2.803613500000000000e+06
2.753917500000000000e+06
2.635395000000000000e+06
3.250118250000000000e+06
1.828919375000000000e+06
2.310199750000000000e+06
2.326864750000000000e+06
2.334532000000000000e+06
2.859469250000000000e+06
2.857062000000000000e+06
2.616218500000000000e+06
2.855636500000000000e+06
3.237549750000000000e+06
3.537278500000000000e+06
4.014692500000000000e+06
3.052004500000000000e+06
3.341238250000000000e+06
2.505605250000000000e+06
3.329324250000000000e+06
2.329499750000000000e+06
3.353413000000000000e+06
2.324610750000000000e+06
3.441568250000000000e+06
2.830905000000000000e+06
3.032387500000000000e+06
2.852814000000000000e+06
1.985115500000000000e+06
3.152693250000000000e+06
3.255304500000000000e+06
3.590393750000000000e+06
2.679358250000000000e+06
2.717979000000000000e+06
2.614507500000000000e+06
2.483291000000000000e+06
2.452800750000000000e+06
2.729688500000000000e+06
2.891200250000000000e+06
2.500955000000000000e+06
2.755918250000000000e+06
3.180519000000000000e+06
3.469016250000000000e+06
2.211801750000000000e+06
2.814603500000000000e+06
2.677080000000000000e+06
3.486643750000000000e+06
3.217867750000000000e+06
2.947981750000000000e+06
2.996581500000000000e+06
2.445631000000000000e+06
2.794321500000000000e+06
2.740459250000000000e+06
3.014398250000000000e+06
2.949296750000000000e+06
2.459204500000000000e+06
3.069622500000000000e+06
2.639401500000000000e+06
2.623148750000000000e+06
2.611862000000000000e+06
2.404681500000000000e+06
3.329427000000000000e+06
2.568851500000000000e+06
2.609964500000000000e+06
3.370139500000000000e+06
2.741938750000000000e+06
2.683278000000000000e+06
3.446369500000000000e+06
2.713761250000000000e+06
2.869922000000000000e+06
2.639703750000000000e+06
2.924314250000000000e+06
2.929900500000000000e+06
2.783542000000000000e+06
2.939501000000000000e+06
2.220143250000000000e+06
3.158265500000000000e+06
2.835431000000000000e+06
2.993766750000000000e+06
2.411179000000000000e+06
3.292049750000000000e+06
3.627496750000000000e+06
2.287472750000000000e+06
2.810635500000000000e+06
2.382792750000000000e+06
2.868249750000000000e+06
2.674247000000000000e+06
3.161679500000000000e+06
2.835139500000000000e+06
2.390944250000000000e+06
2.498248500000000000e+06
2.530881750000000000e+06
2.243741500000000000e+06
2.967029750000000000e+06
2.093591375000000000e+06
3.233648000000000000e+06
3.095253250000000000e+06
2.144664750000000000e+06
2.602296250000000000e+06
2.691585750000000000e+06
4.783958000000000000e+06
2.804589750000000000e+06
2.628044000000000000e+06
2.153031500000000000e+06
3.123781000000000000e+06
2.069881250000000000e+06
2.453511250000000000e+06
3.176029250000000000e+06
2.772273000000000000e+06
3.382230250000000000e+06
2.514063000000000000e+06
2.125395000000000000e+06
2.821571750000000000e+06
3.487727500000000000e+06
2.836728750000000000e+06
3.067898500000000000e+06
2.834068250000000000e+06
3.010883250000000000e+06
2.111234000000000000e+06
2.229627250000000000e+06
3.081559500000000000e+06
2.546201500000000000e+06
1.965974625000000000e+06
2.159831750000000000e+06
2.635063000000000000e+06
2.895591000000000000e+06
3.348478750000000000e+06
3.503869500000000000e+06
2.484138750000000000e+06
2.927740500000000000e+06
2.871734500000000000e+06
2.772877250000000000e+06
2.915351750000000000e+06
2.396195000000000000e+06
3.116703750000000000e+06
2.646557750000000000e+06
3.012721000000000000e+06
2.529491000000000000e+06
2.752559000000000000e+06
2.729432750000000000e+06
2.677467250000000000e+06
3.104519250000000000e+06
2.787120000000000000e+06
2.674082750000000000e+06
1.868708000000000000e+06
3.032417250000000000e+06
2.110638500000000000e+06
2.677879750000000000e+06
2.332365000000000000e+06
2.684282500000000000e+06
4.035372000000000000e+06
2.751205750000000000e+06
1.894654500000000000e+06
2.829077750000000000e+06
2.119288000000000000e+06
2.977080500000000000e+06
2.756253250000000000e+06
3.425156750000000000e+06
3.028727250000000000e+06
3.461113750000000000e+06
2.891592250000000000e+06
2.813018750000000000e+06
3.209508750000000000e+06
3.492756750000000000e+06
2.704032750000000000e+06
2.847650250000000000e+06
2.580562000000000000e+06
2.155717500000000000e+06
2.479957250000000000e+06
2.872463000000000000e+06
2.192620500000000000e+06
2.455339250000000000e+06
3.238842500000000000e+06
2.265434000000000000e+06
2.708562500000000000e+06
3.200983750000000000e+06
3.176686500000000000e+06
2.295097750000000000e+06
2.692998000000000000e+06
2.665190000000000000e+06
2.194221500000000000e+06
2.776920750000000000e+06
2.496416750000000000e+06
2.961862000000000000e+06
2.639361250000000000e+06
1.862577875000000000e+06
2.510690750000000000e+06
2.920726500000000000e+06
3.576630000000000000e+06
2.939732000000000000e+06
2.226499500000000000e+06
3.153846000000000000e+06
2.565529000000000000e+06
2.512511250000000000e+06
2.570776750000000000e+06
2.053846000000000000e+06
2.116915000000000000e+06
3.158935500000000000e+06
2.556075000000000000e+06
3.045527500000000000e+06
2.639937000000000000e+06
3.165914250000000000e+06
2.929118500000000000e+06
3.053143000000000000e+06
2.487460000000000000e+06
2.577927250000000000e+06
2.605101500000000000e+06
3.718816500000000000e+06
2.889477500000000000e+06
2.686533500000000000e+06
2.953392500000000000e+06
2.285655750000000000e+06
2.737678750000000000e+06
1.863664375000000000e+06
2.138037500000000000e+06
2.495408750000000000e+06
2.074967625000000000e+06
2.790823250000000000e+06
2.304172250000000000e+06
3.165956000000000000e+06
2.454147000000000000e+06
2.876528750000000000e+06
2.410471500000000000e+06
2.370379750000000000e+06
2.226510000000000000e+06
3.017055250000000000e+06
2.352132250000000000e+06
2.214342750000000000e+06
2.547156000000000000e+06
2.452156750000000000e+06
2.973549500000000000e+06
3.465989000000000000e+06
2.217411000000000000e+06
3.429440500000000000e+06
2.604803250000000000e+06
2.497380500000000000e+06
2.444868250000000000e+06
2.494743000000000000e+06
2.816453250000000000e+06
3.141279500000000000e+06
2.766806000000000000e+06
2.699073750000000000e+06
2.309554250000000000e+06
2.279324750000000000e+06
2.123183500000000000e+06
2.928879250000000000e+06
2.868394750000000000e+06
2.226026000000000000e+06
2.740254750000000000e+06
2.582228000000000000e+06
2.707163500000000000e+06
2.373804500000000000e+06
2.376861000000000000e+06
2.376635250000000000e+06
1.806670625000000000e+06
2.925332250000000000e+06
2.920545500000000000e+06
1.955836000000000000e+06
2.465939250000000000e+06
2.632018000000000000e+06
1.957795750000000000e+06
2.371435500000000000e+06
1.571667000000000000e+06
3.139516000000000000e+06
3.027387500000000000e+06
2.635750250000000000e+06
2.129147750000000000e+06
2.333004000000000000e+06
2.876546250000000000e+06
2.961959250000000000e+06
2.822918750000000000e+06
3.192684750000000000e+06
2.608803500000000000e+06
2.369437250000000000e+06
2.149047000000000000e+06
1.715981875000000000e+06
2.751555500000000000e+06
2.905440750000000000e+06
3.350295500000000000e+06
3.138893250000000000e+06
2.558920000000000000e+06
2.954092500000000000e+06
2.363285500000000000e+06
1.852660625000000000e+06
2.337255750000000000e+06
2.787918750000000000e+06
2.432439250000000000e+06
2.958887250000000000e+06
2.903267000000000000e+06
3.756928000000000000e+06
1.931690000000000000e+06
2.847970250000000000e+06
2.126277000000000000e+06
2.088078000000000000e+06
1.727665500000000000e+06
1.900909375000000000e+06
1.889640875000000000e+06
1.923927250000000000e+06
2.893747000000000000e+06
2.336496000000000000e+06
1.927993875000000000e+06
2.494222500000000000e+06
3.505058250000000000e+06
2.612728500000000000e+06
2.461086250000000000e+06
2.528480250000000000e+06
2.635746750000000000e+06
2.650763250000000000e+06
3.406614000000000000e+06
2.358597000000000000e+06
2.625741250000000000e+06
2.508818000000000000e+06
2.069512125000000000e+06
2.217722000000000000e+06
2.139166000000000000e+06
2.892149500000000000e+06
2.226201000000000000e+06
2.473372000000000000e+06
1.977779750000000000e+06
3.154281250000000000e+06
2.059043000000000000e+06
2.704933500000000000e+06
2.775522500000000000e+06
2.751537000000000000e+06
2.273071750000000000e+06
2.139167750000000000e+06
2.112287500000000000e+06
2.458470750000000000e+06
2.411691250000000000e+06
3.140260500000000000e+06
2.517113750000000000e+06
2.230225500000000000e+06
2.491178500000000000e+06
2.423230750000000000e+06
2.393200250000000000e+06
2.658647000000000000e+06
2.092037125000000000e+06
3.013397750000000000e+06
2.463814000000000000e+06
3.191587500000000000e+06
2.682766750000000000e+06
2.390954000000000000e+06
1.661861875000000000e+06
2.685695250000000000e+06
3.611121000000000000e+06
2.261983500000000000e+06
2.965786750000000000e+06
2.001954875000000000e+06
2.142264500000000000e+06
2.612479250000000000e+06
1.663133750000000000e+06
2.468251750000000000e+06
2.165541500000000000e+06
2.380202250000000000e+06
2.816957250000000000e+06
2.665766000000000000e+06
3.050512500000000000e+06
2.033406250000000000e+06
1.986966250000000000e+06
1.950409750000000000e+06
2.371840500000000000e+06
3.430153000000000000e+06
1.803467250000000000e+06
1.664825000000000000e+06
1.846308500000000000e+06
2.174177500000000000e+06
2.388241500000000000e+06
2.278861500000000000e+06
2.216765500000000000e+06
2.784208000000000000e+06
3.431277750000000000e+06
2.163880250000000000e+06
2.738229500000000000e+06
2.134677000000000000e+06
2.254541500000000000e+06
2.455843250000000000e+06
2.391426000000000000e+06
3.504892500000000000e+06
2.788315500000000000e+06
2.256715250000000000e+06
2.397725750000000000e+06
2.477571750000000000e+06
2.675664750000000000e+06
2.064673125000000000e+06
2.713581000000000000e+06
2.806268500000000000e+06
1.910031250000000000e+06
2.144184000000000000e+06
2.380146500000000000e+06
2.790937000000000000e+06
2.797955000000000000e+06
2.328188000000000000e+06
1.971417500000000000e+06
2.614098250000000000e+06
2.087799500000000000e+06
1.723719250000000000e+06
1.729528500000000000e+06
3.475622750000000000e+06
2.089361750000000000e+06
2.453102750000000000e+06
2.990215250000000000e+06
2.604102750000000000e+06
2.001056500000000000e+06
2.821721000000000000e+06
1.725000250000000000e+06
2.330733500000000000e+06
3.032126000000000000e+06
1.797710000000000000e+06
2.421399750000000000e+06
2.816029250000000000e+06
2.081638000000000000e+06
2.230531500000000000e+06
2.344789000000000000e+06
2.044321625000000000e+06
2.742183000000000000e+06
2.154730750000000000e+06
2.333125000000000000e+06
2.250206750000000000e+06
2.029773250000000000e+06
2.310033750000000000e+06
2.016647750000000000e+06
3.396050000000000000e+06
2.820356250000000000e+06
2.386565250000000000e+06
3.291277000000000000e+06
2.295385000000000000e+06
2.642111750000000000e+06
2.986254500000000000e+06
2.305459250000000000e+06
2.406377750000000000e+06
1.911411000000000000e+06
2.353647250000000000e+06
2.534237500000000000e+06
2.252072750000000000e+06
2.195819000000000000e+06
2.032187875000000000e+06
2.001359000000000000e+06
2.465271750000000000e+06
1.663309125000000000e+06
2.563755750000000000e+06
2.365257500000000000e+06
2.463388000000000000e+06
2.505371500000000000e+06
2.664917750000000000e+06
2.931652750000000000e+06
2.291405500000000000e+06
1.387783000000000000e+06
1.489223500000000000e+06
1.844875250000000000e+06
2.337512250000000000e+06
2.658188500000000000e+06
1.966177250000000000e+06
2.692208250000000000e+06
2.154648500000000000e+06
2.718409750000000000e+06
3.333443250000000000e+06
1.626200250000000000e+06
2.164388250000000000e+06
2.389086750000000000e+06
2.635461750000000000e+06
1.794637500000000000e+06
1.995514875000000000e+06
1.376748375000000000e+06
2.729737500000000000e+06
2.768076500000000000e+06
3.456238750000000000e+06
2.979413250000000000e+06
1.938859875000000000e+06
2.755721750000000000e+06
2.293465750000000000e+06
1.779378500000000000e+06
1.662054000000000000e+06
2.467597500000000000e+06
2.724478000000000000e+06
1.746947250000000000e+06
2.086425625000000000e+06
1.988065250000000000e+06
1.582456125000000000e+06
2.296622250000000000e+06
2.828993250000000000e+06
2.814458500000000000e+06
2.724926250000000000e+06
3.060560250000000000e+06
2.449139000000000000e+06
3.238234000000000000e+06
2.461844250000000000e+06
2.054455500000000000e+06
1.870286625000000000e+06
2.469971250000000000e+06
2.463950000000000000e+06
2.765957500000000000e+06
2.419398500000000000e+06
1.378059625000000000e+06
2.902852000000000000e+06
2.621713500000000000e+06
1.621266750000000000e+06
2.979793250000000000e+06
1.534958875000000000e+06
2.184528750000000000e+06
3.490900250000000000e+06
1.789628750000000000e+06
1.697987625000000000e+06
2.073040000000000000e+06
1.408678250000000000e+06
2.700056000000000000e+06
1.702238875000000000e+06
3.348418750000000000e+06
2.182893000000000000e+06
2.771909000000000000e+06
2.097071625000000000e+06
2.456671000000000000e+06
1.893773125000000000e+06
1.701679500000000000e+06
2.164970500000000000e+06
2.329182000000000000e+06
2.567750000000000000e+06
2.138017250000000000e+06
2.784422250000000000e+06
2.393993500000000000e+06
1.601190750000000000e+06
2.217210250000000000e+06
2.251596000000000000e+06
2.515676750000000000e+06
2.749013500000000000e+06
1.743937875000000000e+06
2.741153250000000000e+06
1.879373000000000000e+06
2.038112250000000000e+06
2.174818000000000000e+06
2.208487750000000000e+06
1.083164125000000000e+06
1.997479875000000000e+06
1.713265500000000000e+06
2.766215750000000000e+06
2.698785000000000000e+06
2.287256500000000000e+06
3.029275250000000000e+06
2.858893000000000000e+06
2.169060250000000000e+06
2.478429750000000000e+06
1.899935125000000000e+06
1.913903875000000000e+06
2.143980000000000000e+06
1.653768625000000000e+06
1.890417375000000000e+06
2.313180000000000000e+06
2.036619250000000000e+06
2.422425750000000000e+06
2.600221250000000000e+06
1.805722625000000000e+06
2.420753750000000000e+06
1.935839750000000000e+06
2.524582500000000000e+06
2.644252250000000000e+06
3.427852000000000000e+06
2.190525750000000000e+06
1.953624875000000000e+06
2.233267750000000000e+06
2.828764500000000000e+06
1.731067125000000000e+06
2.365491000000000000e+06
1.560564750000000000e+06
2.384674000000000000e+06
1.481561625000000000e+06
1.733328625000000000e+06
1.471291750000000000e+06
1.993804000000000000e+06
1.631740250000000000e+06
2.366108000000000000e+06
2.756137000000000000e+06
2.374487750000000000e+06
1.896313000000000000e+06
2.418009250000000000e+06
1.623083375000000000e+06
1.244303125000000000e+06
2.820401750000000000e+06
2.662374000000000000e+06
2.142416250000000000e+06
2.378231250000000000e+06
1.547617625000000000e+06
2.392362750000000000e+06
2.073168125000000000e+06
1.813284375000000000e+06
2.616049750000000000e+06
2.271042500000000000e+06
2.289680250000000000e+06
2.666955000000000000e+06
1.906153500000000000e+06
2.352721250000000000e+06
2.397510000000000000e+06
1.798315000000000000e+06
2.744651500000000000e+06
1.792304125000000000e+06
1.916180500000000000e+06
2.221818000000000000e+06
2.026746750000000000e+06
2.120479250000000000e+06
2.163901500000000000e+06
1.475820250000000000e+06
1.192447000000000000e+06
1.761462125000000000e+06
1.396016875000000000e+06
2.600654750000000000e+06
4.182395000000000000e+06
2.852942500000000000e+06
2.382543250000000000e+06
2.145207750000000000e+06
2.187842750000000000e+06
2.157296250000000000e+06
2.703915250000000000e+06
3.256763750000000000e+06
2.018912375000000000e+06
1.746200625000000000e+06
1.631552250000000000e+06
2.487499500000000000e+06
2.033991500000000000e+06
2.877674250000000000e+06
2.638361000000000000e+06
1.652034375000000000e+06
2.360642250000000000e+06
1.333821875000000000e+06
2.240954500000000000e+06
1.895893250000000000e+06
2.149943000000000000e+06
1.983879750000000000e+06
1.758912625000000000e+06
2.244653500000000000e+06
1.974055375000000000e+06
2.016814875000000000e+06
1.197676750000000000e+06
2.721448250000000000e+06
1.680813125000000000e+06
1.981788500000000000e+06
1.989069875000000000e+06
3.220388250000000000e+06
1.633791250000000000e+06
1.890981875000000000e+06
1.956817625000000000e+06
2.583350000000000000e+06
2.110290500000000000e+06
1.820648375000000000e+06
1.883973000000000000e+06
2.383219000000000000e+06
2.453852000000000000e+06
2.631141000000000000e+06
1.897321875000000000e+06
2.511427500000000000e+06
1.894391625000000000e+06
2.418037750000000000e+06
2.458732250000000000e+06
1.826895250000000000e+06
2.530991750000000000e+06
1.799650625000000000e+06
2.219486750000000000e+06
2.275757750000000000e+06
2.386519000000000000e+06
1.694584500000000000e+06
1.709743125000000000e+06
1.984553875000000000e+06
2.197865750000000000e+06
1.758001125000000000e+06
2.571523750000000000e+06
1.850344375000000000e+06
2.620080250000000000e+06
2.190726250000000000e+06
1.954762000000000000e+06
2.224207500000000000e+06
2.526719750000000000e+06
2.135733000000000000e+06
1.957452375000000000e+06
1.998214125000000000e+06
2.101039250000000000e+06
1.983287625000000000e+06
1.665938125000000000e+06
2.351060250000000000e+06
1.908021250000000000e+06
1.858607500000000000e+06
1.928455625000000000e+06
1.709915000000000000e+06
2.171806500000000000e+06
1.760455875000000000e+06
1.637193125000000000e+06
2.220496250000000000e+06
3.013346500000000000e+06
1.354425375000000000e+06
2.081567000000000000e+06
2.093287125000000000e+06
1.066519875000000000e+06
2.684274750000000000e+06
1.826527875000000000e+06
2.005341750000000000e+06
1.807204125000000000e+06
1.761219375000000000e+06
1.690405000000000000e+06
1.944212750000000000e+06
2.350450000000000000e+06
2.153700750000000000e+06
2.357425250000000000e+06
1.491366625000000000e+06
2.301471250000000000e+06
1.314974000000000000e+06
2.166662000000000000e+06
2.144421500000000000e+06
2.647189250000000000e+06
1.615786375000000000e+06
1.866763500000000000e+06
1.898718000000000000e+06
1.359265625000000000e+06
1.775105375000000000e+06
2.152624500000000000e+06
1.731197250000000000e+06
2.048904375000000000e+06
2.215718500000000000e+06
2.468921250000000000e+06
1.853449000000000000e+06
2.049114250000000000e+06
1.530310000000000000e+06
1.939658375000000000e+06
2.064447875000000000e+06
1.856335500000000000e+06
1.518629750000000000e+06
1.504940375000000000e+06
2.509480000000000000e+06
2.153106750000000000e+06
2.176473750000000000e+06
2.153718250000000000e+06
1.527652875000000000e+06
2.425727500000000000e+06
1.775035625000000000e+06
1.057128250000000000e+06
1.771984500000000000e+06
1.233882750000000000e+06
2.299452500000000000e+06
2.431369750000000000e+06
1.817247375000000000e+06
2.545932250000000000e+06
1.819135250000000000e+06
1.582105625000000000e+06
2.404012500000000000e+06
1.983282125000000000e+06
2.185584250000000000e+06
1.606099875000000000e+06
2.342114000000000000e+06
1.564310750000000000e+06
2.042903625000000000e+06
2.229800250000000000e+06
1.322540125000000000e+06
2.409291500000000000e+06
1.822618000000000000e+06
1.807640500000000000e+06
2.124413000000000000e+06
2.402160750000000000e+06
1.384699500000000000e+06
1.872081500000000000e+06
1.792523875000000000e+06
2.181185250000000000e+06
1.038411375000000000e+06
1.421237500000000000e+06
2.573465000000000000e+06
1.857584500000000000e+06
1.814641250000000000e+06
1.578456625000000000e+06
1.271586500000000000e+06
1.882251500000000000e+06
2.337988750000000000e+06
1.626966500000000000e+06
1.792366875000000000e+06
1.459660250000000000e+06
1.930951375000000000e+06
2.127651500000000000e+06
1.478527375000000000e+06
1.389500500000000000e+06
2.105273500000000000e+06
1.913854750000000000e+06
2.033548000000000000e+06
2.118516750000000000e+06
1.935340500000000000e+06
1.942199750000000000e+06
1.817167000000000000e+06
2.701983000000000000e+06
2.269500250000000000e+06
2.179673500000000000e+06
2.435149000000000000e+06
1.771023750000000000e+06
1.520595000000000000e+06
1.922701750000000000e+06
1.745716625000000000e+06
1.572980000000000000e+06
1.903247750000000000e+06
1.963929125000000000e+06
2.546254750000000000e+06
2.037256375000000000e+06
1.240241375000000000e+06
2.357794500000000000e+06
2.202710250000000000e+06
1.234928500000000000e+06
1.112660500000000000e+06
1.717069500000000000e+06
1.839322625000000000e+06
1.646551875000000000e+06
2.660856250000000000e+06
1.591137875000000000e+06
1.754242125000000000e+06
2.189458000000000000e+06
2.234781000000000000e+06
2.002976375000000000e+06
1.513942000000000000e+06
1.490727250000000000e+06
2.101309000000000000e+06
1.240185625000000000e+06
1.169188875000000000e+06
2.000869125000000000e+06
1.204933125000000000e+06
1.777414625000000000e+06
1.839705500000000000e+06
1.333997500000000000e+06
1.799532625000000000e+06
2.033588000000000000e+06
1.676133000000000000e+06
1.952909125000000000e+06
2.242468000000000000e+06
1.965591500000000000e+06
2.071973625000000000e+06
1.688802250000000000e+06
1.619157875000000000e+06
1.752047625000000000e+06
1.797141125000000000e+06
1.875270375000000000e+06
8.531972500000000000e+05
2.084874500000000000e+06
1.780237875000000000e+06
2.228339250000000000e+06
1.048352812500000000e+06
1.750779250000000000e+06
1.867865125000000000e+06
1.534745250000000000e+06
1.345280750000000000e+06
1.834435500000000000e+06
2.016123000000000000e+06
1.633160375000000000e+06
1.751315875000000000e+06
2.149688250000000000e+06
1.526075500000000000e+06
1.801925500000000000e+06
1.658731000000000000e+06
1.652839375000000000e+06
1.476054500000000000e+06
1.636552625000000000e+06
2.154036500000000000e+06
1.759888750000000000e+06
1.538601375000000000e+06
1.358446500000000000e+06
1.722215625000000000e+06
1.795534000000000000e+06
9.447966250000000000e+05
1.100284125000000000e+06
1.837434875000000000e+06
1.688384000000000000e+06
1.429634500000000000e+06
2.182496250000000000e+06
1.818513125000000000e+06
2.265180500000000000e+06
1.468214750000000000e+06
1.666833875000000000e+06
2.310905500000000000e+06
2.115048000000000000e+06
1.762963250000000000e+06
2.031706000000000000e+06
2.399444250000000000e+06
1.682099875000000000e+06
1.268817750000000000e+06
1.184666500000000000e+06
2.408569750000000000e+06
1.988300000000000000e+06
1.095793625000000000e+06
1.966058375000000000e+06
2.043104000000000000e+06
2.005443125000000000e+06
1.499510375000000000e+06
2.088041250000000000e+06
2.084780375000000000e+06
2.113907750000000000e+06
1.552804000000000000e+06
2.034269500000000000e+06
1.709000125000000000e+06
1.392323875000000000e+06
1.003523625000000000e+06
2.264824500000000000e+06
1.567327250000000000e+06
1.436897500000000000e+06
2.406127750000000000e+06
1.391007250000000000e+06
1.900386750000000000e+06
1.184656000000000000e+06
2.147184750000000000e+06
1.474402125000000000e+06
1.221131500000000000e+06
1.479117875000000000e+06
1.407414125000000000e+06
1.000856562500000000e+06
1.391242750000000000e+06
2.501717750000000000e+06
2.372697000000000000e+06
2.416922250000000000e+06
1.873236750000000000e+06
1.533618000000000000e+06
1.208821375000000000e+06
1.387287250000000000e+06
1.408440000000000000e+06
1.560188000000000000e+06
1.901524625000000000e+06
1.962458625000000000e+06
1.783030000000000000e+06
1.091293750000000000e+06
1.894937000000000000e+06
1.301296750000000000e+06
1.226954875000000000e+06
1.848934750000000000e+06
1.961512125000000000e+06
2.138920000000000000e+06
2.038983750000000000e+06
1.587860750000000000e+06
1.285782000000000000e+06
1.533097500000000000e+06
1.202951750000000000e+06
1.586211375000000000e+06
1.823175875000000000e+06
1.390987750000000000e+06
2.241897750000000000e+06
1.370615875000000000e+06
9.904013125000000000e+05
2.789605750000000000e+06
1.832167875000000000e+06
1.204625875000000000e+06
1.313155625000000000e+06
1.576033000000000000e+06
1.273006000000000000e+06
2.113837000000000000e+06
2.134190750000000000e+06
1.165054500000000000e+06
1.426274250000000000e+06
1.750210000000000000e+06
1.761417125000000000e+06
1.633872750000000000e+06
1.694974125000000000e+06
1.761752625000000000e+06
1.439224125000000000e+06
1.351885750000000000e+06
2.206369750000000000e+06
2.048805125000000000e+06
1.566251250000000000e+06
1.949137000000000000e+06
1.057814875000000000e+06
1.256562750000000000e+06
1.427727750000000000e+06
1.273511500000000000e+06
2.022519875000000000e+06
1.771041375000000000e+06
2.158092750000000000e+06
1.342174875000000000e+06
2.054303750000000000e+06
1.576813500000000000e+06
1.384230625000000000e+06
1.897440500000000000e+06
2.580731000000000000e+06
1.218102875000000000e+06
1.982288875000000000e+06
1.997943625000000000e+06
1.237562000000000000e+06
1.576746500000000000e+06
1.384245250000000000e+06
1.721357250000000000e+06
2.004986875000000000e+06
1.464802125000000000e+06
1.502145000000000000e+06
1.548767375000000000e+06
8.054123750000000000e+05
1.493817375000000000e+06
1.628584250000000000e+06
1.364657125000000000e+06
9.985288750000000000e+05
1.364402500000000000e+06
1.923404250000000000e+06
1.833995000000000000e+06
1.821780375000000000e+06
1.856681500000000000e+06
1.405008000000000000e+06
1.585986625000000000e+06
1.576669125000000000e+06
1.882600500000000000e+06
1.082453125000000000e+06
1.672173375000000000e+06
1.706456000000000000e+06
2.103844250000000000e+06
1.362312625000000000e+06
1.040557250000000000e+06
1.007984500000000000e+06
2.008563125000000000e+06
1.131290750000000000e+06
1.559818000000000000e+06
1.667370625000000000e+06
2.189402250000000000e+06
1.296819250000000000e+06
1.444299375000000000e+06
2.014047750000000000e+06
2.072968625000000000e+06
1.538025125000000000e+06
1.742970000000000000e+06
1.270057500000000000e+06
1.902539000000000000e+06
2.423514750000000000e+06
1.249098625000000000e+06
4.707603125000000000e+05
1.359802750000000000e+06
1.629491375000000000e+06
1.747832500000000000e+06
1.579490250000000000e+06
2.106581000000000000e+06
2.224622500000000000e+06
1.189384875000000000e+06
1.485599750000000000e+06
1.111309375000000000e+06
1.455018000000000000e+06
1.930880125000000000e+06
1.757047250000000000e+06
1.783004750000000000e+06
1.517423125000000000e+06
1.466405250000000000e+06
2.434108000000000000e+06
1.166491875000000000e+06
1.386028500000000000e+06
1.356509875000000000e+06
1.253971375000000000e+06
1.443737375000000000e+06
1.137377250000000000e+06
1.210281750000000000e+06
1.664532875000000000e+06
1.195714375000000000e+06
1.514742125000000000e+06
1.289266375000000000e+06
1.140392125000000000e+06
1.263252750000000000e+06
1.210981375000000000e+06
1.986271000000000000e+06
1.531389125000000000e+06
1.530167375000000000e+06
1.209923750000000000e+06
1.608816125000000000e+06
1.396462500000000000e+06
1.827711875000000000e+06
9.931043125000000000e+05
1.400285625000000000e+06
2.267379000000000000e+06
2.546350250000000000e+06
2.176818000000000000e+06
1.221381875000000000e+06
1.481673750000000000e+06
1.402649500000000000e+06
8.535816250000000000e+05
2.106482750000000000e+06
2.147930750000000000e+06
1.825657875000000000e+06
1.565159875000000000e+06
1.387222750000000000e+06
1.352341750000000000e+06
1.271957625000000000e+06
2.003382625000000000e+06
1.677976625000000000e+06
7.013453125000000000e+05
2.203653000000000000e+06
1.552774250000000000e+06
1.328724125000000000e+06
3.156571500000000000e+06
2.139990250000000000e+06
1.621577125000000000e+06
1.602297625000000000e+06
1.152272625000000000e+06
1.671905625000000000e+06
1.802612625000000000e+06
1.372681875000000000e+06
1.814872500000000000e+06
1.462461375000000000e+06
1.706433500000000000e+06
1.184863250000000000e+06
1.264046625000000000e+06
1.600974875000000000e+06
1.257739500000000000e+06
1.487339875000000000e+06
1.663993250000000000e+06
1.561813375000000000e+06
1.697891125000000000e+06
1.120472625000000000e+06
2.113390500000000000e+06
1.081167125000000000e+06
1.663980000000000000e+06
1.740589500000000000e+06
1.567634750000000000e+06
9.728935625000000000e+05
1.838560875000000000e+06
1.433765875000000000e+06
1.597727500000000000e+06
1.683570250000000000e+06
1.797947625000000000e+06
1.574265000000000000e+06
1.503067875000000000e+06
1.664673625000000000e+06
1.634474000000000000e+06
1.841281625000000000e+06
1.462258250000000000e+06
1.444942250000000000e+06
2.068271875000000000e+06
1.484328625000000000e+06
1.570549250000000000e+06
1.329351375000000000e+06
8.840763750000000000e+05
1.379509750000000000e+06
1.778204250000000000e+06
1.549138125000000000e+06
1.245523625000000000e+06
1.091674125000000000e+06
1.212624375000000000e+06
2.018236125000000000e+06
1.144177000000000000e+06
1.348854375000000000e+06
1.306018750000000000e+06
1.992062750000000000e+06
2.434269750000000000e+06
1.348082125000000000e+06
1.103091750000000000e+06
1.107532750000000000e+06
1.610719750000000000e+06
1.848597625000000000e+06
8.870466250000000000e+05
1.876190875000000000e+06
1.736929000000000000e+06
1.346825750000000000e+06
1.327770625000000000e+06
1.957001625000000000e+06
1.701927000000000000e+06
1.366315500000000000e+06
1.395287125000000000e+06
1.897536625000000000e+06
7.349870625000000000e+05
9.252406875000000000e+05
1.642386625000000000e+06
9.602092500000000000e+05
2.497498750000000000e+06
1.310291250000000000e+06
1.517621875000000000e+06
1.551298000000000000e+06
1.893629375000000000e+06
1.165631500000000000e+06
1.669679500000000000e+06
1.213578875000000000e+06
1.443296500000000000e+06
1.576347375000000000e+06
1.397430750000000000e+06
1.343806000000000000e+06
1.449855875000000000e+06
1.677074875000000000e+06
9.670026250000000000e+05
1.527717250000000000e+06
1.102074750000000000e+06
8.259670625000000000e+05
1.242705250000000000e+06
1.059184250000000000e+06
1.743324625000000000e+06
8.873805625000000000e+05
1.222187250000000000e+06
1.724717500000000000e+06
1.038733000000000000e+06
1.529324000000000000e+06
1.070868875000000000e+06
1.819353875000000000e+06
1.239046500000000000e+06
2.714359500000000000e+06
1.656797125000000000e+06
1.055656625000000000e+06
1.370440250000000000e+06
1.043978375000000000e+06
1.592949375000000000e+06
1.527194375000000000e+06
1.503580875000000000e+06
1.261739750000000000e+06
1.426237375000000000e+06
1.202396000000000000e+06
9.882380625000000000e+05
1.083367875000000000e+06
8.789165000000000000e+05
9.542347500000000000e+05
1.941992625000000000e+06
1.405332000000000000e+06
1.372403375000000000e+06
1.236945250000000000e+06
1.004334250000000000e+06
1.090639125000000000e+06
9.415272500000000000e+05
1.777177750000000000e+06
1.171562000000000000e+06
2.189963250000000000e+06
1.756339250000000000e+06
1.360993375000000000e+06
