1.226799400000000000e+07
1.335323000000000000e+07
1.461215400000000000e+07
1.246862000000000000e+07
1.347190800000000000e+07
1.359273300000000000e+07
1.569958900000000000e+07
1.465086400000000000e+07
1.308354000000000000e+07
1.163470300000000000e+07
1.115512000000000000e+07
1.148267000000000000e+07
1.152385900000000000e+07
1.456609000000000000e+07
1.395676400000000000e+07
1.175166100000000000e+07
1.421907000000000000e+07
1.232645600000000000e+07
1.154188600000000000e+07
1.048298700000000000e+07
9.852181000000000000e+06
1.224729500000000000e+07
1.305536100000000000e+07
9.995451000000000000e+06
1.390955300000000000e+07
1.468977600000000000e+07
1.138835500000000000e+07
1.300176500000000000e+07
1.308199700000000000e+07
1.125367400000000000e+07
1.250116500000000000e+07
1.457364600000000000e+07
1.090791100000000000e+07
1.256917700000000000e+07
1.251519800000000000e+07
1.380796400000000000e+07
1.282133400000000000e+07
9.232839000000000000e+06
1.242337100000000000e+07
1.095045800000000000e+07
1.168881600000000000e+07
1.199257500000000000e+07
1.081984200000000000e+07
9.893128000000000000e+06
8.951033000000000000e+06
1.120046500000000000e+07
1.025419500000000000e+07
8.365042000000000000e+06
9.440923000000000000e+06
8.265890500000000000e+06
8.166524000000000000e+06
6.266544000000000000e+06
6.118041000000000000e+06
6.311276000000000000e+06
5.575847500000000000e+06
6.969522500000000000e+06
6.963077000000000000e+06
5.976272000000000000e+06
8.508746000000000000e+06
8.538347000000000000e+06
6.115832000000000000e+06
6.239256000000000000e+06
5.718042500000000000e+06
5.890351000000000000e+06
5.797706500000000000e+06
5.645220500000000000e+06
5.238111500000000000e+06
5.517175500000000000e+06
6.144704000000000000e+06
4.676806500000000000e+06
4.578123000000000000e+06
5.890160500000000000e+06
5.845543500000000000e+06
5.223352000000000000e+06
5.578104000000000000e+06
6.321543000000000000e+06
6.247778500000000000e+06
5.465786500000000000e+06
5.143453000000000000e+06
5.434658000000000000e+06
5.543967500000000000e+06
5.342479000000000000e+06
6.225421000000000000e+06
5.240562500000000000e+06
4.692340500000000000e+06
6.002963000000000000e+06
4.820073000000000000e+06
4.958838000000000000e+06
5.333281500000000000e+06
5.197432000000000000e+06
4.848296000000000000e+06
5.326358500000000000e+06
4.900731000000000000e+06
5.161343000000000000e+06
5.437917000000000000e+06
5.688087000000000000e+06
5.585255500000000000e+06
5.371995500000000000e+06
5.451901500000000000e+06
5.680479500000000000e+06
5.682244000000000000e+06
5.399392000000000000e+06
5.830102000000000000e+06
5.529438000000000000e+06
5.359537500000000000e+06
5.252515000000000000e+06
4.817963500000000000e+06
6.005256000000000000e+06
5.685160000000000000e+06
4.990389500000000000e+06
4.913733500000000000e+06
4.793754500000000000e+06
4.933332000000000000e+06
4.640931500000000000e+06
5.214995500000000000e+06
5.597980000000000000e+06
5.101543000000000000e+06
4.592871500000000000e+06
4.974795500000000000e+06
5.334065500000000000e+06
5.173783500000000000e+06
4.903634000000000000e+06
5.139095500000000000e+06
5.725430500000000000e+06
5.297905500000000000e+06
4.681707000000000000e+06
4.928661000000000000e+06
4.636025000000000000e+06
5.163968000000000000e+06
5.041136000000000000e+06
4.664471500000000000e+06
5.330868000000000000e+06
4.686015000000000000e+06
5.099681000000000000e+06
5.177350500000000000e+06
4.728769500000000000e+06
5.203095500000000000e+06
4.863654000000000000e+06
4.511904500000000000e+06
4.754726500000000000e+06
4.950736000000000000e+06
5.329038000000000000e+06
5.035137500000000000e+06
5.563656000000000000e+06
4.793321000000000000e+06
4.999479000000000000e+06
4.914298500000000000e+06
4.620324000000000000e+06
4.971938500000000000e+06
4.443478500000000000e+06
5.371094500000000000e+06
4.848387000000000000e+06
5.096536000000000000e+06
4.487531000000000000e+06
4.688547000000000000e+06
4.435191500000000000e+06
4.425926500000000000e+06
5.006796000000000000e+06
6.222853500000000000e+06
5.067635500000000000e+06
5.461074500000000000e+06
4.305427500000000000e+06
4.694156000000000000e+06
4.865794000000000000e+06
4.741316500000000000e+06
4.121201500000000000e+06
4.260049000000000000e+06
4.403615500000000000e+06
4.127773500000000000e+06
5.108267500000000000e+06
4.683755000000000000e+06
4.769902500000000000e+06
4.834546000000000000e+06
4.871479500000000000e+06
4.249107500000000000e+06
5.018421000000000000e+06
4.733917500000000000e+06
4.698683500000000000e+06
4.368099000000000000e+06
4.438926500000000000e+06
4.491253500000000000e+06
4.355851000000000000e+06
4.830374000000000000e+06
4.542916500000000000e+06
4.667543000000000000e+06
4.439675000000000000e+06
4.568674500000000000e+06
4.694599000000000000e+06
4.542949000000000000e+06
5.188746000000000000e+06
4.026925500000000000e+06
4.982056000000000000e+06
4.227159000000000000e+06
4.285411500000000000e+06
4.613778000000000000e+06
4.236409000000000000e+06
4.425787000000000000e+06
4.142876500000000000e+06
4.289558000000000000e+06
4.732657000000000000e+06
5.237095000000000000e+06
4.188448500000000000e+06
4.352375000000000000e+06
4.293202000000000000e+06
4.586071000000000000e+06
4.622386000000000000e+06
5.134147000000000000e+06
4.530483500000000000e+06
4.486200500000000000e+06
4.634738500000000000e+06
4.494286500000000000e+06
4.882628500000000000e+06
4.330825500000000000e+06
4.543747500000000000e+06
3.961997500000000000e+06
4.467254000000000000e+06
4.117979000000000000e+06
4.482997500000000000e+06
4.462761000000000000e+06
4.103524500000000000e+06
4.346884000000000000e+06
4.392425000000000000e+06
4.709754500000000000e+06
4.250720000000000000e+06
4.694507000000000000e+06
4.178178750000000000e+06
4.276603500000000000e+06
4.493887500000000000e+06
4.541644000000000000e+06
4.010058250000000000e+06
4.229628500000000000e+06
4.127707500000000000e+06
4.624250500000000000e+06
4.313535500000000000e+06
4.078890000000000000e+06
3.970144000000000000e+06
4.174261000000000000e+06
4.008026750000000000e+06
4.276687500000000000e+06
4.102010750000000000e+06
4.105120750000000000e+06
4.598579000000000000e+06
4.098611000000000000e+06
4.551122000000000000e+06
4.127813000000000000e+06
4.710775000000000000e+06
4.520196500000000000e+06
4.299488500000000000e+06
4.632118000000000000e+06
4.320293500000000000e+06
4.211356500000000000e+06
4.785739000000000000e+06
3.973694500000000000e+06
5.013254500000000000e+06
3.432370500000000000e+06
4.098088000000000000e+06
4.008985750000000000e+06
4.145708750000000000e+06
4.003112000000000000e+06
4.010243750000000000e+06
4.552846000000000000e+06
4.678892500000000000e+06
4.558021000000000000e+06
3.909195000000000000e+06
4.318106000000000000e+06
4.949453500000000000e+06
4.225741000000000000e+06
3.946839000000000000e+06
3.916816250000000000e+06
4.540972500000000000e+06
3.875278500000000000e+06
4.174028000000000000e+06
4.110969000000000000e+06
4.431669500000000000e+06
4.686535500000000000e+06
3.427732250000000000e+06
4.098785750000000000e+06
4.157666000000000000e+06
3.862692250000000000e+06
4.084857000000000000e+06
4.234388000000000000e+06
4.183328750000000000e+06
4.151075000000000000e+06
4.297141500000000000e+06
4.421892000000000000e+06
3.415774000000000000e+06
4.186103500000000000e+06
4.171991500000000000e+06
4.147299000000000000e+06
3.845255000000000000e+06
4.212277000000000000e+06
3.768186500000000000e+06
4.425130500000000000e+06
4.329034000000000000e+06
3.908219750000000000e+06
4.028719500000000000e+06
3.345684750000000000e+06
4.388318000000000000e+06
3.729751750000000000e+06
4.151487000000000000e+06
4.287100000000000000e+06
4.362917500000000000e+06
4.225576500000000000e+06
3.948795500000000000e+06
4.069714500000000000e+06
4.461682500000000000e+06
4.125013500000000000e+06
3.745547750000000000e+06
4.147558500000000000e+06
3.804933500000000000e+06
3.529220250000000000e+06
4.469182000000000000e+06
4.237926000000000000e+06
3.897645250000000000e+06
4.058726500000000000e+06
3.777298000000000000e+06
3.331427750000000000e+06
3.976573500000000000e+06
3.866753500000000000e+06
3.976137750000000000e+06
4.595017500000000000e+06
4.146817000000000000e+06
3.470351000000000000e+06
3.773274750000000000e+06
3.620988500000000000e+06
3.409151750000000000e+06
3.707175000000000000e+06
5.113174500000000000e+06
4.048096250000000000e+06
3.965626000000000000e+06
4.081128000000000000e+06
4.152479500000000000e+06
3.665660500000000000e+06
4.348986000000000000e+06
3.396341250000000000e+06
4.551963500000000000e+06
4.043053750000000000e+06
4.110888000000000000e+06
4.025072250000000000e+06
3.798435500000000000e+06
3.756545250000000000e+06
3.685827500000000000e+06
3.851061250000000000e+06
3.771862500000000000e+06
3.804219750000000000e+06
3.869699750000000000e+06
3.890868250000000000e+06
3.850136250000000000e+06
3.887098000000000000e+06
3.895721250000000000e+06
3.346705750000000000e+06
3.846657000000000000e+06
3.658367000000000000e+06
3.784922500000000000e+06
4.168904000000000000e+06
3.765913500000000000e+06
3.919033000000000000e+06
3.761974250000000000e+06
3.286037000000000000e+06
4.210673000000000000e+06
3.835103500000000000e+06
4.288537000000000000e+06
3.299102250000000000e+06
3.466280500000000000e+06
3.344498500000000000e+06
4.124095500000000000e+06
3.586794750000000000e+06
3.892373500000000000e+06
3.955133000000000000e+06
3.871007500000000000e+06
4.091663000000000000e+06
4.370514500000000000e+06
3.944860000000000000e+06
3.588106500000000000e+06
3.625194000000000000e+06
3.322583500000000000e+06
4.050542000000000000e+06
3.836745000000000000e+06
4.125358500000000000e+06
4.097988250000000000e+06
3.499629500000000000e+06
3.613155750000000000e+06
4.088560750000000000e+06
3.717543000000000000e+06
4.238499000000000000e+06
3.942796000000000000e+06
3.859290500000000000e+06
3.527313000000000000e+06
3.947411500000000000e+06
3.600354000000000000e+06
3.586163000000000000e+06
4.163602750000000000e+06
3.978931500000000000e+06
3.650720500000000000e+06
3.589571250000000000e+06
3.242359500000000000e+06
3.631353000000000000e+06
3.685448500000000000e+06
3.146837250000000000e+06
3.787779250000000000e+06
3.505123000000000000e+06
3.499508750000000000e+06
3.571556000000000000e+06
3.896623750000000000e+06
3.175501000000000000e+06
3.890878750000000000e+06
3.773011000000000000e+06
3.001584000000000000e+06
4.272260500000000000e+06
4.129001750000000000e+06
3.601368500000000000e+06
4.414123500000000000e+06
3.920332000000000000e+06
4.018588500000000000e+06
3.490277500000000000e+06
3.557423000000000000e+06
3.751901750000000000e+06
4.945447000000000000e+06
3.230608000000000000e+06
3.059296500000000000e+06
3.905083000000000000e+06
3.809978500000000000e+06
3.824791500000000000e+06
3.590231000000000000e+06
3.327911000000000000e+06
3.612540500000000000e+06
3.463011000000000000e+06
3.346501250000000000e+06
3.910157500000000000e+06
3.695980500000000000e+06
3.758009500000000000e+06
3.495993250000000000e+06
3.076779750000000000e+06
3.668363500000000000e+06
3.097721000000000000e+06
3.457411250000000000e+06
3.352914250000000000e+06
3.958090250000000000e+06
3.870158250000000000e+06
3.980147750000000000e+06
4.385031000000000000e+06
3.965548500000000000e+06
3.554277750000000000e+06
4.013501750000000000e+06
3.763684250000000000e+06
3.685957000000000000e+06
3.187019500000000000e+06
3.571803500000000000e+06
4.610630000000000000e+06
3.771081500000000000e+06
4.010960750000000000e+06
3.841976000000000000e+06
3.580762250000000000e+06
3.625371500000000000e+06
3.552083500000000000e+06
3.462283000000000000e+06
3.963541750000000000e+06
3.841584500000000000e+06
3.072824500000000000e+06
3.307638500000000000e+06
3.312232000000000000e+06
3.228295500000000000e+06
3.442723500000000000e+06
4.158111250000000000e+06
3.889014000000000000e+06
3.127517000000000000e+06
4.026064000000000000e+06
3.154027250000000000e+06
3.966973000000000000e+06
3.753213500000000000e+06
4.022775250000000000e+06
3.743204500000000000e+06
3.082842750000000000e+06
3.459809750000000000e+06
3.326683750000000000e+06
3.803514750000000000e+06
3.779986500000000000e+06
3.278803000000000000e+06
3.701479000000000000e+06
3.688049000000000000e+06
3.659420500000000000e+06
2.910282500000000000e+06
3.466908250000000000e+06
2.943466750000000000e+06
3.230423500000000000e+06
3.745753000000000000e+06
4.053592500000000000e+06
2.669386000000000000e+06
3.403669500000000000e+06
3.435804000000000000e+06
4.622603500000000000e+06
3.730075500000000000e+06
4.075383000000000000e+06
3.541505500000000000e+06
3.840564500000000000e+06
3.135207750000000000e+06
3.602845250000000000e+06
3.711256250000000000e+06
2.678659250000000000e+06
3.908884500000000000e+06
3.098307750000000000e+06
2.906067750000000000e+06
3.597133750000000000e+06
3.952553250000000000e+06
3.747367000000000000e+06
3.376201750000000000e+06
3.875214500000000000e+06
3.522355500000000000e+06
2.848679000000000000e+06
2.669088500000000000e+06
3.593299000000000000e+06
3.556941000000000000e+06
3.174201000000000000e+06
3.501834000000000000e+06
2.975036500000000000e+06
3.912074500000000000e+06
3.055991000000000000e+06
3.408776000000000000e+06
3.160163000000000000e+06
4.008051500000000000e+06
3.633221000000000000e+06
3.668489000000000000e+06
3.737635250000000000e+06
3.856225000000000000e+06
3.933911500000000000e+06
2.927376500000000000e+06
3.024582000000000000e+06
3.481640250000000000e+06
3.340980250000000000e+06
2.956791500000000000e+06
3.784495750000000000e+06
3.813679750000000000e+06
2.900686250000000000e+06
3.472156250000000000e+06
3.654788750000000000e+06
3.477510750000000000e+06
3.246075750000000000e+06
3.360150000000000000e+06
3.887213250000000000e+06
3.707457250000000000e+06
3.715124750000000000e+06
3.804857750000000000e+06
3.736758250000000000e+06
3.103963250000000000e+06
4.093367000000000000e+06
3.687209500000000000e+06
3.104645500000000000e+06
3.585919750000000000e+06
3.859867500000000000e+06
3.221833750000000000e+06
2.880110250000000000e+06
2.577869000000000000e+06
2.674230500000000000e+06
3.561720500000000000e+06
2.988457000000000000e+06
3.738819000000000000e+06
3.488324750000000000e+06
3.628539000000000000e+06
4.119900250000000000e+06
2.912462250000000000e+06
3.208648500000000000e+06
3.493210500000000000e+06
3.254878750000000000e+06
3.252376250000000000e+06
3.781816250000000000e+06
3.553765500000000000e+06
4.305481000000000000e+06
3.264548000000000000e+06
3.519360250000000000e+06
3.430825000000000000e+06
4.213082000000000000e+06
3.474563250000000000e+06
3.567303750000000000e+06
3.669080250000000000e+06
3.288049000000000000e+06
3.695879000000000000e+06
2.592967750000000000e+06
3.174953000000000000e+06
3.852915000000000000e+06
3.197682000000000000e+06
3.097833250000000000e+06
3.305429500000000000e+06
3.560182250000000000e+06
2.631368000000000000e+06
3.459435500000000000e+06
3.363873250000000000e+06
3.259287500000000000e+06
3.462342000000000000e+06
3.597273500000000000e+06
3.266750250000000000e+06
3.084326750000000000e+06
3.932559500000000000e+06
2.980129750000000000e+06
3.108681750000000000e+06
3.768086250000000000e+06
3.677278750000000000e+06
3.066739000000000000e+06
3.505363000000000000e+06
2.699855750000000000e+06
3.523051500000000000e+06
3.172129250000000000e+06
4.122322000000000000e+06
2.904656250000000000e+06
3.068479750000000000e+06
3.284737000000000000e+06
3.256794500000000000e+06
3.303774250000000000e+06
3.445314000000000000e+06
3.256780000000000000e+06
3.254207250000000000e+06
3.112369750000000000e+06
2.731589250000000000e+06
3.588504000000000000e+06
3.777572500000000000e+06
3.001427750000000000e+06
2.970872250000000000e+06
3.781585000000000000e+06
3.144585500000000000e+06
3.096366500000000000e+06
2.876856000000000000e+06
3.455275250000000000e+06
2.957581000000000000e+06
3.700812000000000000e+06
3.498665500000000000e+06
3.034165250000000000e+06
2.884322500000000000e+06
3.381515000000000000e+06
3.611555250000000000e+06
3.258046250000000000e+06
3.069511250000000000e+06
3.105388500000000000e+06
3.008090250000000000e+06
2.717605250000000000e+06
3.127759500000000000e+06
3.094034500000000000e+06
4.234866500000000000e+06
2.855069000000000000e+06
3.128800750000000000e+06
3.902603250000000000e+06
3.299765500000000000e+06
3.988475500000000000e+06
3.566435250000000000e+06
2.720035250000000000e+06
3.495882750000000000e+06
3.710353750000000000e+06
3.559498000000000000e+06
2.516663750000000000e+06
2.579212250000000000e+06
3.524051500000000000e+06
3.006415000000000000e+06
4.061189250000000000e+06
2.955786500000000000e+06
3.080824000000000000e+06
3.800345000000000000e+06
2.794140500000000000e+06
2.759874000000000000e+06
3.953167750000000000e+06
3.334172250000000000e+06
2.898021500000000000e+06
2.938411000000000000e+06
3.570215500000000000e+06
3.070959750000000000e+06
4.084585750000000000e+06
3.202885000000000000e+06
2.727116000000000000e+06
3.327770750000000000e+06
3.313360500000000000e+06
3.214320000000000000e+06
3.130296250000000000e+06
3.425919250000000000e+06
3.098878250000000000e+06
2.755082500000000000e+06
3.168617250000000000e+06
3.636201250000000000e+06
3.323119250000000000e+06
3.420411750000000000e+06
2.651495000000000000e+06
3.081063250000000000e+06
2.580120750000000000e+06
3.189351750000000000e+06
3.649743000000000000e+06
3.461038000000000000e+06
3.570622750000000000e+06
3.127683000000000000e+06
2.518840000000000000e+06
2.634260500000000000e+06
2.930529750000000000e+06
3.140936000000000000e+06
3.267543000000000000e+06
3.088438750000000000e+06
3.687359250000000000e+06
3.418571500000000000e+06
3.434127000000000000e+06
2.516438250000000000e+06
3.520610500000000000e+06
2.653869500000000000e+06
3.312349000000000000e+06
2.987242000000000000e+06
3.378749750000000000e+06
2.832776250000000000e+06
2.762616250000000000e+06
3.476317500000000000e+06
3.547433750000000000e+06
2.994514250000000000e+06
3.354098750000000000e+06
2.892043000000000000e+06
2.736497250000000000e+06
3.519793000000000000e+06
3.789469500000000000e+06
2.935022500000000000e+06
3.264561250000000000e+06
3.583037500000000000e+06
3.217015000000000000e+06
3.338459500000000000e+06
2.919349000000000000e+06
4.200058500000000000e+06
3.091396250000000000e+06
3.012443250000000000e+06
2.955555000000000000e+06
2.842240500000000000e+06
3.074038500000000000e+06
3.792044250000000000e+06
2.850470250000000000e+06
2.605988000000000000e+06
2.567542750000000000e+06
4.055587500000000000e+06
2.667215750000000000e+06
3.100354250000000000e+06
3.128749500000000000e+06
3.354632250000000000e+06
3.084469500000000000e+06
3.244516500000000000e+06
3.357651000000000000e+06
3.843827250000000000e+06
2.679253000000000000e+06
3.006109750000000000e+06
4.227123000000000000e+06
3.244266000000000000e+06
2.543851250000000000e+06
2.927661500000000000e+06
2.262632250000000000e+06
2.358403750000000000e+06
3.046605750000000000e+06
3.908800500000000000e+06
3.284256500000000000e+06
3.241519250000000000e+06
3.905697000000000000e+06
2.702590750000000000e+06
2.560534750000000000e+06
2.580583000000000000e+06
3.273984500000000000e+06
3.834364500000000000e+06
2.736669000000000000e+06
2.611220250000000000e+06
3.072959250000000000e+06
3.638081000000000000e+06
2.704964250000000000e+06
3.071095250000000000e+06
3.105056500000000000e+06
2.508788000000000000e+06
3.278509500000000000e+06
3.293581000000000000e+06
2.839963000000000000e+06
3.119430250000000000e+06
2.632901250000000000e+06
3.402294750000000000e+06
3.011542750000000000e+06
3.472197000000000000e+06
2.282986250000000000e+06
3.338386500000000000e+06
3.670043250000000000e+06
2.763106500000000000e+06
3.270571500000000000e+06
3.445939500000000000e+06
2.850841000000000000e+06
3.047469250000000000e+06
3.347319750000000000e+06
2.183055250000000000e+06
3.389215250000000000e+06
3.213896500000000000e+06
2.538994750000000000e+06
2.370292250000000000e+06
2.672722500000000000e+06
3.544135250000000000e+06
2.849525250000000000e+06
2.806967250000000000e+06
2.726466500000000000e+06
3.623928250000000000e+06
3.247882250000000000e+06
3.004029000000000000e+06
4.442183000000000000e+06
3.783867250000000000e+06
2.936978750000000000e+06
3.591864500000000000e+06
3.050869250000000000e+06
2.621546750000000000e+06
2.837370250000000000e+06
3.547318250000000000e+06
4.140885500000000000e+06
3.095216500000000000e+06
1.936628875000000000e+06
2.716790750000000000e+06
3.264771250000000000e+06
3.819012500000000000e+06
3.274734500000000000e+06
2.829446750000000000e+06
2.857471500000000000e+06
2.763551750000000000e+06
2.967821500000000000e+06
3.010934250000000000e+06
3.269425500000000000e+06
2.875364000000000000e+06
3.296212500000000000e+06
2.934966000000000000e+06
3.124722250000000000e+06
2.232801250000000000e+06
3.494361250000000000e+06
2.937842000000000000e+06
2.856507000000000000e+06
2.618048500000000000e+06
2.625737750000000000e+06
2.513521500000000000e+06
2.857639000000000000e+06
3.085425750000000000e+06
3.068139500000000000e+06
2.669399000000000000e+06
3.305434000000000000e+06
2.700095250000000000e+06
2.648789500000000000e+06
3.247458500000000000e+06
2.866352500000000000e+06
2.971999250000000000e+06
3.486651500000000000e+06
2.959279500000000000e+06
2.414560500000000000e+06
3.832104750000000000e+06
3.380316500000000000e+06
3.777202500000000000e+06
3.554412500000000000e+06
2.527830000000000000e+06
2.052563750000000000e+06
3.249494000000000000e+06
4.053512500000000000e+06
3.486760500000000000e+06
2.926553500000000000e+06
2.891112000000000000e+06
2.703102750000000000e+06
2.982164250000000000e+06
2.433949750000000000e+06
2.845997000000000000e+06
3.704052000000000000e+06
2.431702000000000000e+06
3.059360000000000000e+06
3.277928250000000000e+06
3.211494750000000000e+06
3.559627500000000000e+06
2.822256750000000000e+06
3.048882500000000000e+06
2.791180250000000000e+06
1.747063500000000000e+06
2.884192000000000000e+06
3.010905000000000000e+06
3.478194250000000000e+06
2.548993750000000000e+06
2.785036750000000000e+06
2.404828000000000000e+06
2.875830250000000000e+06
2.935249750000000000e+06
2.885535750000000000e+06
2.980236250000000000e+06
2.267148500000000000e+06
2.833742500000000000e+06
3.259969500000000000e+06
2.837521000000000000e+06
2.874073750000000000e+06
2.682867000000000000e+06
2.468913000000000000e+06
2.738081000000000000e+06
3.180589500000000000e+06
4.137928250000000000e+06
2.750546000000000000e+06
2.987175000000000000e+06
2.951560000000000000e+06
3.120025500000000000e+06
2.639240500000000000e+06
2.428382500000000000e+06
2.086101875000000000e+06
2.877414750000000000e+06
3.344287750000000000e+06
3.223332000000000000e+06
2.551960500000000000e+06
3.655456500000000000e+06
2.297141500000000000e+06
2.212085750000000000e+06
3.624346750000000000e+06
3.064734250000000000e+06
2.833497000000000000e+06
3.627444000000000000e+06
3.377662500000000000e+06
3.143666250000000000e+06
2.753626750000000000e+06
2.583362000000000000e+06
3.216799750000000000e+06
3.375998500000000000e+06
2.717409750000000000e+06
3.098059500000000000e+06
3.713121250000000000e+06
2.493208000000000000e+06
2.361959250000000000e+06
2.364196250000000000e+06
2.601951750000000000e+06
2.405209000000000000e+06
2.609658500000000000e+06
2.137026500000000000e+06
3.016768750000000000e+06
3.237898250000000000e+06
3.410896250000000000e+06
3.040383000000000000e+06
2.868835000000000000e+06
3.198511500000000000e+06
3.140127500000000000e+06
3.153349250000000000e+06
3.386394500000000000e+06
3.046444750000000000e+06
3.043236000000000000e+06
2.859350500000000000e+06
3.068250500000000000e+06
3.389410250000000000e+06
2.995591500000000000e+06
3.092393500000000000e+06
3.922734000000000000e+06
2.582066500000000000e+06
2.782142000000000000e+06
3.372292750000000000e+06
2.197132750000000000e+06
2.710660000000000000e+06
3.844570750000000000e+06
2.662724500000000000e+06
2.537792000000000000e+06
2.753553750000000000e+06
2.628352500000000000e+06
3.195675000000000000e+06
3.148692250000000000e+06
2.743601250000000000e+06
1.831835750000000000e+06
2.543861250000000000e+06
2.767192000000000000e+06
2.969365000000000000e+06
2.492797500000000000e+06
3.120832500000000000e+06
2.666781750000000000e+06
3.092700250000000000e+06
3.456649000000000000e+06
2.974779000000000000e+06
3.025006000000000000e+06
2.531912000000000000e+06
2.770529750000000000e+06
2.562454500000000000e+06
3.476288250000000000e+06
2.946988500000000000e+06
3.336174500000000000e+06
2.806891500000000000e+06
2.539633750000000000e+06
2.481094500000000000e+06
2.962720750000000000e+06
2.831526500000000000e+06
2.867701750000000000e+06
3.144157750000000000e+06
3.575632750000000000e+06
3.334593250000000000e+06
2.669346250000000000e+06
2.182626500000000000e+06
2.979499750000000000e+06
2.687108750000000000e+06
2.655785750000000000e+06
2.379859000000000000e+06
2.950752500000000000e+06
2.938672500000000000e+06
2.707270500000000000e+06
2.880540750000000000e+06
2.904738250000000000e+06
2.896803250000000000e+06
2.840087000000000000e+06
2.452555250000000000e+06
2.974665500000000000e+06
2.361521500000000000e+06
2.852691500000000000e+06
2.662281500000000000e+06
3.120110250000000000e+06
2.637219500000000000e+06
2.832141750000000000e+06
3.142248000000000000e+06
2.798991000000000000e+06
2.517431750000000000e+06
3.037362500000000000e+06
2.400420250000000000e+06
2.675676250000000000e+06
2.952784750000000000e+06
3.751296750000000000e+06
2.317106000000000000e+06
2.693464000000000000e+06
2.330604500000000000e+06
3.113724000000000000e+06
2.427130500000000000e+06
2.944876500000000000e+06
3.066838000000000000e+06
2.940453750000000000e+06
3.328498750000000000e+06
3.417882750000000000e+06
2.393360250000000000e+06
2.856349000000000000e+06
2.886235500000000000e+06
3.319604250000000000e+06
2.940820500000000000e+06
2.589682250000000000e+06
2.562172750000000000e+06
2.311060500000000000e+06
2.198092750000000000e+06
3.565138000000000000e+06
2.858251750000000000e+06
2.833953500000000000e+06
3.021025250000000000e+06
2.567683500000000000e+06
3.074667000000000000e+06
3.584545750000000000e+06
2.724733750000000000e+06
2.926541000000000000e+06
2.365357000000000000e+06
2.580790250000000000e+06
2.019682125000000000e+06
2.841683500000000000e+06
3.545339750000000000e+06
2.403049000000000000e+06
2.607082250000000000e+06
2.500775750000000000e+06
3.267031750000000000e+06
2.884924500000000000e+06
2.850538500000000000e+06
2.292910250000000000e+06
2.932284500000000000e+06
3.146851000000000000e+06
3.068645500000000000e+06
2.781646750000000000e+06
3.482065500000000000e+06
2.648397500000000000e+06
2.468432000000000000e+06
2.926490000000000000e+06
2.391355500000000000e+06
3.004814000000000000e+06
2.748112750000000000e+06
2.586100000000000000e+06
2.558907000000000000e+06
2.948543000000000000e+06
2.056282000000000000e+06
2.053801500000000000e+06
2.500337750000000000e+06
3.190791750000000000e+06
3.032607500000000000e+06
3.251748000000000000e+06
2.344989750000000000e+06
2.639023000000000000e+06
2.432643750000000000e+06
3.307950000000000000e+06
3.151979250000000000e+06
2.122348000000000000e+06
3.214647000000000000e+06
2.308461750000000000e+06
3.134373000000000000e+06
3.492464750000000000e+06
2.589542750000000000e+06
3.126848500000000000e+06
2.934417250000000000e+06
2.714928500000000000e+06
3.092009250000000000e+06
2.555366000000000000e+06
3.546377750000000000e+06
3.261670500000000000e+06
2.947797500000000000e+06
2.350917000000000000e+06
2.785737000000000000e+06
2.041401875000000000e+06
2.678291750000000000e+06
2.828858000000000000e+06
2.299706750000000000e+06
2.991045750000000000e+06
2.371143250000000000e+06
2.406548500000000000e+06
2.038021000000000000e+06
2.984993250000000000e+06
3.221208500000000000e+06
3.185801500000000000e+06
2.344616500000000000e+06
3.326864250000000000e+06
2.456803250000000000e+06
2.116095500000000000e+06
3.142482500000000000e+06
2.472869000000000000e+06
2.353978500000000000e+06
2.947329750000000000e+06
2.985507750000000000e+06
2.606037000000000000e+06
2.603745250000000000e+06
2.222827500000000000e+06
3.106945750000000000e+06
3.326955750000000000e+06
3.171956500000000000e+06
1.926427250000000000e+06
2.335938250000000000e+06
3.010782250000000000e+06
3.205025000000000000e+06
2.651337500000000000e+06
2.734492250000000000e+06
2.710649750000000000e+06
2.561466500000000000e+06
2.786025750000000000e+06
1.971433000000000000e+06
2.646294000000000000e+06
2.601540000000000000e+06
3.370175250000000000e+06
3.047603500000000000e+06
2.698527750000000000e+06
2.633597500000000000e+06
2.377125250000000000e+06
1.884845875000000000e+06
1.977160750000000000e+06
3.419593750000000000e+06
2.348997250000000000e+06
2.351499500000000000e+06
2.830900250000000000e+06
2.811049000000000000e+06
2.023375250000000000e+06
2.845342000000000000e+06
3.836260000000000000e+06
3.490872250000000000e+06
2.749178250000000000e+06
2.323883250000000000e+06
2.650101000000000000e+06
2.765643000000000000e+06
3.137172500000000000e+06
2.824604000000000000e+06
3.055870000000000000e+06
2.397174000000000000e+06
2.959225000000000000e+06
2.475290000000000000e+06
2.601018750000000000e+06
2.714305500000000000e+06
2.829772000000000000e+06
2.257784500000000000e+06
1.781302375000000000e+06
2.061912375000000000e+06
2.956849500000000000e+06
2.882193000000000000e+06
2.614267500000000000e+06
3.554446500000000000e+06
3.115156500000000000e+06
2.942651500000000000e+06
2.999079250000000000e+06
2.623242000000000000e+06
3.095376250000000000e+06
2.527638750000000000e+06
2.810517500000000000e+06
2.963357750000000000e+06
2.265226750000000000e+06
2.455102250000000000e+06
2.689003000000000000e+06
2.211719000000000000e+06
3.161131750000000000e+06
2.838567250000000000e+06
2.842390500000000000e+06
2.425292000000000000e+06
2.705312750000000000e+06
2.377463500000000000e+06
3.342047000000000000e+06
2.011759000000000000e+06
1.895712000000000000e+06
2.848347250000000000e+06
3.053032500000000000e+06
2.687816500000000000e+06
2.279480000000000000e+06
3.158638500000000000e+06
3.501072000000000000e+06
3.103732000000000000e+06
2.942773750000000000e+06
1.843284000000000000e+06
2.838876000000000000e+06
2.448338750000000000e+06
2.414956250000000000e+06
2.154036750000000000e+06
3.053456250000000000e+06
2.756555750000000000e+06
2.096544500000000000e+06
2.488961500000000000e+06
2.737602000000000000e+06
3.615072750000000000e+06
2.150736000000000000e+06
2.733454500000000000e+06
2.569595750000000000e+06
2.128888500000000000e+06
3.041808000000000000e+06
2.131823000000000000e+06
3.186613500000000000e+06
3.327164250000000000e+06
2.244058750000000000e+06
3.434046500000000000e+06
2.443977250000000000e+06
2.029141750000000000e+06
3.327060000000000000e+06
3.462960500000000000e+06
2.490185750000000000e+06
3.024111500000000000e+06
2.070007875000000000e+06
2.586671250000000000e+06
2.846678250000000000e+06
2.825504500000000000e+06
2.016077625000000000e+06
2.686769000000000000e+06
2.406572500000000000e+06
1.975382000000000000e+06
3.012638750000000000e+06
2.464679750000000000e+06
2.800747000000000000e+06
2.104331500000000000e+06
2.311845250000000000e+06
2.972077250000000000e+06
2.181153250000000000e+06
2.269963250000000000e+06
2.338839000000000000e+06
3.441686250000000000e+06
3.689527000000000000e+06
2.887663250000000000e+06
2.516865000000000000e+06
2.608304500000000000e+06
2.245341500000000000e+06
3.124218750000000000e+06
2.885006250000000000e+06
2.706810750000000000e+06
2.260707000000000000e+06
2.508786500000000000e+06
2.584220250000000000e+06
2.986782000000000000e+06
2.998762750000000000e+06
2.892964000000000000e+06
2.125942750000000000e+06
2.586140000000000000e+06
3.549560500000000000e+06
2.488343750000000000e+06
2.797197500000000000e+06
2.115437000000000000e+06
2.902714500000000000e+06
2.248063250000000000e+06
2.833298500000000000e+06
1.878250000000000000e+06
2.559746000000000000e+06
3.369629000000000000e+06
2.376549250000000000e+06
1.885436750000000000e+06
1.815571750000000000e+06
3.165267000000000000e+06
2.349041000000000000e+06
2.725936250000000000e+06
2.261334500000000000e+06
2.739741500000000000e+06
2.518902750000000000e+06
2.731246750000000000e+06
2.662531500000000000e+06
2.967468750000000000e+06
1.492623875000000000e+06
3.149535250000000000e+06
2.360399000000000000e+06
3.168100750000000000e+06
2.472978000000000000e+06
3.350979750000000000e+06
2.860560000000000000e+06
2.353181250000000000e+06
2.823787250000000000e+06
3.156499000000000000e+06
2.939105250000000000e+06
2.415543750000000000e+06
2.320135750000000000e+06
2.465343750000000000e+06
2.762288750000000000e+06
3.018688000000000000e+06
1.729256875000000000e+06
2.450180000000000000e+06
2.359845750000000000e+06
1.745900500000000000e+06
2.774653500000000000e+06
3.090263750000000000e+06
2.360135000000000000e+06
2.829663500000000000e+06
3.871689000000000000e+06
1.913367500000000000e+06
1.938661125000000000e+06
1.836187875000000000e+06
3.314818500000000000e+06
3.112639250000000000e+06
2.357621500000000000e+06
1.933671375000000000e+06
3.248584000000000000e+06
2.420344500000000000e+06
3.286260500000000000e+06
2.281908250000000000e+06
2.566591000000000000e+06
3.346676750000000000e+06
3.324940500000000000e+06
2.393835500000000000e+06
2.117389250000000000e+06
2.273174500000000000e+06
3.485229250000000000e+06
3.025655750000000000e+06
2.672692500000000000e+06
1.940391750000000000e+06
2.513805250000000000e+06
2.551654250000000000e+06
3.076157500000000000e+06
2.628503500000000000e+06
2.758154000000000000e+06
2.773061500000000000e+06
1.381394375000000000e+06
2.448563500000000000e+06
2.263118250000000000e+06
2.695662750000000000e+06
2.602651000000000000e+06
2.723921500000000000e+06
2.267858750000000000e+06
2.857896000000000000e+06
2.657945500000000000e+06
2.336408750000000000e+06
3.147787000000000000e+06
2.472179250000000000e+06
2.665949500000000000e+06
2.578387000000000000e+06
2.842357750000000000e+06
2.794190750000000000e+06
2.091397500000000000e+06
2.837886500000000000e+06
2.686067500000000000e+06
1.632623000000000000e+06
3.190525000000000000e+06
3.127881750000000000e+06
3.065970250000000000e+06
2.307336250000000000e+06
2.616480500000000000e+06
2.507298250000000000e+06
2.063742125000000000e+06
1.979768625000000000e+06
2.397836500000000000e+06
2.649520250000000000e+06
2.879010000000000000e+06
2.532077500000000000e+06
2.091229625000000000e+06
2.925430500000000000e+06
1.672580375000000000e+06
2.629630000000000000e+06
2.143132000000000000e+06
2.174290750000000000e+06
2.664581000000000000e+06
2.346992500000000000e+06
2.651945250000000000e+06
3.208175750000000000e+06
2.344473000000000000e+06
3.205488500000000000e+06
3.128247500000000000e+06
3.031493750000000000e+06
2.121676500000000000e+06
2.367590000000000000e+06
2.123540500000000000e+06
3.046076000000000000e+06
2.757551250000000000e+06
2.821786500000000000e+06
2.237493500000000000e+06
2.823135750000000000e+06
2.479484000000000000e+06
2.532430750000000000e+06
2.501884000000000000e+06
2.538284000000000000e+06
2.713825000000000000e+06
3.519193000000000000e+06
2.398340500000000000e+06
2.165267750000000000e+06
1.952616250000000000e+06
1.912931625000000000e+06
3.201242500000000000e+06
2.456082250000000000e+06
2.223587250000000000e+06
2.223183000000000000e+06
3.337888750000000000e+06
3.073114750000000000e+06
2.694789500000000000e+06
2.567217500000000000e+06
2.520132000000000000e+06
3.496097250000000000e+06
2.266999500000000000e+06
3.120100500000000000e+06
2.215516000000000000e+06
1.980661750000000000e+06
2.088788375000000000e+06
2.576519500000000000e+06
2.120584750000000000e+06
2.461875000000000000e+06
2.365181500000000000e+06
1.917555625000000000e+06
2.951307250000000000e+06
2.386711500000000000e+06
3.391480000000000000e+06
2.052656625000000000e+06
1.946539000000000000e+06
2.156140500000000000e+06
3.094491500000000000e+06
2.901150500000000000e+06
1.981669750000000000e+06
1.964515250000000000e+06
2.112524500000000000e+06
2.999166250000000000e+06
3.133829000000000000e+06
1.971009375000000000e+06
2.235414500000000000e+06
3.077162250000000000e+06
2.585591250000000000e+06
2.453618250000000000e+06
2.086645125000000000e+06
2.677569500000000000e+06
2.254760000000000000e+06
2.685200250000000000e+06
1.670738500000000000e+06
2.324521500000000000e+06
3.148071750000000000e+06
2.194199500000000000e+06
1.778543000000000000e+06
2.426047000000000000e+06
3.650424500000000000e+06
1.512985250000000000e+06
2.662557000000000000e+06
3.122402750000000000e+06
2.391424750000000000e+06
1.770669500000000000e+06
2.511883250000000000e+06
2.368041500000000000e+06
1.594392125000000000e+06
2.580308750000000000e+06
2.299980500000000000e+06
1.757967750000000000e+06
1.454259500000000000e+06
2.486769750000000000e+06
3.033052500000000000e+06
3.606776000000000000e+06
2.489201500000000000e+06
2.049571875000000000e+06
3.318781000000000000e+06
2.638989500000000000e+06
2.092056125000000000e+06
2.871069500000000000e+06
2.828989500000000000e+06
1.752880875000000000e+06
1.976962625000000000e+06
2.935792500000000000e+06
2.512775000000000000e+06
2.856290000000000000e+06
2.517284000000000000e+06
3.250271500000000000e+06
1.874626500000000000e+06
2.262395000000000000e+06
2.219706000000000000e+06
2.406188000000000000e+06
2.314069250000000000e+06
3.116574250000000000e+06
2.182983000000000000e+06
2.058721375000000000e+06
2.862793250000000000e+06
2.467045500000000000e+06
3.037428500000000000e+06
2.148116500000000000e+06
2.305993500000000000e+06
2.135421250000000000e+06
1.904237875000000000e+06
1.819375875000000000e+06
1.726907000000000000e+06
2.713860750000000000e+06
3.326930750000000000e+06
2.513043000000000000e+06
2.594953250000000000e+06
1.580527750000000000e+06
2.523138500000000000e+06
1.999170375000000000e+06
2.938336250000000000e+06
2.936004750000000000e+06
2.155604500000000000e+06
3.342628000000000000e+06
2.081033625000000000e+06
1.747297750000000000e+06
2.970950000000000000e+06
1.996313625000000000e+06
3.023854250000000000e+06
2.626782500000000000e+06
2.223123750000000000e+06
2.356738000000000000e+06
2.152404500000000000e+06
2.305752750000000000e+06
2.239744500000000000e+06
3.025960750000000000e+06
2.700417500000000000e+06
2.238954250000000000e+06
3.486337250000000000e+06
2.306273000000000000e+06
2.190332500000000000e+06
1.889884125000000000e+06
2.367790000000000000e+06
2.001957375000000000e+06
2.735796750000000000e+06
1.780236250000000000e+06
2.190020000000000000e+06
1.774915750000000000e+06
2.310411000000000000e+06
2.347166750000000000e+06
3.365586500000000000e+06
2.121824750000000000e+06
2.320479500000000000e+06
2.314962250000000000e+06
2.352058750000000000e+06
3.244266750000000000e+06
2.340684750000000000e+06
2.182476750000000000e+06
2.195472500000000000e+06
2.720617250000000000e+06
2.097005750000000000e+06
1.949667000000000000e+06
1.959216250000000000e+06
1.810123875000000000e+06
2.354546500000000000e+06
2.067533875000000000e+06
2.306568250000000000e+06
2.599534000000000000e+06
2.806077750000000000e+06
2.759300750000000000e+06
2.655258500000000000e+06
2.270755500000000000e+06
1.627000000000000000e+06
2.382725250000000000e+06
2.058245875000000000e+06
1.766208250000000000e+06
2.089696375000000000e+06
1.478219500000000000e+06
3.188015000000000000e+06
2.192000500000000000e+06
2.908844000000000000e+06
1.942799125000000000e+06
1.867865875000000000e+06
1.665337875000000000e+06
3.200386000000000000e+06
2.617599500000000000e+06
2.164272750000000000e+06
2.795155250000000000e+06
2.922152250000000000e+06
2.108631250000000000e+06
2.222188250000000000e+06
1.860665000000000000e+06
2.438317250000000000e+06
1.836395000000000000e+06
2.728712250000000000e+06
1.705984375000000000e+06
2.091906000000000000e+06
2.584362750000000000e+06
2.963137500000000000e+06
2.434548500000000000e+06
2.175870750000000000e+06
2.614068750000000000e+06
2.568636500000000000e+06
1.677040875000000000e+06
2.590546750000000000e+06
2.673763000000000000e+06
2.413320250000000000e+06
2.670241500000000000e+06
1.864126875000000000e+06
2.357914000000000000e+06
1.967467500000000000e+06
2.286009500000000000e+06
2.028330750000000000e+06
2.062318875000000000e+06
2.405786500000000000e+06
1.912364000000000000e+06
2.587548000000000000e+06
2.672540750000000000e+06
2.128721750000000000e+06
2.160864250000000000e+06
2.116556500000000000e+06
2.274369750000000000e+06
2.629156750000000000e+06
2.611819750000000000e+06
2.856403750000000000e+06
2.058013000000000000e+06
2.356191000000000000e+06
2.308679750000000000e+06
2.340533250000000000e+06
1.849511750000000000e+06
2.289139250000000000e+06
3.050052500000000000e+06
2.733895250000000000e+06
2.063626250000000000e+06
1.944985250000000000e+06
2.184927750000000000e+06
2.629004250000000000e+06
2.086968500000000000e+06
1.593165250000000000e+06
3.123447750000000000e+06
1.989232125000000000e+06
1.148125500000000000e+06
3.280271000000000000e+06
1.833488250000000000e+06
1.898187125000000000e+06
2.892369750000000000e+06
1.782731625000000000e+06
2.257772500000000000e+06
2.122593500000000000e+06
1.592243000000000000e+06
3.027567250000000000e+06
2.334123500000000000e+06
3.096316250000000000e+06
2.630281000000000000e+06
2.092144875000000000e+06
2.035499125000000000e+06
2.018409250000000000e+06
2.205765250000000000e+06
2.044899250000000000e+06
1.800011750000000000e+06
1.992553000000000000e+06
1.897750250000000000e+06
2.172166000000000000e+06
2.826294000000000000e+06
2.136086750000000000e+06
2.061217875000000000e+06
2.247135250000000000e+06
2.844628000000000000e+06
3.076495000000000000e+06
2.998851000000000000e+06
1.973107250000000000e+06
2.193243250000000000e+06
2.710574000000000000e+06
2.689064500000000000e+06
1.969197875000000000e+06
2.275962000000000000e+06
2.932959250000000000e+06
2.052302375000000000e+06
1.663207250000000000e+06
1.996053250000000000e+06
2.364556750000000000e+06
2.907469750000000000e+06
2.164380750000000000e+06
2.576342750000000000e+06
2.480032500000000000e+06
2.329990750000000000e+06
1.217159250000000000e+06
2.205756750000000000e+06
1.568827750000000000e+06
2.020483750000000000e+06
2.738321750000000000e+06
2.473746500000000000e+06
3.219720250000000000e+06
2.756922250000000000e+06
2.500333750000000000e+06
2.370159500000000000e+06
2.852399000000000000e+06
2.434418500000000000e+06
2.301144750000000000e+06
1.663264875000000000e+06
2.077979250000000000e+06
2.660340500000000000e+06
1.932928250000000000e+06
1.997522750000000000e+06
1.614707250000000000e+06
1.973392500000000000e+06
2.695530000000000000e+06
2.504029250000000000e+06
2.696133000000000000e+06
2.535857000000000000e+06
2.208897250000000000e+06
1.978987500000000000e+06
2.141451250000000000e+06
2.051827000000000000e+06
2.260537250000000000e+06
1.868139250000000000e+06
1.719536875000000000e+06
2.420706250000000000e+06
1.754454625000000000e+06
2.837914250000000000e+06
1.854756750000000000e+06
2.394479250000000000e+06
2.562871750000000000e+06
2.226253500000000000e+06
2.172289750000000000e+06
1.560233250000000000e+06
1.829472875000000000e+06
2.370472000000000000e+06
2.212195750000000000e+06
1.816811250000000000e+06
2.122403250000000000e+06
1.542455500000000000e+06
1.745176625000000000e+06
1.346938000000000000e+06
2.937583000000000000e+06
2.060092250000000000e+06
3.258224250000000000e+06
2.210870500000000000e+06
2.003002625000000000e+06
2.397498250000000000e+06
2.659479500000000000e+06
2.068152750000000000e+06
2.443517750000000000e+06
2.393226250000000000e+06
2.212402000000000000e+06
1.706070000000000000e+06
1.548315375000000000e+06
2.214230500000000000e+06
1.892514625000000000e+06
1.570559000000000000e+06
2.977183500000000000e+06
2.035270000000000000e+06
2.714780250000000000e+06
2.186726250000000000e+06
2.133291000000000000e+06
1.803524375000000000e+06
2.056900750000000000e+06
2.265756750000000000e+06
1.751748875000000000e+06
1.656803000000000000e+06
2.170757500000000000e+06
2.512584750000000000e+06
2.096805625000000000e+06
2.173320500000000000e+06
2.678225750000000000e+06
1.335714250000000000e+06
1.964802125000000000e+06
2.630170750000000000e+06
1.563196375000000000e+06
1.367173500000000000e+06
2.046475375000000000e+06
2.364224000000000000e+06
1.942502250000000000e+06
2.589133000000000000e+06
1.953592000000000000e+06
2.802281000000000000e+06
2.464784250000000000e+06
2.531189000000000000e+06
2.015519125000000000e+06
2.854265750000000000e+06
2.810884000000000000e+06
2.035885500000000000e+06
2.160153250000000000e+06
1.742841750000000000e+06
2.389723000000000000e+06
1.555680125000000000e+06
2.517568500000000000e+06
1.856476000000000000e+06
1.973069750000000000e+06
2.465381750000000000e+06
1.698757375000000000e+06
2.640401750000000000e+06
2.757253000000000000e+06
1.403631125000000000e+06
1.898820125000000000e+06
1.911093000000000000e+06
2.803371250000000000e+06
2.072983625000000000e+06
2.443913500000000000e+06
1.484803500000000000e+06
2.247551000000000000e+06
1.906178500000000000e+06
1.939320500000000000e+06
2.035165375000000000e+06
2.428863000000000000e+06
2.189640000000000000e+06
1.574523375000000000e+06
2.040982000000000000e+06
2.242733500000000000e+06
1.451862375000000000e+06
2.235102750000000000e+06
2.616789000000000000e+06
1.620814000000000000e+06
1.698002375000000000e+06
2.718937250000000000e+06
1.862073375000000000e+06
2.069007375000000000e+06
1.820999625000000000e+06
2.555684750000000000e+06
1.901397375000000000e+06
2.387177000000000000e+06
1.545849375000000000e+06
2.018979250000000000e+06
2.008639875000000000e+06
3.216048750000000000e+06
1.497894875000000000e+06
2.137118500000000000e+06
1.640526125000000000e+06
1.831029125000000000e+06
1.426979500000000000e+06
2.092816125000000000e+06
2.055540750000000000e+06
2.169535000000000000e+06
1.780097500000000000e+06
2.722791500000000000e+06
1.824919500000000000e+06
1.503312125000000000e+06
1.863785125000000000e+06
1.825720875000000000e+06
2.275212500000000000e+06
2.373112000000000000e+06
2.000233750000000000e+06
1.837747000000000000e+06
2.438519500000000000e+06
1.598907375000000000e+06
2.188171500000000000e+06
1.374034750000000000e+06
1.875719125000000000e+06
2.414717000000000000e+06
1.551016000000000000e+06
1.518304500000000000e+06
2.368279250000000000e+06
1.490354500000000000e+06
2.128133750000000000e+06
2.895232750000000000e+06
2.942133000000000000e+06
1.777388750000000000e+06
2.348977500000000000e+06
2.894065500000000000e+06
1.584057125000000000e+06
1.957596125000000000e+06
1.843529125000000000e+06
2.318898250000000000e+06
1.909270500000000000e+06
2.043765750000000000e+06
2.261330500000000000e+06
1.479266500000000000e+06
2.464302250000000000e+06
2.280283500000000000e+06
1.283487000000000000e+06
1.542275500000000000e+06
2.676107750000000000e+06
1.363124625000000000e+06
2.311566250000000000e+06
2.348392500000000000e+06
1.387872625000000000e+06
1.771486875000000000e+06
2.466779000000000000e+06
1.974403500000000000e+06
1.645664500000000000e+06
1.881246125000000000e+06
2.382067000000000000e+06
1.936570625000000000e+06
1.396869125000000000e+06
1.652301000000000000e+06
2.553337250000000000e+06
1.618794875000000000e+06
1.744573375000000000e+06
1.253098250000000000e+06
1.752947250000000000e+06
2.000837125000000000e+06
2.194436750000000000e+06
1.770812250000000000e+06
2.349380250000000000e+06
2.831104000000000000e+06
1.611032625000000000e+06
1.255824000000000000e+06
2.129135750000000000e+06
1.952661375000000000e+06
1.403271125000000000e+06
1.589574750000000000e+06
1.434902500000000000e+06
2.539187500000000000e+06
2.119525250000000000e+06
2.878589000000000000e+06
1.996551000000000000e+06
1.792676250000000000e+06
1.531208000000000000e+06
1.869615750000000000e+06
1.671539625000000000e+06
2.254939250000000000e+06
2.039064500000000000e+06
1.708031625000000000e+06
1.716611250000000000e+06
1.514790875000000000e+06
2.289790000000000000e+06
1.822911250000000000e+06
2.378459000000000000e+06
3.058681500000000000e+06
2.126275250000000000e+06
2.119089500000000000e+06
1.648217625000000000e+06
1.776927750000000000e+06
1.850932375000000000e+06
1.652391375000000000e+06
2.046604625000000000e+06
2.586809000000000000e+06
2.181880500000000000e+06
1.801225375000000000e+06
1.873901875000000000e+06
1.705040500000000000e+06
1.109844000000000000e+06
1.593697000000000000e+06
1.805410125000000000e+06
2.323072000000000000e+06
2.774503000000000000e+06
1.627670750000000000e+06
2.013477500000000000e+06
2.514354750000000000e+06
2.141163250000000000e+06
1.341057875000000000e+06
2.086290500000000000e+06
1.629532750000000000e+06
2.366273500000000000e+06
1.911503000000000000e+06
1.711039500000000000e+06
3.075242500000000000e+06
1.286695625000000000e+06
1.552410625000000000e+06
1.074053250000000000e+06
2.724170000000000000e+06
1.622312000000000000e+06
2.141121250000000000e+06
1.594177500000000000e+06
1.096207625000000000e+06
1.755797250000000000e+06
2.796296000000000000e+06
1.992000125000000000e+06
2.378917000000000000e+06
2.013838250000000000e+06
2.477756250000000000e+06
2.180788500000000000e+06
2.182368250000000000e+06
1.546736125000000000e+06
2.159676250000000000e+06
1.572851125000000000e+06
2.708393750000000000e+06
2.214468750000000000e+06
2.734402250000000000e+06
2.112950000000000000e+06
1.601552625000000000e+06
1.806116250000000000e+06
1.358826125000000000e+06
2.776323250000000000e+06
1.157011000000000000e+06
1.715170625000000000e+06
1.526895000000000000e+06
1.108107625000000000e+06
2.800812000000000000e+06
2.802584750000000000e+06
1.854200750000000000e+06
1.428698875000000000e+06
1.797599750000000000e+06
2.465261250000000000e+06
2.100460750000000000e+06
2.591957000000000000e+06
9.561023750000000000e+05
1.966250500000000000e+06
2.435099500000000000e+06
1.647143500000000000e+06
1.883451625000000000e+06
1.692274500000000000e+06
2.680992250000000000e+06
2.112982750000000000e+06
1.856885500000000000e+06
2.021778750000000000e+06
2.389104250000000000e+06
1.967522000000000000e+06
1.714917500000000000e+06
1.622379375000000000e+06
2.049046000000000000e+06
1.970323750000000000e+06
2.519448500000000000e+06
1.859858125000000000e+06
1.709448500000000000e+06
1.390927750000000000e+06
1.688239375000000000e+06
1.618067250000000000e+06
1.849316375000000000e+06
2.517329250000000000e+06
1.369178500000000000e+06
2.099115500000000000e+06
1.514563750000000000e+06
3.235707000000000000e+06
1.544023375000000000e+06
2.315749250000000000e+06
2.360599750000000000e+06
1.928549500000000000e+06
1.518154000000000000e+06
2.647503500000000000e+06
2.592587500000000000e+06
2.494814500000000000e+06
1.249422125000000000e+06
1.529877000000000000e+06
1.823441000000000000e+06
1.512699000000000000e+06
1.291872000000000000e+06
2.714062000000000000e+06
2.051154000000000000e+06
1.566283375000000000e+06
1.338062125000000000e+06
2.682183250000000000e+06
1.116637250000000000e+06
1.031963687500000000e+06
2.426084000000000000e+06
2.077849625000000000e+06
9.904923125000000000e+05
1.848484000000000000e+06
2.405361000000000000e+06
3.546528250000000000e+06
2.378889500000000000e+06
2.483928500000000000e+06
1.987362625000000000e+06
1.478880000000000000e+06
9.546015000000000000e+05
1.496623000000000000e+06
2.357919000000000000e+06
2.059672250000000000e+06
2.074158625000000000e+06
1.272689125000000000e+06
1.492103250000000000e+06
1.831074625000000000e+06
2.558789000000000000e+06
8.547293750000000000e+05
1.528877000000000000e+06
1.782562625000000000e+06
1.446217250000000000e+06
2.277696250000000000e+06
1.359204500000000000e+06
1.680544125000000000e+06
1.232385625000000000e+06
1.676650125000000000e+06
2.635764250000000000e+06
1.488152000000000000e+06
2.868123500000000000e+06
1.788622000000000000e+06
2.259371750000000000e+06
2.315628500000000000e+06
1.408287000000000000e+06
1.377179625000000000e+06
1.775442500000000000e+06
1.173078500000000000e+06
2.182758250000000000e+06
2.151024500000000000e+06
1.151454250000000000e+06
2.665855750000000000e+06
2.739055250000000000e+06
1.609784250000000000e+06
1.464166875000000000e+06
1.976260125000000000e+06
1.422252250000000000e+06
1.216419875000000000e+06
1.617464000000000000e+06
2.426460750000000000e+06
1.309518375000000000e+06
1.763793000000000000e+06
2.104984750000000000e+06
1.653147000000000000e+06
1.721948375000000000e+06
1.773039875000000000e+06
1.847702875000000000e+06
1.991749125000000000e+06
1.449548375000000000e+06
1.332221375000000000e+06
1.181729250000000000e+06
2.833266000000000000e+06
1.761627125000000000e+06
2.083113375000000000e+06
2.044353750000000000e+06
1.754957125000000000e+06
2.286219500000000000e+06
1.324989125000000000e+06
2.036198250000000000e+06
1.407256375000000000e+06
1.375128375000000000e+06
1.953876750000000000e+06
1.105131875000000000e+06
1.455786000000000000e+06
1.602030625000000000e+06
1.542437875000000000e+06
1.540950000000000000e+06
2.067150000000000000e+06
2.681409750000000000e+06
2.346830000000000000e+06
1.532770250000000000e+06
2.174996500000000000e+06
2.523387750000000000e+06
1.479890375000000000e+06
1.174097000000000000e+06
1.798170750000000000e+06
1.435277750000000000e+06
2.648911750000000000e+06
2.405447500000000000e+06
2.305102500000000000e+06
1.819691750000000000e+06
1.049132500000000000e+06
1.748802375000000000e+06
1.303459625000000000e+06
1.090790125000000000e+06
2.039547750000000000e+06
9.193369375000000000e+05
1.338728250000000000e+06
1.133537625000000000e+06
1.767846500000000000e+06
2.874527750000000000e+06
1.578516500000000000e+06
