2.286844608130771667e+07
2.051286010638049990e+07
1.867531848651614413e+07
1.724427135763785243e+07
1.612530603213926032e+07
1.525076784775487147e+07
1.456126160883222148e+07
1.401753056005252711e+07
1.359150287044228241e+07
1.325274844195420109e+07
1.297505515097080171e+07
1.275381918707729131e+07
1.257748423916771822e+07
1.243770747094232216e+07
1.232323276653967611e+07
1.222893537520659342e+07
1.215187747223592922e+07
1.206988279961211234e+07
1.201331896246215515e+07
1.196323753108152188e+07
1.190933593221564963e+07
1.187235984719495475e+07
1.183879560737030767e+07
1.179226480377940647e+07
1.176525767805770226e+07
1.172124753743532486e+07
1.169229416466936655e+07
1.167021796240777895e+07
1.163343956905739568e+07
1.161125449411837757e+07
1.158409408973711357e+07
1.154017266553053446e+07
1.152102749571356177e+07
1.150475509321017191e+07
1.147056469396858849e+07
1.145250937331598625e+07
1.143736100965212844e+07
1.141094512861571647e+07
1.139894386596165784e+07
1.138813214565878361e+07
1.137770829223331995e+07
1.136391395809770189e+07
1.134164689083965868e+07
1.131940663238031045e+07
1.130849071266937628e+07
1.129098344710686430e+07
1.127791965063585900e+07
1.124887091277701966e+07
1.123641765834540315e+07
1.122715067884116806e+07
1.121768179603981040e+07
1.120908072276821919e+07
1.119505667646200769e+07
1.116860844705981761e+07
1.115750936778796278e+07
1.115067465603008680e+07
1.113048551444963180e+07
1.112223264787368849e+07
1.110804776089851744e+07
1.109750206689493358e+07
1.108183640030220337e+07
1.107229896613275819e+07
1.106609311774763837e+07
1.104790673042634316e+07
1.103487129066325538e+07
1.102376295525318570e+07
1.101253139003794827e+07
1.099575436202082597e+07
1.098734503205890767e+07
1.097382253377075866e+07
1.095960686286361516e+07
1.094699988687757589e+07
1.093032276405062899e+07
1.092286120808613673e+07
1.090754672833193652e+07
1.090037717272171937e+07
1.089169949563189223e+07
1.087939471144805290e+07
1.087065057204825431e+07
1.085712827209833451e+07
1.084570824449879676e+07
1.083414991312765330e+07
1.082006766447311454e+07
1.080734402776952647e+07
1.079708101906082965e+07
1.078486557100965828e+07
1.077359261960402504e+07
1.076390418571842462e+07
1.075675526727159880e+07
1.074755804020192474e+07
1.074275066026433744e+07
1.073676845906292647e+07
1.072787250767844915e+07
1.071970971915852278e+07
1.071175469571831077e+07
1.070118766806701012e+07
1.069427333712601475e+07
1.069002996098554134e+07
1.068275353503478318e+07
1.067287859234108403e+07
