2.280151635472410917e+07
2.045412044571106136e+07
1.862454775096659362e+07
1.719139773747410625e+07
1.607333882996180281e+07
1.520010548999967612e+07
1.451782155322671123e+07
1.397030104299114086e+07
1.354277544934430160e+07
1.320230453917708993e+07
1.293366536064624041e+07
1.271276264254401624e+07
1.253824795005979948e+07
1.239769246217983402e+07
1.228566825870546512e+07
1.219128289775127918e+07
1.211538636812166497e+07
1.203878812485781312e+07
1.198302009049829096e+07
1.193615399515111931e+07
1.189445055687914230e+07
1.185463679654715583e+07
1.181798561648320965e+07
1.178989142654222809e+07
1.175657836456634663e+07
1.172153259299342148e+07
1.168148664241408743e+07
1.164340060233315639e+07
1.160572953037206084e+07
1.158030205100447685e+07
1.154177477625009418e+07
1.151543779154308885e+07
1.149883525843708962e+07
1.148283036715243943e+07
1.146054369486066885e+07
1.144524682520368136e+07
1.141435316097951122e+07
1.139701852804859728e+07
1.137464359533941746e+07
1.136415184375235252e+07
1.134335709532075562e+07
1.133368115821643174e+07
1.132334108691887930e+07
1.131418973447192088e+07
1.128871078396446444e+07
1.127425685788677633e+07
1.124802210336480476e+07
1.123298653277998604e+07
1.120458194153153524e+07
1.118508003842591867e+07
1.117326556664701551e+07
1.116002287991412356e+07
1.113925343172908761e+07
1.112171407867916673e+07
1.110337824693210609e+07
1.108349357990243845e+07
1.106939631576201320e+07
1.105415099408029020e+07
1.105034384316908196e+07
1.103894335674241558e+07
1.102268280373806134e+07
1.101409878611950576e+07
1.100561458158553764e+07
1.099159354891997203e+07
1.098027666000152566e+07
1.096267175826391205e+07
1.094994298555824719e+07
1.093721217731855996e+07
1.092480210107914358e+07
1.091112666136443056e+07
1.090156045684064366e+07
1.089103755258246139e+07
1.088071551159466803e+07
1.087414603340927884e+07
1.086441837985722162e+07
1.086019741809196584e+07
1.085081382959213853e+07
1.084399636330316029e+07
1.083374235777341202e+07
1.082189528555290215e+07
1.081208551063192263e+07
1.080330455203062482e+07
1.079255926859973557e+07
1.078036290986183472e+07
1.076585371151433513e+07
1.075614124288950488e+07
1.074764485910472460e+07
1.073702568717123196e+07
1.072949488534861617e+07
1.072086921020916477e+07
1.071443984357696213e+07
1.070530712800043635e+07
1.069895157315820083e+07
1.069087077643482573e+07
1.068401283029221743e+07
1.067384390421251208e+07
1.066657322843677551e+07
1.065246487254933082e+07
1.064598295810314827e+07
1.063969286421607248e+07
