2.275526274707794935e+07
2.041206489228895679e+07
1.858943927530992776e+07
1.716769901434333995e+07
1.605876928812817670e+07
1.519222629192642309e+07
1.450857440825009532e+07
1.397050811920381151e+07
1.354582249884414487e+07
1.321212964739464596e+07
1.293943445280621573e+07
1.272213690877033025e+07
1.254864263251265883e+07
1.240605492864638753e+07
1.228961491835114360e+07
1.219373211319512501e+07
1.211759398891546205e+07
1.205330991408883221e+07
1.199230050030949339e+07
1.194359006808946095e+07
1.190333355711995997e+07
1.186042911549044959e+07
1.182751460175262950e+07
1.178578001626839302e+07
1.175762920748138614e+07
1.173367216956680268e+07
1.167815882574247569e+07
1.165544516293153726e+07
1.162803741168854944e+07
1.158432976159678586e+07
1.156339259132771194e+07
1.154566563664365560e+07
1.152755050903632678e+07
1.149674579344765283e+07
1.147986218221531436e+07
1.146348494865007699e+07
1.143711484510549903e+07
1.142493113103325106e+07
1.139737985398113728e+07
1.137110198480124585e+07
1.135753164661603048e+07
1.133990752840113826e+07
1.132919732059774734e+07
1.131936353359749541e+07
1.130975215147946402e+07
1.130046505346578173e+07
1.127907989120474458e+07
1.126662600036458485e+07
1.124962000389673933e+07
1.123336211124417558e+07
1.120454291382865794e+07
1.119790918513412401e+07
1.118574105337309837e+07
1.116342526641345769e+07
1.115145628439261764e+07
1.113051949027145281e+07
1.112466354051438719e+07
1.110949643292965740e+07
1.109096828994157165e+07
1.108244074389580637e+07
1.106359826901422627e+07
1.104586452941565774e+07
1.103086321744372882e+07
1.101991889992296137e+07
1.100682560868214443e+07
1.099281037551648170e+07
1.098014082800865546e+07
1.096937689836887456e+07
1.095949192779568210e+07
1.094501357724554092e+07
1.093647892144073173e+07
1.092384862922977656e+07
1.091331714129450358e+07
1.090424082871314138e+07
1.089776916338711977e+07
1.088903141728417762e+07
1.088040336959832348e+07
1.086562192055001855e+07
1.085703883420729078e+07
1.084836723156479560e+07
1.083865703889655694e+07
1.082899630369332805e+07
1.082109848123405501e+07
1.080794932336686924e+07
1.079591102603982762e+07
1.078682340203798749e+07
1.077965805631317198e+07
1.076380631121838838e+07
1.075477220535510033e+07
1.074786354200910591e+07
1.074204790989461541e+07
1.073831576771649346e+07
1.072927897363049723e+07
1.071916256052992120e+07
1.071622345149931498e+07
1.070826287675717287e+07
1.069932356413287669e+07
1.068362090559812635e+07
1.067217422403642721e+07
1.066366071728282608e+07
