2.705984699266912230e+03
2.543390674272211982e+03
2.423013955240801806e+03
2.329211309945277662e+03
2.257030485835242871e+03
2.199056575377421723e+03
2.156643775688833102e+03
2.118300217970376252e+03
2.088295394643584586e+03
2.064428590837409502e+03
2.039931215754237883e+03
2.018456442913070759e+03
1.998529513820402599e+03
1.983229716640236575e+03
1.969562111024333944e+03
1.958774943125266645e+03
1.945246808489104751e+03
1.936754141938635485e+03
1.926120431042098517e+03
1.918222376392993056e+03
1.908933922044707970e+03
1.903155682336591553e+03
1.896590083254138108e+03
1.890431746069309156e+03
1.886533492892272989e+03
1.882264360176292712e+03
1.877879198504082069e+03
1.874735281937548052e+03
1.870696833758182265e+03
1.867054051203134350e+03
1.863346075990382815e+03
1.858954840036677751e+03
1.856269298191679354e+03
1.853568131070442405e+03
1.850882940606944203e+03
1.848323180386721560e+03
1.844727181907598833e+03
1.842033177449412506e+03
1.839013376297873492e+03
1.837207767309418159e+03
1.835496368953154388e+03
1.832395111145427109e+03
1.830199629295975456e+03
1.827354057310908729e+03
1.825229196415037222e+03
1.822441147917802937e+03
1.819788434821163946e+03
1.816482796657939843e+03
1.814220703586154741e+03
1.812629619051001782e+03
1.810610191972496978e+03
1.807698530461721475e+03
1.806447716618114328e+03
1.804902201443371041e+03
1.803348125036892952e+03
1.800438974532481097e+03
1.797330775305475981e+03
1.795615347547960255e+03
1.794178338402410191e+03
1.792956669588272007e+03
1.791747399647117390e+03
1.790650766795355821e+03
1.788746669903250449e+03
1.787598432107492044e+03
1.786552273464382779e+03
1.785604170942414839e+03
1.784644047508066251e+03
1.783470789598179636e+03
1.782319702039522781e+03
1.781424962441558819e+03
1.779359119829817928e+03
1.776789230396799894e+03
1.775607229937794500e+03
1.774654015444616107e+03
1.773257853613562929e+03
1.772550832173741583e+03
1.770586917469021273e+03
1.769929890197529176e+03
1.768785730501542730e+03
1.767679405401136592e+03
1.766919251372982899e+03
1.766313872614246520e+03
1.765736864493670282e+03
1.765012843645047042e+03
1.763958962119193757e+03
1.762658539500347615e+03
1.761859739594743814e+03
1.759450841615651143e+03
1.757303471248868846e+03
1.756530406789164999e+03
1.754829941162297018e+03
1.754054670533689432e+03
1.752530032278702720e+03
1.751298126272595937e+03
1.750164901705383954e+03
1.748823937694615097e+03
1.748327871162073734e+03
1.747439749618909218e+03
1.745361159980906905e+03
1.744752415048544208e+03
