4.952361335332674980e+09
4.123237642173710346e+09
3.465387763423314095e+09
2.933605897766885281e+09
2.511575947198274612e+09
2.171816463124759674e+09
1.899051227067828417e+09
1.649261770688313246e+09
1.467111044649874210e+09
1.305842186049224138e+09
1.161118492063070774e+09
1.054315890644574285e+09
9.654371522840722799e+08
8.909293084210929871e+08
8.258889424347496033e+08
7.738116670915832520e+08
7.251491392808339596e+08
6.862038450299212933e+08
6.490707952487498522e+08
6.171074806249835491e+08
5.919277272940282822e+08
5.691518941287819147e+08
5.505435829817839861e+08
5.324356385467217565e+08
5.113285374101440310e+08
4.970530884480085969e+08
4.848703313035030365e+08
4.724857658247801661e+08
4.582008009777432680e+08
4.457909024709342122e+08
4.342678637809361219e+08
4.260101067652139664e+08
4.161182837670972347e+08
4.085464151879267097e+08
4.006717394909864664e+08
3.924916853865250945e+08
3.849921998388913274e+08
3.767315488383629918e+08
3.713594630106796026e+08
3.641015887102185488e+08
3.574129431535257697e+08
3.481981885398854017e+08
3.434111994775139689e+08
3.390058611045678258e+08
3.334033409165080786e+08
3.268668979691847563e+08
3.217760246183423400e+08
3.171340382060058713e+08
3.121378835772242546e+08
3.079018703443328142e+08
3.034585953951973319e+08
2.991151761688061953e+08
2.954980580443007350e+08
2.912493105670696497e+08
2.874652853838333488e+08
2.839063669141272306e+08
2.801487567403189540e+08
2.771798694196838737e+08
2.739618220168070197e+08
2.693530116095476747e+08
2.661669336758290231e+08
2.634570487584174275e+08
2.600636958021278977e+08
2.573488315247424543e+08
2.548156457180704474e+08
2.516159758301902711e+08
2.494094011349717379e+08
2.472174831242479384e+08
2.442796885528107882e+08
2.415872003769634664e+08
2.382960045938413441e+08
2.358934480362685621e+08
2.331696771286676228e+08
2.313821049623374641e+08
2.291331444487552941e+08
2.271869103660161197e+08
2.252180512266325057e+08
2.235822745278571844e+08
2.215047509400764704e+08
2.187259810673123598e+08
2.168628276234236062e+08
2.155169343300922215e+08
2.139576368942519724e+08
2.112429036177096963e+08
2.098413105595400035e+08
2.085667414855586290e+08
2.065774928964460194e+08
2.038177316594795883e+08
2.022484817995049059e+08
2.005145198300288618e+08
1.986007674484830797e+08
1.966707674906053841e+08
1.941798068403793871e+08
1.918651938431369960e+08
1.902358546698429585e+08
1.884569042782638073e+08
1.870779615811775029e+08
1.852558016309168339e+08
1.837855036989889443e+08
1.810215748638773561e+08
