5.093610619177639008e+09
4.251579356464403152e+09
3.586034743756000042e+09
3.038226728847109795e+09
2.612076154411845684e+09
2.259411467082134247e+09
1.972202604205528021e+09
1.719591293623809814e+09
1.509521418572305202e+09
1.354525233539182663e+09
1.214966342097160339e+09
1.103077918537690401e+09
1.010951112742978215e+09
9.340603310343308449e+08
8.662699502419240475e+08
8.075253913899643421e+08
7.545241485680918694e+08
7.116046996856781244e+08
6.784737704403822422e+08
6.452290126997808218e+08
6.181002028092275858e+08
5.943532602950944901e+08
5.747921901862201691e+08
5.546013510868271589e+08
5.376173580155980587e+08
5.202024021840652823e+08
5.075821789285670519e+08
4.926609215623474121e+08
4.822335725773482919e+08
4.714312263607959747e+08
4.594059156323441863e+08
4.503884025080922246e+08
4.394610125378137231e+08
4.320582348517020345e+08
4.207649823345621228e+08
4.146734914630230665e+08
4.069884875332272053e+08
4.015490086958460808e+08
3.945096046986600757e+08
3.877163011615232229e+08
3.790266549821940064e+08
3.720551694106547832e+08
3.671733870095626712e+08
3.602669094046404958e+08
3.540688593714116812e+08
3.466533206849709153e+08
3.402652678924621344e+08
3.365126663411833644e+08
3.317440936008114815e+08
3.258806390545905232e+08
3.197010238477342129e+08
3.153032294298632741e+08
3.109264937511814237e+08
3.064089476277217269e+08
3.017629192823212147e+08
2.974311434947244525e+08
2.938831595595433712e+08
2.904511925535577536e+08
2.864282732051595449e+08
2.816881212586981058e+08
2.774427125669941306e+08
2.735852371616522670e+08
2.705799731180596948e+08
2.672909173063389361e+08
2.647094644186556041e+08
2.605375156329636872e+08
2.562496592536147535e+08
2.532509086492691636e+08
2.506856055999269783e+08
2.476351473325350583e+08
2.435799512483442128e+08
2.404075490472329557e+08
2.378560081069965065e+08
2.352795285618257523e+08
2.320229730700427294e+08
2.293720919831820726e+08
2.270691089077264071e+08
2.247142575318126380e+08
2.220739142985901535e+08
2.190573917259208858e+08
2.166448798008792698e+08
2.133058751519302428e+08
2.100732930073560476e+08
2.077754749019692838e+08
2.059295846161707640e+08
2.040817659261816442e+08
2.017896396723412275e+08
1.990407311739530861e+08
1.970828909646572173e+08
1.954881628126343787e+08
1.934039971160649061e+08
1.912991782512376606e+08
1.883116036613174379e+08
1.868227235237535238e+08
1.853142132875017524e+08
1.834911177283581793e+08
1.821740161326205730e+08
1.797953061043020785e+08
1.774445832269482315e+08
1.754335595501001775e+08
