3.519560089600000000e+10
4.150759833600000000e+10
4.165202739200000000e+10
4.013409894400000000e+10
3.376944742400000000e+10
4.141057638400000000e+10
3.465001779200000000e+10
3.700925644800000000e+10
4.488188313600000000e+10
3.712630784000000000e+10
4.275784089600000000e+10
3.938084864000000000e+10
4.147127910400000000e+10
3.782839910400000000e+10
3.592256716800000000e+10
4.063252889600000000e+10
3.688704409600000000e+10
3.700002816000000000e+10
3.752612659200000000e+10
4.955023769600000000e+10
4.349258137600000000e+10
3.310317158400000000e+10
3.492947148800000000e+10
3.196254208000000000e+10
3.810467020800000000e+10
3.766839705600000000e+10
4.447894732800000000e+10
3.560500838400000000e+10
3.703857971200000000e+10
4.127883673600000000e+10
4.065482342400000000e+10
4.106895769600000000e+10
3.669796454400000000e+10
3.750306611200000000e+10
3.951674982400000000e+10
3.750563840000000000e+10
3.547596390400000000e+10
3.635571916800000000e+10
3.819772723200000000e+10
3.770692403200000000e+10
4.275143475200000000e+10
3.977303244800000000e+10
3.802023936000000000e+10
3.538629836800000000e+10
3.769358336000000000e+10
3.788854886400000000e+10
3.437840384000000000e+10
3.327401984000000000e+10
3.436323225600000000e+10
4.058986496000000000e+10
3.575352934400000000e+10
4.234534502400000000e+10
2.864339763200000000e+10
3.055111577600000000e+10
3.186811494400000000e+10
3.446257254400000000e+10
2.837428633600000000e+10
3.261694361600000000e+10
3.474097766400000000e+10
2.530635366400000000e+10
2.085631385600000000e+10
2.341747507200000000e+10
1.926952140800000000e+10
2.053888614400000000e+10
1.839532032000000000e+10
1.790515814400000000e+10
1.500228403200000000e+10
1.096203264000000000e+10
1.422893670400000000e+10
6.941313536000000000e+09
4.391863296000000000e+09
7.491804160000000000e+09
5.934753792000000000e+09
6.228852736000000000e+09
7.033934848000000000e+09
7.342631936000000000e+09
8.273021440000000000e+09
7.964875776000000000e+09
6.734488576000000000e+09
8.188349952000000000e+09
7.683207168000000000e+09
7.447091712000000000e+09
5.594031104000000000e+09
7.331168256000000000e+09
6.575772672000000000e+09
4.874242560000000000e+09
4.571379712000000000e+09
6.255088640000000000e+09
3.874528768000000000e+09
6.869209088000000000e+09
5.606593024000000000e+09
7.799868928000000000e+09
6.806344192000000000e+09
4.645074432000000000e+09
7.840838144000000000e+09
5.035935744000000000e+09
3.237566208000000000e+09
4.272604416000000000e+09
4.208807424000000000e+09
3.359796736000000000e+09
3.115232768000000000e+09
3.705776896000000000e+09
6.040473600000000000e+09
6.306865152000000000e+09
5.019555328000000000e+09
4.815309312000000000e+09
5.473153536000000000e+09
5.040399872000000000e+09
6.739137024000000000e+09
5.503587840000000000e+09
3.321473792000000000e+09
3.919407104000000000e+09
4.178470912000000000e+09
5.625587200000000000e+09
2.871385088000000000e+09
3.503205888000000000e+09
4.718717440000000000e+09
3.953011968000000000e+09
3.763544832000000000e+09
5.574331392000000000e+09
3.470832384000000000e+09
2.328131072000000000e+09
4.928555008000000000e+09
4.249562112000000000e+09
5.445216256000000000e+09
3.358040320000000000e+09
3.457608704000000000e+09
5.811265536000000000e+09
3.091139584000000000e+09
3.585568768000000000e+09
3.749037568000000000e+09
5.373019136000000000e+09
3.184766720000000000e+09
2.989907968000000000e+09
3.078482688000000000e+09
2.044712448000000000e+09
1.838008960000000000e+09
3.584503552000000000e+09
5.067330560000000000e+09
2.800099328000000000e+09
5.191733760000000000e+09
3.930161920000000000e+09
3.090733312000000000e+09
3.581919488000000000e+09
2.754237696000000000e+09
2.505467136000000000e+09
3.683156480000000000e+09
2.853102592000000000e+09
2.557246720000000000e+09
1.806163200000000000e+09
2.599415808000000000e+09
5.150893568000000000e+09
4.398659584000000000e+09
2.220320256000000000e+09
2.374532864000000000e+09
1.628308864000000000e+09
3.179672320000000000e+09
2.801493760000000000e+09
5.228419072000000000e+09
2.642915072000000000e+09
3.813423104000000000e+09
1.833731584000000000e+09
1.510142080000000000e+09
2.000426240000000000e+09
3.202001408000000000e+09
3.514069248000000000e+09
1.582259968000000000e+09
3.440661504000000000e+09
2.637502720000000000e+09
1.915391104000000000e+09
3.763492864000000000e+09
2.159234816000000000e+09
1.967040896000000000e+09
3.035207168000000000e+09
2.585097984000000000e+09
2.308966144000000000e+09
3.823268864000000000e+09
1.627639040000000000e+09
1.922623104000000000e+09
2.169625088000000000e+09
2.688664320000000000e+09
1.833073536000000000e+09
1.919901824000000000e+09
1.666968064000000000e+09
1.906283008000000000e+09
2.246750976000000000e+09
3.143989248000000000e+09
1.623688832000000000e+09
1.864802432000000000e+09
1.765591936000000000e+09
2.163095552000000000e+09
2.600120576000000000e+09
1.647544960000000000e+09
1.319888768000000000e+09
1.782563456000000000e+09
1.726196864000000000e+09
1.585006848000000000e+09
3.526008576000000000e+09
2.007494272000000000e+09
1.617766144000000000e+09
2.296888576000000000e+09
1.580502656000000000e+09
1.287414528000000000e+09
2.924491008000000000e+09
1.339297664000000000e+09
2.456866816000000000e+09
1.386437376000000000e+09
1.848001152000000000e+09
2.944381184000000000e+09
1.382849920000000000e+09
1.273261568000000000e+09
1.430182784000000000e+09
7.812246400000000000e+08
1.451868928000000000e+09
1.494486784000000000e+09
3.442606848000000000e+09
1.613689984000000000e+09
1.513846912000000000e+09
1.252322048000000000e+09
1.425061504000000000e+09
1.690604928000000000e+09
3.016784128000000000e+09
1.171027840000000000e+09
2.198287360000000000e+09
1.282672896000000000e+09
2.303088640000000000e+09
1.827819648000000000e+09
1.761956992000000000e+09
1.887986432000000000e+09
1.155240448000000000e+09
1.925425792000000000e+09
1.586153088000000000e+09
1.043797376000000000e+09
1.183944192000000000e+09
1.144253184000000000e+09
1.540367360000000000e+09
2.330266880000000000e+09
1.817204224000000000e+09
1.701344640000000000e+09
2.751064832000000000e+09
1.238657280000000000e+09
8.198845440000000000e+08
9.027537920000000000e+08
3.126938368000000000e+09
1.102089344000000000e+09
1.415918336000000000e+09
7.636666240000000000e+08
1.614438400000000000e+09
2.355703040000000000e+09
1.016527552000000000e+09
1.489343872000000000e+09
1.120328448000000000e+09
1.670671232000000000e+09
2.430974464000000000e+09
1.257688576000000000e+09
1.003475648000000000e+09
1.241420288000000000e+09
1.573014144000000000e+09
1.567453824000000000e+09
1.739500288000000000e+09
1.141266816000000000e+09
9.203324800000000000e+08
1.028515904000000000e+09
1.481734144000000000e+09
8.796154880000000000e+08
1.116745344000000000e+09
2.497654016000000000e+09
1.758365312000000000e+09
1.164786560000000000e+09
2.659970048000000000e+09
7.934558080000000000e+08
1.078647424000000000e+09
1.718419456000000000e+09
2.566869504000000000e+09
1.384000640000000000e+09
1.448558976000000000e+09
1.067609024000000000e+09
1.818051328000000000e+09
1.265950848000000000e+09
1.433838208000000000e+09
1.050070272000000000e+09
7.708215680000000000e+08
7.592323200000000000e+08
1.057310464000000000e+09
1.558915072000000000e+09
7.745653120000000000e+08
2.965331200000000000e+09
1.580405376000000000e+09
1.160764288000000000e+09
7.702583040000000000e+08
1.397247232000000000e+09
8.638554240000000000e+08
3.481418752000000000e+09
1.053126848000000000e+09
1.009366592000000000e+09
1.125371136000000000e+09
1.954502272000000000e+09
1.213527040000000000e+09
2.875193600000000000e+09
1.120302336000000000e+09
1.128216320000000000e+09
8.393852800000000000e+08
2.009045376000000000e+09
1.756799616000000000e+09
1.287699200000000000e+09
6.730947840000000000e+08
1.161779840000000000e+09
1.095449344000000000e+09
3.220133376000000000e+09
1.672417280000000000e+09
8.106483200000000000e+08
1.049557248000000000e+09
1.011806528000000000e+09
1.160955136000000000e+09
1.575173632000000000e+09
3.295193856000000000e+09
1.031137920000000000e+09
9.352602240000000000e+08
9.794650880000000000e+08
1.800415872000000000e+09
7.284028160000000000e+08
1.087489152000000000e+09
1.320525952000000000e+09
1.498947584000000000e+09
9.530112640000000000e+08
1.861876096000000000e+09
1.524503936000000000e+09
1.023504576000000000e+09
1.330484992000000000e+09
9.701898880000000000e+08
2.791196160000000000e+09
6.028045440000000000e+08
1.676492800000000000e+09
1.779082368000000000e+09
9.931109120000000000e+08
9.644150400000000000e+08
1.331034624000000000e+09
8.823816320000000000e+08
7.084141440000000000e+08
9.992085120000000000e+08
1.811350400000000000e+09
3.050687488000000000e+09
1.081110272000000000e+09
1.718071808000000000e+09
9.792174080000000000e+08
1.414402688000000000e+09
1.131324672000000000e+09
2.907924736000000000e+09
9.763034880000000000e+08
1.377779456000000000e+09
8.383530240000000000e+08
8.128203520000000000e+08
8.361310720000000000e+08
1.228969088000000000e+09
3.736088064000000000e+09
1.497245440000000000e+09
1.199210880000000000e+09
9.745264000000000000e+08
9.086551040000000000e+08
1.205519488000000000e+09
9.965635200000000000e+08
1.371767168000000000e+09
1.462274688000000000e+09
1.458820992000000000e+09
8.240031360000000000e+08
3.075185920000000000e+09
1.032911168000000000e+09
1.149443328000000000e+09
9.683013120000000000e+08
6.348412160000000000e+08
1.628388608000000000e+09
1.064577536000000000e+09
8.597032320000000000e+08
1.885193344000000000e+09
1.179728512000000000e+09
3.093901824000000000e+09
9.800447360000000000e+08
9.256542720000000000e+08
1.569153408000000000e+09
9.555472000000000000e+08
1.282512768000000000e+09
9.442741120000000000e+08
1.090285568000000000e+09
9.902061440000000000e+08
1.167225728000000000e+09
1.046970688000000000e+09
3.060696320000000000e+09
3.200651776000000000e+09
9.296197760000000000e+08
8.054992000000000000e+08
1.918801792000000000e+09
1.016613376000000000e+09
9.868907520000000000e+08
9.254179200000000000e+08
8.216214400000000000e+08
1.034700224000000000e+09
1.118605824000000000e+09
1.052802624000000000e+09
1.106427392000000000e+09
1.402226432000000000e+09
7.227195520000000000e+08
7.018227200000000000e+08
3.627577600000000000e+09
1.651516416000000000e+09
6.548013440000000000e+08
9.937806080000000000e+08
9.444912000000000000e+08
3.357661952000000000e+09
7.642899200000000000e+08
8.615340800000000000e+08
1.635964928000000000e+09
1.098102528000000000e+09
9.519600000000000000e+08
1.014207424000000000e+09
6.302861440000000000e+08
1.733887744000000000e+09
1.477454720000000000e+09
1.338269568000000000e+09
6.966955520000000000e+08
2.852272128000000000e+09
1.202228864000000000e+09
1.162787456000000000e+09
8.879756800000000000e+08
8.870492160000000000e+08
9.908248320000000000e+08
5.650060800000000000e+08
8.096459520000000000e+08
1.700921344000000000e+09
9.227638400000000000e+08
1.139612928000000000e+09
1.841562112000000000e+09
3.036173824000000000e+09
8.553630080000000000e+08
3.097019136000000000e+09
1.055655296000000000e+09
8.864295680000000000e+08
1.704491904000000000e+09
8.877827200000000000e+08
1.276085504000000000e+09
9.950417920000000000e+08
9.244815360000000000e+08
1.292990848000000000e+09
9.914912640000000000e+08
3.111564800000000000e+09
1.038907904000000000e+09
7.324424320000000000e+08
1.193584512000000000e+09
1.238463488000000000e+09
8.204897280000000000e+08
1.462856320000000000e+09
1.223206528000000000e+09
2.761952000000000000e+09
7.900371840000000000e+08
1.008121920000000000e+09
1.987832576000000000e+09
1.098369792000000000e+09
6.583278720000000000e+08
8.693008640000000000e+08
1.205756800000000000e+09
1.030649664000000000e+09
1.334771584000000000e+09
8.218538880000000000e+08
8.494312320000000000e+08
1.899779328000000000e+09
1.244574976000000000e+09
7.612369920000000000e+08
2.917463808000000000e+09
7.190043520000000000e+08
9.257217280000000000e+08
8.140665600000000000e+08
9.783285120000000000e+08
6.904011520000000000e+08
8.899702400000000000e+08
4.426056960000000000e+08
1.215496832000000000e+09
1.331313408000000000e+09
3.748462592000000000e+09
1.029787456000000000e+09
5.718353920000000000e+08
7.551249280000000000e+08
3.257500416000000000e+09
1.611980928000000000e+09
7.527516160000000000e+08
1.124317568000000000e+09
1.420265216000000000e+09
9.356112000000000000e+08
1.053882368000000000e+09
5.874145920000000000e+08
6.187863040000000000e+08
7.357416320000000000e+08
1.069381696000000000e+09
3.398274816000000000e+09
1.459640576000000000e+09
9.143083520000000000e+08
1.714732672000000000e+09
1.283958784000000000e+09
8.050378880000000000e+08
1.150558336000000000e+09
3.027184128000000000e+09
8.822941440000000000e+08
9.696580480000000000e+08
1.252499200000000000e+09
1.108857472000000000e+09
1.004278208000000000e+09
5.783069440000000000e+08
1.061965824000000000e+09
7.351496960000000000e+08
1.284159744000000000e+09
7.304702720000000000e+08
1.882584704000000000e+09
5.384567040000000000e+08
1.329425920000000000e+09
3.272197120000000000e+09
1.609240832000000000e+09
9.082016000000000000e+08
6.723703680000000000e+08
3.211689216000000000e+09
7.520966400000000000e+08
2.190805504000000000e+09
6.101959040000000000e+08
5.464320000000000000e+08
8.209832320000000000e+08
5.316334720000000000e+08
7.272199040000000000e+08
8.878893440000000000e+08
8.312753280000000000e+08
2.921850368000000000e+09
1.029575040000000000e+09
1.122912640000000000e+09
1.068356480000000000e+09
1.641381504000000000e+09
7.065270400000000000e+08
1.168520832000000000e+09
6.755372160000000000e+08
1.183196288000000000e+09
9.750910720000000000e+08
6.930145280000000000e+08
1.849188992000000000e+09
2.968453376000000000e+09
1.142530560000000000e+09
5.442129280000000000e+08
8.438747520000000000e+08
1.212394112000000000e+09
1.250732928000000000e+09
7.366357760000000000e+08
1.221502976000000000e+09
1.196850432000000000e+09
3.327630336000000000e+09
1.008860160000000000e+09
9.049427840000000000e+08
9.343813760000000000e+08
2.933255936000000000e+09
6.748088960000000000e+08
1.733431424000000000e+09
1.126881792000000000e+09
6.549939840000000000e+08
1.231375872000000000e+09
1.064552384000000000e+09
6.240475520000000000e+08
3.579872256000000000e+09
1.025930112000000000e+09
6.925806720000000000e+08
1.712352896000000000e+09
9.733599360000000000e+08
8.767179520000000000e+08
9.223183360000000000e+08
7.344124160000000000e+08
7.876336000000000000e+08
3.198857216000000000e+09
6.078106240000000000e+08
2.139300096000000000e+09
9.785993600000000000e+08
9.367506560000000000e+08
7.027482240000000000e+08
8.452903680000000000e+08
9.477704960000000000e+08
1.104116992000000000e+09
9.572077440000000000e+08
9.259616640000000000e+08
6.731354880000000000e+08
3.245992704000000000e+09
1.194104064000000000e+09
6.529304320000000000e+08
1.700909440000000000e+09
6.853192960000000000e+08
8.911070080000000000e+08
5.998100480000000000e+08
9.612545920000000000e+08
1.029663360000000000e+09
3.375070976000000000e+09
8.559825280000000000e+08
1.105431424000000000e+09
1.306452096000000000e+09
9.305143680000000000e+08
1.443145856000000000e+09
6.349738240000000000e+08
1.036339712000000000e+09
7.398126080000000000e+08
1.094615296000000000e+09
2.796407040000000000e+09
7.467115520000000000e+08
1.434846720000000000e+09
9.648926720000000000e+08
9.184017920000000000e+08
2.743015168000000000e+09
1.520889728000000000e+09
7.185705600000000000e+08
1.518216064000000000e+09
7.655688960000000000e+08
9.407564800000000000e+08
7.182890240000000000e+08
1.000517120000000000e+09
1.022131072000000000e+09
7.171760640000000000e+08
7.355230080000000000e+08
3.197055744000000000e+09
6.443916800000000000e+08
1.334188800000000000e+09
7.997123200000000000e+08
6.904256000000000000e+08
1.592627968000000000e+09
2.787381760000000000e+09
8.187893120000000000e+08
8.870305920000000000e+08
9.205598720000000000e+08
1.561509888000000000e+09
1.242199680000000000e+09
1.033593024000000000e+09
8.796721920000000000e+08
7.846814080000000000e+08
7.792588160000000000e+08
8.741109760000000000e+08
6.256397440000000000e+08
6.621883520000000000e+08
6.307057920000000000e+08
1.213810176000000000e+09
3.377092352000000000e+09
1.600952960000000000e+09
1.249227392000000000e+09
8.394718720000000000e+08
8.159097600000000000e+08
1.089155072000000000e+09
8.625102720000000000e+08
3.373151488000000000e+09
7.340166400000000000e+08
1.357299712000000000e+09
9.984723200000000000e+08
6.853496960000000000e+08
1.281116800000000000e+09
2.991772160000000000e+09
7.147210880000000000e+08
9.089017600000000000e+08
1.234605952000000000e+09
7.483352320000000000e+08
9.847879680000000000e+08
8.434519680000000000e+08
1.118772736000000000e+09
2.861831168000000000e+09
1.280306816000000000e+09
7.493020800000000000e+08
9.881624960000000000e+08
1.086856832000000000e+09
5.683596800000000000e+08
7.715121280000000000e+08
1.527659008000000000e+09
6.278222720000000000e+08
9.471848320000000000e+08
9.441160960000000000e+08
8.530844800000000000e+08
9.665773440000000000e+08
6.317027840000000000e+08
1.009476544000000000e+09
7.517885440000000000e+08
3.654552832000000000e+09
9.271544320000000000e+08
1.097449088000000000e+09
9.380850560000000000e+08
3.585731584000000000e+09
1.096442368000000000e+09
9.975568640000000000e+08
6.505548800000000000e+08
8.998023040000000000e+08
4.801039360000000000e+08
9.184548480000000000e+08
3.058704896000000000e+09
5.429329920000000000e+08
1.283799424000000000e+09
1.061603392000000000e+09
1.191470848000000000e+09
8.558800640000000000e+08
1.195817472000000000e+09
7.274026880000000000e+08
6.857349120000000000e+08
7.269831040000000000e+08
8.983549440000000000e+08
1.104455808000000000e+09
2.787758080000000000e+09
1.044851712000000000e+09
5.983260800000000000e+08
7.732565120000000000e+08
1.612717568000000000e+09
1.175450624000000000e+09
7.895168640000000000e+08
3.086198272000000000e+09
8.627726080000000000e+08
8.884208000000000000e+08
1.262584960000000000e+09
1.137126400000000000e+09
7.335904000000000000e+08
6.732824320000000000e+08
9.957285760000000000e+08
9.022208000000000000e+08
2.629185280000000000e+09
1.164470016000000000e+09
1.524239360000000000e+09
8.398017280000000000e+08
9.850709760000000000e+08
6.445627520000000000e+08
6.242887680000000000e+08
1.194079616000000000e+09
8.916343680000000000e+08
9.519130240000000000e+08
1.068333760000000000e+09
7.988288000000000000e+08
1.049162880000000000e+09
6.691786880000000000e+08
6.695733760000000000e+08
1.540804864000000000e+09
2.817123328000000000e+09
9.010682240000000000e+08
6.009086720000000000e+08
6.329685760000000000e+08
2.986478336000000000e+09
9.183966080000000000e+08
5.076717440000000000e+08
1.203112960000000000e+09
1.309671424000000000e+09
1.200107776000000000e+09
8.389252480000000000e+08
1.068806400000000000e+09
1.103021184000000000e+09
9.883563520000000000e+08
7.764734720000000000e+08
3.017892608000000000e+09
1.087421568000000000e+09
8.392431360000000000e+08
8.721141120000000000e+08
2.597136896000000000e+09
1.013265472000000000e+09
1.436403200000000000e+09
8.928888960000000000e+08
9.321214720000000000e+08
1.174452480000000000e+09
7.412070400000000000e+08
6.297015680000000000e+08
1.174071936000000000e+09
8.663212800000000000e+08
1.074048256000000000e+09
8.373384960000000000e+08
8.893225600000000000e+08
9.299676160000000000e+08
3.302477312000000000e+09
1.028925440000000000e+09
8.775320320000000000e+08
7.355178240000000000e+08
1.221375744000000000e+09
1.479197696000000000e+09
1.202462208000000000e+09
6.241201280000000000e+08
6.900708480000000000e+08
9.224604160000000000e+08
8.471557760000000000e+08
2.667989248000000000e+09
8.303673600000000000e+08
9.770008960000000000e+08
8.482316160000000000e+08
7.758023040000000000e+08
1.709993216000000000e+09
1.021992320000000000e+09
7.129567360000000000e+08
5.100801280000000000e+08
3.094860800000000000e+09
5.552800640000000000e+08
9.968038400000000000e+08
1.072815488000000000e+09
8.076133120000000000e+08
7.881232640000000000e+08
7.452407040000000000e+08
8.804554240000000000e+08
1.315233152000000000e+09
2.714420480000000000e+09
8.888757760000000000e+08
8.124856320000000000e+08
2.678113792000000000e+09
7.458705920000000000e+08
1.108295808000000000e+09
1.118009728000000000e+09
9.028527360000000000e+08
6.875495680000000000e+08
6.555759360000000000e+08
1.031243776000000000e+09
1.030791616000000000e+09
2.830160640000000000e+09
6.285715840000000000e+08
1.026493632000000000e+09
9.490699520000000000e+08
8.073873920000000000e+08
1.145548672000000000e+09
9.292021120000000000e+08
6.749892480000000000e+08
8.505095040000000000e+08
6.765205760000000000e+08
8.125543040000000000e+08
1.448027392000000000e+09
6.073998720000000000e+08
1.147698176000000000e+09
3.221196544000000000e+09
6.429230080000000000e+08
5.648236800000000000e+08
6.336180480000000000e+08
1.271813120000000000e+09
1.415927808000000000e+09
2.525477120000000000e+09
8.248026880000000000e+08
9.031726080000000000e+08
7.364293120000000000e+08
5.745480320000000000e+08
1.133033216000000000e+09
1.098809344000000000e+09
6.273098240000000000e+08
9.939916800000000000e+08
7.533506560000000000e+08
6.271058560000000000e+08
5.529191680000000000e+08
1.022888768000000000e+09
2.866961408000000000e+09
1.154627200000000000e+09
9.709574400000000000e+08
6.359423360000000000e+08
1.184133248000000000e+09
5.842090240000000000e+08
8.102265600000000000e+08
9.069624960000000000e+08
7.852650880000000000e+08
2.804624128000000000e+09
1.347065600000000000e+09
7.384522240000000000e+08
6.376162560000000000e+08
5.989815680000000000e+08
1.639519872000000000e+09
9.265027840000000000e+08
6.950867840000000000e+08
2.947618560000000000e+09
8.017706240000000000e+08
9.017628160000000000e+08
4.813308160000000000e+08
1.122984832000000000e+09
8.938350080000000000e+08
8.653336960000000000e+08
6.840450560000000000e+08
1.298861696000000000e+09
2.513266176000000000e+09
8.307996800000000000e+08
1.102728448000000000e+09
5.870244480000000000e+08
9.143336320000000000e+08
1.325020032000000000e+09
9.391400960000000000e+08
3.144362752000000000e+09
7.595676800000000000e+08
7.259541120000000000e+08
9.468787200000000000e+08
5.642857600000000000e+08
1.091711872000000000e+09
1.500413184000000000e+09
2.467339008000000000e+09
1.027685632000000000e+09
1.075042048000000000e+09
7.286964480000000000e+08
4.852159680000000000e+08
6.437315840000000000e+08
7.407114240000000000e+08
1.035932672000000000e+09
8.674995200000000000e+08
9.698012800000000000e+08
8.264672000000000000e+08
7.582359680000000000e+08
5.199199040000000000e+08
1.188587392000000000e+09
2.408635136000000000e+09
1.054424960000000000e+09
2.625200384000000000e+09
1.132472320000000000e+09
5.691319040000000000e+08
8.773364480000000000e+08
7.256636160000000000e+08
6.535563520000000000e+08
5.843950720000000000e+08
7.797932160000000000e+08
1.267889024000000000e+09
