4.309571993600000000e+10
3.456041779200000000e+10
3.163961753600000000e+10
3.764011008000000000e+10
3.638847897600000000e+10
3.495156121600000000e+10
4.447694028800000000e+10
3.549734912000000000e+10
4.527147417600000000e+10
3.528693760000000000e+10
3.668466483200000000e+10
3.617345536000000000e+10
3.964131737600000000e+10
4.249057689600000000e+10
3.613249536000000000e+10
3.270116761600000000e+10
3.901768499200000000e+10
4.503942758400000000e+10
3.362695372800000000e+10
3.631959654400000000e+10
4.343835033600000000e+10
3.699526860800000000e+10
3.904183910400000000e+10
3.550925619200000000e+10
3.416801280000000000e+10
3.664610508800000000e+10
4.564055244800000000e+10
3.939060940800000000e+10
2.830236467200000000e+10
4.046695628800000000e+10
3.973528780800000000e+10
3.641590169600000000e+10
4.240314777600000000e+10
4.008974745600000000e+10
3.324678758400000000e+10
3.624686387200000000e+10
3.326189772800000000e+10
3.660040192000000000e+10
3.728957849600000000e+10
3.516478259200000000e+10
4.025559449600000000e+10
3.724237619200000000e+10
3.950059929600000000e+10
3.972878336000000000e+10
3.470282342400000000e+10
3.661595443200000000e+10
3.955593216000000000e+10
3.099165286400000000e+10
3.550048256000000000e+10
3.552735232000000000e+10
2.919832166400000000e+10
3.745806336000000000e+10
2.711057817600000000e+10
3.480638668800000000e+10
3.160212480000000000e+10
3.017492889600000000e+10
2.647928832000000000e+10
2.605233971200000000e+10
2.716068044800000000e+10
2.375127859200000000e+10
2.621762560000000000e+10
1.955333120000000000e+10
2.231062732800000000e+10
2.048214016000000000e+10
1.126319820800000000e+10
1.770821222400000000e+10
1.029320806400000000e+10
9.729186816000000000e+09
8.324783104000000000e+09
7.168420352000000000e+09
6.919215616000000000e+09
6.399697408000000000e+09
4.907872256000000000e+09
9.072672768000000000e+09
5.723156992000000000e+09
7.695526912000000000e+09
1.061355417600000000e+10
8.014891008000000000e+09
8.200636416000000000e+09
6.540958720000000000e+09
5.194426880000000000e+09
4.774069248000000000e+09
7.323288064000000000e+09
6.034122752000000000e+09
4.462958592000000000e+09
5.922116096000000000e+09
3.989092864000000000e+09
4.855281152000000000e+09
7.186567168000000000e+09
7.827556864000000000e+09
6.448757248000000000e+09
6.909277696000000000e+09
5.624851456000000000e+09
6.244517376000000000e+09
4.584194048000000000e+09
4.967365632000000000e+09
7.445052416000000000e+09
4.697518080000000000e+09
2.900081664000000000e+09
3.622577920000000000e+09
7.132753920000000000e+09
4.035160320000000000e+09
4.786354688000000000e+09
5.492755456000000000e+09
5.269579264000000000e+09
3.907133184000000000e+09
3.063116032000000000e+09
6.264907776000000000e+09
5.540830208000000000e+09
3.624628992000000000e+09
3.367399680000000000e+09
6.723633664000000000e+09
5.083295232000000000e+09
3.777751808000000000e+09
5.570336256000000000e+09
3.197595904000000000e+09
4.186425600000000000e+09
3.846499328000000000e+09
5.768261632000000000e+09
3.260537600000000000e+09
2.385525760000000000e+09
3.400964608000000000e+09
4.646614016000000000e+09
4.015676160000000000e+09
2.977509888000000000e+09
6.744947200000000000e+09
4.086005504000000000e+09
4.294500608000000000e+09
3.245751040000000000e+09
2.414718208000000000e+09
2.649094400000000000e+09
3.466772992000000000e+09
3.887865600000000000e+09
3.128243712000000000e+09
6.598897664000000000e+09
2.526638336000000000e+09
3.797290240000000000e+09
3.641351936000000000e+09
3.272905984000000000e+09
2.411129088000000000e+09
7.274033152000000000e+09
3.594708224000000000e+09
2.363003904000000000e+09
3.664354048000000000e+09
2.749446144000000000e+09
2.488819456000000000e+09
3.820877568000000000e+09
2.452441088000000000e+09
5.611888128000000000e+09
3.386152960000000000e+09
4.161469440000000000e+09
1.862363136000000000e+09
3.665551104000000000e+09
2.691888128000000000e+09
3.506331136000000000e+09
2.447033344000000000e+09
2.384784384000000000e+09
3.281629952000000000e+09
2.426414080000000000e+09
2.835773952000000000e+09
3.065050112000000000e+09
4.848781312000000000e+09
2.056967296000000000e+09
4.167003648000000000e+09
4.141757952000000000e+09
1.967933056000000000e+09
2.096205056000000000e+09
2.678117120000000000e+09
2.609291008000000000e+09
2.709938432000000000e+09
2.259787264000000000e+09
2.882580480000000000e+09
1.431412224000000000e+09
2.647433984000000000e+09
3.805032448000000000e+09
2.273184256000000000e+09
2.956066816000000000e+09
1.831172480000000000e+09
3.308995072000000000e+09
1.901924096000000000e+09
2.270636288000000000e+09
2.141446272000000000e+09
2.635960064000000000e+09
2.291857152000000000e+09
3.034026240000000000e+09
1.384211328000000000e+09
2.040933120000000000e+09
3.535784192000000000e+09
1.654471680000000000e+09
2.437611264000000000e+09
2.310830336000000000e+09
2.849815296000000000e+09
1.388031616000000000e+09
1.859693440000000000e+09
2.770879744000000000e+09
2.969831424000000000e+09
1.161180032000000000e+09
1.501985152000000000e+09
1.990016896000000000e+09
1.168835072000000000e+09
1.155908736000000000e+09
1.549304320000000000e+09
2.347333376000000000e+09
1.981185920000000000e+09
2.461924096000000000e+09
1.458239872000000000e+09
2.725172736000000000e+09
2.679511808000000000e+09
9.958766080000000000e+08
2.145737088000000000e+09
2.010964480000000000e+09
8.600782080000000000e+08
1.629390848000000000e+09
1.361160320000000000e+09
3.076711424000000000e+09
1.639962368000000000e+09
1.584919424000000000e+09
1.384799360000000000e+09
2.486127360000000000e+09
1.274018560000000000e+09
1.453058560000000000e+09
1.372771968000000000e+09
2.269873664000000000e+09
2.040759808000000000e+09
1.592617216000000000e+09
1.427887104000000000e+09
1.267568128000000000e+09
2.552149248000000000e+09
1.351939712000000000e+09
1.628640768000000000e+09
1.946740864000000000e+09
1.507130496000000000e+09
1.381126784000000000e+09
1.673836032000000000e+09
8.499463680000000000e+08
2.405694720000000000e+09
1.786052352000000000e+09
7.665985280000000000e+08
1.341474688000000000e+09
3.045349120000000000e+09
1.404062336000000000e+09
1.431516544000000000e+09
1.310613248000000000e+09
1.181562752000000000e+09
1.766460160000000000e+09
1.554937472000000000e+09
2.159823872000000000e+09
1.825112192000000000e+09
1.166390912000000000e+09
1.258006784000000000e+09
1.101520000000000000e+09
1.577322880000000000e+09
9.161053440000000000e+08
1.869241984000000000e+09
1.298469760000000000e+09
2.143602048000000000e+09
1.086966272000000000e+09
8.990321280000000000e+08
2.408176640000000000e+09
9.177607680000000000e+08
1.615098752000000000e+09
1.149153280000000000e+09
7.022384640000000000e+08
1.596729216000000000e+09
1.453171200000000000e+09
3.559090688000000000e+09
1.040122240000000000e+09
1.120644480000000000e+09
9.596215040000000000e+08
1.743898624000000000e+09
2.006778368000000000e+09
3.402832640000000000e+09
1.228458880000000000e+09
9.735904640000000000e+08
1.396446336000000000e+09
7.898282240000000000e+08
7.424957440000000000e+08
6.347517440000000000e+08
1.698638464000000000e+09
2.195090944000000000e+09
1.461251072000000000e+09
9.017171200000000000e+08
1.763223168000000000e+09
1.690375296000000000e+09
1.523717760000000000e+09
1.282385920000000000e+09
1.205936640000000000e+09
1.028584384000000000e+09
1.564429440000000000e+09
7.957640960000000000e+08
1.825687168000000000e+09
1.143348864000000000e+09
1.589401600000000000e+09
8.159552000000000000e+08
1.266651392000000000e+09
3.259226624000000000e+09
8.159683200000000000e+08
1.400575616000000000e+09
1.106034944000000000e+09
6.838663680000000000e+08
2.017147776000000000e+09
2.319708416000000000e+09
5.933255680000000000e+08
1.571147904000000000e+09
2.581342976000000000e+09
7.253963520000000000e+08
2.147705344000000000e+09
7.301811840000000000e+08
6.829076480000000000e+08
1.134989056000000000e+09
1.050295168000000000e+09
2.721802496000000000e+09
1.708103552000000000e+09
1.675543296000000000e+09
8.907027840000000000e+08
1.094605056000000000e+09
6.867377920000000000e+08
1.176836352000000000e+09
1.196203520000000000e+09
7.906991360000000000e+08
2.029581312000000000e+09
3.022034176000000000e+09
1.207846912000000000e+09
1.462789888000000000e+09
9.127564800000000000e+08
7.064027520000000000e+08
7.299276800000000000e+08
1.014135104000000000e+09
1.258269696000000000e+09
3.338411008000000000e+09
1.348185472000000000e+09
2.547411200000000000e+09
7.634780800000000000e+08
1.048758336000000000e+09
1.672464512000000000e+09
1.031419904000000000e+09
1.030566016000000000e+09
3.079506432000000000e+09
1.752857984000000000e+09
8.161827840000000000e+08
1.416767616000000000e+09
7.423581440000000000e+08
1.126056192000000000e+09
7.153538560000000000e+08
1.273570560000000000e+09
1.383064960000000000e+09
4.076354816000000000e+09
7.261320320000000000e+08
5.951447040000000000e+08
1.172507136000000000e+09
1.401732224000000000e+09
1.579246336000000000e+09
1.381339776000000000e+09
6.403705600000000000e+08
6.050845440000000000e+08
1.554755456000000000e+09
2.849360128000000000e+09
1.163797504000000000e+09
9.313328000000000000e+08
1.818256640000000000e+09
5.834435840000000000e+08
1.024729984000000000e+09
9.964903680000000000e+08
9.735262080000000000e+08
1.600419584000000000e+09
8.913739520000000000e+08
3.584614144000000000e+09
8.981706240000000000e+08
1.906875136000000000e+09
7.043896320000000000e+08
6.043297280000000000e+08
1.428383104000000000e+09
9.338876160000000000e+08
3.368452608000000000e+09
1.714650496000000000e+09
8.786353280000000000e+08
1.336074240000000000e+09
1.584927616000000000e+09
7.775816320000000000e+08
7.140670720000000000e+08
1.095073664000000000e+09
9.508816000000000000e+08
1.167932032000000000e+09
1.045892672000000000e+09
3.536213504000000000e+09
2.478985472000000000e+09
8.475593600000000000e+08
1.818882048000000000e+09
6.692006400000000000e+08
7.914297600000000000e+08
1.645780480000000000e+09
9.659726080000000000e+08
9.949223680000000000e+08
2.781659904000000000e+09
1.568337408000000000e+09
1.138812288000000000e+09
1.081712000000000000e+09
1.172059392000000000e+09
8.521013760000000000e+08
8.416270080000000000e+08
1.430027904000000000e+09
3.974882560000000000e+09
8.991375360000000000e+08
1.472936192000000000e+09
7.465175040000000000e+08
9.210131200000000000e+08
1.127850880000000000e+09
1.036577920000000000e+09
5.969779200000000000e+08
7.692751360000000000e+08
3.541962240000000000e+09
1.423340288000000000e+09
1.049707968000000000e+09
1.800436480000000000e+09
1.015485248000000000e+09
2.035716736000000000e+09
1.433881984000000000e+09
7.640786560000000000e+08
6.938345600000000000e+08
1.199567744000000000e+09
9.972535040000000000e+08
9.854741760000000000e+08
3.290508288000000000e+09
9.993132800000000000e+08
9.245868800000000000e+08
1.031674240000000000e+09
1.238196992000000000e+09
8.314348160000000000e+08
1.046860800000000000e+09
1.572492160000000000e+09
1.393927168000000000e+09
3.210062336000000000e+09
1.823071104000000000e+09
4.091878144000000000e+09
6.640304640000000000e+08
9.146979840000000000e+08
7.166417280000000000e+08
6.560170880000000000e+08
1.147566592000000000e+09
9.222572160000000000e+08
1.431236224000000000e+09
3.127924480000000000e+09
6.181374720000000000e+08
1.229838208000000000e+09
9.458167040000000000e+08
5.554916480000000000e+08
1.659030016000000000e+09
1.194512384000000000e+09
1.548974464000000000e+09
1.361587200000000000e+09
1.157258496000000000e+09
1.997016576000000000e+09
3.716450816000000000e+09
5.737156480000000000e+08
1.022360448000000000e+09
1.082425088000000000e+09
1.156075648000000000e+09
8.884422400000000000e+08
6.359358720000000000e+08
4.157234688000000000e+09
1.101722240000000000e+09
7.416865280000000000e+08
6.731088640000000000e+08
9.647660800000000000e+08
1.806347520000000000e+09
8.383360000000000000e+08
5.477287680000000000e+08
1.280556544000000000e+09
9.285236480000000000e+08
7.822560640000000000e+08
6.533385600000000000e+08
1.203177088000000000e+09
1.632822784000000000e+09
1.256673024000000000e+09
6.004193280000000000e+08
1.950548224000000000e+09
3.043004928000000000e+09
1.405068032000000000e+09
1.272056576000000000e+09
4.961563200000000000e+08
3.149642240000000000e+09
8.472745600000000000e+08
1.096234624000000000e+09
1.021561216000000000e+09
1.220889472000000000e+09
1.625082880000000000e+09
1.947677696000000000e+09
8.339863680000000000e+08
1.017559552000000000e+09
4.037487360000000000e+09
6.138303360000000000e+08
9.485553280000000000e+08
1.178945408000000000e+09
9.347127680000000000e+08
7.302122240000000000e+08
4.087940480000000000e+08
1.299026944000000000e+09
2.953479936000000000e+09
1.500281472000000000e+09
1.096661632000000000e+09
1.946056192000000000e+09
7.988200960000000000e+08
9.214490880000000000e+08
1.187329792000000000e+09
1.766655616000000000e+09
5.837015040000000000e+08
8.636186240000000000e+08
2.193022208000000000e+09
8.016960640000000000e+08
3.100163840000000000e+09
9.782796800000000000e+08
1.105430272000000000e+09
1.044353920000000000e+09
7.259637760000000000e+08
1.382727040000000000e+09
6.098744320000000000e+08
3.236575232000000000e+09
8.717852160000000000e+08
1.836133120000000000e+09
1.532671616000000000e+09
7.474429440000000000e+08
1.230270720000000000e+09
1.369756288000000000e+09
1.058986048000000000e+09
1.260058624000000000e+09
3.515548928000000000e+09
7.198052480000000000e+08
6.599531520000000000e+08
6.950069120000000000e+08
1.754176512000000000e+09
1.279465984000000000e+09
1.704877824000000000e+09
1.004483904000000000e+09
8.543099520000000000e+08
1.108522752000000000e+09
1.787761152000000000e+09
9.237449600000000000e+08
6.783024640000000000e+08
3.152790016000000000e+09
9.079587840000000000e+08
1.606370944000000000e+09
3.497786112000000000e+09
1.807819776000000000e+09
7.148081920000000000e+08
9.709219840000000000e+08
8.830529280000000000e+08
8.088456960000000000e+08
6.305260800000000000e+08
1.039300992000000000e+09
7.536453120000000000e+08
7.598126720000000000e+08
1.470496256000000000e+09
2.071696128000000000e+09
1.549503872000000000e+09
7.187000320000000000e+08
5.664714880000000000e+08
3.338957568000000000e+09
6.358834560000000000e+08
5.857946880000000000e+08
6.251903360000000000e+08
9.727206400000000000e+08
9.744869760000000000e+08
6.737223680000000000e+08
9.537730560000000000e+08
3.728591616000000000e+09
1.157879552000000000e+09
2.201907456000000000e+09
1.098455040000000000e+09
1.787170816000000000e+09
6.522083840000000000e+08
5.813663360000000000e+08
1.066919168000000000e+09
7.220409600000000000e+08
8.168774400000000000e+08
4.063690240000000000e+09
9.992648960000000000e+08
1.529468928000000000e+09
1.108072704000000000e+09
1.662981760000000000e+09
1.285717760000000000e+09
8.636851200000000000e+08
6.323800320000000000e+08
6.807587840000000000e+08
2.945131776000000000e+09
1.325250816000000000e+09
6.901908480000000000e+08
6.805486080000000000e+08
9.054270080000000000e+08
4.172903680000000000e+09
4.900302400000000000e+08
1.505009280000000000e+09
1.198917120000000000e+09
1.723323776000000000e+09
5.616462080000000000e+08
1.490197248000000000e+09
6.796717440000000000e+08
1.147115776000000000e+09
1.452211840000000000e+09
3.506338560000000000e+09
8.443725440000000000e+08
6.272085760000000000e+08
5.885024000000000000e+08
1.503085440000000000e+09
3.026998272000000000e+09
1.833931776000000000e+09
1.079756928000000000e+09
9.247942400000000000e+08
6.702583680000000000e+08
4.201761600000000000e+08
1.878110464000000000e+09
1.364131328000000000e+09
5.654160640000000000e+08
1.467133440000000000e+09
8.362618880000000000e+08
7.459178880000000000e+08
1.627545216000000000e+09
1.035506880000000000e+09
3.449943040000000000e+09
1.146562560000000000e+09
6.680979840000000000e+08
8.852778880000000000e+08
1.256596480000000000e+09
1.007898816000000000e+09
8.785529600000000000e+08
9.020026880000000000e+08
5.737983360000000000e+08
4.200850176000000000e+09
1.042442688000000000e+09
1.369921920000000000e+09
7.687176960000000000e+08
1.157812992000000000e+09
2.915889920000000000e+09
1.475431552000000000e+09
1.271523584000000000e+09
1.283816320000000000e+09
7.871316480000000000e+08
1.253210880000000000e+09
5.707845120000000000e+08
1.102537216000000000e+09
2.742440192000000000e+09
7.888128640000000000e+08
1.224718848000000000e+09
6.548600960000000000e+08
8.992471040000000000e+08
1.782557440000000000e+09
1.081575808000000000e+09
6.302649600000000000e+08
1.976779264000000000e+09
3.080196864000000000e+09
1.061798784000000000e+09
8.641178880000000000e+08
2.087725184000000000e+09
9.147669760000000000e+08
8.095898880000000000e+08
1.337370496000000000e+09
5.628735360000000000e+08
1.164382336000000000e+09
1.057163904000000000e+09
7.221596160000000000e+08
9.803013120000000000e+08
2.699818496000000000e+09
9.217777920000000000e+08
6.432527360000000000e+08
8.728383360000000000e+08
9.534368000000000000e+08
2.943610880000000000e+09
5.754428160000000000e+08
3.187816960000000000e+09
5.689292800000000000e+08
6.556925440000000000e+08
1.359077888000000000e+09
1.186889984000000000e+09
2.461071104000000000e+09
9.621989760000000000e+08
9.506151680000000000e+08
2.153198592000000000e+09
6.537530880000000000e+08
9.867928320000000000e+08
3.184528384000000000e+09
1.471998336000000000e+09
6.987575040000000000e+08
7.830140160000000000e+08
1.038049792000000000e+09
9.482244480000000000e+08
1.170018304000000000e+09
1.068190784000000000e+09
5.036346560000000000e+08
1.181275776000000000e+09
8.062693120000000000e+08
6.195843840000000000e+08
2.067787520000000000e+09
3.129053952000000000e+09
1.001237760000000000e+09
7.998995840000000000e+08
1.056140672000000000e+09
3.182685696000000000e+09
8.590334080000000000e+08
8.175955200000000000e+08
9.157326080000000000e+08
1.972856832000000000e+09
5.134499520000000000e+08
1.540752896000000000e+09
9.237444480000000000e+08
8.083065600000000000e+08
3.693847040000000000e+09
1.799041536000000000e+09
6.714389760000000000e+08
8.951150080000000000e+08
7.222042240000000000e+08
9.612005120000000000e+08
1.274934272000000000e+09
9.619052800000000000e+08
1.385752576000000000e+09
1.681613312000000000e+09
3.076181760000000000e+09
7.342848000000000000e+08
1.187470848000000000e+09
1.263525888000000000e+09
6.410817280000000000e+08
7.382256640000000000e+08
1.070702528000000000e+09
3.938631168000000000e+09
7.074802560000000000e+08
5.072757120000000000e+08
1.017921664000000000e+09
2.044235904000000000e+09
1.280192128000000000e+09
6.750437120000000000e+08
6.112698880000000000e+08
9.477870080000000000e+08
7.679653760000000000e+08
3.238341376000000000e+09
7.193338880000000000e+08
1.035609792000000000e+09
1.473487488000000000e+09
8.724590720000000000e+08
6.842941440000000000e+08
8.978307200000000000e+08
6.859665280000000000e+08
7.588126080000000000e+08
1.490080256000000000e+09
1.518712704000000000e+09
1.108454528000000000e+09
2.874672896000000000e+09
8.816529920000000000e+08
1.060139776000000000e+09
1.121263232000000000e+09
6.174753920000000000e+08
9.139049600000000000e+08
1.022451328000000000e+09
6.125626240000000000e+08
2.200080640000000000e+09
1.631259648000000000e+09
6.776079360000000000e+08
5.090044480000000000e+08
3.426836992000000000e+09
6.759370880000000000e+08
1.048378752000000000e+09
8.435547520000000000e+08
1.251378432000000000e+09
1.000065536000000000e+09
7.640221440000000000e+08
8.360935040000000000e+08
3.575250432000000000e+09
6.192554880000000000e+08
5.508580480000000000e+08
8.933797760000000000e+08
9.267290240000000000e+08
8.227211520000000000e+08
6.352780160000000000e+08
9.397872640000000000e+08
6.259626880000000000e+08
5.083246592000000000e+09
9.505473920000000000e+08
7.401610240000000000e+08
6.040157440000000000e+08
2.970692608000000000e+09
7.728321280000000000e+08
5.453970560000000000e+08
1.715011456000000000e+09
9.753905920000000000e+08
1.570111232000000000e+09
1.612880896000000000e+09
6.853135360000000000e+08
1.090246144000000000e+09
1.090763648000000000e+09
2.673480192000000000e+09
3.976794240000000000e+08
8.144346240000000000e+08
8.596983040000000000e+08
2.974616320000000000e+09
7.181249280000000000e+08
6.586803200000000000e+08
6.438862080000000000e+08
7.234156160000000000e+08
1.438919680000000000e+09
2.768411648000000000e+09
1.733740544000000000e+09
1.560571264000000000e+09
9.780141440000000000e+08
1.122857600000000000e+09
7.604044800000000000e+08
1.563677184000000000e+09
6.280496640000000000e+08
9.947538560000000000e+08
8.110581760000000000e+08
2.250177024000000000e+09
3.470839296000000000e+09
4.607006720000000000e+08
8.764280320000000000e+08
5.306387520000000000e+08
6.862241920000000000e+08
2.748790272000000000e+09
1.453373824000000000e+09
5.803675520000000000e+08
6.372951680000000000e+08
7.404492160000000000e+08
1.272334336000000000e+09
3.286865664000000000e+09
3.336110336000000000e+09
6.010759680000000000e+08
7.337767040000000000e+08
8.185738880000000000e+08
1.587034368000000000e+09
1.480191104000000000e+09
9.496984960000000000e+08
7.020588160000000000e+08
1.340705024000000000e+09
2.802936832000000000e+09
6.087184000000000000e+08
4.915787520000000000e+08
9.527717120000000000e+08
1.980259072000000000e+09
5.442386560000000000e+08
2.017091968000000000e+09
1.129958272000000000e+09
7.733798400000000000e+08
6.964657280000000000e+08
1.230123776000000000e+09
3.666542080000000000e+09
6.641748480000000000e+08
6.582560000000000000e+08
2.187088896000000000e+09
1.054714944000000000e+09
6.041435520000000000e+08
5.496730880000000000e+08
1.672037120000000000e+09
6.166025600000000000e+08
7.880497280000000000e+08
8.137802880000000000e+08
6.382689280000000000e+08
1.065584896000000000e+09
1.749531776000000000e+09
2.887923456000000000e+09
9.230050560000000000e+08
9.758062080000000000e+08
6.666064640000000000e+08
8.354232320000000000e+08
5.472650240000000000e+08
3.336709888000000000e+09
2.230061312000000000e+09
1.017509312000000000e+09
8.223139200000000000e+08
8.281875200000000000e+08
2.799872256000000000e+09
4.694636480000000000e+08
1.079341184000000000e+09
1.174113152000000000e+09
1.521312000000000000e+09
6.286640000000000000e+08
9.362561920000000000e+08
1.092931072000000000e+09
1.395463296000000000e+09
8.186234880000000000e+08
7.691532800000000000e+08
6.955611520000000000e+08
9.867992320000000000e+08
5.631674240000000000e+08
8.007828480000000000e+08
6.802574720000000000e+08
2.096211072000000000e+09
2.961775872000000000e+09
6.366429440000000000e+08
8.110932480000000000e+08
5.332847360000000000e+08
2.348109568000000000e+09
3.571290880000000000e+09
6.109012480000000000e+08
8.379893760000000000e+08
9.072224000000000000e+08
1.020335872000000000e+09
6.318385920000000000e+08
8.247795840000000000e+08
1.654004480000000000e+09
1.465030400000000000e+09
6.793137280000000000e+08
4.948379200000000000e+08
3.045934336000000000e+09
1.443815168000000000e+09
7.065272320000000000e+08
