6.956431843669312366e+04
6.359049261237823521e+04
5.738916029957582941e+04
5.196136593056290440e+04
4.741876487474737223e+04
4.418627830397310754e+04
4.110297375769820792e+04
3.849102927404439106e+04
3.642517966973673902e+04
3.438502636840874038e+04
3.281003639299397764e+04
3.147898924418661409e+04
3.028234547655851202e+04
2.910720971554397693e+04
2.815885228047167038e+04
2.737785014123943984e+04
2.659996596969704842e+04
2.594303106677218602e+04
2.537586152771906563e+04
2.478674480940519425e+04
2.433863683894564747e+04
2.396463542417656936e+04
2.369550562321315010e+04
2.324373242373740140e+04
2.281135744040614009e+04
2.250518396293350452e+04
2.211335340702783651e+04
2.185475709978061059e+04
2.158347934422853359e+04
2.125093295486235365e+04
2.103365062797530481e+04
2.076248469307411506e+04
2.054270127760275500e+04
2.033687039944532808e+04
2.012251561930851312e+04
1.996017900927222945e+04
1.976575910750433104e+04
1.958858930916893951e+04
1.948602225832801560e+04
1.933674772558042605e+04
1.906665513043684405e+04
1.891674826237104207e+04
1.879767703515006724e+04
1.863184130931085747e+04
1.847809836625177923e+04
1.830307575020680088e+04
1.813870918969960985e+04
1.796020616777661417e+04
1.786433389255411021e+04
1.776634397369872022e+04
1.765495738366926889e+04
1.756525427054903412e+04
1.743958536644219203e+04
1.740365054446832437e+04
