2.071821822242266717e+04
1.520730833477742090e+04
1.115957180461622011e+04
8.200025025694638316e+03
6.046213026622759571e+03
4.475186929620467708e+03
3.343022727133101853e+03
2.528930731001115419e+03
1.958252431929030763e+03
1.567768986914295056e+03
1.310391271492476562e+03
1.138508149878361564e+03
1.038966494236839708e+03
9.752016963807297998e+02
9.387306674733951013e+02
9.193273168987910822e+02
9.138829748622737270e+02
8.980841586195041373e+02
8.875932616717736892e+02
8.785693541728752507e+02
8.744944542183876592e+02
8.664473493376916622e+02
8.557445387475927419e+02
8.459750359602167009e+02
8.366344109673465255e+02
8.295954579511698057e+02
8.222415547221671659e+02
8.160378656441977228e+02
8.115067422150912080e+02
8.068352946299204405e+02
8.020249601460342319e+02
7.928764495305580340e+02
7.882619599036811451e+02
7.841993755101177612e+02
7.822417327401849434e+02
7.787065257277668024e+02
7.759019374339526394e+02
7.666294632643296154e+02
7.647335927562671714e+02
7.622207053535903469e+02
7.578884476508194439e+02
7.556863822094987881e+02
7.536932430287245097e+02
7.498823638631779431e+02
7.479250318120186876e+02
7.463316526717974284e+02
7.437780817302868854e+02
7.421333741007262006e+02
7.407010316913456336e+02
7.365962134381197757e+02
7.345239986461681383e+02
7.318796461944829161e+02
7.294603761459374027e+02
7.257264629890306651e+02
7.233520847637822726e+02
7.220074969749783804e+02
7.186789613876869680e+02
7.176082343323906798e+02
7.156465736301850029e+02
7.137763636095737638e+02
7.113134510805158470e+02
7.074330130054069059e+02
7.065435701453671982e+02
7.037043791330341946e+02
7.014538506467520165e+02
6.989755544281025550e+02
6.953637817652179365e+02
6.921548058269607964e+02
6.905947709146652187e+02
6.880165615672530066e+02
6.871244962846947146e+02
6.866028859069700729e+02
6.854919347888422863e+02
6.823467062446595719e+02
6.815290956788863923e+02
6.784606429533678238e+02
6.778059043979310445e+02
6.764980522358501958e+02
6.755479461318313952e+02
6.746734446239410090e+02
6.728516610651749943e+02
6.696482165622142020e+02
6.684442570406616824e+02
6.680540273707198367e+02
6.650894676658170965e+02
6.646167965365697228e+02
6.617337251007990062e+02
6.612672848541266148e+02
6.602337367599169511e+02
6.587915263794441216e+02
6.583715523300130599e+02
6.579175375672334667e+02
6.576043817796379471e+02
6.562791976903587283e+02
6.544503121010595805e+02
6.538345047739737765e+02
6.531043722873989736e+02
6.524457304578370440e+02
6.523171401827080444e+02
