2.444165949487872691e+00
2.263501655039558802e+00
2.146670898094674929e+00
2.074822216908073003e+00
2.020606996508206077e+00
1.983154068579856100e+00
1.952909390571569537e+00
1.934131893639411626e+00
1.917005192711564554e+00
1.905243151988676553e+00
1.896482252975099980e+00
1.890538655198348073e+00
1.875044506648781528e+00
1.857897884175764958e+00
1.834160149351873104e+00
1.814883657126993066e+00
1.799604927101174701e+00
1.786114142612123867e+00
1.776215916525049954e+00
1.771590420112758579e+00
1.760349197328745730e+00
1.757276229201967910e+00
1.744725847179232625e+00
1.735935306379947640e+00
1.730085031229506187e+00
1.719963913659650734e+00
1.710898781134573943e+00
1.707418443724771695e+00
1.698327697180243012e+00
1.690338649951216521e+00
1.678932261350174704e+00
1.667944460201892687e+00
1.662348531422844999e+00
1.657899316043201843e+00
1.648085204039573481e+00
1.637841208873183074e+00
1.632267114909320194e+00
1.618766721677418641e+00
1.615474402488135786e+00
1.613713272817566713e+00
1.608593532307748486e+00
1.606296145207701143e+00
1.600968939458722540e+00
1.594213289319169391e+00
1.585226277379527815e+00
1.580715267366626486e+00
1.579806182079733778e+00
1.572639155849760106e+00
1.559246647396995256e+00
1.555430557924858848e+00
1.550991057920536598e+00
1.545513280720767879e+00
1.538468759258252216e+00
1.536177593991614909e+00
1.532553774627585019e+00
1.523313284580986471e+00
1.519129611270384927e+00
1.512814035468824425e+00
1.510324649501040728e+00
1.509019957472506057e+00
1.506214818047656889e+00
1.504956170576543961e+00
1.499097186852989871e+00
1.498044240482763412e+00
1.494308000671100700e+00
1.487868162964001595e+00
1.484601840508792625e+00
1.482755904799112123e+00
1.481285078045134318e+00
1.477897911568105460e+00
1.470529425343062302e+00
1.468142161103406451e+00
1.464707413526389335e+00
1.453878117224204569e+00
1.446332218129504410e+00
1.443196816747589484e+00
1.440770415568350282e+00
1.437769093859914138e+00
1.434845157182929487e+00
1.427819858634927330e+00
1.426720332275559500e+00
1.426041566339179889e+00
1.421143237496016898e+00
1.417934714829091725e+00
1.414053854728475557e+00
1.412574277175840054e+00
1.405955000099436081e+00
1.401002449032337838e+00
1.396449792969742143e+00
1.395217523606390619e+00
1.391119497817731920e+00
1.387514415814356417e+00
1.378455518885615572e+00
1.375681793675212150e+00
1.372989261701802022e+00
1.369753030847530750e+00
1.366150832154215955e+00
1.364974924136626244e+00
1.363974029353011819e+00
1.360268184561941762e+00
