1.184049025621445618e+11
1.024374720636711426e+11
8.893657753348962402e+10
7.814765773976737976e+10
6.898337283061247253e+10
6.142450321654055786e+10
5.487017113530460358e+10
4.951969738172903442e+10
4.481205305073215485e+10
4.096496728058741760e+10
3.771819141657061768e+10
3.488622601249729919e+10
3.240126051346317291e+10
3.033707331877793121e+10
2.849814135323482895e+10
2.704377014177550888e+10
2.565901300144021225e+10
2.415018422886574173e+10
2.308356099038476181e+10
2.218176542850553131e+10
2.135978131805567551e+10
2.055814750409438705e+10
1.984973357092696762e+10
1.929198075600175858e+10
1.878055304539790726e+10
1.821324331678952408e+10
1.782954510039705658e+10
1.747614637912386322e+10
1.708458165715638924e+10
1.678872253314612770e+10
1.647619380482954979e+10
1.616486635076427650e+10
1.589586550185978317e+10
1.568064245538765335e+10
1.541876994415768051e+10
1.519651657182584190e+10
1.502017851786285400e+10
1.483472245388134766e+10
1.466793280626306534e+10
1.451816522267082214e+10
1.437455176316943169e+10
1.424274337612549591e+10
1.411213938497159958e+10
1.394964457737780762e+10
1.384808965237800407e+10
1.373438553254521561e+10
1.361199171077097893e+10
1.349958006679002953e+10
1.339897448480250359e+10
1.331123647343683815e+10
1.320567223709318924e+10
1.309920053150583839e+10
1.295238566865226555e+10
1.283864249211223984e+10
1.275196369273472023e+10
1.267621040403972054e+10
1.259053046993802452e+10
1.251425286564892197e+10
1.242605040121304703e+10
1.230883171809841919e+10
1.223161979568354034e+10
1.216868887700911522e+10
1.207799642574256516e+10
1.202243445104493332e+10
1.193826391983000755e+10
1.186718733657492828e+10
1.181063180970370865e+10
1.176813362675110435e+10
1.167133514146968460e+10
1.160922901661961555e+10
1.154118343867335510e+10
1.144088381442315865e+10
1.137797532816053581e+10
1.131634284869606018e+10
1.124523670213525009e+10
1.119002986202260971e+10
1.114770754487788010e+10
1.108692707343051147e+10
1.104756496300374031e+10
1.100835075969116020e+10
1.094514938593986511e+10
1.090444507241457558e+10
1.083271021708426666e+10
1.078461527802379036e+10
1.074035258425457764e+10
1.070745153253062057e+10
1.063255142071175194e+10
1.057059037883087158e+10
1.048702497319782829e+10
1.044065929608085060e+10
1.038622421437024307e+10
1.032576672032578087e+10
1.027814361845528221e+10
1.022007056403825760e+10
1.017206540781882858e+10
1.012031311044164276e+10
1.007651418564077759e+10
1.003437739516059875e+10
9.978138088590993881e+09
9.953595310020862579e+09
9.916866250420969009e+09
9.870450364288459778e+09
9.831336696151762009e+09
9.798718529127674103e+09
9.769350159516414642e+09
9.742891533140001297e+09
9.718722367214254379e+09
9.685534173197816849e+09
9.641524547885704041e+09
9.602198435762649536e+09
9.558352564998052597e+09
9.510682784948751450e+09
9.473918872676790237e+09
9.447959648588479996e+09
9.415773617501705170e+09
9.390497483254533768e+09
9.354690356640329361e+09
9.323167423553457260e+09
9.267866016952213287e+09
9.238442512599241257e+09
9.208857003469539642e+09
9.175378591188146591e+09
9.151514665813199997e+09
9.114635312611162186e+09
9.096069208343181610e+09
9.074343843973482132e+09
9.021215845925025940e+09
8.969526715401365280e+09
8.935484151495811462e+09
8.908234726021213531e+09
8.881894097692165375e+09
8.860101094485097885e+09
8.840852746569749832e+09
8.812817469432792664e+09
8.790949461846818924e+09
8.771190123419286728e+09
8.731669723937738419e+09
8.696210290099454880e+09
8.667261018074352264e+09
8.639201655564491272e+09
8.613814776791460037e+09
8.588565794449326515e+09
8.566240051456657410e+09
8.550329449238346100e+09
8.534674164864642143e+09
8.521004003034524918e+09
8.482591395235072136e+09
8.446551297569803238e+09
8.418991370835051537e+09
8.401453403422100067e+09
8.367926643982913971e+09
8.350802501998762131e+09
8.327311285654471397e+09
8.310544518529897690e+09
8.289056679528842926e+09
8.274874616857268333e+09
8.262944201587746620e+09
8.249764695375473976e+09
8.217193466068688393e+09
8.192839165555598259e+09
8.178498465430566788e+09
8.160483361811571121e+09
8.129661520496597290e+09
8.114469351531013489e+09
8.102068297384572983e+09
8.077652405827173233e+09
8.063378860330163956e+09
8.043744024309628487e+09
8.027102236242729187e+09
8.011701692757260323e+09
7.999753261100570679e+09
7.974564517323660851e+09
7.949667960567525864e+09
7.926088594696269989e+09
7.910983076742311478e+09
7.884077119768983841e+09
7.867419824887430191e+09
7.843922288427149773e+09
7.831320458042645454e+09
7.819443185627289772e+09
7.808935997961745262e+09
7.795613322199164391e+09
7.782564102983642578e+09
7.773777872455948830e+09
7.761063276818839073e+09
7.739241874612915039e+09
7.720626974050976753e+09
7.702539129053608894e+09
7.683887563372227669e+09
7.664135530131864548e+09
7.637124715496351242e+09
7.620792154251893044e+09
7.609963456679162979e+09
7.576794993226079941e+09
7.557512424980630875e+09
7.539793834870278358e+09
7.527472194248664856e+09
7.507315233070856094e+09
7.487348657314860344e+09
7.470922908264157295e+09
7.459148829468267441e+09
7.446330261463510513e+09
7.434855026026254654e+09
7.424736802639531136e+09
7.412714205538111687e+09
7.399997177486068726e+09
7.375926715396376610e+09
7.364738862891386032e+09
7.348352396290230751e+09
7.329739744520325661e+09
7.312430934715139389e+09
7.301246240607341766e+09
7.277308837610895157e+09
7.266263840072983742e+09
7.248234252867015839e+09
7.237168324082420349e+09
7.216648098348718643e+09
7.194643760685621262e+09
7.185040101092049599e+09
7.177691773322147369e+09
7.166710266423222542e+09
7.157030417657120705e+09
7.145629676074966431e+09
7.135172776509075165e+09
7.122864843551657677e+09
7.108628618669240952e+09
7.083201294876431465e+09
7.057003176570094109e+09
7.035089107179545403e+09
7.024257006983095169e+09
7.014914936182875633e+09
7.007890865437952995e+09
6.994089655821707726e+09
6.984878044108997345e+09
6.974983820368850708e+09
6.956647976253300667e+09
6.940646329359142303e+09
6.930334588771771431e+09
6.913198864043257713e+09
6.905656306745142937e+09
6.897853290460386276e+09
6.890498153764008522e+09
6.879025233235995293e+09
6.870533518333285332e+09
6.864019791068351746e+09
6.851692789452223778e+09
6.829480020666543961e+09
6.810867869445038795e+09
6.800564712423937798e+09
6.782679654072003365e+09
6.772423960157067299e+09
6.765544317654516220e+09
6.747448517230202675e+09
6.735829473381673813e+09
6.724336656325485229e+09
6.712377601022316933e+09
6.700156297760884285e+09
6.682316137030820847e+09
6.673040103546474457e+09
6.660060587860410690e+09
6.643229585173436165e+09
6.636064432544471741e+09
6.626921300541348457e+09
6.618007690311977386e+09
6.607363608283944130e+09
6.600453917179708481e+09
6.587703940349928856e+09
6.574583863423894882e+09
6.565502866739803314e+09
6.552421781631274223e+09
6.543254218564525604e+09
6.528676362695855141e+09
6.516252652045462608e+09
6.499881718897300720e+09
6.487938209982529640e+09
6.480889840580294609e+09
6.466586216440970421e+09
6.458456065657122612e+09
6.451416043022027016e+09
6.445261363071830750e+09
6.440279779857195854e+09
6.429382155748920441e+09
6.418151691636753082e+09
6.405071491295793533e+09
6.399093968179725647e+09
6.391013529320460320e+09
6.379233785125363350e+09
6.367801864496510506e+09
6.352577581950521469e+09
6.342459387001081467e+09
6.331365562601905823e+09
6.325639635554664612e+09
6.319637672410664558e+09
6.304580551797224045e+09
6.292038012184103012e+09
6.285984712036693573e+09
6.274552382408231735e+09
6.268239290566237450e+09
6.248220113125020027e+09
6.235711449501835823e+09
6.229636153347983360e+09
6.225578382290493965e+09
6.213095046260527611e+09
6.203105339359478951e+09
6.189210837040898323e+09
6.182448750532480240e+09
6.170788806463693619e+09
6.161217221881735802e+09
6.156586121313434601e+09
6.149110090672467232e+09
6.143402785506321907e+09
6.129002212163387299e+09
6.120926982539328575e+09
6.113261647179804802e+09
6.096962021497793198e+09
6.079039722110191345e+09
6.071482859818829536e+09
6.058467801394516945e+09
6.051490589669945717e+09
6.044414976304985046e+09
6.035373370863927841e+09
6.019507846398471832e+09
6.008221836634070396e+09
5.999048779699791908e+09
5.989337679582964897e+09
5.974540094061022758e+09
5.967258646795130730e+09
5.962919929165342331e+09
5.953831067079514503e+09
5.943288755059488297e+09
5.935826761325916290e+09
5.924400788305557251e+09
5.910257325743065834e+09
5.906657600530239105e+09
5.898155408620814323e+09
5.891745723642959595e+09
5.882333685252231598e+09
5.875454940476648331e+09
5.866665711724046707e+09
5.860163699103602409e+09
5.855164833720325470e+09
5.846080596508969307e+09
5.839718779454014778e+09
5.832238122616760254e+09
5.824471014774261475e+09
5.814144774490154266e+09
5.809216609475474358e+09
5.802416438394335747e+09
5.796862280118333817e+09
5.788706482124632835e+09
5.780872718781680107e+09
5.771571658192210197e+09
5.761794242556507111e+09
5.755896308381188393e+09
5.748165338250511169e+09
5.739113378926911354e+09
5.730205474092566490e+09
5.724196743336208344e+09
5.712594624529695511e+09
5.702997558453366280e+09
5.697650332312200546e+09
5.693889034415292740e+09
5.689045668399742126e+09
5.684139095612363815e+09
5.680663103198842049e+09
5.675537729313396454e+09
5.670536790215950966e+09
5.665898175471179008e+09
5.662908818751928329e+09
5.658647570507939339e+09
5.648383019006598473e+09
5.640542693458173752e+09
5.635797853499320984e+09
5.628464517772098541e+09
5.622374517717014313e+09
5.617293249392562866e+09
5.605451418839414597e+09
5.599315888071863174e+09
5.590897350903265953e+09
5.586695879988677979e+09
5.582374326130175591e+09
5.572957071085022926e+09
5.562722324711677551e+09
5.558616514302717209e+09
5.547419743509000778e+09
5.543826420322248459e+09
5.535826022643735886e+09
5.528715933622339249e+09
5.522619815269133568e+09
5.516421530564093590e+09
5.505685598103612900e+09
5.500641736249168396e+09
5.493999864341202736e+09
5.486972694162427902e+09
5.483856185807760239e+09
5.473491981280458450e+09
5.467413714415754318e+09
5.462568651479022026e+09
5.452109041283140182e+09
5.447903089230490685e+09
5.436357546560094833e+09
5.424798123484709740e+09
5.416932585378065109e+09
5.410703935951860428e+09
5.402807168963986397e+09
5.394821644929731369e+09
5.389769750799597740e+09
5.380817485816711426e+09
5.366953500119166374e+09
5.359623943015778542e+09
5.356363827099717140e+09
5.347535558183740616e+09
5.338107086570852280e+09
5.331845345265050888e+09
5.329043543387213707e+09
5.324260311522958755e+09
5.316270276387557030e+09
5.306799398151826859e+09
5.302561463605326653e+09
5.293914628056266785e+09
5.288917001617891312e+09
5.285000157870234489e+09
5.282216522731001854e+09
5.279177637339839935e+09
5.269587018201048851e+09
5.261207823527712822e+09
5.256884655018958092e+09
5.248916174060477257e+09
5.241429705073664665e+09
5.232413767214107513e+09
5.224500084472168922e+09
5.218672777860082626e+09
5.216000899281487465e+09
5.211001563760035515e+09
