1.126434751467126465e+11
9.802173065681588745e+10
8.546291747799836731e+10
7.486401174501068115e+10
6.628410004548116302e+10
5.920324444212846375e+10
5.321921136426280975e+10
4.795318853524917603e+10
4.352001533230020142e+10
3.988856091026622009e+10
3.688630788214383698e+10
3.422651100443397141e+10
3.182340517682484055e+10
2.971152775641162491e+10
2.792507056149544525e+10
2.643682582416514206e+10
2.506893863774665070e+10
2.391225219035767746e+10
2.291229622626038742e+10
2.197930705691503525e+10
2.117894510378259277e+10
2.047607986609530258e+10
1.980240025395625305e+10
1.928386567730701447e+10
1.878814256018092728e+10
1.831240139569956207e+10
1.784468805243969345e+10
1.739995274558427048e+10
1.708662152309510612e+10
1.678353349489531517e+10
1.650907290651033020e+10
1.625468323934290886e+10
1.599814412848654175e+10
1.579207734546263313e+10
1.555285699761494827e+10
1.522751891649990654e+10
1.504742430596156693e+10
1.486466941030798531e+10
1.469990418784939957e+10
1.453769686081071091e+10
1.440606761088220024e+10
1.425451847119565773e+10
1.407848002000467873e+10
1.392210686141293335e+10
1.377283023015800858e+10
1.363970360207439804e+10
1.351178861124315643e+10
1.341984333545177841e+10
1.330928311645326805e+10
1.322757426099328041e+10
1.314558290554258728e+10
1.306068761243537903e+10
1.298579716758121109e+10
1.283152833765642548e+10
1.269726997688507080e+10
1.258755810594461250e+10
1.249225277986882782e+10
1.239310798952981186e+10
1.232641967557750320e+10
1.222836738118221855e+10
1.215246253314361572e+10
1.200651913444049835e+10
1.192244467490064621e+10
1.183141182682015038e+10
1.177570943787900925e+10
1.172292701572739220e+10
1.161183059001764107e+10
1.151829644169420815e+10
1.143255027981071472e+10
1.135005340811935806e+10
1.128689764046094131e+10
1.121016739983292770e+10
1.116287102718670654e+10
1.111357453363836670e+10
1.106620096230814362e+10
1.100923897028453064e+10
1.094632810699488258e+10
1.090449620292307281e+10
1.086206998342899513e+10
1.081310882068851280e+10
1.070991675650624466e+10
1.065232546802000618e+10
1.061366386163138962e+10
1.056842188357722664e+10
1.052331178563633728e+10
1.046712998438546753e+10
1.041853146607578087e+10
1.037990919309177208e+10
1.031212528288735771e+10
1.027020001192275429e+10
1.021717049936666489e+10
1.017505607912639046e+10
1.013308318210121536e+10
1.006770826142576981e+10
1.002499306362777901e+10
9.978388721036346436e+09
9.942290076148527145e+09
9.897044099922420502e+09
9.862787275256883621e+09
9.824366471588417053e+09
9.792714158059919357e+09
9.749523578644468307e+09
9.710836130583118439e+09
9.673077090643815994e+09
9.631823671667882919e+09
9.600280162356517792e+09
9.567451542604690552e+09
9.542043883509056091e+09
9.460472834302024841e+09
9.428126937076780319e+09
9.404094756340940475e+09
9.377307354914916992e+09
9.328990427826787949e+09
9.297210589947294235e+09
9.265359418958713531e+09
9.234792751039058685e+09
9.205633854847749710e+09
9.177040997738700867e+09
9.131693770522106171e+09
9.100043198301280975e+09
9.064534858440053940e+09
9.033980875510784149e+09
8.999339145445755005e+09
8.966341086381139755e+09
8.910247786917869568e+09
8.876351836116811752e+09
8.850229749814119339e+09
8.819611175515638351e+09
8.791892153486509323e+09
8.762623241020444870e+09
8.706521168009321213e+09
8.678793971873569489e+09
8.659078465515359879e+09
8.639142608079805374e+09
8.617820879207210541e+09
8.592428339395973206e+09
8.558523625844555855e+09
8.523324449912706375e+09
8.496807070758079529e+09
8.470950349663707733e+09
8.448035825235489845e+09
8.426372978571640015e+09
8.397465467851046562e+09
8.352514526548649788e+09
8.326810041222478867e+09
8.281744850557345390e+09
8.268630168771038055e+09
8.239419799201899529e+09
8.219538532662192345e+09
8.203377509439686775e+09
8.180308717987344742e+09
8.155000272334781647e+09
8.132511671579228401e+09
8.115369595437392235e+09
8.088993770847951889e+09
8.066286772992506981e+09
8.041933196962865829e+09
8.024109248549103737e+09
8.005298076876746178e+09
7.991244841242626190e+09
7.967574994174332619e+09
7.936940018262864113e+09
7.921200200088013649e+09
7.890869798147751808e+09
7.872602137031387329e+09
7.860807747558259010e+09
7.836320280281056404e+09
7.815293144640829086e+09
7.796302566893632889e+09
7.780513829550712585e+09
7.760830899254940033e+09
7.739811443609149933e+09
7.722468324602467537e+09
7.698387435136407852e+09
7.684178988639613152e+09
7.662766334260762215e+09
7.647126523483969688e+09
7.626560086067386627e+09
7.611548277462906837e+09
7.597885291215435982e+09
7.584095911781570435e+09
7.571218191274022102e+09
7.555877423353705406e+09
7.539284295549708366e+09
7.511032568694087982e+09
7.495544385298078537e+09
7.479164600249365807e+09
7.461335517612753868e+09
7.447726083102531433e+09
7.433482240025959015e+09
7.410783657830417633e+09
7.399265452632467270e+09
7.384530987051293373e+09
7.367746184737627029e+09
7.344744547259264946e+09
7.328596458484228134e+09
7.311266306766616821e+09
7.297118977162528992e+09
7.273843839037631989e+09
7.260466296894548416e+09
7.248538268384205818e+09
7.238846396555098534e+09
7.225627627368679047e+09
7.214418985181674004e+09
7.203156254464885712e+09
7.193954173846837997e+09
7.180828058423839569e+09
7.170089351517793655e+09
7.148621512099814415e+09
7.136711189179284096e+09
7.120028117887951851e+09
7.104338348447207451e+09
7.089162330739890099e+09
7.068047880660604477e+09
7.052610165449576378e+09
7.040818750169238091e+09
7.019722530361187935e+09
7.007726508616955757e+09
6.979930295609521866e+09
6.970635985753034592e+09
6.954903532544208527e+09
6.945135074195172310e+09
6.933364782831833839e+09
6.913527514124019623e+09
6.898618260547773361e+09
6.887908740242662430e+09
6.878696690015839577e+09
6.864061937084773064e+09
6.855150822784132004e+09
6.838319587161734581e+09
6.827128807580676079e+09
6.809297120300217628e+09
6.796229284896836281e+09
6.781687082304979324e+09
6.771788718641526222e+09
6.758621061981485367e+09
6.745324137787822723e+09
6.736743602409580231e+09
6.721493897950823784e+09
6.709885421070985794e+09
6.697363702010336876e+09
6.686470261564579010e+09
6.670884353094834328e+09
6.662986140045248032e+09
6.655416077148093224e+09
6.645245853675210953e+09
6.635763695872527122e+09
6.623310392237812996e+09
6.614210044070283890e+09
6.596861908443719864e+09
6.586316810363436699e+09
6.580131129229551315e+09
6.569466881520553589e+09
6.557898368883979797e+09
6.545142189436363220e+09
6.531530205369209290e+09
6.519446647787247658e+09
6.506378216360334396e+09
6.501224517380307198e+09
6.492059345772520065e+09
6.473105856781167030e+09
6.462810650033521652e+09
6.449370780808056831e+09
6.442506126551624298e+09
6.436770910783787727e+09
6.427351204730247498e+09
6.413519796220751762e+09
6.401507716721013069e+09
6.393063718456808090e+09
6.383797495377497673e+09
6.378673936213613510e+09
6.369618514630664825e+09
6.362985674306425095e+09
6.351160386971669197e+09
6.346849655740216255e+09
6.332869056495567322e+09
6.322359696668353081e+09
6.314737801415355682e+09
6.300613296429379463e+09
6.295294896460078239e+09
6.284943114422691345e+09
6.278350399869524002e+09
6.271194188952980042e+09
6.256027416516724586e+09
6.244299495064259529e+09
6.236185177444148064e+09
6.229201375447376251e+09
6.218375734881248474e+09
6.206548615166892052e+09
6.200633063104539871e+09
6.190030443802880287e+09
6.182881498726078033e+09
6.169663835782224655e+09
6.159281476230993271e+09
6.154721137666261673e+09
6.143774783815557480e+09
6.132374696392629623e+09
6.126936821938530922e+09
6.119243060447667122e+09
6.110879349814819336e+09
6.101921105815485954e+09
6.090730070113656998e+09
6.083159720357390404e+09
6.078841340473191261e+09
6.074485124828592300e+09
6.069658741082856178e+09
6.062129293473077774e+09
6.055358770152005196e+09
6.049320525706274986e+09
6.042873959235241890e+09
6.028883673609037399e+09
6.017521717320333481e+09
6.013155145917210579e+09
6.002933364931646347e+09
5.993325662949373245e+09
5.983420424245776176e+09
5.971589009183536530e+09
5.958209975763407707e+09
5.950121991987402916e+09
5.943861044223752975e+09
5.936627629785591125e+09
5.929072654722365379e+09
5.919536792170047760e+09
5.912518013525655746e+09
5.905883183563843727e+09
5.897868857192701340e+09
5.890720072196960449e+09
5.885309294237874985e+09
5.875852903492374420e+09
5.865997593222295761e+09
5.852552718061982155e+09
5.845181939256188393e+09
5.836974992342456818e+09
5.826432751803811073e+09
5.821188983231407166e+09
5.813131541165759087e+09
5.806738950269984245e+09
5.798700539812759399e+09
5.794186717146852493e+09
5.788754840529150963e+09
5.782572040673067093e+09
5.773267526154027939e+09
5.764219890464514732e+09
5.756744667979218483e+09
5.751527850319176674e+09
5.748342374696821213e+09
5.737859502169423103e+09
5.725569866016379356e+09
5.717715033631959915e+09
5.709351923357637405e+09
5.699643183682158470e+09
5.692613645908481598e+09
5.687435869778109550e+09
5.673527035012464523e+09
5.665015328183262825e+09
5.660117859635935783e+09
5.651264127752358437e+09
5.639678634611329079e+09
5.635574695389354706e+09
5.628416524962321281e+09
5.621825027463202477e+09
5.613729411250473976e+09
5.601371687677538872e+09
5.594084753274301529e+09
5.586450349557132721e+09
5.578555644506295204e+09
5.573796174429902077e+09
5.564847976300511360e+09
5.551749570633326530e+09
5.544853494641734123e+09
5.535993125856077194e+09
5.529399064613648415e+09
5.526266860066594124e+09
5.520422420411295891e+09
5.513967020303969383e+09
5.504665067805690765e+09
5.497415984604560852e+09
5.483046537657541275e+09
5.474689936418484688e+09
5.470623616826383591e+09
5.466346914787912369e+09
5.461892158748994827e+09
5.454322514418989182e+09
5.448768180525766373e+09
5.444742562387922287e+09
5.437497962389410973e+09
5.429198534136655807e+09
5.421852134429119110e+09
5.414075111286747932e+09
5.405689829096269608e+09
5.398895783145113945e+09
5.393408396653448105e+09
5.388276431003119469e+09
5.380196984074886322e+09
5.373209221062505722e+09
5.368334584882710457e+09
5.361597795361501694e+09
5.355407125994750977e+09
5.348700911554727554e+09
5.342877491549718857e+09
5.335860667972776413e+09
5.332443490063634872e+09
5.322520968856083870e+09
5.315029193387358665e+09
5.305325463375604630e+09
5.296359539931803703e+09
5.292177598516212463e+09
5.285032490944488525e+09
5.278195214778751373e+09
5.271680978977774620e+09
5.266767909318395615e+09
5.257327882569128036e+09
5.250479671701819420e+09
5.243954815215376854e+09
5.236180109416246414e+09
5.232829261263195992e+09
5.228029261736613274e+09
5.224003128104176521e+09
5.216343360782045364e+09
5.209800560698863983e+09
5.203389448756202698e+09
5.196236827639183044e+09
5.190345496351172447e+09
5.179982963158308029e+09
5.175195739950671196e+09
5.169007860834418297e+09
5.164697530042450905e+09
5.160550227665117264e+09
5.153317906347998619e+09
5.146990635830850601e+09
5.140151576060428619e+09
5.135545506935444832e+09
5.129879734707854271e+09
5.125853627792212486e+09
5.120655650417846680e+09
5.117898883292443275e+09
5.107324302943034172e+09
5.101052209862886429e+09
5.094586415917761803e+09
5.085936210070148468e+09
5.078411013163616180e+09
5.074516435925362587e+09
5.069060048129759789e+09
5.059498993907717705e+09
5.053336355388016701e+09
5.047343774456274986e+09
5.043554579132821083e+09
5.035647524489583969e+09
5.030877569707992554e+09
5.027812377802380562e+09
5.020838168113228798e+09
5.009471295404231071e+09
4.999608375193140030e+09
4.992939672758432388e+09
4.987308695980497360e+09
4.981873689786309242e+09
4.974180127935264587e+09
4.968849339778596878e+09
4.961873331959707260e+09
4.957061657101803780e+09
4.954682382558796883e+09
4.948237234998101234e+09
4.939452776672104836e+09
4.934332536370287895e+09
4.930511627399497986e+09
4.925885793933872223e+09
4.920212002017881393e+09
4.912590617074186325e+09
4.907968466932836533e+09
4.904732675911564827e+09
4.898272377751523018e+09
4.894352779266045570e+09
4.892255391962479591e+09
4.889905394866805077e+09
4.881439669139099121e+09
4.877428778603483200e+09
4.871545172128885269e+09
4.868853829074100494e+09
4.865867897920629501e+09
4.858488500590126038e+09
4.851984832310029030e+09
4.845363218117772102e+09
4.842270334636908531e+09
4.836681959086806297e+09
4.833704745218508720e+09
4.830430561267720222e+09
4.826242543582215309e+09
4.821801427524705887e+09
4.816964105814120293e+09
4.812461629869025230e+09
4.805412015177440643e+09
4.800908618686776161e+09
4.793306474409212112e+09
4.790227270543375969e+09
4.781359983365895271e+09
4.779532684850693703e+09
4.775713452069865227e+09
4.769170853869238853e+09
4.766238945112708092e+09
4.758191874805172920e+09
