1.171335619929670258e+11
1.010261907905838776e+11
8.767946547082217407e+10
7.650953229655303955e+10
6.756194379131444550e+10
5.999552403932119751e+10
5.356372508738272095e+10
4.813660369621929932e+10
4.341389937576101685e+10
3.961723914344784546e+10
3.636154584619339752e+10
3.344402771816675949e+10
3.090749192883721542e+10
2.883630104584117889e+10
2.713506203668706512e+10
2.561776536543600845e+10
2.418317027665349960e+10
2.290444638238129807e+10
2.184922669965904236e+10
2.100023769031060410e+10
2.018103706049517822e+10
1.950718629988278961e+10
1.878578531593452072e+10
1.830541369477964020e+10
1.775149093637705231e+10
1.735832985007913971e+10
1.691932613717685127e+10
1.652812611125646782e+10
1.621998834785195923e+10
1.591959250342712593e+10
1.564916424004697037e+10
1.541125382219082260e+10
1.518471245228565598e+10
1.497999393644985580e+10
1.477348864398870659e+10
1.456233929230146027e+10
1.439977995021682549e+10
1.423200287311265373e+10
1.403982171788453293e+10
1.389309962401788521e+10
1.374147401259849930e+10
1.362187600385667992e+10
1.349483654144808769e+10
1.336429162446153450e+10
1.320912071301879692e+10
1.310063070970393372e+10
1.299036744376606560e+10
1.290437621824830437e+10
1.281375029953751755e+10
1.272291837556540298e+10
1.261314206460389519e+10
1.254459205692485809e+10
1.246017323296931458e+10
1.235140538170175362e+10
1.227652610879474640e+10
1.219693858976489258e+10
1.209541955316115952e+10
1.202235264882407188e+10
1.196189638067912865e+10
1.188598427557749176e+10
1.182010596959507942e+10
1.176629288790807533e+10
1.170434927624038696e+10
1.164837170817822647e+10
1.159056626736475945e+10
1.152652603448192406e+10
1.148186834893942833e+10
1.143252482395336151e+10
1.136967895232647896e+10
1.129814860197255707e+10
1.124237413278221893e+10
1.118609282099283981e+10
1.114604601853464699e+10
1.110388771636707687e+10
1.105033157072456741e+10
1.100864928893491936e+10
1.094202822018921280e+10
1.087543193314428139e+10
1.083366175615918159e+10
1.078850974404545212e+10
1.073296390532794571e+10
1.069908578469831467e+10
1.064813109191489220e+10
1.060088041002496719e+10
1.056090590845618820e+10
1.050712012963356018e+10
1.047803969690248489e+10
1.044640389341429138e+10
1.038996384572893524e+10
1.035332756687238693e+10
1.031921065769862366e+10
1.028944837543174171e+10
1.025180200204656219e+10
1.020892101906497574e+10
1.016790449104671478e+10
1.013413480419451904e+10
1.009702829971649170e+10
1.006546166680068398e+10
1.001762642487638474e+10
9.977571287107553482e+09
9.936827935603267670e+09
9.893652311550859451e+09
9.860522704327144623e+09
9.831455507162509918e+09
9.806935024345849991e+09
9.779134670881183624e+09
9.745857573708705902e+09
9.709546448934329987e+09
9.677467483847085953e+09
9.631237396731481552e+09
9.608149566579690933e+09
9.575938191236490250e+09
9.548218738902662277e+09
9.505264808566329956e+09
9.475103249091232300e+09
9.455536526596715927e+09
9.431334960219469070e+09
9.396513616645072937e+09
9.377835845770885468e+09
9.351772955140962601e+09
9.309967565811306000e+09
9.263318461266946793e+09
9.235733101675720215e+09
9.214961240354816437e+09
9.184099884608598709e+09
9.161020837597911835e+09
9.134354733295234680e+09
9.104908079800870895e+09
9.056051019142318726e+09
9.028036715886646271e+09
8.998179464606618881e+09
8.978969462886754990e+09
8.947146699145511627e+09
8.918236073801755905e+09
8.900715045137773514e+09
8.860232393095941544e+09
8.823176238379304886e+09
8.793973970159107208e+09
8.778634858387905121e+09
8.755758427414897919e+09
8.727523125909408569e+09
8.706383976184633255e+09
8.674346445275844574e+09
8.656568676761123657e+09
8.632763028487884521e+09
8.615475637269144058e+09
8.590065106817983627e+09
8.565026748899756432e+09
8.547482416336964607e+09
8.521798894518788338e+09
8.500792286218471527e+09
8.478447064029935837e+09
8.463829531114961624e+09
8.439334520219569206e+09
8.417112097318243980e+09
8.400538115524363518e+09
8.378325784330064774e+09
8.348695927737037659e+09
8.331107638621557236e+09
8.311827027339849472e+09
8.287130484612024307e+09
8.267242881762442589e+09
8.245440993883231163e+09
8.226712696621587753e+09
8.209203150286075592e+09
8.190610579516080856e+09
8.171225225510157585e+09
8.151918097504197121e+09
8.134790512078353882e+09
8.118395803929828644e+09
8.109161205956754684e+09
8.097984453223837852e+09
8.082294862167387962e+09
8.057233730540961266e+09
8.043311496482661247e+09
8.027082628530485153e+09
8.013985084994925499e+09
7.998752744043953896e+09
7.982522478934767723e+09
7.968505357768747330e+09
7.954874379061702728e+09
7.924902430110095024e+09
7.907602369622865677e+09
7.892907043457464218e+09
7.875493401223691940e+09
7.859676048741369247e+09
7.831740536536959648e+09
7.818446486788759232e+09
7.802634618951486588e+09
7.783942211540727615e+09
7.764968998536040306e+09
7.748750053870288849e+09
7.722685294561877251e+09
7.714498305281991005e+09
7.695493474695756912e+09
7.682338324960042000e+09
7.662314345235493660e+09
7.647885055717884064e+09
7.637639702515309334e+09
7.625843070371024132e+09
7.610246813255099297e+09
7.593688628756969452e+09
7.574334224444253922e+09
7.559400876960587502e+09
7.538348564242569923e+09
7.511900175345588684e+09
7.497094926544449806e+09
7.483222325637521744e+09
7.468365318099031448e+09
7.456128174239269257e+09
7.446210103778706551e+09
7.421096046130796432e+09
7.405086077579178810e+09
7.390988791243029594e+09
7.383567327511820793e+09
7.373058555161420822e+09
7.354656614669678688e+09
7.336168837911105156e+09
7.323131676077308655e+09
7.307577868357203484e+09
7.291215059862068176e+09
7.282196791542031288e+09
7.271349178653347969e+09
7.261309118499051094e+09
7.248921283115159988e+09
7.241541248520862579e+09
7.231209859321728706e+09
7.223635551251508713e+09
7.211883199412760735e+09
7.193055372858164787e+09
7.174226945196202278e+09
7.155288701749006271e+09
7.141927315068408012e+09
7.133242116729959488e+09
7.126616451430122375e+09
7.112023486546092033e+09
7.098791729228876114e+09
7.080740734032985687e+09
7.071551637297734261e+09
7.050373547226378441e+09
7.041041361350634575e+09
7.027361216128036499e+09
7.013620387510525703e+09
7.007179214240952492e+09
7.000583824502879143e+09
6.988912528271126747e+09
6.975338511011060715e+09
6.960072115973045349e+09
6.943225141222700119e+09
6.931235112542564392e+09
6.926916917180378914e+09
6.913536553145746231e+09
6.894659920467597008e+09
6.886216137102899551e+09
6.871455277267556190e+09
6.850532826300253868e+09
6.840186515648106575e+09
6.820529157621121407e+09
6.809495422583539963e+09
6.801583856207637787e+09
6.792583240218707085e+09
6.779844626906847954e+09
6.768393245535274506e+09
6.760775916112569809e+09
6.751529140878458023e+09
6.741554905446837425e+09
6.734230680070648193e+09
6.719283358658119202e+09
6.711343170899255753e+09
6.698100742239315987e+09
6.681981768773322105e+09
6.676532955838153839e+09
6.666441870535490990e+09
6.646730714286153793e+09
6.632739180538292885e+09
6.626715970000370979e+09
6.619297216581934929e+09
6.610839569942293167e+09
6.603515563444459915e+09
6.593755088967591286e+09
6.578255851822976112e+09
6.563756997110630035e+09
6.552227305956063271e+09
6.543325230894422531e+09
6.529943923789509773e+09
6.519153456523045540e+09
6.508077759909164429e+09
6.501514891967329025e+09
6.494144830409538269e+09
6.486898031617799759e+09
6.479177751928434372e+09
6.468156637441147804e+09
6.462268564825530052e+09
6.453686884195442200e+09
6.443608989275228500e+09
6.437135187594694138e+09
6.429244935962201118e+09
6.413118147446307182e+09
6.403157430241142273e+09
6.392212644047291756e+09
6.382352862649039268e+09
6.368696564946157455e+09
6.364383433864312172e+09
6.353949497024240494e+09
6.340060766775552750e+09
6.329467151728348732e+09
6.322477798657435417e+09
6.314587680725448608e+09
6.303155771274999619e+09
6.296398511698059082e+09
6.291060410721755981e+09
6.275661359025480270e+09
6.264322278954479218e+09
6.257155804013633728e+09
6.250108379216435432e+09
6.242755779153501511e+09
6.232763459532305717e+09
6.220412809994665146e+09
6.210288424178242683e+09
6.203304461701293945e+09
6.193206269057918549e+09
6.183156790261145592e+09
6.172209946768935204e+09
6.163349727529338837e+09
6.151950243983024597e+09
6.144478677798275948e+09
6.136235426769001007e+09
6.128720215134305954e+09
6.117142975196349144e+09
6.111443465315468788e+09
6.096043835928308487e+09
6.089387539291929245e+09
6.078103446103165627e+09
6.070602412262098312e+09
6.060349720168234825e+09
6.054476526492100716e+09
6.046849763552651405e+09
6.039353272929449081e+09
6.029268273627918243e+09
6.023149802274188042e+09
6.011499119120536804e+09
6.003864768485259056e+09
5.996256988804790497e+09
5.986589749836676598e+09
5.976206390198690414e+09
5.968641473362433434e+09
5.957635131142313957e+09
5.951011929415214539e+09
5.936788533565244675e+09
5.925229747344513893e+09
5.920718884264973640e+09
5.909552267982439041e+09
5.905493128253652573e+09
5.900764652310360909e+09
5.893025918834773064e+09
5.885149394033999443e+09
5.881634609082736969e+09
5.870040833012638092e+09
5.863069616110435486e+09
5.854168660075449944e+09
5.843956221993888855e+09
5.830588542659735680e+09
5.821806443303272247e+09
5.806250716082186699e+09
5.796628391160207748e+09
5.790813694701647758e+09
5.778987185148198128e+09
5.772040015285221100e+09
5.764280831926973343e+09
5.757332940647393227e+09
5.753661801248868942e+09
5.742161747182554245e+09
5.737351892334310532e+09
5.731369888243464470e+09
5.724580675626683235e+09
5.714433503054345131e+09
5.705617058470271111e+09
5.694840005569884300e+09
5.686190361890978813e+09
5.679435074588791847e+09
5.669931997948271751e+09
5.667133765589138031e+09
5.660108452691362381e+09
5.653661134994250298e+09
5.648938461039240837e+09
5.641969948855790138e+09
5.636110674455500603e+09
5.631082154836628914e+09
5.622321973869751930e+09
5.617452654849596024e+09
5.604276701419890404e+09
5.601285171239855766e+09
5.593439552516890526e+09
5.584062664809727669e+09
5.573167208070942879e+09
5.565660979330698967e+09
5.563213956920260429e+09
5.554673495101222992e+09
5.548623247700845718e+09
5.542305994024357796e+09
