1.143032057291070557e+11
9.861059105641539001e+10
8.566697966605636597e+10
7.541737698407402039e+10
6.650232790511627960e+10
5.890327066811988831e+10
5.271853516763028717e+10
4.755205823833141327e+10
4.311048743806997681e+10
3.940956453534317017e+10
3.620344683525605774e+10
3.328727705877922821e+10
3.097028654885778046e+10
2.870840899593352127e+10
2.697338549187641144e+10
2.528003578447595978e+10
2.395192152839052582e+10
2.268808224528216553e+10
2.158094386589728165e+10
2.066602026585704041e+10
1.980532848886595154e+10
1.908484579548107529e+10
1.845303545537347031e+10
1.789513572667583466e+10
1.738631401133188248e+10
1.692451952827258110e+10
1.654616965760607338e+10
1.620398234287594795e+10
1.589611841915816498e+10
1.558317961387067032e+10
1.530966593648221207e+10
1.499538739688643646e+10
1.469478383301216316e+10
1.449449769665752220e+10
1.428583038706490326e+10
1.412091413223843575e+10
1.394253634971923828e+10
1.377616628526763535e+10
1.358913653848744774e+10
1.347227241725540543e+10
1.336219455030117798e+10
1.322566482843790054e+10
1.303523845334565163e+10
1.291187104035463333e+10
1.282746538738753891e+10
1.271383288156118202e+10
1.260271457126930428e+10
1.253521860819690514e+10
1.244135932544119835e+10
1.233338337637020683e+10
1.227447178828286743e+10
1.218533520987842560e+10
1.209243807835400963e+10
1.201419850975438309e+10
1.196088928992758942e+10
1.186568572053545952e+10
1.178985130960729408e+10
1.172131013715332413e+10
1.162694319531826019e+10
1.154455683018630028e+10
1.148968930686454201e+10
1.141453035594554901e+10
1.131950272184269714e+10
1.124036598159655762e+10
1.118109139574844742e+10
1.111902829571330261e+10
1.105201653936887360e+10
1.099465541482510567e+10
1.095819974887744331e+10
1.089403931275156212e+10
1.084081469524155426e+10
1.079885338008289909e+10
1.072487456690052223e+10
1.066624577116298103e+10
1.058037144059665489e+10
1.053678408304798698e+10
1.047893683373673630e+10
1.042875036867983437e+10
1.037120408469179726e+10
1.031398574151148224e+10
1.024904905668216896e+10
1.020531902453766251e+10
1.016482439359624100e+10
1.012396237227147102e+10
1.008510756958013725e+10
1.005092569116987228e+10
1.002295121538295364e+10
9.972512684082172394e+09
9.938225149756580353e+09
9.900771405661699295e+09
9.864863015045383453e+09
9.828587150131088257e+09
9.783495070756656647e+09
9.745067241250059128e+09
9.719409610577413559e+09
9.672091804045675278e+09
9.627049181477184296e+09
9.583852674541471481e+09
9.530931290818815231e+09
9.496882057709629059e+09
9.445998422883296967e+09
9.410418889461250305e+09
9.384860045295293808e+09
9.350798425690250397e+09
9.297001799636919022e+09
9.252297637791612625e+09
9.225069223184185028e+09
9.197664683730022430e+09
9.171529793700572968e+09
9.147195806486228943e+09
9.108170049074605942e+09
9.064949805853311539e+09
9.027551074142311096e+09
8.981362555909635544e+09
8.946846630551614761e+09
8.921477393679666519e+09
8.882226013455574036e+09
8.860415874878791809e+09
8.834131399848728180e+09
8.798157485189512253e+09
8.775904732653179169e+09
8.749494438984634399e+09
8.717934824326705933e+09
8.693713741378734589e+09
8.665554326342422485e+09
8.637432933500947952e+09
8.606632936551239014e+09
8.574515257611088753e+09
8.551269325544984818e+09
8.530655908922216415e+09
8.503833697132074356e+09
8.486210256452181816e+09
8.466539074686777115e+09
8.447012289095944405e+09
8.429737795395876884e+09
8.401864433890832901e+09
8.379789458651787758e+09
8.358847718222549438e+09
8.331308909245051384e+09
8.312789877593122482e+09
8.296071494626512527e+09
8.276627620539911270e+09
8.250748963248980522e+09
8.232485390202678680e+09
8.202289814389387131e+09
8.182816070859096527e+09
8.163905050981473923e+09
8.146622081415198326e+09
8.126711176904937744e+09
8.104995367628975868e+09
8.081527690592372894e+09
8.068989404907586098e+09
8.052018045505962372e+09
8.036758076616500854e+09
8.018471880105306625e+09
7.995767150758521080e+09
7.975941943196140289e+09
7.955806301345607758e+09
7.933616008885519981e+09
7.899201892023939133e+09
7.882450411987400055e+09
7.866402438318337440e+09
7.842665276923918724e+09
7.829626802992184639e+09
7.819466834056231499e+09
7.801492193803502083e+09
7.783044327074384689e+09
7.759509971856369019e+09
7.737407666076835632e+09
7.718610146815180779e+09
7.691986977041118622e+09
7.678267561670716286e+09
7.660907893653203964e+09
7.642461978881909370e+09
7.630001879868396759e+09
7.614095537702548981e+09
7.595109892928050995e+09
7.585483630023620605e+09
7.560917956974257469e+09
7.541860224526688576e+09
7.527437789202473640e+09
7.516561905131574631e+09
7.501673843799994469e+09
7.485638661769468307e+09
7.473382084988556862e+09
7.458273390633784294e+09
7.438715369216412544e+09
7.420274788840304375e+09
7.400816605740532875e+09
7.387192134262769699e+09
7.367302004903644562e+09
7.351926568709460258e+09
7.336757001157385826e+09
7.316215290276391983e+09
7.298620486418145180e+09
7.285671224745942116e+09
7.277083821954802513e+09
7.260557989249010086e+09
7.248814025022272110e+09
7.231245650905180931e+09
7.218817050502160072e+09
7.208884594249556541e+09
7.197628869270679474e+09
7.184808097154985428e+09
7.168733885328509331e+09
7.157688707775509834e+09
7.146685401368983269e+09
7.129249565162429810e+09
7.116297978116076469e+09
7.104138356850831985e+09
7.088107839546987534e+09
7.072013663548423767e+09
7.061453637953441620e+09
7.048196872844301224e+09
7.035769912721675873e+09
7.025049044535232544e+09
7.018411182714984894e+09
7.008854278661242485e+09
6.998120104871971130e+09
6.984831807985193253e+09
6.967932986832592964e+09
6.955908742822462082e+09
6.944538193912875175e+09
6.932225490269415855e+09
6.913979795783101082e+09
6.902878296319272041e+09
6.893199833824348450e+09
6.878223726810630798e+09
6.868138666458790779e+09
6.857361786845824242e+09
6.840963082835165024e+09
6.834239509097990036e+09
6.826795791333742142e+09
6.815821976185163498e+09
6.799623944942606926e+09
6.789747810188683510e+09
6.773639596869171143e+09
6.761929551313964844e+09
6.748792107297343254e+09
6.740406994437455177e+09
6.723770548220587730e+09
6.716578568479824066e+09
6.704145047328497887e+09
6.695822410762728691e+09
6.681791355692048073e+09
6.676055642259160042e+09
6.657240789251371384e+09
6.649063337028154373e+09
6.634527601462185860e+09
6.621340785379285812e+09
6.612457549510421753e+09
6.600688170089340210e+09
6.593137221318198204e+09
6.587022584510876656e+09
6.573463253664899826e+09
6.565449813995923042e+09
6.556895945668532372e+09
6.543526639334910393e+09
6.529942396924758911e+09
6.518947456671194077e+09
6.502635641019616127e+09
6.487531658822527885e+09
6.478376049916673660e+09
6.469619616960907936e+09
6.460512325922058105e+09
6.448131541674400330e+09
6.439401314189169884e+09
6.432474584294371605e+09
6.423001384222156525e+09
6.411077553606121063e+09
6.402773756344985962e+09
6.389194087491421700e+09
6.380837538301136971e+09
6.372129728556248665e+09
6.358064395340888023e+09
6.348878127248323441e+09
6.340767092050209999e+09
6.329217616609688759e+09
6.322856507119058609e+09
6.311784025835497856e+09
6.304089569149049759e+09
6.295271282769203186e+09
6.286591591802849770e+09
6.278128069840748787e+09
6.269870388455782890e+09
6.263822843776792526e+09
6.252236133041692734e+09
6.245608652607769012e+09
6.241024880779870987e+09
6.227788440101514816e+09
6.216901567612632751e+09
6.203355648139061928e+09
6.191490247578891754e+09
6.186824722739452362e+09
6.178893546173336029e+09
6.170217805879477501e+09
6.162831822228506088e+09
6.147718285803588867e+09
6.139772136329524994e+09
6.131407633097673416e+09
6.120283985530346870e+09
6.110725744351111412e+09
6.104478357853811264e+09
6.093971221295382500e+09
6.088600109994172096e+09
6.083986552701537132e+09
6.078583700490994453e+09
6.067831108720174789e+09
6.060113820713571548e+09
6.053630862009674072e+09
6.042186182796457291e+09
6.033629615570278168e+09
6.025683490048018456e+09
6.020793469393239021e+09
6.013446673601288795e+09
6.006747790713418961e+09
6.000749212828264236e+09
5.997177838048539162e+09
5.988127522017641068e+09
5.983535613289850235e+09
5.975316718465443611e+09
5.964757762877731323e+09
5.957916530503647804e+09
5.949533336854675293e+09
5.939144422024620056e+09
5.931718336438883781e+09
5.919152889460066795e+09
5.907329041748408318e+09
5.900236693142592430e+09
5.891751695343393326e+09
5.884710208518178940e+09
5.876094180752058983e+09
5.865325200676352501e+09
5.857760816532028198e+09
5.848467119243782997e+09
5.838581788072756767e+09
5.831470752637963295e+09
5.826636607189573288e+09
5.815702850263206482e+09
5.799473007584134102e+09
5.792304030132472038e+09
5.783324068616802216e+09
5.775393786606703758e+09
5.769519947450480461e+09
5.762678474608262062e+09
5.756512195694615364e+09
5.750504746835639954e+09
5.742904320245495796e+09
5.738640284282915115e+09
5.733144499027199745e+09
5.723034481388615608e+09
5.715970337506014824e+09
5.706307265418055534e+09
5.700142727807869911e+09
5.693255606527593613e+09
5.689031640734369278e+09
5.680336473127401352e+09
5.675571841661633492e+09
5.663493382643415451e+09
5.654922682421300888e+09
5.652074233519019127e+09
5.644675576796586990e+09
5.637735299642858505e+09
5.633064556781340599e+09
5.626753264526287079e+09
5.617112850794393539e+09
5.613219860919117928e+09
5.607068308268332481e+09
5.596380107116081238e+09
5.591012788836356163e+09
5.587336496569949150e+09
5.579774529452952385e+09
5.572327940251666069e+09
5.566537996089258194e+09
5.558176723832962990e+09
5.549709098500388145e+09
5.546695182257033348e+09
5.543175851453188896e+09
5.536100371693252563e+09
5.527727682994419098e+09
5.518962974780215263e+09
5.516081748609915733e+09
5.510480000868418694e+09
5.502907759662507057e+09
5.496881546375845909e+09
5.494250380172636032e+09
5.489179095613708496e+09
5.484195144324357033e+09
5.478210658662434578e+09
5.474338263675333977e+09
5.467556254527431488e+09
5.463916938648568153e+09
5.454045013496002197e+09
5.447044245162570953e+09
5.440326473664710045e+09
5.431915200499574661e+09
5.425490845504536629e+09
5.419999836034952164e+09
5.414545822312320709e+09
5.406381124506978989e+09
5.398678935084787369e+09
5.389983976851024628e+09
5.386108168250444412e+09
5.377423415699619293e+09
5.362226620667450905e+09
5.353099013644503593e+09
5.344411116077598572e+09
5.339965758350153923e+09
5.337511462629682541e+09
5.335779506717603683e+09
5.322066181479185104e+09
5.315276222512200356e+09
5.310194721852502823e+09
5.304593382844139099e+09
5.299897145525481224e+09
5.292521727217356682e+09
5.286750573221982956e+09
5.279825698630591393e+09
5.273202551184816360e+09
5.267384166475413322e+09
5.264325438447309494e+09
5.261938087148541451e+09
5.257470898465780258e+09
5.249726278630191803e+09
5.245546660188436508e+09
5.237348179747294426e+09
5.230535747248044014e+09
5.224776794224020958e+09
5.214833684259027481e+09
5.213202819938335419e+09
5.205744225770965576e+09
5.200697858319920540e+09
5.190950909675360680e+09
5.183663294176501274e+09
5.177560205260060310e+09
5.172350919868779182e+09
5.164046121058917046e+09
5.158229877473122597e+09
5.152657486467089653e+09
5.147250639053266525e+09
5.141754425270534515e+09
5.133193678640529633e+09
5.126107171709877014e+09
5.117333039118241310e+09
