6.448936641824968774e+01
4.947649764585298726e+01
3.923813454475861562e+01
3.183334622911176126e+01
2.616224946546219954e+01
2.214234030195996183e+01
1.906555567303673016e+01
1.697735024045815777e+01
1.543420009015946448e+01
1.393795900377489438e+01
1.299850034634170193e+01
1.228601080134227885e+01
1.172942529182397031e+01
1.126596141071832591e+01
1.068389771769975738e+01
1.028225632542624624e+01
9.886814064470950569e+00
9.551299169075385009e+00
9.213834951168859533e+00
8.960487349971838711e+00
8.735478479792826434e+00
8.540892368092031006e+00
8.370703139098729650e+00
8.170728240326001313e+00
7.894683623901493696e+00
7.741115719028673681e+00
7.626114628507328241e+00
7.513896361491656961e+00
7.322999429424959850e+00
7.163365926194035893e+00
7.075483439720802181e+00
6.966707925055425576e+00
6.810098444934209461e+00
6.718617973924035702e+00
6.586946337095797688e+00
6.435875667506198994e+00
6.355735268144344197e+00
6.247889776570194620e+00
6.146267980151078447e+00
6.057179016124401905e+00
5.943768401851388106e+00
5.877752341294922189e+00
5.750746454259370033e+00
5.611602719287676067e+00
5.530065256097879356e+00
5.439205202848009790e+00
5.372249059006836802e+00
5.314098786038161215e+00
5.272407086714142821e+00
5.208444922642852859e+00
5.159701410119247988e+00
5.084607771870709669e+00
4.995353126800629262e+00
4.944834599716103618e+00
4.881977597677432890e+00
4.822946604433952622e+00
4.772646099473466741e+00
4.713292431734590338e+00
4.658804836005962180e+00
4.613407558300500533e+00
4.558496543545973445e+00
4.485526793677195201e+00
4.439591897953843791e+00
4.391517359141510646e+00
4.327077639961190769e+00
4.276947815358073335e+00
4.236871619295716762e+00
4.205241560928363320e+00
4.156277814660771064e+00
4.114992262807396273e+00
4.079590481408181368e+00
4.025959796205531127e+00
3.992021635401321600e+00
3.962059209185458286e+00
3.932218042245311906e+00
3.881187172744894109e+00
3.830730836513940751e+00
3.782754841298996418e+00
3.744325730651117734e+00
3.705417467443454793e+00
3.668425608911610958e+00
3.648420638114505010e+00
3.612921346672857581e+00
3.559462504141510220e+00
3.526404747793209449e+00
3.492211544215170438e+00
3.455855229026524977e+00
3.422644107413520764e+00
3.393565597386557720e+00
3.369734446505380010e+00
3.323810283344066363e+00
3.275834654584280248e+00
3.250986095454614588e+00
3.222741248726346708e+00
3.198224563753682137e+00
3.174399617687126085e+00
3.152936878495527839e+00
3.114837948048447380e+00
3.098288006519628102e+00
3.064601404570800103e+00
