6.429321387875320681e+01
4.932181802842973894e+01
3.836058878464446309e+01
3.091960161599874368e+01
2.567227516790939390e+01
2.161987929708945089e+01
1.821259513204340763e+01
1.599230314140279141e+01
1.428188760464978380e+01
1.308399507047373156e+01
1.194806663001870639e+01
1.121590373177882860e+01
1.067544582354675775e+01
1.023941061719610346e+01
9.590335645471737891e+00
9.321911398104502311e+00
9.010801881704390226e+00
8.601182517464089017e+00
8.302805269081664719e+00
8.025542378260023924e+00
7.795829514777256719e+00
7.565368795842147165e+00
7.446575684425023489e+00
7.281580160682401548e+00
7.013970095063786658e+00
6.884391116807885069e+00
6.799537764198230860e+00
6.688620148559329515e+00
6.570571451218360615e+00
6.448897517734146767e+00
6.342334393006050952e+00
6.221219265591092729e+00
6.158853455154073231e+00
6.087158135452205521e+00
5.978136903708356265e+00
5.898887494380429253e+00
5.837010534935674677e+00
5.707702650118058330e+00
5.624125224099627118e+00
5.520511509901648850e+00
5.447783592583083312e+00
5.351055381514082221e+00
5.307159346340898587e+00
5.219545866103481480e+00
5.175845015135859484e+00
5.077508532488067772e+00
5.043496021928262962e+00
4.989085925101242047e+00
4.924190103865318413e+00
4.861307102476184916e+00
4.824794116867026972e+00
4.789661912177801462e+00
4.751368196067947913e+00
4.703665275994302064e+00
4.625314500639627902e+00
4.569838464158942237e+00
4.540915120628270074e+00
4.507707002876300884e+00
4.467679279803840942e+00
4.440480046964704108e+00
4.399354931264690016e+00
4.354530446172558911e+00
4.282801155522643732e+00
4.225582952927979363e+00
4.165070375164723337e+00
4.109297764938359521e+00
4.069799386313899703e+00
4.040165750163683178e+00
4.008465537368109288e+00
3.983280344147921870e+00
3.937582484049290343e+00
3.894523320792279808e+00
3.868284127634312508e+00
3.843898860805519568e+00
3.810536030508114180e+00
3.781135893880715582e+00
3.736899570114217362e+00
3.700448126149116668e+00
3.666139020865935017e+00
3.642672325152053414e+00
3.612917187330145108e+00
3.586174850613072618e+00
3.565921783156237090e+00
3.533246572259845397e+00
3.497953826346918316e+00
3.473886878397919986e+00
3.452148171131858678e+00
3.427967424239079630e+00
3.373894767399585604e+00
3.348084299801190600e+00
3.320914250057944717e+00
3.283184057607361428e+00
3.258488374370280827e+00
3.238637574653270512e+00
3.213109471075695556e+00
3.186399034758067739e+00
3.153645854635284795e+00
3.135028095715193697e+00
3.121526886546497348e+00
3.095484199029951533e+00
