6.090239031790426338e+01
4.672709546147503801e+01
3.720091582787868134e+01
3.023868458576636442e+01
2.473244595786836442e+01
2.097588244791612055e+01
1.838116027630395166e+01
1.643348128818737663e+01
1.473183240267517924e+01
1.338581883075881862e+01
1.252092999096231019e+01
1.166853858353777618e+01
1.102236534349918706e+01
1.030020669238891351e+01
9.807895537226942295e+00
9.422755148913717349e+00
9.004511392589890306e+00
8.669378427407773202e+00
8.459949426436759623e+00
8.265477830126089387e+00
7.973220287112037674e+00
7.754247502875394105e+00
7.604982738852234192e+00
7.367583669795512158e+00
7.167683990463811661e+00
7.022061521443695220e+00
6.916019684693137215e+00
6.793600237708457001e+00
6.681461073808140583e+00
6.568200138761366880e+00
6.474695613245987857e+00
6.367486835626186448e+00
6.290610983372711296e+00
6.205298127945714448e+00
6.050546542600029554e+00
5.969222534383191281e+00
5.836841604580470744e+00
5.768915572479031972e+00
5.690297176970187110e+00
5.586110323513924669e+00
5.517061514979589631e+00
5.433050431888688081e+00
5.345057768549862587e+00
5.285806060688830854e+00
5.199048559112810608e+00
5.137775136576474999e+00
5.074486821612688381e+00
5.010179280722525164e+00
4.897468770024538287e+00
4.849075897732871177e+00
4.783977257812250805e+00
4.732390440502045159e+00
4.643160689202429303e+00
4.586389704785085897e+00
4.547166519102717963e+00
