6.167805985241791689e+01
4.743943720622834803e+01
3.760858730033685049e+01
3.041041357358302832e+01
2.525751877525633304e+01
2.126212699032306475e+01
1.857979677860486589e+01
1.664077132888248300e+01
1.531797395918319538e+01
1.412263689067689043e+01
1.331233665942130528e+01
1.239006378743456871e+01
1.146894722710752035e+01
1.087426644251088348e+01
1.028265937271075714e+01
9.854787229921633696e+00
9.520529320616468283e+00
9.110228716272144922e+00
8.859947098871852944e+00
8.612747315352908828e+00
8.411117777258112937e+00
8.138426361764322436e+00
7.870254455797272009e+00
7.679996778102272437e+00
7.560535559003072947e+00
7.384155334985948116e+00
7.234201433739106513e+00
7.098574062424504838e+00
6.924979480052541270e+00
6.805270104964319167e+00
6.618875400410990650e+00
6.445680900754390485e+00
6.337569080086996820e+00
6.252261436963086894e+00
6.148768645062784977e+00
6.064333274419476005e+00
5.943695331558297212e+00
5.872372264260532049e+00
5.799259087395401302e+00
5.610541990143839364e+00
5.537014751944241198e+00
5.434056874612786636e+00
5.303416226497986052e+00
5.223546950649426535e+00
5.150101319646739562e+00
5.064363214345728892e+00
5.010482838491316926e+00
4.933045654404157432e+00
4.844777806402915665e+00
4.780705082698284869e+00
4.709538905241237750e+00
4.637810147580771591e+00
4.555086264525701978e+00
4.477217097488431108e+00
4.405165253697501448e+00
4.339070185707258887e+00
4.303740095874633909e+00
4.248881171833009951e+00
4.191714096743099027e+00
4.127979425061319319e+00
4.075298427073166252e+00
4.033571688944878275e+00
3.958028848179344195e+00
3.925236550171641081e+00
3.883888848969159202e+00
3.832987050599145906e+00
3.795044594021889317e+00
3.756613391477374719e+00
3.729251599335764222e+00
3.691260707641929706e+00
3.659062074136798959e+00
3.620300299637093655e+00
3.553676190709226468e+00
3.504340050605977641e+00
3.465621926207942405e+00
3.425688727791635024e+00
3.400803805358080911e+00
3.371159057141321913e+00
3.341788061770538665e+00
3.307182230400058209e+00
3.272516729718859985e+00
3.224125387224648254e+00
3.196163607755947655e+00
3.150092911235157445e+00
3.109834649106534510e+00
3.081370537888181715e+00
3.057845443187414691e+00
3.035186656795061833e+00
3.013176464896378803e+00
2.983420344715519423e+00
2.964431956647373134e+00
2.937186969170149986e+00
2.916975219916589257e+00
2.900892266270420627e+00
2.874144747789270760e+00
2.847606989690377954e+00
2.828756907403823906e+00
2.789817223856234207e+00
2.754495401411512834e+00
2.735999718857792029e+00
