2025-01-23 15:20:26.116426
CatBoost - Allstate_Claims

MSE - mean: 3750655.58338
MSE - std: 193797.73925
R2 - mean: 0.55534
R2 - std: 0.01082

Train time: 19.096101
Test time: 2.718380

Best Parameters: {'learning_rate': 0.17395497584777767, 'max_depth': 10, 'l2_leaf_reg': 13.407271991332768, 'iterations': 100, 'od_type': 'Iter', 'od_wait': 20, 'verbose': 100, 'train_dir': 'output/CatBoost/Allstate_Claims/catboost_info', 'task_type': 'GPU', 'devices': [[0, 1]], 'cat_features': [0, 1, 2, 3, 4, 5, 6, 7, 8, 9, 10, 11, 12, 13, 14, 15, 16, 17, 18, 19, 20, 21, 22, 23, 24, 25, 26, 27, 28, 29, 30, 31, 32, 33, 34, 35, 36, 37, 38, 39, 40, 41, 42, 43, 44, 45, 46, 47, 48, 49, 50, 51, 52, 53, 54, 55, 56, 57, 58, 59, 60, 61, 62, 63, 64, 65, 66, 67, 68, 69, 70, 71, 72, 73, 74, 75, 76, 77, 78, 79, 80, 81, 82, 83, 84, 85, 86, 87, 88, 89, 90, 91, 92, 93, 94, 95, 96, 97, 98, 99, 100, 101, 102, 103, 104, 105, 106, 107, 108, 109, 110, 111, 112, 113, 114, 115]}


2025-01-23 15:21:45.777046
CatBoost - Allstate_Claims

MSE - mean: 3750586.13372
MSE - std: 210177.06362
R2 - mean: 0.55545
R2 - std: 0.01088

Train time: 19.406390
Test time: 2.710518

Best Parameters: {'learning_rate': 0.14261184738675245, 'max_depth': 10, 'l2_leaf_reg': 9.028837852322587, 'iterations': 100, 'od_type': 'Iter', 'od_wait': 20, 'verbose': 100, 'train_dir': 'output/CatBoost/Allstate_Claims/catboost_info', 'task_type': 'GPU', 'devices': [[0, 1]], 'cat_features': [0, 1, 2, 3, 4, 5, 6, 7, 8, 9, 10, 11, 12, 13, 14, 15, 16, 17, 18, 19, 20, 21, 22, 23, 24, 25, 26, 27, 28, 29, 30, 31, 32, 33, 34, 35, 36, 37, 38, 39, 40, 41, 42, 43, 44, 45, 46, 47, 48, 49, 50, 51, 52, 53, 54, 55, 56, 57, 58, 59, 60, 61, 62, 63, 64, 65, 66, 67, 68, 69, 70, 71, 72, 73, 74, 75, 76, 77, 78, 79, 80, 81, 82, 83, 84, 85, 86, 87, 88, 89, 90, 91, 92, 93, 94, 95, 96, 97, 98, 99, 100, 101, 102, 103, 104, 105, 106, 107, 108, 109, 110, 111, 112, 113, 114, 115]}


2025-01-23 15:22:57.932914
CatBoost - Allstate_Claims

MSE - mean: 3714114.55639
MSE - std: 208595.01490
R2 - mean: 0.55978
R2 - std: 0.01082

Train time: 18.191663
Test time: 2.640125

Best Parameters: {'learning_rate': 0.18671636487726073, 'max_depth': 9, 'l2_leaf_reg': 6.879917236960142, 'iterations': 100, 'od_type': 'Iter', 'od_wait': 20, 'verbose': 100, 'train_dir': 'output/CatBoost/Allstate_Claims/catboost_info', 'task_type': 'GPU', 'devices': [[0, 1]], 'cat_features': [0, 1, 2, 3, 4, 5, 6, 7, 8, 9, 10, 11, 12, 13, 14, 15, 16, 17, 18, 19, 20, 21, 22, 23, 24, 25, 26, 27, 28, 29, 30, 31, 32, 33, 34, 35, 36, 37, 38, 39, 40, 41, 42, 43, 44, 45, 46, 47, 48, 49, 50, 51, 52, 53, 54, 55, 56, 57, 58, 59, 60, 61, 62, 63, 64, 65, 66, 67, 68, 69, 70, 71, 72, 73, 74, 75, 76, 77, 78, 79, 80, 81, 82, 83, 84, 85, 86, 87, 88, 89, 90, 91, 92, 93, 94, 95, 96, 97, 98, 99, 100, 101, 102, 103, 104, 105, 106, 107, 108, 109, 110, 111, 112, 113, 114, 115]}


2025-01-23 15:24:11.341234
CatBoost - Allstate_Claims

MSE - mean: 3692846.69423
MSE - std: 205902.29325
R2 - mean: 0.56222
R2 - std: 0.01308

Train time: 18.519699
Test time: 2.709138

Best Parameters: {'learning_rate': 0.2171657792954215, 'max_depth': 9, 'l2_leaf_reg': 8.616867584441708, 'iterations': 100, 'od_type': 'Iter', 'od_wait': 20, 'verbose': 100, 'train_dir': 'output/CatBoost/Allstate_Claims/catboost_info', 'task_type': 'GPU', 'devices': [[0, 1]], 'cat_features': [0, 1, 2, 3, 4, 5, 6, 7, 8, 9, 10, 11, 12, 13, 14, 15, 16, 17, 18, 19, 20, 21, 22, 23, 24, 25, 26, 27, 28, 29, 30, 31, 32, 33, 34, 35, 36, 37, 38, 39, 40, 41, 42, 43, 44, 45, 46, 47, 48, 49, 50, 51, 52, 53, 54, 55, 56, 57, 58, 59, 60, 61, 62, 63, 64, 65, 66, 67, 68, 69, 70, 71, 72, 73, 74, 75, 76, 77, 78, 79, 80, 81, 82, 83, 84, 85, 86, 87, 88, 89, 90, 91, 92, 93, 94, 95, 96, 97, 98, 99, 100, 101, 102, 103, 104, 105, 106, 107, 108, 109, 110, 111, 112, 113, 114, 115]}


2025-01-23 15:25:31.442479
CatBoost - Allstate_Claims

MSE - mean: 3719151.52300
MSE - std: 221945.16261
R2 - mean: 0.55922
R2 - std: 0.01257

Train time: 20.437723
Test time: 2.699427

Best Parameters: {'learning_rate': 0.1606078326500066, 'max_depth': 11, 'l2_leaf_reg': 6.3498508954233355, 'iterations': 100, 'od_type': 'Iter', 'od_wait': 20, 'verbose': 100, 'train_dir': 'output/CatBoost/Allstate_Claims/catboost_info', 'task_type': 'GPU', 'devices': [[0, 1]], 'cat_features': [0, 1, 2, 3, 4, 5, 6, 7, 8, 9, 10, 11, 12, 13, 14, 15, 16, 17, 18, 19, 20, 21, 22, 23, 24, 25, 26, 27, 28, 29, 30, 31, 32, 33, 34, 35, 36, 37, 38, 39, 40, 41, 42, 43, 44, 45, 46, 47, 48, 49, 50, 51, 52, 53, 54, 55, 56, 57, 58, 59, 60, 61, 62, 63, 64, 65, 66, 67, 68, 69, 70, 71, 72, 73, 74, 75, 76, 77, 78, 79, 80, 81, 82, 83, 84, 85, 86, 87, 88, 89, 90, 91, 92, 93, 94, 95, 96, 97, 98, 99, 100, 101, 102, 103, 104, 105, 106, 107, 108, 109, 110, 111, 112, 113, 114, 115]}


2025-01-23 15:26:51.773646
CatBoost - Allstate_Claims

MSE - mean: 3701404.82518
MSE - std: 212593.36605
R2 - mean: 0.56129
R2 - std: 0.01153

Train time: 20.233592
Test time: 2.799240

Best Parameters: {'learning_rate': 0.19770885087804477, 'max_depth': 11, 'l2_leaf_reg': 7.793077262712996, 'iterations': 100, 'od_type': 'Iter', 'od_wait': 20, 'verbose': 100, 'train_dir': 'output/CatBoost/Allstate_Claims/catboost_info', 'task_type': 'GPU', 'devices': [[0, 1]], 'cat_features': [0, 1, 2, 3, 4, 5, 6, 7, 8, 9, 10, 11, 12, 13, 14, 15, 16, 17, 18, 19, 20, 21, 22, 23, 24, 25, 26, 27, 28, 29, 30, 31, 32, 33, 34, 35, 36, 37, 38, 39, 40, 41, 42, 43, 44, 45, 46, 47, 48, 49, 50, 51, 52, 53, 54, 55, 56, 57, 58, 59, 60, 61, 62, 63, 64, 65, 66, 67, 68, 69, 70, 71, 72, 73, 74, 75, 76, 77, 78, 79, 80, 81, 82, 83, 84, 85, 86, 87, 88, 89, 90, 91, 92, 93, 94, 95, 96, 97, 98, 99, 100, 101, 102, 103, 104, 105, 106, 107, 108, 109, 110, 111, 112, 113, 114, 115]}


2025-01-23 15:28:12.547097
CatBoost - Allstate_Claims

MSE - mean: 3747213.49785
MSE - std: 208581.22486
R2 - mean: 0.55581
R2 - std: 0.01203

Train time: 19.385401
Test time: 2.707963

Best Parameters: {'learning_rate': 0.17060939255836383, 'max_depth': 10, 'l2_leaf_reg': 10.913555841611544, 'iterations': 100, 'od_type': 'Iter', 'od_wait': 20, 'verbose': 100, 'train_dir': 'output/CatBoost/Allstate_Claims/catboost_info', 'task_type': 'GPU', 'devices': [[0, 1]], 'cat_features': [0, 1, 2, 3, 4, 5, 6, 7, 8, 9, 10, 11, 12, 13, 14, 15, 16, 17, 18, 19, 20, 21, 22, 23, 24, 25, 26, 27, 28, 29, 30, 31, 32, 33, 34, 35, 36, 37, 38, 39, 40, 41, 42, 43, 44, 45, 46, 47, 48, 49, 50, 51, 52, 53, 54, 55, 56, 57, 58, 59, 60, 61, 62, 63, 64, 65, 66, 67, 68, 69, 70, 71, 72, 73, 74, 75, 76, 77, 78, 79, 80, 81, 82, 83, 84, 85, 86, 87, 88, 89, 90, 91, 92, 93, 94, 95, 96, 97, 98, 99, 100, 101, 102, 103, 104, 105, 106, 107, 108, 109, 110, 111, 112, 113, 114, 115]}


2025-01-23 15:29:24.988021
CatBoost - Allstate_Claims

MSE - mean: 3715639.67409
MSE - std: 190524.60293
R2 - mean: 0.55945
R2 - std: 0.01197

Train time: 18.250785
Test time: 2.792304

Best Parameters: {'learning_rate': 0.23531519758065925, 'max_depth': 8, 'l2_leaf_reg': 10.18185124595211, 'iterations': 100, 'od_type': 'Iter', 'od_wait': 20, 'verbose': 100, 'train_dir': 'output/CatBoost/Allstate_Claims/catboost_info', 'task_type': 'GPU', 'devices': [[0, 1]], 'cat_features': [0, 1, 2, 3, 4, 5, 6, 7, 8, 9, 10, 11, 12, 13, 14, 15, 16, 17, 18, 19, 20, 21, 22, 23, 24, 25, 26, 27, 28, 29, 30, 31, 32, 33, 34, 35, 36, 37, 38, 39, 40, 41, 42, 43, 44, 45, 46, 47, 48, 49, 50, 51, 52, 53, 54, 55, 56, 57, 58, 59, 60, 61, 62, 63, 64, 65, 66, 67, 68, 69, 70, 71, 72, 73, 74, 75, 76, 77, 78, 79, 80, 81, 82, 83, 84, 85, 86, 87, 88, 89, 90, 91, 92, 93, 94, 95, 96, 97, 98, 99, 100, 101, 102, 103, 104, 105, 106, 107, 108, 109, 110, 111, 112, 113, 114, 115]}


2025-01-23 15:30:39.490342
CatBoost - Allstate_Claims

MSE - mean: 3704036.53356
MSE - std: 191871.47178
R2 - mean: 0.56082
R2 - std: 0.01235

Train time: 18.625663
Test time: 2.826547

Best Parameters: {'learning_rate': 0.2611840807112236, 'max_depth': 9, 'l2_leaf_reg': 9.113522453970496, 'iterations': 100, 'od_type': 'Iter', 'od_wait': 20, 'verbose': 100, 'train_dir': 'output/CatBoost/Allstate_Claims/catboost_info', 'task_type': 'GPU', 'devices': [[0, 1]], 'cat_features': [0, 1, 2, 3, 4, 5, 6, 7, 8, 9, 10, 11, 12, 13, 14, 15, 16, 17, 18, 19, 20, 21, 22, 23, 24, 25, 26, 27, 28, 29, 30, 31, 32, 33, 34, 35, 36, 37, 38, 39, 40, 41, 42, 43, 44, 45, 46, 47, 48, 49, 50, 51, 52, 53, 54, 55, 56, 57, 58, 59, 60, 61, 62, 63, 64, 65, 66, 67, 68, 69, 70, 71, 72, 73, 74, 75, 76, 77, 78, 79, 80, 81, 82, 83, 84, 85, 86, 87, 88, 89, 90, 91, 92, 93, 94, 95, 96, 97, 98, 99, 100, 101, 102, 103, 104, 105, 106, 107, 108, 109, 110, 111, 112, 113, 114, 115]}


2025-01-23 15:31:53.778188
CatBoost - Allstate_Claims

MSE - mean: 3758192.81390
MSE - std: 200952.11404
R2 - mean: 0.55450
R2 - std: 0.01039

Train time: 18.252735
Test time: 2.774206

Best Parameters: {'learning_rate': 0.13608139502637703, 'max_depth': 8, 'l2_leaf_reg': 7.368241539666213, 'iterations': 100, 'od_type': 'Iter', 'od_wait': 20, 'verbose': 100, 'train_dir': 'output/CatBoost/Allstate_Claims/catboost_info', 'task_type': 'GPU', 'devices': [[0, 1]], 'cat_features': [0, 1, 2, 3, 4, 5, 6, 7, 8, 9, 10, 11, 12, 13, 14, 15, 16, 17, 18, 19, 20, 21, 22, 23, 24, 25, 26, 27, 28, 29, 30, 31, 32, 33, 34, 35, 36, 37, 38, 39, 40, 41, 42, 43, 44, 45, 46, 47, 48, 49, 50, 51, 52, 53, 54, 55, 56, 57, 58, 59, 60, 61, 62, 63, 64, 65, 66, 67, 68, 69, 70, 71, 72, 73, 74, 75, 76, 77, 78, 79, 80, 81, 82, 83, 84, 85, 86, 87, 88, 89, 90, 91, 92, 93, 94, 95, 96, 97, 98, 99, 100, 101, 102, 103, 104, 105, 106, 107, 108, 109, 110, 111, 112, 113, 114, 115]}


2025-01-23 15:33:15.274445
CatBoost - Allstate_Claims

MSE - mean: 3684889.93699
MSE - std: 226843.31213
R2 - mean: 0.56327
R2 - std: 0.01407

Train time: 18.951107
Test time: 2.772857

Best Parameters: {'learning_rate': 0.18860455195589437, 'max_depth': 9, 'l2_leaf_reg': 5.331048963343451, 'iterations': 100, 'od_type': 'Iter', 'od_wait': 20, 'verbose': 100, 'train_dir': 'output/CatBoost/Allstate_Claims/catboost_info', 'task_type': 'GPU', 'devices': [[0, 1]], 'cat_features': [0, 1, 2, 3, 4, 5, 6, 7, 8, 9, 10, 11, 12, 13, 14, 15, 16, 17, 18, 19, 20, 21, 22, 23, 24, 25, 26, 27, 28, 29, 30, 31, 32, 33, 34, 35, 36, 37, 38, 39, 40, 41, 42, 43, 44, 45, 46, 47, 48, 49, 50, 51, 52, 53, 54, 55, 56, 57, 58, 59, 60, 61, 62, 63, 64, 65, 66, 67, 68, 69, 70, 71, 72, 73, 74, 75, 76, 77, 78, 79, 80, 81, 82, 83, 84, 85, 86, 87, 88, 89, 90, 91, 92, 93, 94, 95, 96, 97, 98, 99, 100, 101, 102, 103, 104, 105, 106, 107, 108, 109, 110, 111, 112, 113, 114, 115]}


2025-01-23 15:34:31.535980
CatBoost - Allstate_Claims

MSE - mean: 3708586.26416
MSE - std: 222226.55476
R2 - mean: 0.56046
R2 - std: 0.01310

Train time: 18.623113
Test time: 2.751450

Best Parameters: {'learning_rate': 0.16449075291717932, 'max_depth': 8, 'l2_leaf_reg': 4.5655662540884245, 'iterations': 100, 'od_type': 'Iter', 'od_wait': 20, 'verbose': 100, 'train_dir': 'output/CatBoost/Allstate_Claims/catboost_info', 'task_type': 'GPU', 'devices': [[0, 1]], 'cat_features': [0, 1, 2, 3, 4, 5, 6, 7, 8, 9, 10, 11, 12, 13, 14, 15, 16, 17, 18, 19, 20, 21, 22, 23, 24, 25, 26, 27, 28, 29, 30, 31, 32, 33, 34, 35, 36, 37, 38, 39, 40, 41, 42, 43, 44, 45, 46, 47, 48, 49, 50, 51, 52, 53, 54, 55, 56, 57, 58, 59, 60, 61, 62, 63, 64, 65, 66, 67, 68, 69, 70, 71, 72, 73, 74, 75, 76, 77, 78, 79, 80, 81, 82, 83, 84, 85, 86, 87, 88, 89, 90, 91, 92, 93, 94, 95, 96, 97, 98, 99, 100, 101, 102, 103, 104, 105, 106, 107, 108, 109, 110, 111, 112, 113, 114, 115]}


2025-01-23 15:35:44.118665
CatBoost - Allstate_Claims

MSE - mean: 3767133.01361
MSE - std: 217290.03812
R2 - mean: 0.55346
R2 - std: 0.01320

Train time: 17.976291
Test time: 2.719245

Best Parameters: {'learning_rate': 0.14999262903176186, 'max_depth': 7, 'l2_leaf_reg': 6.259286225470003, 'iterations': 100, 'od_type': 'Iter', 'od_wait': 20, 'verbose': 100, 'train_dir': 'output/CatBoost/Allstate_Claims/catboost_info', 'task_type': 'GPU', 'devices': [[0, 1]], 'cat_features': [0, 1, 2, 3, 4, 5, 6, 7, 8, 9, 10, 11, 12, 13, 14, 15, 16, 17, 18, 19, 20, 21, 22, 23, 24, 25, 26, 27, 28, 29, 30, 31, 32, 33, 34, 35, 36, 37, 38, 39, 40, 41, 42, 43, 44, 45, 46, 47, 48, 49, 50, 51, 52, 53, 54, 55, 56, 57, 58, 59, 60, 61, 62, 63, 64, 65, 66, 67, 68, 69, 70, 71, 72, 73, 74, 75, 76, 77, 78, 79, 80, 81, 82, 83, 84, 85, 86, 87, 88, 89, 90, 91, 92, 93, 94, 95, 96, 97, 98, 99, 100, 101, 102, 103, 104, 105, 106, 107, 108, 109, 110, 111, 112, 113, 114, 115]}


2025-01-23 15:37:03.900346
CatBoost - Allstate_Claims

MSE - mean: 3708253.00264
MSE - std: 197941.23562
R2 - mean: 0.56041
R2 - std: 0.01051

Train time: 19.444189
Test time: 2.841119

Best Parameters: {'learning_rate': 0.2128451236565951, 'max_depth': 10, 'l2_leaf_reg': 8.50106723121006, 'iterations': 100, 'od_type': 'Iter', 'od_wait': 20, 'verbose': 100, 'train_dir': 'output/CatBoost/Allstate_Claims/catboost_info', 'task_type': 'GPU', 'devices': [[0, 1]], 'cat_features': [0, 1, 2, 3, 4, 5, 6, 7, 8, 9, 10, 11, 12, 13, 14, 15, 16, 17, 18, 19, 20, 21, 22, 23, 24, 25, 26, 27, 28, 29, 30, 31, 32, 33, 34, 35, 36, 37, 38, 39, 40, 41, 42, 43, 44, 45, 46, 47, 48, 49, 50, 51, 52, 53, 54, 55, 56, 57, 58, 59, 60, 61, 62, 63, 64, 65, 66, 67, 68, 69, 70, 71, 72, 73, 74, 75, 76, 77, 78, 79, 80, 81, 82, 83, 84, 85, 86, 87, 88, 89, 90, 91, 92, 93, 94, 95, 96, 97, 98, 99, 100, 101, 102, 103, 104, 105, 106, 107, 108, 109, 110, 111, 112, 113, 114, 115]}


2025-01-23 15:38:23.324705
CatBoost - Allstate_Claims

MSE - mean: 3700051.64277
MSE - std: 216794.34408
R2 - mean: 0.56146
R2 - std: 0.01209

Train time: 18.790961
Test time: 2.787516

Best Parameters: {'learning_rate': 0.15370759697314515, 'max_depth': 9, 'l2_leaf_reg': 5.729246741839754, 'iterations': 100, 'od_type': 'Iter', 'od_wait': 20, 'verbose': 100, 'train_dir': 'output/CatBoost/Allstate_Claims/catboost_info', 'task_type': 'GPU', 'devices': [[0, 1]], 'cat_features': [0, 1, 2, 3, 4, 5, 6, 7, 8, 9, 10, 11, 12, 13, 14, 15, 16, 17, 18, 19, 20, 21, 22, 23, 24, 25, 26, 27, 28, 29, 30, 31, 32, 33, 34, 35, 36, 37, 38, 39, 40, 41, 42, 43, 44, 45, 46, 47, 48, 49, 50, 51, 52, 53, 54, 55, 56, 57, 58, 59, 60, 61, 62, 63, 64, 65, 66, 67, 68, 69, 70, 71, 72, 73, 74, 75, 76, 77, 78, 79, 80, 81, 82, 83, 84, 85, 86, 87, 88, 89, 90, 91, 92, 93, 94, 95, 96, 97, 98, 99, 100, 101, 102, 103, 104, 105, 106, 107, 108, 109, 110, 111, 112, 113, 114, 115]}


2025-01-23 15:39:57.981479
CatBoost - Allstate_Claims

MSE - mean: 3739725.73569
MSE - std: 242958.87917
R2 - mean: 0.55688
R2 - std: 0.01394

Train time: 22.542102
Test time: 2.915070

Best Parameters: {'learning_rate': 0.22916121261541292, 'max_depth': 12, 'l2_leaf_reg': 6.845499475590982, 'iterations': 100, 'od_type': 'Iter', 'od_wait': 20, 'verbose': 100, 'train_dir': 'output/CatBoost/Allstate_Claims/catboost_info', 'task_type': 'GPU', 'devices': [[0, 1]], 'cat_features': [0, 1, 2, 3, 4, 5, 6, 7, 8, 9, 10, 11, 12, 13, 14, 15, 16, 17, 18, 19, 20, 21, 22, 23, 24, 25, 26, 27, 28, 29, 30, 31, 32, 33, 34, 35, 36, 37, 38, 39, 40, 41, 42, 43, 44, 45, 46, 47, 48, 49, 50, 51, 52, 53, 54, 55, 56, 57, 58, 59, 60, 61, 62, 63, 64, 65, 66, 67, 68, 69, 70, 71, 72, 73, 74, 75, 76, 77, 78, 79, 80, 81, 82, 83, 84, 85, 86, 87, 88, 89, 90, 91, 92, 93, 94, 95, 96, 97, 98, 99, 100, 101, 102, 103, 104, 105, 106, 107, 108, 109, 110, 111, 112, 113, 114, 115]}


2025-01-23 15:41:17.761240
CatBoost - Allstate_Claims

MSE - mean: 3736459.72210
MSE - std: 207536.28592
R2 - mean: 0.55711
R2 - std: 0.01097

Train time: 18.803924
Test time: 2.829456

Best Parameters: {'learning_rate': 0.177656683337167, 'max_depth': 10, 'l2_leaf_reg': 12.195986219591305, 'iterations': 100, 'od_type': 'Iter', 'od_wait': 20, 'verbose': 100, 'train_dir': 'output/CatBoost/Allstate_Claims/catboost_info', 'task_type': 'GPU', 'devices': [[0, 1]], 'cat_features': [0, 1, 2, 3, 4, 5, 6, 7, 8, 9, 10, 11, 12, 13, 14, 15, 16, 17, 18, 19, 20, 21, 22, 23, 24, 25, 26, 27, 28, 29, 30, 31, 32, 33, 34, 35, 36, 37, 38, 39, 40, 41, 42, 43, 44, 45, 46, 47, 48, 49, 50, 51, 52, 53, 54, 55, 56, 57, 58, 59, 60, 61, 62, 63, 64, 65, 66, 67, 68, 69, 70, 71, 72, 73, 74, 75, 76, 77, 78, 79, 80, 81, 82, 83, 84, 85, 86, 87, 88, 89, 90, 91, 92, 93, 94, 95, 96, 97, 98, 99, 100, 101, 102, 103, 104, 105, 106, 107, 108, 109, 110, 111, 112, 113, 114, 115]}


2025-01-23 15:42:32.702345
CatBoost - Allstate_Claims

MSE - mean: 3721538.85710
MSE - std: 194985.62659
R2 - mean: 0.55874
R2 - std: 0.01326

Train time: 18.194315
Test time: 2.761020

Best Parameters: {'learning_rate': 0.2010287794642292, 'max_depth': 8, 'l2_leaf_reg': 9.617449155947947, 'iterations': 100, 'od_type': 'Iter', 'od_wait': 20, 'verbose': 100, 'train_dir': 'output/CatBoost/Allstate_Claims/catboost_info', 'task_type': 'GPU', 'devices': [[0, 1]], 'cat_features': [0, 1, 2, 3, 4, 5, 6, 7, 8, 9, 10, 11, 12, 13, 14, 15, 16, 17, 18, 19, 20, 21, 22, 23, 24, 25, 26, 27, 28, 29, 30, 31, 32, 33, 34, 35, 36, 37, 38, 39, 40, 41, 42, 43, 44, 45, 46, 47, 48, 49, 50, 51, 52, 53, 54, 55, 56, 57, 58, 59, 60, 61, 62, 63, 64, 65, 66, 67, 68, 69, 70, 71, 72, 73, 74, 75, 76, 77, 78, 79, 80, 81, 82, 83, 84, 85, 86, 87, 88, 89, 90, 91, 92, 93, 94, 95, 96, 97, 98, 99, 100, 101, 102, 103, 104, 105, 106, 107, 108, 109, 110, 111, 112, 113, 114, 115]}


2025-01-23 15:43:49.452451
CatBoost - Allstate_Claims

MSE - mean: 3744792.03912
MSE - std: 207806.44222
R2 - mean: 0.55612
R2 - std: 0.01104

Train time: 18.359984
Test time: 2.723791

Best Parameters: {'learning_rate': 0.13604548851217965, 'max_depth': 9, 'l2_leaf_reg': 7.81492546331824, 'iterations': 100, 'od_type': 'Iter', 'od_wait': 20, 'verbose': 100, 'train_dir': 'output/CatBoost/Allstate_Claims/catboost_info', 'task_type': 'GPU', 'devices': [[0, 1]], 'cat_features': [0, 1, 2, 3, 4, 5, 6, 7, 8, 9, 10, 11, 12, 13, 14, 15, 16, 17, 18, 19, 20, 21, 22, 23, 24, 25, 26, 27, 28, 29, 30, 31, 32, 33, 34, 35, 36, 37, 38, 39, 40, 41, 42, 43, 44, 45, 46, 47, 48, 49, 50, 51, 52, 53, 54, 55, 56, 57, 58, 59, 60, 61, 62, 63, 64, 65, 66, 67, 68, 69, 70, 71, 72, 73, 74, 75, 76, 77, 78, 79, 80, 81, 82, 83, 84, 85, 86, 87, 88, 89, 90, 91, 92, 93, 94, 95, 96, 97, 98, 99, 100, 101, 102, 103, 104, 105, 106, 107, 108, 109, 110, 111, 112, 113, 114, 115]}


2025-01-23 15:45:10.367309
CatBoost - Allstate_Claims

MSE - mean: 3711943.77373
MSE - std: 236502.43438
R2 - mean: 0.56018
R2 - std: 0.01250

Train time: 20.884572
Test time: 2.769940

Best Parameters: {'learning_rate': 0.1239078540218168, 'max_depth': 11, 'l2_leaf_reg': 3.760003712167543, 'iterations': 100, 'od_type': 'Iter', 'od_wait': 20, 'verbose': 100, 'train_dir': 'output/CatBoost/Allstate_Claims/catboost_info', 'task_type': 'GPU', 'devices': [[0, 1]], 'cat_features': [0, 1, 2, 3, 4, 5, 6, 7, 8, 9, 10, 11, 12, 13, 14, 15, 16, 17, 18, 19, 20, 21, 22, 23, 24, 25, 26, 27, 28, 29, 30, 31, 32, 33, 34, 35, 36, 37, 38, 39, 40, 41, 42, 43, 44, 45, 46, 47, 48, 49, 50, 51, 52, 53, 54, 55, 56, 57, 58, 59, 60, 61, 62, 63, 64, 65, 66, 67, 68, 69, 70, 71, 72, 73, 74, 75, 76, 77, 78, 79, 80, 81, 82, 83, 84, 85, 86, 87, 88, 89, 90, 91, 92, 93, 94, 95, 96, 97, 98, 99, 100, 101, 102, 103, 104, 105, 106, 107, 108, 109, 110, 111, 112, 113, 114, 115]}


2025-01-23 15:46:22.577572
CatBoost - Allstate_Claims

MSE - mean: 3704917.64736
MSE - std: 204511.53083
R2 - mean: 0.56074
R2 - std: 0.01423

Train time: 17.559975
Test time: 2.540255

Best Parameters: {'learning_rate': 0.24870444178514672, 'max_depth': 8, 'l2_leaf_reg': 13.780160751146449, 'iterations': 100, 'od_type': 'Iter', 'od_wait': 20, 'verbose': 100, 'train_dir': 'output/CatBoost/Allstate_Claims/catboost_info', 'task_type': 'GPU', 'devices': [[0, 1]], 'cat_features': [0, 1, 2, 3, 4, 5, 6, 7, 8, 9, 10, 11, 12, 13, 14, 15, 16, 17, 18, 19, 20, 21, 22, 23, 24, 25, 26, 27, 28, 29, 30, 31, 32, 33, 34, 35, 36, 37, 38, 39, 40, 41, 42, 43, 44, 45, 46, 47, 48, 49, 50, 51, 52, 53, 54, 55, 56, 57, 58, 59, 60, 61, 62, 63, 64, 65, 66, 67, 68, 69, 70, 71, 72, 73, 74, 75, 76, 77, 78, 79, 80, 81, 82, 83, 84, 85, 86, 87, 88, 89, 90, 91, 92, 93, 94, 95, 96, 97, 98, 99, 100, 101, 102, 103, 104, 105, 106, 107, 108, 109, 110, 111, 112, 113, 114, 115]}


2025-01-23 15:47:42.173024
CatBoost - Allstate_Claims

MSE - mean: 3658631.80635
MSE - std: 241080.12841
R2 - mean: 0.56648
R2 - std: 0.01460

Train time: 19.227792
Test time: 2.686980

Best Parameters: {'learning_rate': 0.164924914216653, 'max_depth': 10, 'l2_leaf_reg': 2.571024984602258, 'iterations': 100, 'od_type': 'Iter', 'od_wait': 20, 'verbose': 100, 'train_dir': 'output/CatBoost/Allstate_Claims/catboost_info', 'task_type': 'GPU', 'devices': [[0, 1]], 'cat_features': [0, 1, 2, 3, 4, 5, 6, 7, 8, 9, 10, 11, 12, 13, 14, 15, 16, 17, 18, 19, 20, 21, 22, 23, 24, 25, 26, 27, 28, 29, 30, 31, 32, 33, 34, 35, 36, 37, 38, 39, 40, 41, 42, 43, 44, 45, 46, 47, 48, 49, 50, 51, 52, 53, 54, 55, 56, 57, 58, 59, 60, 61, 62, 63, 64, 65, 66, 67, 68, 69, 70, 71, 72, 73, 74, 75, 76, 77, 78, 79, 80, 81, 82, 83, 84, 85, 86, 87, 88, 89, 90, 91, 92, 93, 94, 95, 96, 97, 98, 99, 100, 101, 102, 103, 104, 105, 106, 107, 108, 109, 110, 111, 112, 113, 114, 115]}


2025-01-23 15:48:56.664058
CatBoost - Allstate_Claims

MSE - mean: 3678431.87562
MSE - std: 229796.45352
R2 - mean: 0.56413
R2 - std: 0.01183

Train time: 18.791211
Test time: 2.717208

Best Parameters: {'learning_rate': 0.18442029099362492, 'max_depth': 10, 'l2_leaf_reg': 2.7586110693235737, 'iterations': 100, 'od_type': 'Iter', 'od_wait': 20, 'verbose': 100, 'train_dir': 'output/CatBoost/Allstate_Claims/catboost_info', 'task_type': 'GPU', 'devices': [[0, 1]], 'cat_features': [0, 1, 2, 3, 4, 5, 6, 7, 8, 9, 10, 11, 12, 13, 14, 15, 16, 17, 18, 19, 20, 21, 22, 23, 24, 25, 26, 27, 28, 29, 30, 31, 32, 33, 34, 35, 36, 37, 38, 39, 40, 41, 42, 43, 44, 45, 46, 47, 48, 49, 50, 51, 52, 53, 54, 55, 56, 57, 58, 59, 60, 61, 62, 63, 64, 65, 66, 67, 68, 69, 70, 71, 72, 73, 74, 75, 76, 77, 78, 79, 80, 81, 82, 83, 84, 85, 86, 87, 88, 89, 90, 91, 92, 93, 94, 95, 96, 97, 98, 99, 100, 101, 102, 103, 104, 105, 106, 107, 108, 109, 110, 111, 112, 113, 114, 115]}


2025-01-23 15:50:14.017974
CatBoost - Allstate_Claims

MSE - mean: 3682850.81727
MSE - std: 233583.59848
R2 - mean: 0.56359
R2 - std: 0.01327

Train time: 18.826869
Test time: 2.660894

Best Parameters: {'learning_rate': 0.14377566442848957, 'max_depth': 9, 'l2_leaf_reg': 3.3006958636265487, 'iterations': 100, 'od_type': 'Iter', 'od_wait': 20, 'verbose': 100, 'train_dir': 'output/CatBoost/Allstate_Claims/catboost_info', 'task_type': 'GPU', 'devices': [[0, 1]], 'cat_features': [0, 1, 2, 3, 4, 5, 6, 7, 8, 9, 10, 11, 12, 13, 14, 15, 16, 17, 18, 19, 20, 21, 22, 23, 24, 25, 26, 27, 28, 29, 30, 31, 32, 33, 34, 35, 36, 37, 38, 39, 40, 41, 42, 43, 44, 45, 46, 47, 48, 49, 50, 51, 52, 53, 54, 55, 56, 57, 58, 59, 60, 61, 62, 63, 64, 65, 66, 67, 68, 69, 70, 71, 72, 73, 74, 75, 76, 77, 78, 79, 80, 81, 82, 83, 84, 85, 86, 87, 88, 89, 90, 91, 92, 93, 94, 95, 96, 97, 98, 99, 100, 101, 102, 103, 104, 105, 106, 107, 108, 109, 110, 111, 112, 113, 114, 115]}


2025-01-23 15:51:31.819411
CatBoost - Allstate_Claims

MSE - mean: 3691680.55494
MSE - std: 233578.34293
R2 - mean: 0.56256
R2 - std: 0.01280

Train time: 19.318430
Test time: 2.667840

Best Parameters: {'learning_rate': 0.2095566206375393, 'max_depth': 10, 'l2_leaf_reg': 4.725514576131901, 'iterations': 100, 'od_type': 'Iter', 'od_wait': 20, 'verbose': 100, 'train_dir': 'output/CatBoost/Allstate_Claims/catboost_info', 'task_type': 'GPU', 'devices': [[0, 1]], 'cat_features': [0, 1, 2, 3, 4, 5, 6, 7, 8, 9, 10, 11, 12, 13, 14, 15, 16, 17, 18, 19, 20, 21, 22, 23, 24, 25, 26, 27, 28, 29, 30, 31, 32, 33, 34, 35, 36, 37, 38, 39, 40, 41, 42, 43, 44, 45, 46, 47, 48, 49, 50, 51, 52, 53, 54, 55, 56, 57, 58, 59, 60, 61, 62, 63, 64, 65, 66, 67, 68, 69, 70, 71, 72, 73, 74, 75, 76, 77, 78, 79, 80, 81, 82, 83, 84, 85, 86, 87, 88, 89, 90, 91, 92, 93, 94, 95, 96, 97, 98, 99, 100, 101, 102, 103, 104, 105, 106, 107, 108, 109, 110, 111, 112, 113, 114, 115]}


2025-01-23 15:52:53.095390
CatBoost - Allstate_Claims

MSE - mean: 3704175.02495
MSE - std: 240078.01718
R2 - mean: 0.56108
R2 - std: 0.01402

Train time: 20.547401
Test time: 2.659013

Best Parameters: {'learning_rate': 0.17228533213841696, 'max_depth': 11, 'l2_leaf_reg': 5.228144235709988, 'iterations': 100, 'od_type': 'Iter', 'od_wait': 20, 'verbose': 100, 'train_dir': 'output/CatBoost/Allstate_Claims/catboost_info', 'task_type': 'GPU', 'devices': [[0, 1]], 'cat_features': [0, 1, 2, 3, 4, 5, 6, 7, 8, 9, 10, 11, 12, 13, 14, 15, 16, 17, 18, 19, 20, 21, 22, 23, 24, 25, 26, 27, 28, 29, 30, 31, 32, 33, 34, 35, 36, 37, 38, 39, 40, 41, 42, 43, 44, 45, 46, 47, 48, 49, 50, 51, 52, 53, 54, 55, 56, 57, 58, 59, 60, 61, 62, 63, 64, 65, 66, 67, 68, 69, 70, 71, 72, 73, 74, 75, 76, 77, 78, 79, 80, 81, 82, 83, 84, 85, 86, 87, 88, 89, 90, 91, 92, 93, 94, 95, 96, 97, 98, 99, 100, 101, 102, 103, 104, 105, 106, 107, 108, 109, 110, 111, 112, 113, 114, 115]}


2025-01-23 15:54:03.820862
CatBoost - Allstate_Claims

MSE - mean: 3710229.61796
MSE - std: 226815.03229
R2 - mean: 0.56026
R2 - std: 0.01412

Train time: 17.593257
Test time: 2.661974

Best Parameters: {'learning_rate': 0.15651498393540728, 'max_depth': 7, 'l2_leaf_reg': 2.177857468407619, 'iterations': 100, 'od_type': 'Iter', 'od_wait': 20, 'verbose': 100, 'train_dir': 'output/CatBoost/Allstate_Claims/catboost_info', 'task_type': 'GPU', 'devices': [[0, 1]], 'cat_features': [0, 1, 2, 3, 4, 5, 6, 7, 8, 9, 10, 11, 12, 13, 14, 15, 16, 17, 18, 19, 20, 21, 22, 23, 24, 25, 26, 27, 28, 29, 30, 31, 32, 33, 34, 35, 36, 37, 38, 39, 40, 41, 42, 43, 44, 45, 46, 47, 48, 49, 50, 51, 52, 53, 54, 55, 56, 57, 58, 59, 60, 61, 62, 63, 64, 65, 66, 67, 68, 69, 70, 71, 72, 73, 74, 75, 76, 77, 78, 79, 80, 81, 82, 83, 84, 85, 86, 87, 88, 89, 90, 91, 92, 93, 94, 95, 96, 97, 98, 99, 100, 101, 102, 103, 104, 105, 106, 107, 108, 109, 110, 111, 112, 113, 114, 115]}


2025-01-23 15:55:19.958104
CatBoost - Allstate_Claims

MSE - mean: 3729262.37584
MSE - std: 220700.87149
R2 - mean: 0.55803
R2 - std: 0.01190

Train time: 18.555587
Test time: 2.588659

Best Parameters: {'learning_rate': 0.11005183450682146, 'max_depth': 9, 'l2_leaf_reg': 4.05449668349595, 'iterations': 100, 'od_type': 'Iter', 'od_wait': 20, 'verbose': 100, 'train_dir': 'output/CatBoost/Allstate_Claims/catboost_info', 'task_type': 'GPU', 'devices': [[0, 1]], 'cat_features': [0, 1, 2, 3, 4, 5, 6, 7, 8, 9, 10, 11, 12, 13, 14, 15, 16, 17, 18, 19, 20, 21, 22, 23, 24, 25, 26, 27, 28, 29, 30, 31, 32, 33, 34, 35, 36, 37, 38, 39, 40, 41, 42, 43, 44, 45, 46, 47, 48, 49, 50, 51, 52, 53, 54, 55, 56, 57, 58, 59, 60, 61, 62, 63, 64, 65, 66, 67, 68, 69, 70, 71, 72, 73, 74, 75, 76, 77, 78, 79, 80, 81, 82, 83, 84, 85, 86, 87, 88, 89, 90, 91, 92, 93, 94, 95, 96, 97, 98, 99, 100, 101, 102, 103, 104, 105, 106, 107, 108, 109, 110, 111, 112, 113, 114, 115]}


2025-01-23 15:56:31.543859
CatBoost - Allstate_Claims

MSE - mean: 3704035.88827
MSE - std: 195990.28831
R2 - mean: 0.56084
R2 - std: 0.01254

Train time: 17.467586
Test time: 2.627143

Best Parameters: {'learning_rate': 0.1956195420079611, 'max_depth': 8, 'l2_leaf_reg': 7.181189693825745, 'iterations': 100, 'od_type': 'Iter', 'od_wait': 20, 'verbose': 100, 'train_dir': 'output/CatBoost/Allstate_Claims/catboost_info', 'task_type': 'GPU', 'devices': [[0, 1]], 'cat_features': [0, 1, 2, 3, 4, 5, 6, 7, 8, 9, 10, 11, 12, 13, 14, 15, 16, 17, 18, 19, 20, 21, 22, 23, 24, 25, 26, 27, 28, 29, 30, 31, 32, 33, 34, 35, 36, 37, 38, 39, 40, 41, 42, 43, 44, 45, 46, 47, 48, 49, 50, 51, 52, 53, 54, 55, 56, 57, 58, 59, 60, 61, 62, 63, 64, 65, 66, 67, 68, 69, 70, 71, 72, 73, 74, 75, 76, 77, 78, 79, 80, 81, 82, 83, 84, 85, 86, 87, 88, 89, 90, 91, 92, 93, 94, 95, 96, 97, 98, 99, 100, 101, 102, 103, 104, 105, 106, 107, 108, 109, 110, 111, 112, 113, 114, 115]}


2025-01-23 15:57:59.327013
CatBoost - Allstate_Claims

MSE - mean: 3764546.09463
MSE - std: 235217.52084
R2 - mean: 0.55389
R2 - std: 0.01341

Train time: 21.971165
Test time: 2.703375

Best Parameters: {'learning_rate': 0.28401207285002034, 'max_depth': 12, 'l2_leaf_reg': 6.207349048515223, 'iterations': 100, 'od_type': 'Iter', 'od_wait': 20, 'verbose': 100, 'train_dir': 'output/CatBoost/Allstate_Claims/catboost_info', 'task_type': 'GPU', 'devices': [[0, 1]], 'cat_features': [0, 1, 2, 3, 4, 5, 6, 7, 8, 9, 10, 11, 12, 13, 14, 15, 16, 17, 18, 19, 20, 21, 22, 23, 24, 25, 26, 27, 28, 29, 30, 31, 32, 33, 34, 35, 36, 37, 38, 39, 40, 41, 42, 43, 44, 45, 46, 47, 48, 49, 50, 51, 52, 53, 54, 55, 56, 57, 58, 59, 60, 61, 62, 63, 64, 65, 66, 67, 68, 69, 70, 71, 72, 73, 74, 75, 76, 77, 78, 79, 80, 81, 82, 83, 84, 85, 86, 87, 88, 89, 90, 91, 92, 93, 94, 95, 96, 97, 98, 99, 100, 101, 102, 103, 104, 105, 106, 107, 108, 109, 110, 111, 112, 113, 114, 115]}


2025-01-23 15:59:13.107912
CatBoost - Allstate_Claims

MSE - mean: 3751342.24992
MSE - std: 223214.28904
R2 - mean: 0.55539
R2 - std: 0.01287

Train time: 18.418994
Test time: 2.762738

Best Parameters: {'learning_rate': 0.13268151841926823, 'max_depth': 9, 'l2_leaf_reg': 8.128393355291701, 'iterations': 100, 'od_type': 'Iter', 'od_wait': 20, 'verbose': 100, 'train_dir': 'output/CatBoost/Allstate_Claims/catboost_info', 'task_type': 'GPU', 'devices': [[0, 1]], 'cat_features': [0, 1, 2, 3, 4, 5, 6, 7, 8, 9, 10, 11, 12, 13, 14, 15, 16, 17, 18, 19, 20, 21, 22, 23, 24, 25, 26, 27, 28, 29, 30, 31, 32, 33, 34, 35, 36, 37, 38, 39, 40, 41, 42, 43, 44, 45, 46, 47, 48, 49, 50, 51, 52, 53, 54, 55, 56, 57, 58, 59, 60, 61, 62, 63, 64, 65, 66, 67, 68, 69, 70, 71, 72, 73, 74, 75, 76, 77, 78, 79, 80, 81, 82, 83, 84, 85, 86, 87, 88, 89, 90, 91, 92, 93, 94, 95, 96, 97, 98, 99, 100, 101, 102, 103, 104, 105, 106, 107, 108, 109, 110, 111, 112, 113, 114, 115]}


2025-01-23 16:00:23.686738
CatBoost - Allstate_Claims

MSE - mean: 3719169.20533
MSE - std: 210703.02657
R2 - mean: 0.55908
R2 - std: 0.01436

Train time: 17.670625
Test time: 2.562531

Best Parameters: {'learning_rate': 0.18603617404596484, 'max_depth': 8, 'l2_leaf_reg': 9.580609862114528, 'iterations': 100, 'od_type': 'Iter', 'od_wait': 20, 'verbose': 100, 'train_dir': 'output/CatBoost/Allstate_Claims/catboost_info', 'task_type': 'GPU', 'devices': [[0, 1]], 'cat_features': [0, 1, 2, 3, 4, 5, 6, 7, 8, 9, 10, 11, 12, 13, 14, 15, 16, 17, 18, 19, 20, 21, 22, 23, 24, 25, 26, 27, 28, 29, 30, 31, 32, 33, 34, 35, 36, 37, 38, 39, 40, 41, 42, 43, 44, 45, 46, 47, 48, 49, 50, 51, 52, 53, 54, 55, 56, 57, 58, 59, 60, 61, 62, 63, 64, 65, 66, 67, 68, 69, 70, 71, 72, 73, 74, 75, 76, 77, 78, 79, 80, 81, 82, 83, 84, 85, 86, 87, 88, 89, 90, 91, 92, 93, 94, 95, 96, 97, 98, 99, 100, 101, 102, 103, 104, 105, 106, 107, 108, 109, 110, 111, 112, 113, 114, 115]}


2025-01-23 16:01:38.511512
CatBoost - Allstate_Claims

MSE - mean: 3661766.23008
MSE - std: 215784.90000
R2 - mean: 0.56601
R2 - std: 0.01175

Train time: 18.689878
Test time: 2.652309

Best Parameters: {'learning_rate': 0.22964247333579718, 'max_depth': 8, 'l2_leaf_reg': 2.3512904496937224, 'iterations': 100, 'od_type': 'Iter', 'od_wait': 20, 'verbose': 100, 'train_dir': 'output/CatBoost/Allstate_Claims/catboost_info', 'task_type': 'GPU', 'devices': [[0, 1]], 'cat_features': [0, 1, 2, 3, 4, 5, 6, 7, 8, 9, 10, 11, 12, 13, 14, 15, 16, 17, 18, 19, 20, 21, 22, 23, 24, 25, 26, 27, 28, 29, 30, 31, 32, 33, 34, 35, 36, 37, 38, 39, 40, 41, 42, 43, 44, 45, 46, 47, 48, 49, 50, 51, 52, 53, 54, 55, 56, 57, 58, 59, 60, 61, 62, 63, 64, 65, 66, 67, 68, 69, 70, 71, 72, 73, 74, 75, 76, 77, 78, 79, 80, 81, 82, 83, 84, 85, 86, 87, 88, 89, 90, 91, 92, 93, 94, 95, 96, 97, 98, 99, 100, 101, 102, 103, 104, 105, 106, 107, 108, 109, 110, 111, 112, 113, 114, 115]}


2025-01-23 16:02:53.709719
CatBoost - Allstate_Claims

MSE - mean: 3730566.18920
MSE - std: 201033.56641
R2 - mean: 0.55773
R2 - std: 0.01215

Train time: 18.446715
Test time: 2.780427

Best Parameters: {'learning_rate': 0.16622125497400922, 'max_depth': 9, 'l2_leaf_reg': 11.060745456241927, 'iterations': 100, 'od_type': 'Iter', 'od_wait': 20, 'verbose': 100, 'train_dir': 'output/CatBoost/Allstate_Claims/catboost_info', 'task_type': 'GPU', 'devices': [[0, 1]], 'cat_features': [0, 1, 2, 3, 4, 5, 6, 7, 8, 9, 10, 11, 12, 13, 14, 15, 16, 17, 18, 19, 20, 21, 22, 23, 24, 25, 26, 27, 28, 29, 30, 31, 32, 33, 34, 35, 36, 37, 38, 39, 40, 41, 42, 43, 44, 45, 46, 47, 48, 49, 50, 51, 52, 53, 54, 55, 56, 57, 58, 59, 60, 61, 62, 63, 64, 65, 66, 67, 68, 69, 70, 71, 72, 73, 74, 75, 76, 77, 78, 79, 80, 81, 82, 83, 84, 85, 86, 87, 88, 89, 90, 91, 92, 93, 94, 95, 96, 97, 98, 99, 100, 101, 102, 103, 104, 105, 106, 107, 108, 109, 110, 111, 112, 113, 114, 115]}


2025-01-23 16:04:04.919370
CatBoost - Allstate_Claims

MSE - mean: 4289159.05126
MSE - std: 211278.94712
R2 - mean: 0.49151
R2 - std: 0.00949

Train time: 17.952376
Test time: 2.630229

Best Parameters: {'learning_rate': 0.05648183747154751, 'max_depth': 4, 'l2_leaf_reg': 17.138818362526365, 'iterations': 100, 'od_type': 'Iter', 'od_wait': 20, 'verbose': 100, 'train_dir': 'output/CatBoost/Allstate_Claims/catboost_info', 'task_type': 'GPU', 'devices': [[0, 1]], 'cat_features': [0, 1, 2, 3, 4, 5, 6, 7, 8, 9, 10, 11, 12, 13, 14, 15, 16, 17, 18, 19, 20, 21, 22, 23, 24, 25, 26, 27, 28, 29, 30, 31, 32, 33, 34, 35, 36, 37, 38, 39, 40, 41, 42, 43, 44, 45, 46, 47, 48, 49, 50, 51, 52, 53, 54, 55, 56, 57, 58, 59, 60, 61, 62, 63, 64, 65, 66, 67, 68, 69, 70, 71, 72, 73, 74, 75, 76, 77, 78, 79, 80, 81, 82, 83, 84, 85, 86, 87, 88, 89, 90, 91, 92, 93, 94, 95, 96, 97, 98, 99, 100, 101, 102, 103, 104, 105, 106, 107, 108, 109, 110, 111, 112, 113, 114, 115]}


2025-01-23 16:05:16.148113
CatBoost - Allstate_Claims

MSE - mean: 3756124.71841
MSE - std: 200028.73982
R2 - mean: 0.55467
R2 - std: 0.01297

Train time: 17.412157
Test time: 2.753489

Best Parameters: {'learning_rate': 0.19566086626778867, 'max_depth': 7, 'l2_leaf_reg': 11.926253413502247, 'iterations': 100, 'od_type': 'Iter', 'od_wait': 20, 'verbose': 100, 'train_dir': 'output/CatBoost/Allstate_Claims/catboost_info', 'task_type': 'GPU', 'devices': [[0, 1]], 'cat_features': [0, 1, 2, 3, 4, 5, 6, 7, 8, 9, 10, 11, 12, 13, 14, 15, 16, 17, 18, 19, 20, 21, 22, 23, 24, 25, 26, 27, 28, 29, 30, 31, 32, 33, 34, 35, 36, 37, 38, 39, 40, 41, 42, 43, 44, 45, 46, 47, 48, 49, 50, 51, 52, 53, 54, 55, 56, 57, 58, 59, 60, 61, 62, 63, 64, 65, 66, 67, 68, 69, 70, 71, 72, 73, 74, 75, 76, 77, 78, 79, 80, 81, 82, 83, 84, 85, 86, 87, 88, 89, 90, 91, 92, 93, 94, 95, 96, 97, 98, 99, 100, 101, 102, 103, 104, 105, 106, 107, 108, 109, 110, 111, 112, 113, 114, 115]}


2025-01-23 16:06:24.068916
CatBoost - Allstate_Claims

MSE - mean: 4114800.40828
MSE - std: 193967.91217
R2 - mean: 0.51212
R2 - std: 0.00956

Train time: 17.077007
Test time: 2.552643

Best Parameters: {'learning_rate': 0.21106693651042954, 'max_depth': 2, 'l2_leaf_reg': 9.997247333829712, 'iterations': 100, 'od_type': 'Iter', 'od_wait': 20, 'verbose': 100, 'train_dir': 'output/CatBoost/Allstate_Claims/catboost_info', 'task_type': 'GPU', 'devices': [[0, 1]], 'cat_features': [0, 1, 2, 3, 4, 5, 6, 7, 8, 9, 10, 11, 12, 13, 14, 15, 16, 17, 18, 19, 20, 21, 22, 23, 24, 25, 26, 27, 28, 29, 30, 31, 32, 33, 34, 35, 36, 37, 38, 39, 40, 41, 42, 43, 44, 45, 46, 47, 48, 49, 50, 51, 52, 53, 54, 55, 56, 57, 58, 59, 60, 61, 62, 63, 64, 65, 66, 67, 68, 69, 70, 71, 72, 73, 74, 75, 76, 77, 78, 79, 80, 81, 82, 83, 84, 85, 86, 87, 88, 89, 90, 91, 92, 93, 94, 95, 96, 97, 98, 99, 100, 101, 102, 103, 104, 105, 106, 107, 108, 109, 110, 111, 112, 113, 114, 115]}


2025-01-23 16:07:36.031011
CatBoost - Allstate_Claims

MSE - mean: 3678965.72778
MSE - std: 253603.18337
R2 - mean: 0.56413
R2 - std: 0.01554

Train time: 18.436727
Test time: 2.640575

Best Parameters: {'learning_rate': 0.17935424867821217, 'max_depth': 10, 'l2_leaf_reg': 3.0956375834858645, 'iterations': 100, 'od_type': 'Iter', 'od_wait': 20, 'verbose': 100, 'train_dir': 'output/CatBoost/Allstate_Claims/catboost_info', 'task_type': 'GPU', 'devices': [[0, 1]], 'cat_features': [0, 1, 2, 3, 4, 5, 6, 7, 8, 9, 10, 11, 12, 13, 14, 15, 16, 17, 18, 19, 20, 21, 22, 23, 24, 25, 26, 27, 28, 29, 30, 31, 32, 33, 34, 35, 36, 37, 38, 39, 40, 41, 42, 43, 44, 45, 46, 47, 48, 49, 50, 51, 52, 53, 54, 55, 56, 57, 58, 59, 60, 61, 62, 63, 64, 65, 66, 67, 68, 69, 70, 71, 72, 73, 74, 75, 76, 77, 78, 79, 80, 81, 82, 83, 84, 85, 86, 87, 88, 89, 90, 91, 92, 93, 94, 95, 96, 97, 98, 99, 100, 101, 102, 103, 104, 105, 106, 107, 108, 109, 110, 111, 112, 113, 114, 115]}


2025-01-23 16:08:46.558524
CatBoost - Allstate_Claims

MSE - mean: 3685039.60335
MSE - std: 207077.38987
R2 - mean: 0.56325
R2 - std: 0.00976

Train time: 18.450742
Test time: 2.622512

Best Parameters: {'learning_rate': 0.1480784845450235, 'max_depth': 9, 'l2_leaf_reg': 4.350141635596219, 'iterations': 100, 'od_type': 'Iter', 'od_wait': 20, 'verbose': 100, 'train_dir': 'output/CatBoost/Allstate_Claims/catboost_info', 'task_type': 'GPU', 'devices': [[0, 1]], 'cat_features': [0, 1, 2, 3, 4, 5, 6, 7, 8, 9, 10, 11, 12, 13, 14, 15, 16, 17, 18, 19, 20, 21, 22, 23, 24, 25, 26, 27, 28, 29, 30, 31, 32, 33, 34, 35, 36, 37, 38, 39, 40, 41, 42, 43, 44, 45, 46, 47, 48, 49, 50, 51, 52, 53, 54, 55, 56, 57, 58, 59, 60, 61, 62, 63, 64, 65, 66, 67, 68, 69, 70, 71, 72, 73, 74, 75, 76, 77, 78, 79, 80, 81, 82, 83, 84, 85, 86, 87, 88, 89, 90, 91, 92, 93, 94, 95, 96, 97, 98, 99, 100, 101, 102, 103, 104, 105, 106, 107, 108, 109, 110, 111, 112, 113, 114, 115]}


2025-01-23 16:10:02.613227
CatBoost - Allstate_Claims

MSE - mean: 3702866.48613
MSE - std: 219625.69780
R2 - mean: 0.56113
R2 - std: 0.01262

Train time: 19.263873
Test time: 2.620686

Best Parameters: {'learning_rate': 0.24860136454017936, 'max_depth': 11, 'l2_leaf_reg': 8.627951733108793, 'iterations': 100, 'od_type': 'Iter', 'od_wait': 20, 'verbose': 100, 'train_dir': 'output/CatBoost/Allstate_Claims/catboost_info', 'task_type': 'GPU', 'devices': [[0, 1]], 'cat_features': [0, 1, 2, 3, 4, 5, 6, 7, 8, 9, 10, 11, 12, 13, 14, 15, 16, 17, 18, 19, 20, 21, 22, 23, 24, 25, 26, 27, 28, 29, 30, 31, 32, 33, 34, 35, 36, 37, 38, 39, 40, 41, 42, 43, 44, 45, 46, 47, 48, 49, 50, 51, 52, 53, 54, 55, 56, 57, 58, 59, 60, 61, 62, 63, 64, 65, 66, 67, 68, 69, 70, 71, 72, 73, 74, 75, 76, 77, 78, 79, 80, 81, 82, 83, 84, 85, 86, 87, 88, 89, 90, 91, 92, 93, 94, 95, 96, 97, 98, 99, 100, 101, 102, 103, 104, 105, 106, 107, 108, 109, 110, 111, 112, 113, 114, 115]}


2025-01-23 16:11:15.843490
CatBoost - Allstate_Claims

MSE - mean: 3715691.27550
MSE - std: 231317.81336
R2 - mean: 0.55965
R2 - std: 0.01397

Train time: 18.516627
Test time: 2.605659

Best Parameters: {'learning_rate': 0.16609242026892124, 'max_depth': 10, 'l2_leaf_reg': 6.991295280361882, 'iterations': 100, 'od_type': 'Iter', 'od_wait': 20, 'verbose': 100, 'train_dir': 'output/CatBoost/Allstate_Claims/catboost_info', 'task_type': 'GPU', 'devices': [[0, 1]], 'cat_features': [0, 1, 2, 3, 4, 5, 6, 7, 8, 9, 10, 11, 12, 13, 14, 15, 16, 17, 18, 19, 20, 21, 22, 23, 24, 25, 26, 27, 28, 29, 30, 31, 32, 33, 34, 35, 36, 37, 38, 39, 40, 41, 42, 43, 44, 45, 46, 47, 48, 49, 50, 51, 52, 53, 54, 55, 56, 57, 58, 59, 60, 61, 62, 63, 64, 65, 66, 67, 68, 69, 70, 71, 72, 73, 74, 75, 76, 77, 78, 79, 80, 81, 82, 83, 84, 85, 86, 87, 88, 89, 90, 91, 92, 93, 94, 95, 96, 97, 98, 99, 100, 101, 102, 103, 104, 105, 106, 107, 108, 109, 110, 111, 112, 113, 114, 115]}


2025-01-23 16:12:30.158475
CatBoost - Allstate_Claims

MSE - mean: 3743049.50722
MSE - std: 215791.57291
R2 - mean: 0.55637
R2 - std: 0.01130

Train time: 18.778607
Test time: 2.650950

Best Parameters: {'learning_rate': 0.1233229846314551, 'max_depth': 10, 'l2_leaf_reg': 5.812025085356647, 'iterations': 100, 'od_type': 'Iter', 'od_wait': 20, 'verbose': 100, 'train_dir': 'output/CatBoost/Allstate_Claims/catboost_info', 'task_type': 'GPU', 'devices': [[0, 1]], 'cat_features': [0, 1, 2, 3, 4, 5, 6, 7, 8, 9, 10, 11, 12, 13, 14, 15, 16, 17, 18, 19, 20, 21, 22, 23, 24, 25, 26, 27, 28, 29, 30, 31, 32, 33, 34, 35, 36, 37, 38, 39, 40, 41, 42, 43, 44, 45, 46, 47, 48, 49, 50, 51, 52, 53, 54, 55, 56, 57, 58, 59, 60, 61, 62, 63, 64, 65, 66, 67, 68, 69, 70, 71, 72, 73, 74, 75, 76, 77, 78, 79, 80, 81, 82, 83, 84, 85, 86, 87, 88, 89, 90, 91, 92, 93, 94, 95, 96, 97, 98, 99, 100, 101, 102, 103, 104, 105, 106, 107, 108, 109, 110, 111, 112, 113, 114, 115]}


2025-01-23 16:13:44.796848
CatBoost - Allstate_Claims

MSE - mean: 3734382.58582
MSE - std: 218330.33611
R2 - mean: 0.55741
R2 - std: 0.01163

Train time: 18.926433
Test time: 2.819041

Best Parameters: {'learning_rate': 0.11693098288687173, 'max_depth': 10, 'l2_leaf_reg': 5.11885036512767, 'iterations': 100, 'od_type': 'Iter', 'od_wait': 20, 'verbose': 100, 'train_dir': 'output/CatBoost/Allstate_Claims/catboost_info', 'task_type': 'GPU', 'devices': [[0, 1]], 'cat_features': [0, 1, 2, 3, 4, 5, 6, 7, 8, 9, 10, 11, 12, 13, 14, 15, 16, 17, 18, 19, 20, 21, 22, 23, 24, 25, 26, 27, 28, 29, 30, 31, 32, 33, 34, 35, 36, 37, 38, 39, 40, 41, 42, 43, 44, 45, 46, 47, 48, 49, 50, 51, 52, 53, 54, 55, 56, 57, 58, 59, 60, 61, 62, 63, 64, 65, 66, 67, 68, 69, 70, 71, 72, 73, 74, 75, 76, 77, 78, 79, 80, 81, 82, 83, 84, 85, 86, 87, 88, 89, 90, 91, 92, 93, 94, 95, 96, 97, 98, 99, 100, 101, 102, 103, 104, 105, 106, 107, 108, 109, 110, 111, 112, 113, 114, 115]}


2025-01-23 16:14:57.140678
CatBoost - Allstate_Claims

MSE - mean: 3705282.09236
MSE - std: 210130.88886
R2 - mean: 0.56082
R2 - std: 0.01150

Train time: 18.346716
Test time: 2.743782

Best Parameters: {'learning_rate': 0.14403090945407226, 'max_depth': 9, 'l2_leaf_reg': 4.999618815760079, 'iterations': 100, 'od_type': 'Iter', 'od_wait': 20, 'verbose': 100, 'train_dir': 'output/CatBoost/Allstate_Claims/catboost_info', 'task_type': 'GPU', 'devices': [[0, 1]], 'cat_features': [0, 1, 2, 3, 4, 5, 6, 7, 8, 9, 10, 11, 12, 13, 14, 15, 16, 17, 18, 19, 20, 21, 22, 23, 24, 25, 26, 27, 28, 29, 30, 31, 32, 33, 34, 35, 36, 37, 38, 39, 40, 41, 42, 43, 44, 45, 46, 47, 48, 49, 50, 51, 52, 53, 54, 55, 56, 57, 58, 59, 60, 61, 62, 63, 64, 65, 66, 67, 68, 69, 70, 71, 72, 73, 74, 75, 76, 77, 78, 79, 80, 81, 82, 83, 84, 85, 86, 87, 88, 89, 90, 91, 92, 93, 94, 95, 96, 97, 98, 99, 100, 101, 102, 103, 104, 105, 106, 107, 108, 109, 110, 111, 112, 113, 114, 115]}


2025-01-23 16:16:07.978106
CatBoost - Allstate_Claims

MSE - mean: 4220586.09597
MSE - std: 258928.03128
R2 - mean: 0.49991
R2 - std: 0.01212

Train time: 17.720745
Test time: 2.673751

Best Parameters: {'learning_rate': 0.026788556250614107, 'max_depth': 8, 'l2_leaf_reg': 4.760961292752394, 'iterations': 100, 'od_type': 'Iter', 'od_wait': 20, 'verbose': 100, 'train_dir': 'output/CatBoost/Allstate_Claims/catboost_info', 'task_type': 'GPU', 'devices': [[0, 1]], 'cat_features': [0, 1, 2, 3, 4, 5, 6, 7, 8, 9, 10, 11, 12, 13, 14, 15, 16, 17, 18, 19, 20, 21, 22, 23, 24, 25, 26, 27, 28, 29, 30, 31, 32, 33, 34, 35, 36, 37, 38, 39, 40, 41, 42, 43, 44, 45, 46, 47, 48, 49, 50, 51, 52, 53, 54, 55, 56, 57, 58, 59, 60, 61, 62, 63, 64, 65, 66, 67, 68, 69, 70, 71, 72, 73, 74, 75, 76, 77, 78, 79, 80, 81, 82, 83, 84, 85, 86, 87, 88, 89, 90, 91, 92, 93, 94, 95, 96, 97, 98, 99, 100, 101, 102, 103, 104, 105, 106, 107, 108, 109, 110, 111, 112, 113, 114, 115]}


2025-01-23 16:17:23.552744
CatBoost - Allstate_Claims

MSE - mean: 3686187.99585
MSE - std: 226123.63672
R2 - mean: 0.56318
R2 - std: 0.01208

Train time: 19.641120
Test time: 2.747593

Best Parameters: {'learning_rate': 0.15760184613327713, 'max_depth': 11, 'l2_leaf_reg': 1.8965671774894022, 'iterations': 100, 'od_type': 'Iter', 'od_wait': 20, 'verbose': 100, 'train_dir': 'output/CatBoost/Allstate_Claims/catboost_info', 'task_type': 'GPU', 'devices': [[0, 1]], 'cat_features': [0, 1, 2, 3, 4, 5, 6, 7, 8, 9, 10, 11, 12, 13, 14, 15, 16, 17, 18, 19, 20, 21, 22, 23, 24, 25, 26, 27, 28, 29, 30, 31, 32, 33, 34, 35, 36, 37, 38, 39, 40, 41, 42, 43, 44, 45, 46, 47, 48, 49, 50, 51, 52, 53, 54, 55, 56, 57, 58, 59, 60, 61, 62, 63, 64, 65, 66, 67, 68, 69, 70, 71, 72, 73, 74, 75, 76, 77, 78, 79, 80, 81, 82, 83, 84, 85, 86, 87, 88, 89, 90, 91, 92, 93, 94, 95, 96, 97, 98, 99, 100, 101, 102, 103, 104, 105, 106, 107, 108, 109, 110, 111, 112, 113, 114, 115]}


2025-01-23 16:18:32.639165
CatBoost - Allstate_Claims

MSE - mean: 3715096.27471
MSE - std: 214639.36202
R2 - mean: 0.55966
R2 - std: 0.01225

Train time: 18.152018
Test time: 2.652845

Best Parameters: {'learning_rate': 0.1380332542009228, 'max_depth': 9, 'l2_leaf_reg': 5.498668919392844, 'iterations': 100, 'od_type': 'Iter', 'od_wait': 20, 'verbose': 100, 'train_dir': 'output/CatBoost/Allstate_Claims/catboost_info', 'task_type': 'GPU', 'devices': [[0, 1]], 'cat_features': [0, 1, 2, 3, 4, 5, 6, 7, 8, 9, 10, 11, 12, 13, 14, 15, 16, 17, 18, 19, 20, 21, 22, 23, 24, 25, 26, 27, 28, 29, 30, 31, 32, 33, 34, 35, 36, 37, 38, 39, 40, 41, 42, 43, 44, 45, 46, 47, 48, 49, 50, 51, 52, 53, 54, 55, 56, 57, 58, 59, 60, 61, 62, 63, 64, 65, 66, 67, 68, 69, 70, 71, 72, 73, 74, 75, 76, 77, 78, 79, 80, 81, 82, 83, 84, 85, 86, 87, 88, 89, 90, 91, 92, 93, 94, 95, 96, 97, 98, 99, 100, 101, 102, 103, 104, 105, 106, 107, 108, 109, 110, 111, 112, 113, 114, 115]}


2025-01-23 16:19:41.512982
CatBoost - Allstate_Claims

MSE - mean: 3700459.81955
MSE - std: 229689.36165
R2 - mean: 0.56143
R2 - std: 0.01453

Train time: 17.698479
Test time: 2.756947

Best Parameters: {'learning_rate': 0.1760692877067776, 'max_depth': 8, 'l2_leaf_reg': 3.8413261216450296, 'iterations': 100, 'od_type': 'Iter', 'od_wait': 20, 'verbose': 100, 'train_dir': 'output/CatBoost/Allstate_Claims/catboost_info', 'task_type': 'GPU', 'devices': [[0, 1]], 'cat_features': [0, 1, 2, 3, 4, 5, 6, 7, 8, 9, 10, 11, 12, 13, 14, 15, 16, 17, 18, 19, 20, 21, 22, 23, 24, 25, 26, 27, 28, 29, 30, 31, 32, 33, 34, 35, 36, 37, 38, 39, 40, 41, 42, 43, 44, 45, 46, 47, 48, 49, 50, 51, 52, 53, 54, 55, 56, 57, 58, 59, 60, 61, 62, 63, 64, 65, 66, 67, 68, 69, 70, 71, 72, 73, 74, 75, 76, 77, 78, 79, 80, 81, 82, 83, 84, 85, 86, 87, 88, 89, 90, 91, 92, 93, 94, 95, 96, 97, 98, 99, 100, 101, 102, 103, 104, 105, 106, 107, 108, 109, 110, 111, 112, 113, 114, 115]}


2025-01-23 16:20:51.810997
CatBoost - Allstate_Claims

MSE - mean: 3697320.96610
MSE - std: 219510.06028
R2 - mean: 0.56181
R2 - std: 0.01186

Train time: 18.280719
Test time: 2.671430

Best Parameters: {'learning_rate': 0.19905610234632867, 'max_depth': 10, 'l2_leaf_reg': 6.539238959704278, 'iterations': 100, 'od_type': 'Iter', 'od_wait': 20, 'verbose': 100, 'train_dir': 'output/CatBoost/Allstate_Claims/catboost_info', 'task_type': 'GPU', 'devices': [[0, 1]], 'cat_features': [0, 1, 2, 3, 4, 5, 6, 7, 8, 9, 10, 11, 12, 13, 14, 15, 16, 17, 18, 19, 20, 21, 22, 23, 24, 25, 26, 27, 28, 29, 30, 31, 32, 33, 34, 35, 36, 37, 38, 39, 40, 41, 42, 43, 44, 45, 46, 47, 48, 49, 50, 51, 52, 53, 54, 55, 56, 57, 58, 59, 60, 61, 62, 63, 64, 65, 66, 67, 68, 69, 70, 71, 72, 73, 74, 75, 76, 77, 78, 79, 80, 81, 82, 83, 84, 85, 86, 87, 88, 89, 90, 91, 92, 93, 94, 95, 96, 97, 98, 99, 100, 101, 102, 103, 104, 105, 106, 107, 108, 109, 110, 111, 112, 113, 114, 115]}


2025-01-23 16:22:07.776804
CatBoost - Allstate_Claims

MSE - mean: 3744153.65880
MSE - std: 222972.18956
R2 - mean: 0.55629
R2 - std: 0.01129

Train time: 19.691233
Test time: 2.723417

Best Parameters: {'learning_rate': 0.15719649592081572, 'max_depth': 11, 'l2_leaf_reg': 9.209564718111663, 'iterations': 100, 'od_type': 'Iter', 'od_wait': 20, 'verbose': 100, 'train_dir': 'output/CatBoost/Allstate_Claims/catboost_info', 'task_type': 'GPU', 'devices': [[0, 1]], 'cat_features': [0, 1, 2, 3, 4, 5, 6, 7, 8, 9, 10, 11, 12, 13, 14, 15, 16, 17, 18, 19, 20, 21, 22, 23, 24, 25, 26, 27, 28, 29, 30, 31, 32, 33, 34, 35, 36, 37, 38, 39, 40, 41, 42, 43, 44, 45, 46, 47, 48, 49, 50, 51, 52, 53, 54, 55, 56, 57, 58, 59, 60, 61, 62, 63, 64, 65, 66, 67, 68, 69, 70, 71, 72, 73, 74, 75, 76, 77, 78, 79, 80, 81, 82, 83, 84, 85, 86, 87, 88, 89, 90, 91, 92, 93, 94, 95, 96, 97, 98, 99, 100, 101, 102, 103, 104, 105, 106, 107, 108, 109, 110, 111, 112, 113, 114, 115]}


2025-01-23 16:23:19.387727
CatBoost - Allstate_Claims

MSE - mean: 3664374.50780
MSE - std: 201121.26242
R2 - mean: 0.56564
R2 - std: 0.01066

Train time: 17.965694
Test time: 2.746189

Best Parameters: {'learning_rate': 0.22193617146119532, 'max_depth': 9, 'l2_leaf_reg': 4.307211640357057, 'iterations': 100, 'od_type': 'Iter', 'od_wait': 20, 'verbose': 100, 'train_dir': 'output/CatBoost/Allstate_Claims/catboost_info', 'task_type': 'GPU', 'devices': [[0, 1]], 'cat_features': [0, 1, 2, 3, 4, 5, 6, 7, 8, 9, 10, 11, 12, 13, 14, 15, 16, 17, 18, 19, 20, 21, 22, 23, 24, 25, 26, 27, 28, 29, 30, 31, 32, 33, 34, 35, 36, 37, 38, 39, 40, 41, 42, 43, 44, 45, 46, 47, 48, 49, 50, 51, 52, 53, 54, 55, 56, 57, 58, 59, 60, 61, 62, 63, 64, 65, 66, 67, 68, 69, 70, 71, 72, 73, 74, 75, 76, 77, 78, 79, 80, 81, 82, 83, 84, 85, 86, 87, 88, 89, 90, 91, 92, 93, 94, 95, 96, 97, 98, 99, 100, 101, 102, 103, 104, 105, 106, 107, 108, 109, 110, 111, 112, 113, 114, 115]}


2025-01-23 16:24:28.501711
CatBoost - Allstate_Claims

MSE - mean: 3711822.27233
MSE - std: 216406.43343
R2 - mean: 0.56009
R2 - std: 0.01117

Train time: 17.702133
Test time: 2.711615

Best Parameters: {'learning_rate': 0.09062516145089788, 'max_depth': 9, 'l2_leaf_reg': 0.9594031953422829, 'iterations': 100, 'od_type': 'Iter', 'od_wait': 20, 'verbose': 100, 'train_dir': 'output/CatBoost/Allstate_Claims/catboost_info', 'task_type': 'GPU', 'devices': [[0, 1]], 'cat_features': [0, 1, 2, 3, 4, 5, 6, 7, 8, 9, 10, 11, 12, 13, 14, 15, 16, 17, 18, 19, 20, 21, 22, 23, 24, 25, 26, 27, 28, 29, 30, 31, 32, 33, 34, 35, 36, 37, 38, 39, 40, 41, 42, 43, 44, 45, 46, 47, 48, 49, 50, 51, 52, 53, 54, 55, 56, 57, 58, 59, 60, 61, 62, 63, 64, 65, 66, 67, 68, 69, 70, 71, 72, 73, 74, 75, 76, 77, 78, 79, 80, 81, 82, 83, 84, 85, 86, 87, 88, 89, 90, 91, 92, 93, 94, 95, 96, 97, 98, 99, 100, 101, 102, 103, 104, 105, 106, 107, 108, 109, 110, 111, 112, 113, 114, 115]}


2025-01-23 16:25:42.093045
CatBoost - Allstate_Claims

MSE - mean: 3799315.01907
MSE - std: 210527.28829
R2 - mean: 0.54965
R2 - std: 0.01145

Train time: 18.849472
Test time: 2.745552

Best Parameters: {'learning_rate': 0.11039080144459366, 'max_depth': 10, 'l2_leaf_reg': 10.501003709093217, 'iterations': 100, 'od_type': 'Iter', 'od_wait': 20, 'verbose': 100, 'train_dir': 'output/CatBoost/Allstate_Claims/catboost_info', 'task_type': 'GPU', 'devices': [[0, 1]], 'cat_features': [0, 1, 2, 3, 4, 5, 6, 7, 8, 9, 10, 11, 12, 13, 14, 15, 16, 17, 18, 19, 20, 21, 22, 23, 24, 25, 26, 27, 28, 29, 30, 31, 32, 33, 34, 35, 36, 37, 38, 39, 40, 41, 42, 43, 44, 45, 46, 47, 48, 49, 50, 51, 52, 53, 54, 55, 56, 57, 58, 59, 60, 61, 62, 63, 64, 65, 66, 67, 68, 69, 70, 71, 72, 73, 74, 75, 76, 77, 78, 79, 80, 81, 82, 83, 84, 85, 86, 87, 88, 89, 90, 91, 92, 93, 94, 95, 96, 97, 98, 99, 100, 101, 102, 103, 104, 105, 106, 107, 108, 109, 110, 111, 112, 113, 114, 115]}


2025-01-23 16:26:47.862750
CatBoost - Allstate_Claims

MSE - mean: 4062795.13918
MSE - std: 198193.55518
R2 - mean: 0.51830
R2 - std: 0.01039

Train time: 16.695949
Test time: 2.634443

Best Parameters: {'learning_rate': 0.1279295085937041, 'max_depth': 3, 'l2_leaf_reg': 8.197538287999565, 'iterations': 100, 'od_type': 'Iter', 'od_wait': 20, 'verbose': 100, 'train_dir': 'output/CatBoost/Allstate_Claims/catboost_info', 'task_type': 'GPU', 'devices': [[0, 1]], 'cat_features': [0, 1, 2, 3, 4, 5, 6, 7, 8, 9, 10, 11, 12, 13, 14, 15, 16, 17, 18, 19, 20, 21, 22, 23, 24, 25, 26, 27, 28, 29, 30, 31, 32, 33, 34, 35, 36, 37, 38, 39, 40, 41, 42, 43, 44, 45, 46, 47, 48, 49, 50, 51, 52, 53, 54, 55, 56, 57, 58, 59, 60, 61, 62, 63, 64, 65, 66, 67, 68, 69, 70, 71, 72, 73, 74, 75, 76, 77, 78, 79, 80, 81, 82, 83, 84, 85, 86, 87, 88, 89, 90, 91, 92, 93, 94, 95, 96, 97, 98, 99, 100, 101, 102, 103, 104, 105, 106, 107, 108, 109, 110, 111, 112, 113, 114, 115]}


2025-01-23 16:27:55.576840
CatBoost - Allstate_Claims

MSE - mean: 3820093.42647
MSE - std: 200700.41921
R2 - mean: 0.54716
R2 - std: 0.00979

Train time: 17.227744
Test time: 2.659202

Best Parameters: {'learning_rate': 0.08573861369707421, 'max_depth': 8, 'l2_leaf_reg': 5.9940465717898315, 'iterations': 100, 'od_type': 'Iter', 'od_wait': 20, 'verbose': 100, 'train_dir': 'output/CatBoost/Allstate_Claims/catboost_info', 'task_type': 'GPU', 'devices': [[0, 1]], 'cat_features': [0, 1, 2, 3, 4, 5, 6, 7, 8, 9, 10, 11, 12, 13, 14, 15, 16, 17, 18, 19, 20, 21, 22, 23, 24, 25, 26, 27, 28, 29, 30, 31, 32, 33, 34, 35, 36, 37, 38, 39, 40, 41, 42, 43, 44, 45, 46, 47, 48, 49, 50, 51, 52, 53, 54, 55, 56, 57, 58, 59, 60, 61, 62, 63, 64, 65, 66, 67, 68, 69, 70, 71, 72, 73, 74, 75, 76, 77, 78, 79, 80, 81, 82, 83, 84, 85, 86, 87, 88, 89, 90, 91, 92, 93, 94, 95, 96, 97, 98, 99, 100, 101, 102, 103, 104, 105, 106, 107, 108, 109, 110, 111, 112, 113, 114, 115]}


2025-01-23 16:29:03.869353
CatBoost - Allstate_Claims

MSE - mean: 3831073.71333
MSE - std: 191429.89890
R2 - mean: 0.54579
R2 - std: 0.01038

Train time: 17.602441
Test time: 2.642095

Best Parameters: {'learning_rate': 0.09812728801396554, 'max_depth': 7, 'l2_leaf_reg': 7.334957579378595, 'iterations': 100, 'od_type': 'Iter', 'od_wait': 20, 'verbose': 100, 'train_dir': 'output/CatBoost/Allstate_Claims/catboost_info', 'task_type': 'GPU', 'devices': [[0, 1]], 'cat_features': [0, 1, 2, 3, 4, 5, 6, 7, 8, 9, 10, 11, 12, 13, 14, 15, 16, 17, 18, 19, 20, 21, 22, 23, 24, 25, 26, 27, 28, 29, 30, 31, 32, 33, 34, 35, 36, 37, 38, 39, 40, 41, 42, 43, 44, 45, 46, 47, 48, 49, 50, 51, 52, 53, 54, 55, 56, 57, 58, 59, 60, 61, 62, 63, 64, 65, 66, 67, 68, 69, 70, 71, 72, 73, 74, 75, 76, 77, 78, 79, 80, 81, 82, 83, 84, 85, 86, 87, 88, 89, 90, 91, 92, 93, 94, 95, 96, 97, 98, 99, 100, 101, 102, 103, 104, 105, 106, 107, 108, 109, 110, 111, 112, 113, 114, 115]}


2025-01-23 16:30:14.265751
CatBoost - Allstate_Claims

MSE - mean: 3810585.72784
MSE - std: 212033.44198
R2 - mean: 0.54833
R2 - std: 0.01090

Train time: 18.433899
Test time: 2.680824

Best Parameters: {'learning_rate': 0.1042486458473542, 'max_depth': 9, 'l2_leaf_reg': 11.55078510642215, 'iterations': 100, 'od_type': 'Iter', 'od_wait': 20, 'verbose': 100, 'train_dir': 'output/CatBoost/Allstate_Claims/catboost_info', 'task_type': 'GPU', 'devices': [[0, 1]], 'cat_features': [0, 1, 2, 3, 4, 5, 6, 7, 8, 9, 10, 11, 12, 13, 14, 15, 16, 17, 18, 19, 20, 21, 22, 23, 24, 25, 26, 27, 28, 29, 30, 31, 32, 33, 34, 35, 36, 37, 38, 39, 40, 41, 42, 43, 44, 45, 46, 47, 48, 49, 50, 51, 52, 53, 54, 55, 56, 57, 58, 59, 60, 61, 62, 63, 64, 65, 66, 67, 68, 69, 70, 71, 72, 73, 74, 75, 76, 77, 78, 79, 80, 81, 82, 83, 84, 85, 86, 87, 88, 89, 90, 91, 92, 93, 94, 95, 96, 97, 98, 99, 100, 101, 102, 103, 104, 105, 106, 107, 108, 109, 110, 111, 112, 113, 114, 115]}


2025-01-23 16:31:24.901411
CatBoost - Allstate_Claims

MSE - mean: 3681773.47896
MSE - std: 214311.79331
R2 - mean: 0.56361
R2 - std: 0.01229

Train time: 18.365695
Test time: 2.641616

Best Parameters: {'learning_rate': 0.18602189074932834, 'max_depth': 10, 'l2_leaf_reg': 5.079053103026555, 'iterations': 100, 'od_type': 'Iter', 'od_wait': 20, 'verbose': 100, 'train_dir': 'output/CatBoost/Allstate_Claims/catboost_info', 'task_type': 'GPU', 'devices': [[0, 1]], 'cat_features': [0, 1, 2, 3, 4, 5, 6, 7, 8, 9, 10, 11, 12, 13, 14, 15, 16, 17, 18, 19, 20, 21, 22, 23, 24, 25, 26, 27, 28, 29, 30, 31, 32, 33, 34, 35, 36, 37, 38, 39, 40, 41, 42, 43, 44, 45, 46, 47, 48, 49, 50, 51, 52, 53, 54, 55, 56, 57, 58, 59, 60, 61, 62, 63, 64, 65, 66, 67, 68, 69, 70, 71, 72, 73, 74, 75, 76, 77, 78, 79, 80, 81, 82, 83, 84, 85, 86, 87, 88, 89, 90, 91, 92, 93, 94, 95, 96, 97, 98, 99, 100, 101, 102, 103, 104, 105, 106, 107, 108, 109, 110, 111, 112, 113, 114, 115]}


2025-01-23 16:32:34.328460
CatBoost - Allstate_Claims

MSE - mean: 3658529.90236
MSE - std: 231563.67740
R2 - mean: 0.56645
R2 - std: 0.01360

Train time: 18.189920
Test time: 2.663962

Best Parameters: {'learning_rate': 0.16963368538034349, 'max_depth': 9, 'l2_leaf_reg': 1.4695568984446299, 'iterations': 100, 'od_type': 'Iter', 'od_wait': 20, 'verbose': 100, 'train_dir': 'output/CatBoost/Allstate_Claims/catboost_info', 'task_type': 'GPU', 'devices': [[0, 1]], 'cat_features': [0, 1, 2, 3, 4, 5, 6, 7, 8, 9, 10, 11, 12, 13, 14, 15, 16, 17, 18, 19, 20, 21, 22, 23, 24, 25, 26, 27, 28, 29, 30, 31, 32, 33, 34, 35, 36, 37, 38, 39, 40, 41, 42, 43, 44, 45, 46, 47, 48, 49, 50, 51, 52, 53, 54, 55, 56, 57, 58, 59, 60, 61, 62, 63, 64, 65, 66, 67, 68, 69, 70, 71, 72, 73, 74, 75, 76, 77, 78, 79, 80, 81, 82, 83, 84, 85, 86, 87, 88, 89, 90, 91, 92, 93, 94, 95, 96, 97, 98, 99, 100, 101, 102, 103, 104, 105, 106, 107, 108, 109, 110, 111, 112, 113, 114, 115]}


2025-01-23 16:33:43.401353
CatBoost - Allstate_Claims

MSE - mean: 3817574.11649
MSE - std: 191381.24047
R2 - mean: 0.54740
R2 - std: 0.01001

Train time: 17.775360
Test time: 2.745062

Best Parameters: {'learning_rate': 0.1183853581136437, 'max_depth': 8, 'l2_leaf_reg': 12.892817338009738, 'iterations': 100, 'od_type': 'Iter', 'od_wait': 20, 'verbose': 100, 'train_dir': 'output/CatBoost/Allstate_Claims/catboost_info', 'task_type': 'GPU', 'devices': [[0, 1]], 'cat_features': [0, 1, 2, 3, 4, 5, 6, 7, 8, 9, 10, 11, 12, 13, 14, 15, 16, 17, 18, 19, 20, 21, 22, 23, 24, 25, 26, 27, 28, 29, 30, 31, 32, 33, 34, 35, 36, 37, 38, 39, 40, 41, 42, 43, 44, 45, 46, 47, 48, 49, 50, 51, 52, 53, 54, 55, 56, 57, 58, 59, 60, 61, 62, 63, 64, 65, 66, 67, 68, 69, 70, 71, 72, 73, 74, 75, 76, 77, 78, 79, 80, 81, 82, 83, 84, 85, 86, 87, 88, 89, 90, 91, 92, 93, 94, 95, 96, 97, 98, 99, 100, 101, 102, 103, 104, 105, 106, 107, 108, 109, 110, 111, 112, 113, 114, 115]}


2025-01-23 16:34:53.814217
CatBoost - Allstate_Claims

MSE - mean: 3897028.28380
MSE - std: 209072.52173
R2 - mean: 0.53806
R2 - std: 0.01022

Train time: 18.427450
Test time: 2.639730

Best Parameters: {'learning_rate': 0.08008354140925232, 'max_depth': 10, 'l2_leaf_reg': 14.5884868096844, 'iterations': 100, 'od_type': 'Iter', 'od_wait': 20, 'verbose': 100, 'train_dir': 'output/CatBoost/Allstate_Claims/catboost_info', 'task_type': 'GPU', 'devices': [[0, 1]], 'cat_features': [0, 1, 2, 3, 4, 5, 6, 7, 8, 9, 10, 11, 12, 13, 14, 15, 16, 17, 18, 19, 20, 21, 22, 23, 24, 25, 26, 27, 28, 29, 30, 31, 32, 33, 34, 35, 36, 37, 38, 39, 40, 41, 42, 43, 44, 45, 46, 47, 48, 49, 50, 51, 52, 53, 54, 55, 56, 57, 58, 59, 60, 61, 62, 63, 64, 65, 66, 67, 68, 69, 70, 71, 72, 73, 74, 75, 76, 77, 78, 79, 80, 81, 82, 83, 84, 85, 86, 87, 88, 89, 90, 91, 92, 93, 94, 95, 96, 97, 98, 99, 100, 101, 102, 103, 104, 105, 106, 107, 108, 109, 110, 111, 112, 113, 114, 115]}


2025-01-23 16:36:03.204004
CatBoost - Allstate_Claims

MSE - mean: 3724591.52104
MSE - std: 201343.29679
R2 - mean: 0.55847
R2 - std: 0.01112

Train time: 18.167779
Test time: 2.713374

Best Parameters: {'learning_rate': 0.17751779855588373, 'max_depth': 9, 'l2_leaf_reg': 9.75410049307576, 'iterations': 100, 'od_type': 'Iter', 'od_wait': 20, 'verbose': 100, 'train_dir': 'output/CatBoost/Allstate_Claims/catboost_info', 'task_type': 'GPU', 'devices': [[0, 1]], 'cat_features': [0, 1, 2, 3, 4, 5, 6, 7, 8, 9, 10, 11, 12, 13, 14, 15, 16, 17, 18, 19, 20, 21, 22, 23, 24, 25, 26, 27, 28, 29, 30, 31, 32, 33, 34, 35, 36, 37, 38, 39, 40, 41, 42, 43, 44, 45, 46, 47, 48, 49, 50, 51, 52, 53, 54, 55, 56, 57, 58, 59, 60, 61, 62, 63, 64, 65, 66, 67, 68, 69, 70, 71, 72, 73, 74, 75, 76, 77, 78, 79, 80, 81, 82, 83, 84, 85, 86, 87, 88, 89, 90, 91, 92, 93, 94, 95, 96, 97, 98, 99, 100, 101, 102, 103, 104, 105, 106, 107, 108, 109, 110, 111, 112, 113, 114, 115]}


2025-01-23 16:37:13.134640
CatBoost - Allstate_Claims

MSE - mean: 3699490.62247
MSE - std: 208532.51671
R2 - mean: 0.56144
R2 - std: 0.01332

Train time: 17.680055
Test time: 2.814516

Best Parameters: {'learning_rate': 0.20961728240397262, 'max_depth': 9, 'l2_leaf_reg': 8.098354803072537, 'iterations': 100, 'od_type': 'Iter', 'od_wait': 20, 'verbose': 100, 'train_dir': 'output/CatBoost/Allstate_Claims/catboost_info', 'task_type': 'GPU', 'devices': [[0, 1]], 'cat_features': [0, 1, 2, 3, 4, 5, 6, 7, 8, 9, 10, 11, 12, 13, 14, 15, 16, 17, 18, 19, 20, 21, 22, 23, 24, 25, 26, 27, 28, 29, 30, 31, 32, 33, 34, 35, 36, 37, 38, 39, 40, 41, 42, 43, 44, 45, 46, 47, 48, 49, 50, 51, 52, 53, 54, 55, 56, 57, 58, 59, 60, 61, 62, 63, 64, 65, 66, 67, 68, 69, 70, 71, 72, 73, 74, 75, 76, 77, 78, 79, 80, 81, 82, 83, 84, 85, 86, 87, 88, 89, 90, 91, 92, 93, 94, 95, 96, 97, 98, 99, 100, 101, 102, 103, 104, 105, 106, 107, 108, 109, 110, 111, 112, 113, 114, 115]}


2025-01-23 16:38:23.122372
CatBoost - Allstate_Claims

MSE - mean: 3726795.67547
MSE - std: 218219.35212
R2 - mean: 0.55830
R2 - std: 0.01209

Train time: 18.436755
Test time: 2.670344

Best Parameters: {'learning_rate': 0.19084313761466312, 'max_depth': 10, 'l2_leaf_reg': 8.798675894929445, 'iterations': 100, 'od_type': 'Iter', 'od_wait': 20, 'verbose': 100, 'train_dir': 'output/CatBoost/Allstate_Claims/catboost_info', 'task_type': 'GPU', 'devices': [[0, 1]], 'cat_features': [0, 1, 2, 3, 4, 5, 6, 7, 8, 9, 10, 11, 12, 13, 14, 15, 16, 17, 18, 19, 20, 21, 22, 23, 24, 25, 26, 27, 28, 29, 30, 31, 32, 33, 34, 35, 36, 37, 38, 39, 40, 41, 42, 43, 44, 45, 46, 47, 48, 49, 50, 51, 52, 53, 54, 55, 56, 57, 58, 59, 60, 61, 62, 63, 64, 65, 66, 67, 68, 69, 70, 71, 72, 73, 74, 75, 76, 77, 78, 79, 80, 81, 82, 83, 84, 85, 86, 87, 88, 89, 90, 91, 92, 93, 94, 95, 96, 97, 98, 99, 100, 101, 102, 103, 104, 105, 106, 107, 108, 109, 110, 111, 112, 113, 114, 115]}


2025-01-23 16:39:30.198241
CatBoost - Allstate_Claims

MSE - mean: 3767440.26014
MSE - std: 204450.19262
R2 - mean: 0.55339
R2 - std: 0.01168

Train time: 17.319160
Test time: 2.828438

Best Parameters: {'learning_rate': 0.1476764779897312, 'max_depth': 8, 'l2_leaf_reg': 9.279666153037523, 'iterations': 100, 'od_type': 'Iter', 'od_wait': 20, 'verbose': 100, 'train_dir': 'output/CatBoost/Allstate_Claims/catboost_info', 'task_type': 'GPU', 'devices': [[0, 1]], 'cat_features': [0, 1, 2, 3, 4, 5, 6, 7, 8, 9, 10, 11, 12, 13, 14, 15, 16, 17, 18, 19, 20, 21, 22, 23, 24, 25, 26, 27, 28, 29, 30, 31, 32, 33, 34, 35, 36, 37, 38, 39, 40, 41, 42, 43, 44, 45, 46, 47, 48, 49, 50, 51, 52, 53, 54, 55, 56, 57, 58, 59, 60, 61, 62, 63, 64, 65, 66, 67, 68, 69, 70, 71, 72, 73, 74, 75, 76, 77, 78, 79, 80, 81, 82, 83, 84, 85, 86, 87, 88, 89, 90, 91, 92, 93, 94, 95, 96, 97, 98, 99, 100, 101, 102, 103, 104, 105, 106, 107, 108, 109, 110, 111, 112, 113, 114, 115]}


2025-01-23 16:40:39.899880
CatBoost - Allstate_Claims

MSE - mean: 3743758.76017
MSE - std: 211707.40491
R2 - mean: 0.55622
R2 - std: 0.01251

Train time: 17.974762
Test time: 2.711642

Best Parameters: {'learning_rate': 0.15606988960722046, 'max_depth': 9, 'l2_leaf_reg': 10.4446905313894, 'iterations': 100, 'od_type': 'Iter', 'od_wait': 20, 'verbose': 100, 'train_dir': 'output/CatBoost/Allstate_Claims/catboost_info', 'task_type': 'GPU', 'devices': [[0, 1]], 'cat_features': [0, 1, 2, 3, 4, 5, 6, 7, 8, 9, 10, 11, 12, 13, 14, 15, 16, 17, 18, 19, 20, 21, 22, 23, 24, 25, 26, 27, 28, 29, 30, 31, 32, 33, 34, 35, 36, 37, 38, 39, 40, 41, 42, 43, 44, 45, 46, 47, 48, 49, 50, 51, 52, 53, 54, 55, 56, 57, 58, 59, 60, 61, 62, 63, 64, 65, 66, 67, 68, 69, 70, 71, 72, 73, 74, 75, 76, 77, 78, 79, 80, 81, 82, 83, 84, 85, 86, 87, 88, 89, 90, 91, 92, 93, 94, 95, 96, 97, 98, 99, 100, 101, 102, 103, 104, 105, 106, 107, 108, 109, 110, 111, 112, 113, 114, 115]}


2025-01-23 16:41:56.255407
CatBoost - Allstate_Claims

MSE - mean: 3696108.79731
MSE - std: 257592.91274
R2 - mean: 0.56214
R2 - std: 0.01509

Train time: 19.896618
Test time: 2.837672

Best Parameters: {'learning_rate': 0.17037919252875064, 'max_depth': 11, 'l2_leaf_reg': 3.5753762778142395, 'iterations': 100, 'od_type': 'Iter', 'od_wait': 20, 'verbose': 100, 'train_dir': 'output/CatBoost/Allstate_Claims/catboost_info', 'task_type': 'GPU', 'devices': [[0, 1]], 'cat_features': [0, 1, 2, 3, 4, 5, 6, 7, 8, 9, 10, 11, 12, 13, 14, 15, 16, 17, 18, 19, 20, 21, 22, 23, 24, 25, 26, 27, 28, 29, 30, 31, 32, 33, 34, 35, 36, 37, 38, 39, 40, 41, 42, 43, 44, 45, 46, 47, 48, 49, 50, 51, 52, 53, 54, 55, 56, 57, 58, 59, 60, 61, 62, 63, 64, 65, 66, 67, 68, 69, 70, 71, 72, 73, 74, 75, 76, 77, 78, 79, 80, 81, 82, 83, 84, 85, 86, 87, 88, 89, 90, 91, 92, 93, 94, 95, 96, 97, 98, 99, 100, 101, 102, 103, 104, 105, 106, 107, 108, 109, 110, 111, 112, 113, 114, 115]}


2025-01-23 16:43:08.796948
CatBoost - Allstate_Claims

MSE - mean: 3702220.27142
MSE - std: 210918.57999
R2 - mean: 0.56117
R2 - std: 0.01203

Train time: 18.667715
Test time: 2.683480

Best Parameters: {'learning_rate': 0.20824642888635, 'max_depth': 10, 'l2_leaf_reg': 7.490806351128905, 'iterations': 100, 'od_type': 'Iter', 'od_wait': 20, 'verbose': 100, 'train_dir': 'output/CatBoost/Allstate_Claims/catboost_info', 'task_type': 'GPU', 'devices': [[0, 1]], 'cat_features': [0, 1, 2, 3, 4, 5, 6, 7, 8, 9, 10, 11, 12, 13, 14, 15, 16, 17, 18, 19, 20, 21, 22, 23, 24, 25, 26, 27, 28, 29, 30, 31, 32, 33, 34, 35, 36, 37, 38, 39, 40, 41, 42, 43, 44, 45, 46, 47, 48, 49, 50, 51, 52, 53, 54, 55, 56, 57, 58, 59, 60, 61, 62, 63, 64, 65, 66, 67, 68, 69, 70, 71, 72, 73, 74, 75, 76, 77, 78, 79, 80, 81, 82, 83, 84, 85, 86, 87, 88, 89, 90, 91, 92, 93, 94, 95, 96, 97, 98, 99, 100, 101, 102, 103, 104, 105, 106, 107, 108, 109, 110, 111, 112, 113, 114, 115]}


2025-01-23 16:44:17.248602
CatBoost - Allstate_Claims

MSE - mean: 3666462.96768
MSE - std: 197563.31388
R2 - mean: 0.56540
R2 - std: 0.00943

Train time: 17.289652
Test time: 2.844094

Best Parameters: {'learning_rate': 0.13613049413673917, 'max_depth': 8, 'l2_leaf_reg': 1.2162572642511111, 'iterations': 100, 'od_type': 'Iter', 'od_wait': 20, 'verbose': 100, 'train_dir': 'output/CatBoost/Allstate_Claims/catboost_info', 'task_type': 'GPU', 'devices': [[0, 1]], 'cat_features': [0, 1, 2, 3, 4, 5, 6, 7, 8, 9, 10, 11, 12, 13, 14, 15, 16, 17, 18, 19, 20, 21, 22, 23, 24, 25, 26, 27, 28, 29, 30, 31, 32, 33, 34, 35, 36, 37, 38, 39, 40, 41, 42, 43, 44, 45, 46, 47, 48, 49, 50, 51, 52, 53, 54, 55, 56, 57, 58, 59, 60, 61, 62, 63, 64, 65, 66, 67, 68, 69, 70, 71, 72, 73, 74, 75, 76, 77, 78, 79, 80, 81, 82, 83, 84, 85, 86, 87, 88, 89, 90, 91, 92, 93, 94, 95, 96, 97, 98, 99, 100, 101, 102, 103, 104, 105, 106, 107, 108, 109, 110, 111, 112, 113, 114, 115]}


2025-01-23 16:45:26.097019
CatBoost - Allstate_Claims

MSE - mean: 3707579.82774
MSE - std: 218940.90976
R2 - mean: 0.56055
R2 - std: 0.01320

Train time: 17.818017
Test time: 2.645414

Best Parameters: {'learning_rate': 0.1888221204919315, 'max_depth': 9, 'l2_leaf_reg': 5.595083857294367, 'iterations': 100, 'od_type': 'Iter', 'od_wait': 20, 'verbose': 100, 'train_dir': 'output/CatBoost/Allstate_Claims/catboost_info', 'task_type': 'GPU', 'devices': [[0, 1]], 'cat_features': [0, 1, 2, 3, 4, 5, 6, 7, 8, 9, 10, 11, 12, 13, 14, 15, 16, 17, 18, 19, 20, 21, 22, 23, 24, 25, 26, 27, 28, 29, 30, 31, 32, 33, 34, 35, 36, 37, 38, 39, 40, 41, 42, 43, 44, 45, 46, 47, 48, 49, 50, 51, 52, 53, 54, 55, 56, 57, 58, 59, 60, 61, 62, 63, 64, 65, 66, 67, 68, 69, 70, 71, 72, 73, 74, 75, 76, 77, 78, 79, 80, 81, 82, 83, 84, 85, 86, 87, 88, 89, 90, 91, 92, 93, 94, 95, 96, 97, 98, 99, 100, 101, 102, 103, 104, 105, 106, 107, 108, 109, 110, 111, 112, 113, 114, 115]}


2025-01-23 16:46:37.503498
CatBoost - Allstate_Claims

MSE - mean: 3706679.24009
MSE - std: 220635.20340
R2 - mean: 0.56072
R2 - std: 0.01162

Train time: 18.753541
Test time: 2.666732

Best Parameters: {'learning_rate': 0.17834233588138562, 'max_depth': 10, 'l2_leaf_reg': 6.5129423417977295, 'iterations': 100, 'od_type': 'Iter', 'od_wait': 20, 'verbose': 100, 'train_dir': 'output/CatBoost/Allstate_Claims/catboost_info', 'task_type': 'GPU', 'devices': [[0, 1]], 'cat_features': [0, 1, 2, 3, 4, 5, 6, 7, 8, 9, 10, 11, 12, 13, 14, 15, 16, 17, 18, 19, 20, 21, 22, 23, 24, 25, 26, 27, 28, 29, 30, 31, 32, 33, 34, 35, 36, 37, 38, 39, 40, 41, 42, 43, 44, 45, 46, 47, 48, 49, 50, 51, 52, 53, 54, 55, 56, 57, 58, 59, 60, 61, 62, 63, 64, 65, 66, 67, 68, 69, 70, 71, 72, 73, 74, 75, 76, 77, 78, 79, 80, 81, 82, 83, 84, 85, 86, 87, 88, 89, 90, 91, 92, 93, 94, 95, 96, 97, 98, 99, 100, 101, 102, 103, 104, 105, 106, 107, 108, 109, 110, 111, 112, 113, 114, 115]}


2025-01-23 16:47:49.998878
CatBoost - Allstate_Claims

MSE - mean: 3692249.55848
MSE - std: 247065.56130
R2 - mean: 0.56255
R2 - std: 0.01424

Train time: 18.719162
Test time: 2.742260

Best Parameters: {'learning_rate': 0.15900078340204246, 'max_depth': 10, 'l2_leaf_reg': 2.876492290528351, 'iterations': 100, 'od_type': 'Iter', 'od_wait': 20, 'verbose': 100, 'train_dir': 'output/CatBoost/Allstate_Claims/catboost_info', 'task_type': 'GPU', 'devices': [[0, 1]], 'cat_features': [0, 1, 2, 3, 4, 5, 6, 7, 8, 9, 10, 11, 12, 13, 14, 15, 16, 17, 18, 19, 20, 21, 22, 23, 24, 25, 26, 27, 28, 29, 30, 31, 32, 33, 34, 35, 36, 37, 38, 39, 40, 41, 42, 43, 44, 45, 46, 47, 48, 49, 50, 51, 52, 53, 54, 55, 56, 57, 58, 59, 60, 61, 62, 63, 64, 65, 66, 67, 68, 69, 70, 71, 72, 73, 74, 75, 76, 77, 78, 79, 80, 81, 82, 83, 84, 85, 86, 87, 88, 89, 90, 91, 92, 93, 94, 95, 96, 97, 98, 99, 100, 101, 102, 103, 104, 105, 106, 107, 108, 109, 110, 111, 112, 113, 114, 115]}


2025-01-23 16:48:56.989374
CatBoost - Allstate_Claims

MSE - mean: 3687794.10382
MSE - std: 226528.64170
R2 - mean: 0.56297
R2 - std: 0.01261

Train time: 17.404992
Test time: 2.489752

Best Parameters: {'learning_rate': 0.16533252248306593, 'max_depth': 9, 'l2_leaf_reg': 4.486013694943776, 'iterations': 100, 'od_type': 'Iter', 'od_wait': 20, 'verbose': 100, 'train_dir': 'output/CatBoost/Allstate_Claims/catboost_info', 'task_type': 'GPU', 'devices': [[0, 1]], 'cat_features': [0, 1, 2, 3, 4, 5, 6, 7, 8, 9, 10, 11, 12, 13, 14, 15, 16, 17, 18, 19, 20, 21, 22, 23, 24, 25, 26, 27, 28, 29, 30, 31, 32, 33, 34, 35, 36, 37, 38, 39, 40, 41, 42, 43, 44, 45, 46, 47, 48, 49, 50, 51, 52, 53, 54, 55, 56, 57, 58, 59, 60, 61, 62, 63, 64, 65, 66, 67, 68, 69, 70, 71, 72, 73, 74, 75, 76, 77, 78, 79, 80, 81, 82, 83, 84, 85, 86, 87, 88, 89, 90, 91, 92, 93, 94, 95, 96, 97, 98, 99, 100, 101, 102, 103, 104, 105, 106, 107, 108, 109, 110, 111, 112, 113, 114, 115]}


2025-01-23 16:50:11.692689
CatBoost - Allstate_Claims

MSE - mean: 3708273.88737
MSE - std: 241238.46368
R2 - mean: 0.56064
R2 - std: 0.01296

Train time: 19.053847
Test time: 2.514283

Best Parameters: {'learning_rate': 0.1477887802221053, 'max_depth': 11, 'l2_leaf_reg': 3.420534529909434, 'iterations': 100, 'od_type': 'Iter', 'od_wait': 20, 'verbose': 100, 'train_dir': 'output/CatBoost/Allstate_Claims/catboost_info', 'task_type': 'GPU', 'devices': [[0, 1]], 'cat_features': [0, 1, 2, 3, 4, 5, 6, 7, 8, 9, 10, 11, 12, 13, 14, 15, 16, 17, 18, 19, 20, 21, 22, 23, 24, 25, 26, 27, 28, 29, 30, 31, 32, 33, 34, 35, 36, 37, 38, 39, 40, 41, 42, 43, 44, 45, 46, 47, 48, 49, 50, 51, 52, 53, 54, 55, 56, 57, 58, 59, 60, 61, 62, 63, 64, 65, 66, 67, 68, 69, 70, 71, 72, 73, 74, 75, 76, 77, 78, 79, 80, 81, 82, 83, 84, 85, 86, 87, 88, 89, 90, 91, 92, 93, 94, 95, 96, 97, 98, 99, 100, 101, 102, 103, 104, 105, 106, 107, 108, 109, 110, 111, 112, 113, 114, 115]}


2025-01-23 16:51:18.880797
CatBoost - Allstate_Claims

MSE - mean: 3664735.99202
MSE - std: 208158.30382
R2 - mean: 0.56565
R2 - std: 0.01030

Train time: 17.681657
Test time: 2.435917

Best Parameters: {'learning_rate': 0.2346265146315554, 'max_depth': 9, 'l2_leaf_reg': 3.0302325455591803, 'iterations': 100, 'od_type': 'Iter', 'od_wait': 20, 'verbose': 100, 'train_dir': 'output/CatBoost/Allstate_Claims/catboost_info', 'task_type': 'GPU', 'devices': [[0, 1]], 'cat_features': [0, 1, 2, 3, 4, 5, 6, 7, 8, 9, 10, 11, 12, 13, 14, 15, 16, 17, 18, 19, 20, 21, 22, 23, 24, 25, 26, 27, 28, 29, 30, 31, 32, 33, 34, 35, 36, 37, 38, 39, 40, 41, 42, 43, 44, 45, 46, 47, 48, 49, 50, 51, 52, 53, 54, 55, 56, 57, 58, 59, 60, 61, 62, 63, 64, 65, 66, 67, 68, 69, 70, 71, 72, 73, 74, 75, 76, 77, 78, 79, 80, 81, 82, 83, 84, 85, 86, 87, 88, 89, 90, 91, 92, 93, 94, 95, 96, 97, 98, 99, 100, 101, 102, 103, 104, 105, 106, 107, 108, 109, 110, 111, 112, 113, 114, 115]}


2025-01-23 16:52:21.728396
CatBoost - Allstate_Claims

MSE - mean: 3684429.33641
MSE - std: 209451.80111
R2 - mean: 0.56329
R2 - std: 0.01151

Train time: 16.496896
Test time: 2.409050

Best Parameters: {'learning_rate': 0.19840968527197436, 'max_depth': 8, 'l2_leaf_reg': 4.075072812337009, 'iterations': 100, 'od_type': 'Iter', 'od_wait': 20, 'verbose': 100, 'train_dir': 'output/CatBoost/Allstate_Claims/catboost_info', 'task_type': 'GPU', 'devices': [[0, 1]], 'cat_features': [0, 1, 2, 3, 4, 5, 6, 7, 8, 9, 10, 11, 12, 13, 14, 15, 16, 17, 18, 19, 20, 21, 22, 23, 24, 25, 26, 27, 28, 29, 30, 31, 32, 33, 34, 35, 36, 37, 38, 39, 40, 41, 42, 43, 44, 45, 46, 47, 48, 49, 50, 51, 52, 53, 54, 55, 56, 57, 58, 59, 60, 61, 62, 63, 64, 65, 66, 67, 68, 69, 70, 71, 72, 73, 74, 75, 76, 77, 78, 79, 80, 81, 82, 83, 84, 85, 86, 87, 88, 89, 90, 91, 92, 93, 94, 95, 96, 97, 98, 99, 100, 101, 102, 103, 104, 105, 106, 107, 108, 109, 110, 111, 112, 113, 114, 115]}


2025-01-23 16:53:28.917165
CatBoost - Allstate_Claims

MSE - mean: 4062649.15327
MSE - std: 245285.53829
R2 - mean: 0.51859
R2 - std: 0.01156

Train time: 17.988220
Test time: 2.405492

Best Parameters: {'learning_rate': 0.04061800647558616, 'max_depth': 10, 'l2_leaf_reg': 11.318948372426126, 'iterations': 100, 'od_type': 'Iter', 'od_wait': 20, 'verbose': 100, 'train_dir': 'output/CatBoost/Allstate_Claims/catboost_info', 'task_type': 'GPU', 'devices': [[0, 1]], 'cat_features': [0, 1, 2, 3, 4, 5, 6, 7, 8, 9, 10, 11, 12, 13, 14, 15, 16, 17, 18, 19, 20, 21, 22, 23, 24, 25, 26, 27, 28, 29, 30, 31, 32, 33, 34, 35, 36, 37, 38, 39, 40, 41, 42, 43, 44, 45, 46, 47, 48, 49, 50, 51, 52, 53, 54, 55, 56, 57, 58, 59, 60, 61, 62, 63, 64, 65, 66, 67, 68, 69, 70, 71, 72, 73, 74, 75, 76, 77, 78, 79, 80, 81, 82, 83, 84, 85, 86, 87, 88, 89, 90, 91, 92, 93, 94, 95, 96, 97, 98, 99, 100, 101, 102, 103, 104, 105, 106, 107, 108, 109, 110, 111, 112, 113, 114, 115]}


2025-01-23 16:54:32.319562
CatBoost - Allstate_Claims

MSE - mean: 3715240.04677
MSE - std: 206978.94897
R2 - mean: 0.55960
R2 - std: 0.01172

Train time: 16.400437
Test time: 2.368174

Best Parameters: {'learning_rate': 0.17732573288220094, 'max_depth': 9, 'l2_leaf_reg': 8.699694348350073, 'iterations': 100, 'od_type': 'Iter', 'od_wait': 20, 'verbose': 100, 'train_dir': 'output/CatBoost/Allstate_Claims/catboost_info', 'task_type': 'GPU', 'devices': [[0, 1]], 'cat_features': [0, 1, 2, 3, 4, 5, 6, 7, 8, 9, 10, 11, 12, 13, 14, 15, 16, 17, 18, 19, 20, 21, 22, 23, 24, 25, 26, 27, 28, 29, 30, 31, 32, 33, 34, 35, 36, 37, 38, 39, 40, 41, 42, 43, 44, 45, 46, 47, 48, 49, 50, 51, 52, 53, 54, 55, 56, 57, 58, 59, 60, 61, 62, 63, 64, 65, 66, 67, 68, 69, 70, 71, 72, 73, 74, 75, 76, 77, 78, 79, 80, 81, 82, 83, 84, 85, 86, 87, 88, 89, 90, 91, 92, 93, 94, 95, 96, 97, 98, 99, 100, 101, 102, 103, 104, 105, 106, 107, 108, 109, 110, 111, 112, 113, 114, 115]}


2025-01-23 16:55:42.629026
CatBoost - Allstate_Claims

MSE - mean: 3704197.18470
MSE - std: 256886.41021
R2 - mean: 0.56120
R2 - std: 0.01434

Train time: 18.778920
Test time: 2.484176

Best Parameters: {'learning_rate': 0.13755995341821411, 'max_depth': 11, 'l2_leaf_reg': 1.0420518794326301, 'iterations': 100, 'od_type': 'Iter', 'od_wait': 20, 'verbose': 100, 'train_dir': 'output/CatBoost/Allstate_Claims/catboost_info', 'task_type': 'GPU', 'devices': [[0, 1]], 'cat_features': [0, 1, 2, 3, 4, 5, 6, 7, 8, 9, 10, 11, 12, 13, 14, 15, 16, 17, 18, 19, 20, 21, 22, 23, 24, 25, 26, 27, 28, 29, 30, 31, 32, 33, 34, 35, 36, 37, 38, 39, 40, 41, 42, 43, 44, 45, 46, 47, 48, 49, 50, 51, 52, 53, 54, 55, 56, 57, 58, 59, 60, 61, 62, 63, 64, 65, 66, 67, 68, 69, 70, 71, 72, 73, 74, 75, 76, 77, 78, 79, 80, 81, 82, 83, 84, 85, 86, 87, 88, 89, 90, 91, 92, 93, 94, 95, 96, 97, 98, 99, 100, 101, 102, 103, 104, 105, 106, 107, 108, 109, 110, 111, 112, 113, 114, 115]}


2025-01-23 16:56:46.517668
CatBoost - Allstate_Claims

MSE - mean: 3691093.16167
MSE - std: 225851.84417
R2 - mean: 0.56255
R2 - std: 0.01328

Train time: 16.623431
Test time: 2.546785

Best Parameters: {'learning_rate': 0.2209086164713822, 'max_depth': 9, 'l2_leaf_reg': 4.810681997645595, 'iterations': 100, 'od_type': 'Iter', 'od_wait': 20, 'verbose': 100, 'train_dir': 'output/CatBoost/Allstate_Claims/catboost_info', 'task_type': 'GPU', 'devices': [[0, 1]], 'cat_features': [0, 1, 2, 3, 4, 5, 6, 7, 8, 9, 10, 11, 12, 13, 14, 15, 16, 17, 18, 19, 20, 21, 22, 23, 24, 25, 26, 27, 28, 29, 30, 31, 32, 33, 34, 35, 36, 37, 38, 39, 40, 41, 42, 43, 44, 45, 46, 47, 48, 49, 50, 51, 52, 53, 54, 55, 56, 57, 58, 59, 60, 61, 62, 63, 64, 65, 66, 67, 68, 69, 70, 71, 72, 73, 74, 75, 76, 77, 78, 79, 80, 81, 82, 83, 84, 85, 86, 87, 88, 89, 90, 91, 92, 93, 94, 95, 96, 97, 98, 99, 100, 101, 102, 103, 104, 105, 106, 107, 108, 109, 110, 111, 112, 113, 114, 115]}


2025-01-23 16:57:54.389775
CatBoost - Allstate_Claims

MSE - mean: 3741581.99177
MSE - std: 211033.37582
R2 - mean: 0.55652
R2 - std: 0.01090

Train time: 18.179894
Test time: 2.378740

Best Parameters: {'learning_rate': 0.1519979177409942, 'max_depth': 10, 'l2_leaf_reg': 7.694185404753754, 'iterations': 100, 'od_type': 'Iter', 'od_wait': 20, 'verbose': 100, 'train_dir': 'output/CatBoost/Allstate_Claims/catboost_info', 'task_type': 'GPU', 'devices': [[0, 1]], 'cat_features': [0, 1, 2, 3, 4, 5, 6, 7, 8, 9, 10, 11, 12, 13, 14, 15, 16, 17, 18, 19, 20, 21, 22, 23, 24, 25, 26, 27, 28, 29, 30, 31, 32, 33, 34, 35, 36, 37, 38, 39, 40, 41, 42, 43, 44, 45, 46, 47, 48, 49, 50, 51, 52, 53, 54, 55, 56, 57, 58, 59, 60, 61, 62, 63, 64, 65, 66, 67, 68, 69, 70, 71, 72, 73, 74, 75, 76, 77, 78, 79, 80, 81, 82, 83, 84, 85, 86, 87, 88, 89, 90, 91, 92, 93, 94, 95, 96, 97, 98, 99, 100, 101, 102, 103, 104, 105, 106, 107, 108, 109, 110, 111, 112, 113, 114, 115]}


2025-01-23 16:58:55.898741
CatBoost - Allstate_Claims

MSE - mean: 3737773.97594
MSE - std: 198522.77494
R2 - mean: 0.55687
R2 - std: 0.01204

Train time: 16.324805
Test time: 2.363967

Best Parameters: {'learning_rate': 0.18576549369589823, 'max_depth': 8, 'l2_leaf_reg': 10.313538616086406, 'iterations': 100, 'od_type': 'Iter', 'od_wait': 20, 'verbose': 100, 'train_dir': 'output/CatBoost/Allstate_Claims/catboost_info', 'task_type': 'GPU', 'devices': [[0, 1]], 'cat_features': [0, 1, 2, 3, 4, 5, 6, 7, 8, 9, 10, 11, 12, 13, 14, 15, 16, 17, 18, 19, 20, 21, 22, 23, 24, 25, 26, 27, 28, 29, 30, 31, 32, 33, 34, 35, 36, 37, 38, 39, 40, 41, 42, 43, 44, 45, 46, 47, 48, 49, 50, 51, 52, 53, 54, 55, 56, 57, 58, 59, 60, 61, 62, 63, 64, 65, 66, 67, 68, 69, 70, 71, 72, 73, 74, 75, 76, 77, 78, 79, 80, 81, 82, 83, 84, 85, 86, 87, 88, 89, 90, 91, 92, 93, 94, 95, 96, 97, 98, 99, 100, 101, 102, 103, 104, 105, 106, 107, 108, 109, 110, 111, 112, 113, 114, 115]}


2025-01-23 17:00:01.656238
CatBoost - Allstate_Claims

MSE - mean: 3733823.98025
MSE - std: 213064.54647
R2 - mean: 0.55746
R2 - std: 0.01101

Train time: 17.142315
Test time: 2.469880

Best Parameters: {'learning_rate': 0.16696707036568428, 'max_depth': 10, 'l2_leaf_reg': 9.723940104206727, 'iterations': 100, 'od_type': 'Iter', 'od_wait': 20, 'verbose': 100, 'train_dir': 'output/CatBoost/Allstate_Claims/catboost_info', 'task_type': 'GPU', 'devices': [[0, 1]], 'cat_features': [0, 1, 2, 3, 4, 5, 6, 7, 8, 9, 10, 11, 12, 13, 14, 15, 16, 17, 18, 19, 20, 21, 22, 23, 24, 25, 26, 27, 28, 29, 30, 31, 32, 33, 34, 35, 36, 37, 38, 39, 40, 41, 42, 43, 44, 45, 46, 47, 48, 49, 50, 51, 52, 53, 54, 55, 56, 57, 58, 59, 60, 61, 62, 63, 64, 65, 66, 67, 68, 69, 70, 71, 72, 73, 74, 75, 76, 77, 78, 79, 80, 81, 82, 83, 84, 85, 86, 87, 88, 89, 90, 91, 92, 93, 94, 95, 96, 97, 98, 99, 100, 101, 102, 103, 104, 105, 106, 107, 108, 109, 110, 111, 112, 113, 114, 115]}


2025-01-23 17:01:05.021410
CatBoost - Allstate_Claims

MSE - mean: 3682978.54894
MSE - std: 204411.01105
R2 - mean: 0.56345
R2 - std: 0.01068

Train time: 16.857310
Test time: 2.454472

Best Parameters: {'learning_rate': 0.18276036602677362, 'max_depth': 9, 'l2_leaf_reg': 0.6475471447731562, 'iterations': 100, 'od_type': 'Iter', 'od_wait': 20, 'verbose': 100, 'train_dir': 'output/CatBoost/Allstate_Claims/catboost_info', 'task_type': 'GPU', 'devices': [[0, 1]], 'cat_features': [0, 1, 2, 3, 4, 5, 6, 7, 8, 9, 10, 11, 12, 13, 14, 15, 16, 17, 18, 19, 20, 21, 22, 23, 24, 25, 26, 27, 28, 29, 30, 31, 32, 33, 34, 35, 36, 37, 38, 39, 40, 41, 42, 43, 44, 45, 46, 47, 48, 49, 50, 51, 52, 53, 54, 55, 56, 57, 58, 59, 60, 61, 62, 63, 64, 65, 66, 67, 68, 69, 70, 71, 72, 73, 74, 75, 76, 77, 78, 79, 80, 81, 82, 83, 84, 85, 86, 87, 88, 89, 90, 91, 92, 93, 94, 95, 96, 97, 98, 99, 100, 101, 102, 103, 104, 105, 106, 107, 108, 109, 110, 111, 112, 113, 114, 115]}


2025-01-23 17:02:09.921331
CatBoost - Allstate_Claims

MSE - mean: 3711793.80483
MSE - std: 210211.09842
R2 - mean: 0.56001
R2 - std: 0.01244

Train time: 16.992927
Test time: 2.385836

Best Parameters: {'learning_rate': 0.2003661126578872, 'max_depth': 9, 'l2_leaf_reg': 9.221007896359987, 'iterations': 100, 'od_type': 'Iter', 'od_wait': 20, 'verbose': 100, 'train_dir': 'output/CatBoost/Allstate_Claims/catboost_info', 'task_type': 'GPU', 'devices': [[0, 1]], 'cat_features': [0, 1, 2, 3, 4, 5, 6, 7, 8, 9, 10, 11, 12, 13, 14, 15, 16, 17, 18, 19, 20, 21, 22, 23, 24, 25, 26, 27, 28, 29, 30, 31, 32, 33, 34, 35, 36, 37, 38, 39, 40, 41, 42, 43, 44, 45, 46, 47, 48, 49, 50, 51, 52, 53, 54, 55, 56, 57, 58, 59, 60, 61, 62, 63, 64, 65, 66, 67, 68, 69, 70, 71, 72, 73, 74, 75, 76, 77, 78, 79, 80, 81, 82, 83, 84, 85, 86, 87, 88, 89, 90, 91, 92, 93, 94, 95, 96, 97, 98, 99, 100, 101, 102, 103, 104, 105, 106, 107, 108, 109, 110, 111, 112, 113, 114, 115]}


2025-01-23 17:03:14.763568
CatBoost - Allstate_Claims

MSE - mean: 3760498.68279
MSE - std: 212564.35396
R2 - mean: 0.55427
R2 - std: 0.01167

Train time: 17.044164
Test time: 2.355281

Best Parameters: {'learning_rate': 0.16006942792207685, 'max_depth': 10, 'l2_leaf_reg': 11.929611730209391, 'iterations': 100, 'od_type': 'Iter', 'od_wait': 20, 'verbose': 100, 'train_dir': 'output/CatBoost/Allstate_Claims/catboost_info', 'task_type': 'GPU', 'devices': [[0, 1]], 'cat_features': [0, 1, 2, 3, 4, 5, 6, 7, 8, 9, 10, 11, 12, 13, 14, 15, 16, 17, 18, 19, 20, 21, 22, 23, 24, 25, 26, 27, 28, 29, 30, 31, 32, 33, 34, 35, 36, 37, 38, 39, 40, 41, 42, 43, 44, 45, 46, 47, 48, 49, 50, 51, 52, 53, 54, 55, 56, 57, 58, 59, 60, 61, 62, 63, 64, 65, 66, 67, 68, 69, 70, 71, 72, 73, 74, 75, 76, 77, 78, 79, 80, 81, 82, 83, 84, 85, 86, 87, 88, 89, 90, 91, 92, 93, 94, 95, 96, 97, 98, 99, 100, 101, 102, 103, 104, 105, 106, 107, 108, 109, 110, 111, 112, 113, 114, 115]}


2025-01-23 17:04:18.995143
CatBoost - Allstate_Claims

MSE - mean: 3663159.57157
MSE - std: 223677.53470
R2 - mean: 0.56587
R2 - std: 0.01296

Train time: 17.021864
Test time: 2.454079

Best Parameters: {'learning_rate': 0.17343450566705673, 'max_depth': 9, 'l2_leaf_reg': 0.810542559368979, 'iterations': 100, 'od_type': 'Iter', 'od_wait': 20, 'verbose': 100, 'train_dir': 'output/CatBoost/Allstate_Claims/catboost_info', 'task_type': 'GPU', 'devices': [[0, 1]], 'cat_features': [0, 1, 2, 3, 4, 5, 6, 7, 8, 9, 10, 11, 12, 13, 14, 15, 16, 17, 18, 19, 20, 21, 22, 23, 24, 25, 26, 27, 28, 29, 30, 31, 32, 33, 34, 35, 36, 37, 38, 39, 40, 41, 42, 43, 44, 45, 46, 47, 48, 49, 50, 51, 52, 53, 54, 55, 56, 57, 58, 59, 60, 61, 62, 63, 64, 65, 66, 67, 68, 69, 70, 71, 72, 73, 74, 75, 76, 77, 78, 79, 80, 81, 82, 83, 84, 85, 86, 87, 88, 89, 90, 91, 92, 93, 94, 95, 96, 97, 98, 99, 100, 101, 102, 103, 104, 105, 106, 107, 108, 109, 110, 111, 112, 113, 114, 115]}


2025-01-23 17:05:31.015105
CatBoost - Allstate_Claims

MSE - mean: 3711676.97555
MSE - std: 235199.01127
R2 - mean: 0.56021
R2 - std: 0.01233

Train time: 18.728908
Test time: 2.448046

Best Parameters: {'learning_rate': 0.19100576382266807, 'max_depth': 11, 'l2_leaf_reg': 5.889613318703036, 'iterations': 100, 'od_type': 'Iter', 'od_wait': 20, 'verbose': 100, 'train_dir': 'output/CatBoost/Allstate_Claims/catboost_info', 'task_type': 'GPU', 'devices': [[0, 1]], 'cat_features': [0, 1, 2, 3, 4, 5, 6, 7, 8, 9, 10, 11, 12, 13, 14, 15, 16, 17, 18, 19, 20, 21, 22, 23, 24, 25, 26, 27, 28, 29, 30, 31, 32, 33, 34, 35, 36, 37, 38, 39, 40, 41, 42, 43, 44, 45, 46, 47, 48, 49, 50, 51, 52, 53, 54, 55, 56, 57, 58, 59, 60, 61, 62, 63, 64, 65, 66, 67, 68, 69, 70, 71, 72, 73, 74, 75, 76, 77, 78, 79, 80, 81, 82, 83, 84, 85, 86, 87, 88, 89, 90, 91, 92, 93, 94, 95, 96, 97, 98, 99, 100, 101, 102, 103, 104, 105, 106, 107, 108, 109, 110, 111, 112, 113, 114, 115]}


2025-01-23 17:06:33.379337
CatBoost - Allstate_Claims

MSE - mean: 3787893.64122
MSE - std: 204358.16762
R2 - mean: 0.55096
R2 - std: 0.01180

Train time: 16.463630
Test time: 2.327247

Best Parameters: {'learning_rate': 0.12816428839492924, 'max_depth': 8, 'l2_leaf_reg': 10.842092371825517, 'iterations': 100, 'od_type': 'Iter', 'od_wait': 20, 'verbose': 100, 'train_dir': 'output/CatBoost/Allstate_Claims/catboost_info', 'task_type': 'GPU', 'devices': [[0, 1]], 'cat_features': [0, 1, 2, 3, 4, 5, 6, 7, 8, 9, 10, 11, 12, 13, 14, 15, 16, 17, 18, 19, 20, 21, 22, 23, 24, 25, 26, 27, 28, 29, 30, 31, 32, 33, 34, 35, 36, 37, 38, 39, 40, 41, 42, 43, 44, 45, 46, 47, 48, 49, 50, 51, 52, 53, 54, 55, 56, 57, 58, 59, 60, 61, 62, 63, 64, 65, 66, 67, 68, 69, 70, 71, 72, 73, 74, 75, 76, 77, 78, 79, 80, 81, 82, 83, 84, 85, 86, 87, 88, 89, 90, 91, 92, 93, 94, 95, 96, 97, 98, 99, 100, 101, 102, 103, 104, 105, 106, 107, 108, 109, 110, 111, 112, 113, 114, 115]}


2025-01-23 17:07:41.595330
CatBoost - Allstate_Claims

MSE - mean: 3680372.37523
MSE - std: 214919.15140
R2 - mean: 0.56380
R2 - std: 0.01172

Train time: 17.686218
Test time: 2.434234

Best Parameters: {'learning_rate': 0.21590879735524224, 'max_depth': 10, 'l2_leaf_reg': 5.37207320813886, 'iterations': 100, 'od_type': 'Iter', 'od_wait': 20, 'verbose': 100, 'train_dir': 'output/CatBoost/Allstate_Claims/catboost_info', 'task_type': 'GPU', 'devices': [[0, 1]], 'cat_features': [0, 1, 2, 3, 4, 5, 6, 7, 8, 9, 10, 11, 12, 13, 14, 15, 16, 17, 18, 19, 20, 21, 22, 23, 24, 25, 26, 27, 28, 29, 30, 31, 32, 33, 34, 35, 36, 37, 38, 39, 40, 41, 42, 43, 44, 45, 46, 47, 48, 49, 50, 51, 52, 53, 54, 55, 56, 57, 58, 59, 60, 61, 62, 63, 64, 65, 66, 67, 68, 69, 70, 71, 72, 73, 74, 75, 76, 77, 78, 79, 80, 81, 82, 83, 84, 85, 86, 87, 88, 89, 90, 91, 92, 93, 94, 95, 96, 97, 98, 99, 100, 101, 102, 103, 104, 105, 106, 107, 108, 109, 110, 111, 112, 113, 114, 115]}


2025-01-23 17:08:45.088597
CatBoost - Allstate_Claims

MSE - mean: 3726424.82697
MSE - std: 209564.22225
R2 - mean: 0.55829
R2 - std: 0.01182

Train time: 16.938488
Test time: 2.448961

Best Parameters: {'learning_rate': 0.14528979771414877, 'max_depth': 9, 'l2_leaf_reg': 8.477351859859107, 'iterations': 100, 'od_type': 'Iter', 'od_wait': 20, 'verbose': 100, 'train_dir': 'output/CatBoost/Allstate_Claims/catboost_info', 'task_type': 'GPU', 'devices': [[0, 1]], 'cat_features': [0, 1, 2, 3, 4, 5, 6, 7, 8, 9, 10, 11, 12, 13, 14, 15, 16, 17, 18, 19, 20, 21, 22, 23, 24, 25, 26, 27, 28, 29, 30, 31, 32, 33, 34, 35, 36, 37, 38, 39, 40, 41, 42, 43, 44, 45, 46, 47, 48, 49, 50, 51, 52, 53, 54, 55, 56, 57, 58, 59, 60, 61, 62, 63, 64, 65, 66, 67, 68, 69, 70, 71, 72, 73, 74, 75, 76, 77, 78, 79, 80, 81, 82, 83, 84, 85, 86, 87, 88, 89, 90, 91, 92, 93, 94, 95, 96, 97, 98, 99, 100, 101, 102, 103, 104, 105, 106, 107, 108, 109, 110, 111, 112, 113, 114, 115]}


2025-01-23 17:09:52.092196
CatBoost - Allstate_Claims

MSE - mean: 3699873.97989
MSE - std: 212081.02953
R2 - mean: 0.56142
R2 - std: 0.01301

Train time: 17.317129
Test time: 2.441282

Best Parameters: {'learning_rate': 0.16561809700872612, 'max_depth': 7, 'l2_leaf_reg': 2.4550409407335723, 'iterations': 100, 'od_type': 'Iter', 'od_wait': 20, 'verbose': 100, 'train_dir': 'output/CatBoost/Allstate_Claims/catboost_info', 'task_type': 'GPU', 'devices': [[0, 1]], 'cat_features': [0, 1, 2, 3, 4, 5, 6, 7, 8, 9, 10, 11, 12, 13, 14, 15, 16, 17, 18, 19, 20, 21, 22, 23, 24, 25, 26, 27, 28, 29, 30, 31, 32, 33, 34, 35, 36, 37, 38, 39, 40, 41, 42, 43, 44, 45, 46, 47, 48, 49, 50, 51, 52, 53, 54, 55, 56, 57, 58, 59, 60, 61, 62, 63, 64, 65, 66, 67, 68, 69, 70, 71, 72, 73, 74, 75, 76, 77, 78, 79, 80, 81, 82, 83, 84, 85, 86, 87, 88, 89, 90, 91, 92, 93, 94, 95, 96, 97, 98, 99, 100, 101, 102, 103, 104, 105, 106, 107, 108, 109, 110, 111, 112, 113, 114, 115]}


2025-01-23 17:10:58.102826
CatBoost - Allstate_Claims

MSE - mean: 3693937.05916
MSE - std: 214627.37728
R2 - mean: 0.56216
R2 - std: 0.01270

Train time: 17.033115
Test time: 2.451054

Best Parameters: {'learning_rate': 0.1544214315489873, 'max_depth': 8, 'l2_leaf_reg': 3.676249509995032, 'iterations': 100, 'od_type': 'Iter', 'od_wait': 20, 'verbose': 100, 'train_dir': 'output/CatBoost/Allstate_Claims/catboost_info', 'task_type': 'GPU', 'devices': [[0, 1]], 'cat_features': [0, 1, 2, 3, 4, 5, 6, 7, 8, 9, 10, 11, 12, 13, 14, 15, 16, 17, 18, 19, 20, 21, 22, 23, 24, 25, 26, 27, 28, 29, 30, 31, 32, 33, 34, 35, 36, 37, 38, 39, 40, 41, 42, 43, 44, 45, 46, 47, 48, 49, 50, 51, 52, 53, 54, 55, 56, 57, 58, 59, 60, 61, 62, 63, 64, 65, 66, 67, 68, 69, 70, 71, 72, 73, 74, 75, 76, 77, 78, 79, 80, 81, 82, 83, 84, 85, 86, 87, 88, 89, 90, 91, 92, 93, 94, 95, 96, 97, 98, 99, 100, 101, 102, 103, 104, 105, 106, 107, 108, 109, 110, 111, 112, 113, 114, 115]}


2025-01-23 17:12:02.337910
CatBoost - Allstate_Claims

MSE - mean: 3698494.98808
MSE - std: 226781.19142
R2 - mean: 0.56173
R2 - std: 0.01186

Train time: 17.038164
Test time: 2.428982

Best Parameters: {'learning_rate': 0.14100042320785242, 'max_depth': 9, 'l2_leaf_reg': 2.751178528508765, 'iterations': 100, 'od_type': 'Iter', 'od_wait': 20, 'verbose': 100, 'train_dir': 'output/CatBoost/Allstate_Claims/catboost_info', 'task_type': 'GPU', 'devices': [[0, 1]], 'cat_features': [0, 1, 2, 3, 4, 5, 6, 7, 8, 9, 10, 11, 12, 13, 14, 15, 16, 17, 18, 19, 20, 21, 22, 23, 24, 25, 26, 27, 28, 29, 30, 31, 32, 33, 34, 35, 36, 37, 38, 39, 40, 41, 42, 43, 44, 45, 46, 47, 48, 49, 50, 51, 52, 53, 54, 55, 56, 57, 58, 59, 60, 61, 62, 63, 64, 65, 66, 67, 68, 69, 70, 71, 72, 73, 74, 75, 76, 77, 78, 79, 80, 81, 82, 83, 84, 85, 86, 87, 88, 89, 90, 91, 92, 93, 94, 95, 96, 97, 98, 99, 100, 101, 102, 103, 104, 105, 106, 107, 108, 109, 110, 111, 112, 113, 114, 115]}


2025-01-23 17:13:06.094740
CatBoost - Allstate_Claims

MSE - mean: 3695769.77424
MSE - std: 217505.89145
R2 - mean: 0.56195
R2 - std: 0.01291

Train time: 16.684378
Test time: 2.444639

Best Parameters: {'learning_rate': 0.1754518908460528, 'max_depth': 8, 'l2_leaf_reg': 3.118001654969768, 'iterations': 100, 'od_type': 'Iter', 'od_wait': 20, 'verbose': 100, 'train_dir': 'output/CatBoost/Allstate_Claims/catboost_info', 'task_type': 'GPU', 'devices': [[0, 1]], 'cat_features': [0, 1, 2, 3, 4, 5, 6, 7, 8, 9, 10, 11, 12, 13, 14, 15, 16, 17, 18, 19, 20, 21, 22, 23, 24, 25, 26, 27, 28, 29, 30, 31, 32, 33, 34, 35, 36, 37, 38, 39, 40, 41, 42, 43, 44, 45, 46, 47, 48, 49, 50, 51, 52, 53, 54, 55, 56, 57, 58, 59, 60, 61, 62, 63, 64, 65, 66, 67, 68, 69, 70, 71, 72, 73, 74, 75, 76, 77, 78, 79, 80, 81, 82, 83, 84, 85, 86, 87, 88, 89, 90, 91, 92, 93, 94, 95, 96, 97, 98, 99, 100, 101, 102, 103, 104, 105, 106, 107, 108, 109, 110, 111, 112, 113, 114, 115]}


2025-01-23 17:14:12.499134
CatBoost - Allstate_Claims

MSE - mean: 3696886.00753
MSE - std: 221894.24223
R2 - mean: 0.56190
R2 - std: 0.01149

Train time: 17.475211
Test time: 2.474821

Best Parameters: {'learning_rate': 0.12294112998837448, 'max_depth': 10, 'l2_leaf_reg': 3.2042818382372413, 'iterations': 100, 'od_type': 'Iter', 'od_wait': 20, 'verbose': 100, 'train_dir': 'output/CatBoost/Allstate_Claims/catboost_info', 'task_type': 'GPU', 'devices': [[0, 1]], 'cat_features': [0, 1, 2, 3, 4, 5, 6, 7, 8, 9, 10, 11, 12, 13, 14, 15, 16, 17, 18, 19, 20, 21, 22, 23, 24, 25, 26, 27, 28, 29, 30, 31, 32, 33, 34, 35, 36, 37, 38, 39, 40, 41, 42, 43, 44, 45, 46, 47, 48, 49, 50, 51, 52, 53, 54, 55, 56, 57, 58, 59, 60, 61, 62, 63, 64, 65, 66, 67, 68, 69, 70, 71, 72, 73, 74, 75, 76, 77, 78, 79, 80, 81, 82, 83, 84, 85, 86, 87, 88, 89, 90, 91, 92, 93, 94, 95, 96, 97, 98, 99, 100, 101, 102, 103, 104, 105, 106, 107, 108, 109, 110, 111, 112, 113, 114, 115]}


2025-01-23 17:15:16.998370
CatBoost - Allstate_Claims

MSE - mean: 3690452.49068
MSE - std: 212954.04363
R2 - mean: 0.56260
R2 - std: 0.01147

Train time: 16.789334
Test time: 2.538612

Best Parameters: {'learning_rate': 0.20476907234704705, 'max_depth': 8, 'l2_leaf_reg': 4.064289223360129, 'iterations': 100, 'od_type': 'Iter', 'od_wait': 20, 'verbose': 100, 'train_dir': 'output/CatBoost/Allstate_Claims/catboost_info', 'task_type': 'GPU', 'devices': [[0, 1]], 'cat_features': [0, 1, 2, 3, 4, 5, 6, 7, 8, 9, 10, 11, 12, 13, 14, 15, 16, 17, 18, 19, 20, 21, 22, 23, 24, 25, 26, 27, 28, 29, 30, 31, 32, 33, 34, 35, 36, 37, 38, 39, 40, 41, 42, 43, 44, 45, 46, 47, 48, 49, 50, 51, 52, 53, 54, 55, 56, 57, 58, 59, 60, 61, 62, 63, 64, 65, 66, 67, 68, 69, 70, 71, 72, 73, 74, 75, 76, 77, 78, 79, 80, 81, 82, 83, 84, 85, 86, 87, 88, 89, 90, 91, 92, 93, 94, 95, 96, 97, 98, 99, 100, 101, 102, 103, 104, 105, 106, 107, 108, 109, 110, 111, 112, 113, 114, 115]}


2025-01-23 17:16:21.783293
CatBoost - Allstate_Claims

MSE - mean: 3710386.83019
MSE - std: 203408.55981
R2 - mean: 0.56013
R2 - std: 0.01254

Train time: 17.278063
Test time: 2.514081

Best Parameters: {'learning_rate': 0.2606139718843194, 'max_depth': 9, 'l2_leaf_reg': 10.007430615189612, 'iterations': 100, 'od_type': 'Iter', 'od_wait': 20, 'verbose': 100, 'train_dir': 'output/CatBoost/Allstate_Claims/catboost_info', 'task_type': 'GPU', 'devices': [[0, 1]], 'cat_features': [0, 1, 2, 3, 4, 5, 6, 7, 8, 9, 10, 11, 12, 13, 14, 15, 16, 17, 18, 19, 20, 21, 22, 23, 24, 25, 26, 27, 28, 29, 30, 31, 32, 33, 34, 35, 36, 37, 38, 39, 40, 41, 42, 43, 44, 45, 46, 47, 48, 49, 50, 51, 52, 53, 54, 55, 56, 57, 58, 59, 60, 61, 62, 63, 64, 65, 66, 67, 68, 69, 70, 71, 72, 73, 74, 75, 76, 77, 78, 79, 80, 81, 82, 83, 84, 85, 86, 87, 88, 89, 90, 91, 92, 93, 94, 95, 96, 97, 98, 99, 100, 101, 102, 103, 104, 105, 106, 107, 108, 109, 110, 111, 112, 113, 114, 115]}


2025-01-23 17:17:24.456983
CatBoost - Allstate_Claims

MSE - mean: 4891682.67699
MSE - std: 271766.78372
R2 - mean: 0.42028
R2 - std: 0.01018

Train time: 16.307283
Test time: 2.439860

Best Parameters: {'learning_rate': 0.016507216565307476, 'max_depth': 5, 'l2_leaf_reg': 4.62582666461955, 'iterations': 100, 'od_type': 'Iter', 'od_wait': 20, 'verbose': 100, 'train_dir': 'output/CatBoost/Allstate_Claims/catboost_info', 'task_type': 'GPU', 'devices': [[0, 1]], 'cat_features': [0, 1, 2, 3, 4, 5, 6, 7, 8, 9, 10, 11, 12, 13, 14, 15, 16, 17, 18, 19, 20, 21, 22, 23, 24, 25, 26, 27, 28, 29, 30, 31, 32, 33, 34, 35, 36, 37, 38, 39, 40, 41, 42, 43, 44, 45, 46, 47, 48, 49, 50, 51, 52, 53, 54, 55, 56, 57, 58, 59, 60, 61, 62, 63, 64, 65, 66, 67, 68, 69, 70, 71, 72, 73, 74, 75, 76, 77, 78, 79, 80, 81, 82, 83, 84, 85, 86, 87, 88, 89, 90, 91, 92, 93, 94, 95, 96, 97, 98, 99, 100, 101, 102, 103, 104, 105, 106, 107, 108, 109, 110, 111, 112, 113, 114, 115]}


2025-01-23 17:18:26.830100
CatBoost - Allstate_Claims

MSE - mean: 3754989.83413
MSE - std: 199306.69784
R2 - mean: 0.55481
R2 - std: 0.01236

Train time: 16.534775
Test time: 2.453215

Best Parameters: {'learning_rate': 0.15440972390679775, 'max_depth': 7, 'l2_leaf_reg': 6.676250828385118, 'iterations': 100, 'od_type': 'Iter', 'od_wait': 20, 'verbose': 100, 'train_dir': 'output/CatBoost/Allstate_Claims/catboost_info', 'task_type': 'GPU', 'devices': [[0, 1]], 'cat_features': [0, 1, 2, 3, 4, 5, 6, 7, 8, 9, 10, 11, 12, 13, 14, 15, 16, 17, 18, 19, 20, 21, 22, 23, 24, 25, 26, 27, 28, 29, 30, 31, 32, 33, 34, 35, 36, 37, 38, 39, 40, 41, 42, 43, 44, 45, 46, 47, 48, 49, 50, 51, 52, 53, 54, 55, 56, 57, 58, 59, 60, 61, 62, 63, 64, 65, 66, 67, 68, 69, 70, 71, 72, 73, 74, 75, 76, 77, 78, 79, 80, 81, 82, 83, 84, 85, 86, 87, 88, 89, 90, 91, 92, 93, 94, 95, 96, 97, 98, 99, 100, 101, 102, 103, 104, 105, 106, 107, 108, 109, 110, 111, 112, 113, 114, 115]}


2025-01-23 17:19:32.060916
CatBoost - Allstate_Claims

MSE - mean: 3729365.65799
MSE - std: 211517.20846
R2 - mean: 0.55791
R2 - std: 0.01309

Train time: 17.179747
Test time: 2.494703

Best Parameters: {'learning_rate': 0.17082372086609374, 'max_depth': 9, 'l2_leaf_reg': 9.098863520906564, 'iterations': 100, 'od_type': 'Iter', 'od_wait': 20, 'verbose': 100, 'train_dir': 'output/CatBoost/Allstate_Claims/catboost_info', 'task_type': 'GPU', 'devices': [[0, 1]], 'cat_features': [0, 1, 2, 3, 4, 5, 6, 7, 8, 9, 10, 11, 12, 13, 14, 15, 16, 17, 18, 19, 20, 21, 22, 23, 24, 25, 26, 27, 28, 29, 30, 31, 32, 33, 34, 35, 36, 37, 38, 39, 40, 41, 42, 43, 44, 45, 46, 47, 48, 49, 50, 51, 52, 53, 54, 55, 56, 57, 58, 59, 60, 61, 62, 63, 64, 65, 66, 67, 68, 69, 70, 71, 72, 73, 74, 75, 76, 77, 78, 79, 80, 81, 82, 83, 84, 85, 86, 87, 88, 89, 90, 91, 92, 93, 94, 95, 96, 97, 98, 99, 100, 101, 102, 103, 104, 105, 106, 107, 108, 109, 110, 111, 112, 113, 114, 115]}


