1.162883448240793882e+01
1.081816344545327979e+01
1.019425706358167183e+01
9.731115897585064900e+00
9.386757275209872020e+00
9.126740633774991451e+00
8.942726097750194114e+00
8.800985553852541443e+00
8.693414334481813555e+00
8.626241885359281270e+00
8.576668540013040243e+00
8.535034654026166123e+00
8.507637416499921557e+00
8.490094337704588767e+00
8.474897054514583417e+00
8.452700304848546509e+00
8.430349085517260477e+00
8.414962862969414203e+00
8.400039179494507735e+00
8.382445805173016851e+00
8.378285884453868348e+00
8.358993826914616676e+00
8.346367170071566477e+00
8.335008893555022169e+00
8.326433146313236833e+00
8.314957533246408516e+00
8.301223923242424974e+00
8.293090709197974419e+00
8.284764161608935140e+00
8.275995089109487779e+00
8.267253190702490429e+00
8.261971829921023414e+00
8.257344181245773740e+00
8.253727148347621778e+00
8.247825450746024245e+00
8.232604428909350958e+00
8.227546958172350600e+00
8.220749538880115281e+00
8.214596273184294972e+00
8.205840978105610972e+00
8.200722876717184917e+00
8.197114251017849185e+00
8.193184969900869419e+00
8.187486117647022610e+00
8.177139484831741356e+00
8.167899604665830537e+00
8.163242780748747762e+00
8.154543003316218730e+00
8.152219787449672239e+00
8.150646703117367053e+00
8.148130787643358630e+00
8.144053406399214268e+00
8.137990369103707877e+00
8.053845488037998379e+00
8.050387705325563914e+00
8.047345829744337209e+00
8.042778407741522528e+00
8.040430399333860834e+00
8.030428972932341480e+00
8.026488896944119489e+00
8.019103665903880795e+00
8.016803699283796547e+00
8.013103563465545420e+00
8.006345429673377367e+00
8.002369726778548298e+00
7.992239697080776750e+00
7.988967791195858759e+00
7.981401366778444917e+00
7.977556582911278227e+00
7.971489707648432343e+00
7.965365793196069966e+00
7.957669949354662542e+00
7.953867646647135636e+00
7.948554032554116411e+00
7.938939425658539051e+00
7.933227816293553225e+00
7.930977820042565796e+00
7.927922605348857843e+00
7.925963477440737037e+00
7.917141256037576014e+00
7.915142240819115216e+00
7.912970647989926221e+00
7.908398066844500640e+00
7.904906886704631042e+00
7.901871534361104565e+00
7.899176542744450913e+00
7.896163076467346720e+00
7.894119374241458154e+00
7.889152465136608505e+00
7.887366929549678218e+00
7.886842248718797244e+00
7.879471263926906666e+00
7.875455958975183357e+00
7.875162593050594850e+00
7.874549316930737675e+00
7.870308982015075117e+00
7.867774474752696534e+00
