1.171990201990201541e+01
1.088728805915602216e+01
1.030018113614908337e+01
9.822927835994789802e+00
9.455556534456306395e+00
9.176637472648971894e+00
8.988862816683472090e+00
8.834082515166127081e+00
8.733716657460707466e+00
8.674832529159823835e+00
8.631005170886833611e+00
8.586715791001706677e+00
8.570586255761549310e+00
8.542902177022607901e+00
8.495582610608520824e+00
8.473977554227152709e+00
8.448250405842024691e+00
8.432166677828710988e+00
8.410011087621198200e+00
8.401865635312562475e+00
8.392230456732407973e+00
8.370923565412978107e+00
8.356910822439623132e+00
8.344348445955860782e+00
8.335407034580581964e+00
8.327724141819262016e+00
8.318286212098350063e+00
8.312272571144445621e+00
8.303543365189490544e+00
8.289845816361342656e+00
8.281507927432270932e+00
8.273519778743175124e+00
8.266764046961654344e+00
8.261112027655352463e+00
8.259241489428370997e+00
8.250923293008497694e+00
8.240259052094129899e+00
8.234234921358797976e+00
8.221573435208114233e+00
8.215447201945108802e+00
8.210019585355542659e+00
8.200483539351827389e+00
8.194977493000276780e+00
8.192798451426501316e+00
8.187963128824543801e+00
8.181565565947028773e+00
8.173619978813766451e+00
8.171616402810990110e+00
8.167825668491961011e+00
8.164358874316516079e+00
8.159588027713272851e+00
8.156788526402353412e+00
8.147837783333105932e+00
8.140545944129808476e+00
8.135914569401887064e+00
8.133576782699680763e+00
8.128562651333615108e+00
8.123888457471499791e+00
8.120207743472379391e+00
8.110856472869725664e+00
8.103271361416743090e+00
8.093836594760905001e+00
8.077161491276669381e+00
8.073469533348738736e+00
8.068561836988987324e+00
8.063875307766730671e+00
8.060189930557575266e+00
8.058750146755322419e+00
8.056514099700281761e+00
8.053516852112416302e+00
8.050968674597275054e+00
8.041982095057537805e+00
8.039569662203962963e+00
8.037542485826387306e+00
8.032751780412873188e+00
8.028697807941115983e+00
8.025772279266693232e+00
