1.061261825561523438e+02
1.047382583618164062e+02
1.064907226562500000e+02
1.152643737792968750e+02
9.971976470947265625e+01
1.107546615600585938e+02
9.841669464111328125e+01
1.130389556884765625e+02
1.001431045532226562e+02
1.015543441772460938e+02
1.001011886596679688e+02
8.230475616455078125e+01
9.433717346191406250e+01
6.692661285400390625e+01
7.588721466064453125e+01
6.858792877197265625e+01
6.188717269897460938e+01
5.921828079223632812e+01
5.363788223266601562e+01
4.635507583618164062e+01
4.848210144042968750e+01
5.201274490356445312e+01
4.482542419433593750e+01
4.115284347534179688e+01
3.802362442016601562e+01
3.109472846984863281e+01
2.785140991210937500e+01
3.150214767456054688e+01
2.135886955261230469e+01
2.676189231872558594e+01
2.517399787902832031e+01
2.903298568725585938e+01
2.381645965576171875e+01
4.113018798828125000e+01
2.313815116882324219e+01
1.640476417541503906e+01
2.541247177124023438e+01
2.340650939941406250e+01
2.022387886047363281e+01
1.682789611816406250e+01
1.642476081848144531e+01
1.964583778381347656e+01
1.715020942687988281e+01
1.753513336181640625e+01
1.304102897644042969e+01
1.505291938781738281e+01
1.619643974304199219e+01
1.522720050811767578e+01
1.490163612365722656e+01
1.497907257080078125e+01
1.128647708892822266e+01
1.423609161376953125e+01
1.350409984588623047e+01
1.432037734985351562e+01
9.766964912414550781e+00
9.546409606933593750e+00
5.935527801513671875e+00
1.149895477294921875e+01
9.752457618713378906e+00
9.875450134277343750e+00
9.670801162719726562e+00
1.287881946563720703e+01
1.023475742340087891e+01
8.857774734497070312e+00
6.813410758972167969e+00
1.668909454345703125e+01
1.274266433715820312e+01
7.960283279418945312e+00
7.345341682434082031e+00
1.019906806945800781e+01
9.143445014953613281e+00
1.130113983154296875e+01
8.107653617858886719e+00
1.003181171417236328e+01
7.178671836853027344e+00
7.699349880218505859e+00
8.549201011657714844e+00
8.793216705322265625e+00
9.395940780639648438e+00
8.943052291870117188e+00
8.732503890991210938e+00
5.905116081237792969e+00
8.380524635314941406e+00
6.206691265106201172e+00
9.833518028259277344e+00
6.442103385925292969e+00
7.402046203613281250e+00
9.224999427795410156e+00
6.021042823791503906e+00
7.559932708740234375e+00
8.354487419128417969e+00
1.037587165832519531e+01
9.899387359619140625e+00
8.045060157775878906e+00
8.963907241821289062e+00
5.611259460449218750e+00
7.574160099029541016e+00
7.855098247528076172e+00
6.464737415313720703e+00
8.116687774658203125e+00
6.591978073120117188e+00
6.595962047576904297e+00
1.165238475799560547e+01
7.185514926910400391e+00
7.174742698669433594e+00
7.193181514739990234e+00
4.561932563781738281e+00
6.105730056762695312e+00
7.022467136383056641e+00
6.404134273529052734e+00
7.081451416015625000e+00
8.445992469787597656e+00
1.050376224517822266e+01
6.252857208251953125e+00
7.048948764801025391e+00
7.713533878326416016e+00
6.350872993469238281e+00
6.339495658874511719e+00
4.072088241577148438e+00
6.536294937133789062e+00
8.713537216186523438e+00
6.128141403198242188e+00
7.554906368255615234e+00
8.903665542602539062e+00
7.069493293762207031e+00
8.242815971374511719e+00
7.058888912200927734e+00
8.439873695373535156e+00
1.029098606109619141e+01
8.284897804260253906e+00
6.864160060882568359e+00
6.586977005004882812e+00
8.175395011901855469e+00
5.640500068664550781e+00
4.787288188934326172e+00
5.205215454101562500e+00
6.315771579742431641e+00
9.259321212768554688e+00
6.713542938232421875e+00
6.372357368469238281e+00
4.676623821258544922e+00
5.724926948547363281e+00
7.485445499420166016e+00
6.201189994812011719e+00
7.413962364196777344e+00
5.628202438354492188e+00
9.444647789001464844e+00
7.557176589965820312e+00
8.607984542846679688e+00
9.610570907592773438e+00
7.360717773437500000e+00
6.478591442108154297e+00
5.584415435791015625e+00
6.748221874237060547e+00
5.905561923980712891e+00
7.796326637268066406e+00
7.134023189544677734e+00
6.255859851837158203e+00
7.070814609527587891e+00
8.287908554077148438e+00
9.166817665100097656e+00
8.879117965698242188e+00
5.100359916687011719e+00
7.257949352264404297e+00
5.553400039672851562e+00
4.983583450317382812e+00
4.663578987121582031e+00
6.205227851867675781e+00
1.196635150909423828e+01
6.215075016021728516e+00
6.255715847015380859e+00
6.336275577545166016e+00
5.906350135803222656e+00
5.951100349426269531e+00
8.106826782226562500e+00
4.777921676635742188e+00
6.314736366271972656e+00
6.996725082397460938e+00
5.892959594726562500e+00
5.176960945129394531e+00
7.035081863403320312e+00
7.572678565979003906e+00
4.826431274414062500e+00
7.994990825653076172e+00
5.742154121398925781e+00
6.637110710144042969e+00
5.994047164916992188e+00
8.843104362487792969e+00
5.305806636810302734e+00
5.794431686401367188e+00
9.158855438232421875e+00
4.792577266693115234e+00
6.611047744750976562e+00
5.680682182312011719e+00
7.286772251129150391e+00
5.565338611602783203e+00
5.014052391052246094e+00
6.748292922973632812e+00
6.885538578033447266e+00
5.966885089874267578e+00
7.335257530212402344e+00
5.902935981750488281e+00
6.867479324340820312e+00
6.768382549285888672e+00
7.583181381225585938e+00
7.478776931762695312e+00
7.847408294677734375e+00
6.755477905273437500e+00
6.581680774688720703e+00
7.404424667358398438e+00
7.276307106018066406e+00
5.730049133300781250e+00
6.075044631958007812e+00
6.749067783355712891e+00
6.040251731872558594e+00
6.893335342407226562e+00
4.826257228851318359e+00
7.464560985565185547e+00
7.334193229675292969e+00
8.988534927368164062e+00
8.132263183593750000e+00
5.669696807861328125e+00
4.803601741790771484e+00
6.240925788879394531e+00
5.489344120025634766e+00
5.221581935882568359e+00
7.258068561553955078e+00
5.399272918701171875e+00
4.532493114471435547e+00
9.730879783630371094e+00
8.411347389221191406e+00
7.040478706359863281e+00
6.147362232208251953e+00
5.812158584594726562e+00
6.790060043334960938e+00
4.638548851013183594e+00
6.813391685485839844e+00
4.945157051086425781e+00
6.412871837615966797e+00
6.139979362487792969e+00
5.903702259063720703e+00
6.995782852172851562e+00
5.204502105712890625e+00
9.513788223266601562e+00
3.969619512557983398e+00
4.689172744750976562e+00
5.520869731903076172e+00
5.242238521575927734e+00
6.721809387207031250e+00
9.497359275817871094e+00
5.532979488372802734e+00
8.469895362854003906e+00
5.939937591552734375e+00
8.257822990417480469e+00
4.408686637878417969e+00
6.014537334442138672e+00
8.688603401184082031e+00
6.637078285217285156e+00
6.944707393646240234e+00
4.795090675354003906e+00
8.337111473083496094e+00
4.153480052947998047e+00
6.538193702697753906e+00
4.666895389556884766e+00
7.215641498565673828e+00
5.265612602233886719e+00
5.283695220947265625e+00
6.873771190643310547e+00
4.270885944366455078e+00
9.015810012817382812e+00
6.148406505584716797e+00
5.917722225189208984e+00
7.537115573883056641e+00
6.332809925079345703e+00
5.528358936309814453e+00
5.999790191650390625e+00
7.726559162139892578e+00
5.459779262542724609e+00
5.001221179962158203e+00
6.874730587005615234e+00
7.226969718933105469e+00
5.126803398132324219e+00
6.021597862243652344e+00
5.428700923919677734e+00
6.271761894226074219e+00
7.851853370666503906e+00
7.610372543334960938e+00
5.876128196716308594e+00
5.835951805114746094e+00
6.496723651885986328e+00
5.387413978576660156e+00
5.130491256713867188e+00
6.037498474121093750e+00
8.901689529418945312e+00
5.785523414611816406e+00
5.711299896240234375e+00
5.153571128845214844e+00
4.828847408294677734e+00
5.906355857849121094e+00
6.950854301452636719e+00
8.472249031066894531e+00
7.945473194122314453e+00
7.735150814056396484e+00
6.371172428131103516e+00
6.679435253143310547e+00
7.302874088287353516e+00
5.951553344726562500e+00
5.839954376220703125e+00
5.587240695953369141e+00
6.616932392120361328e+00
7.754070281982421875e+00
2.926620960235595703e+00
5.158059597015380859e+00
5.719833374023437500e+00
5.609795570373535156e+00
5.781132698059082031e+00
4.690297603607177734e+00
6.603562355041503906e+00
5.768916130065917969e+00
7.685832500457763672e+00
5.535144329071044922e+00
4.205595493316650391e+00
5.099482059478759766e+00
7.507583618164062500e+00
6.055409431457519531e+00
4.829340934753417969e+00
9.103089332580566406e+00
4.003573894500732422e+00
5.879783630371093750e+00
7.899321079254150391e+00
6.374185562133789062e+00
5.719179630279541016e+00
5.113411426544189453e+00
6.048188686370849609e+00
6.060447692871093750e+00
6.384372711181640625e+00
7.389278411865234375e+00
7.906362056732177734e+00
6.430379867553710938e+00
7.450815200805664062e+00
7.639931678771972656e+00
7.301586627960205078e+00
6.468124866485595703e+00
6.412012100219726562e+00
6.036522388458251953e+00
6.787459373474121094e+00
5.880345344543457031e+00
7.510075092315673828e+00
6.473814487457275391e+00
4.609366416931152344e+00
5.123772144317626953e+00
3.822595119476318359e+00
6.526221275329589844e+00
5.577373027801513672e+00
5.321031093597412109e+00
5.397727012634277344e+00
5.902686595916748047e+00
4.900755405426025391e+00
6.257612705230712891e+00
8.675400733947753906e+00
5.195586204528808594e+00
4.671410083770751953e+00
5.316454410552978516e+00
4.744086742401123047e+00
5.323559284210205078e+00
4.046163558959960938e+00
4.866422176361083984e+00
8.931919097900390625e+00
6.932512760162353516e+00
7.046979427337646484e+00
6.193650722503662109e+00
6.592024803161621094e+00
5.910368442535400391e+00
6.346968650817871094e+00
5.776950836181640625e+00
6.213232040405273438e+00
4.245182991027832031e+00
8.853824615478515625e+00
6.186926364898681641e+00
5.079273700714111328e+00
6.468657970428466797e+00
6.961090087890625000e+00
5.089965343475341797e+00
7.323796749114990234e+00
5.109692096710205078e+00
5.082275390625000000e+00
7.986552238464355469e+00
5.089732170104980469e+00
4.923359870910644531e+00
4.100547313690185547e+00
6.394050121307373047e+00
6.990081787109375000e+00
5.887599468231201172e+00
5.038245201110839844e+00
4.692844867706298828e+00
5.460094928741455078e+00
5.064524173736572266e+00
4.679088115692138672e+00
6.205378055572509766e+00
5.087299823760986328e+00
6.192916393280029297e+00
4.754465103149414062e+00
6.750560283660888672e+00
7.735725402832031250e+00
5.249875068664550781e+00
5.437364578247070312e+00
4.638957500457763672e+00
8.332527160644531250e+00
5.821220874786376953e+00
9.764621734619140625e+00
8.365236282348632812e+00
5.796068191528320312e+00
4.864874839782714844e+00
3.391330718994140625e+00
6.852693557739257812e+00
4.275377750396728516e+00
7.240075588226318359e+00
7.831586360931396484e+00
5.772121906280517578e+00
4.865090847015380859e+00
7.116655826568603516e+00
6.951322078704833984e+00
5.780104160308837891e+00
4.280810356140136719e+00
4.959463596343994141e+00
8.588457107543945312e+00
6.260096073150634766e+00
6.556301593780517578e+00
4.710180759429931641e+00
5.375178337097167969e+00
5.843491077423095703e+00
7.894345760345458984e+00
4.238559722900390625e+00
4.866923332214355469e+00
7.382418155670166016e+00
6.097237586975097656e+00
6.512463092803955078e+00
5.695033073425292969e+00
5.323243618011474609e+00
5.345771789550781250e+00
5.039806842803955078e+00
6.123645305633544922e+00
6.722035408020019531e+00
1.037681293487548828e+01
5.387856483459472656e+00
5.521265506744384766e+00
6.867667198181152344e+00
5.526739597320556641e+00
5.829661846160888672e+00
4.181062698364257812e+00
4.207993507385253906e+00
6.367774486541748047e+00
6.205776214599609375e+00
6.424049377441406250e+00
8.029128074645996094e+00
7.557116985321044922e+00
5.660297870635986328e+00
4.680118560791015625e+00
7.189556598663330078e+00
6.954429626464843750e+00
4.769476890563964844e+00
5.860082626342773438e+00
5.091870784759521484e+00
3.498292207717895508e+00
6.551652431488037109e+00
4.277204990386962891e+00
5.701160430908203125e+00
8.871137619018554688e+00
6.473251342773437500e+00
4.438547134399414062e+00
4.081575393676757812e+00
4.572283744812011719e+00
5.119957447052001953e+00
7.021082878112792969e+00
6.712519168853759766e+00
5.259711265563964844e+00
6.388319492340087891e+00
5.474676609039306641e+00
1.212113285064697266e+01
5.400959968566894531e+00
4.865752220153808594e+00
5.825916290283203125e+00
4.478096485137939453e+00
7.050154209136962891e+00
7.808920383453369141e+00
9.560920715332031250e+00
4.252379894256591797e+00
3.023651599884033203e+00
5.785104751586914062e+00
5.723702430725097656e+00
5.057183265686035156e+00
8.926592826843261719e+00
5.407856941223144531e+00
4.815595626831054688e+00
6.342139244079589844e+00
8.504007339477539062e+00
5.391670227050781250e+00
5.785593509674072266e+00
9.434562683105468750e+00
6.360402107238769531e+00
4.037509441375732422e+00
5.418177604675292969e+00
4.292541980743408203e+00
7.184584140777587891e+00
5.850881099700927734e+00
7.512314796447753906e+00
5.087822914123535156e+00
5.269476413726806641e+00
6.013384819030761719e+00
5.596963882446289062e+00
4.763186454772949219e+00
7.120750904083251953e+00
4.091228961944580078e+00
6.113963603973388672e+00
4.595505237579345703e+00
6.078111171722412109e+00
6.967626571655273438e+00
5.417396545410156250e+00
5.236455917358398438e+00
6.194678783416748047e+00
8.998275756835937500e+00
5.813702106475830078e+00
5.816791057586669922e+00
7.363052368164062500e+00
5.373971462249755859e+00
6.922586917877197266e+00
5.882621765136718750e+00
7.270640850067138672e+00
8.888007164001464844e+00
4.870083808898925781e+00
5.451128482818603516e+00
4.549968719482421875e+00
4.573203563690185547e+00
4.859634876251220703e+00
7.419748306274414062e+00
5.199405193328857422e+00
3.948200464248657227e+00
4.423377037048339844e+00
3.325355529785156250e+00
7.345240116119384766e+00
6.758760452270507812e+00
4.061062335968017578e+00
4.416742801666259766e+00
5.640554428100585938e+00
4.826671600341796875e+00
5.692238330841064453e+00
4.207375526428222656e+00
6.697301864624023438e+00
5.856689453125000000e+00
2.840059280395507812e+00
5.467205524444580078e+00
5.398852348327636719e+00
4.821496963500976562e+00
6.112245559692382812e+00
5.848402976989746094e+00
5.902777671813964844e+00
9.784490585327148438e+00
5.989522933959960938e+00
5.042678833007812500e+00
6.348648071289062500e+00
6.035276412963867188e+00
6.201581001281738281e+00
6.983255386352539062e+00
5.166638374328613281e+00
6.685559749603271484e+00
4.035569667816162109e+00
6.167144775390625000e+00
5.357163906097412109e+00
6.681507110595703125e+00
4.604848384857177734e+00
3.928601026535034180e+00
6.137245178222656250e+00
6.201021194458007812e+00
6.017690658569335938e+00
4.020727157592773438e+00
5.465937614440917969e+00
4.827372550964355469e+00
7.164651393890380859e+00
7.515737056732177734e+00
4.873053550720214844e+00
5.341705322265625000e+00
5.717352390289306641e+00
6.131394863128662109e+00
4.558780193328857422e+00
6.286763191223144531e+00
6.946413993835449219e+00
6.090198516845703125e+00
5.369712352752685547e+00
5.790960311889648438e+00
7.260998725891113281e+00
5.815854072570800781e+00
5.326519489288330078e+00
5.150154590606689453e+00
5.424430847167968750e+00
5.127580642700195312e+00
4.600445747375488281e+00
5.549407958984375000e+00
4.175033092498779297e+00
5.353403091430664062e+00
5.128953456878662109e+00
4.925064563751220703e+00
7.490930557250976562e+00
4.959416389465332031e+00
7.266839504241943359e+00
5.659093379974365234e+00
5.838655471801757812e+00
4.651270389556884766e+00
4.801348686218261719e+00
6.490299224853515625e+00
7.168658256530761719e+00
3.081685304641723633e+00
4.621633529663085938e+00
6.427796363830566406e+00
5.849436283111572266e+00
6.976916790008544922e+00
6.381368637084960938e+00
5.514791011810302734e+00
4.140151500701904297e+00
5.576226711273193359e+00
7.395017623901367188e+00
4.222999095916748047e+00
5.937386035919189453e+00
7.790478229522705078e+00
4.579370498657226562e+00
5.624565601348876953e+00
8.385893821716308594e+00
4.901389598846435547e+00
4.282714366912841797e+00
4.428336143493652344e+00
5.675512313842773438e+00
6.674142837524414062e+00
8.019775390625000000e+00
4.623604774475097656e+00
3.667625904083251953e+00
5.071147918701171875e+00
5.361793518066406250e+00
7.224433422088623047e+00
4.567970752716064453e+00
4.498886108398437500e+00
3.724196434020996094e+00
7.018396854400634766e+00
3.906833410263061523e+00
6.337791442871093750e+00
7.124776363372802734e+00
3.861085176467895508e+00
5.996393203735351562e+00
7.039438247680664062e+00
5.022047996520996094e+00
6.153208732604980469e+00
5.740290641784667969e+00
5.916034698486328125e+00
7.378554821014404297e+00
3.970832586288452148e+00
5.435787200927734375e+00
5.310527324676513672e+00
7.967615127563476562e+00
4.745586395263671875e+00
4.889468669891357422e+00
5.940688133239746094e+00
3.035477876663208008e+00
4.382741928100585938e+00
7.172106266021728516e+00
5.798239707946777344e+00
2.948887825012207031e+00
5.600727558135986328e+00
7.069319248199462891e+00
5.924784183502197266e+00
4.307029247283935547e+00
4.043484210968017578e+00
4.094171524047851562e+00
6.208430767059326172e+00
5.295713901519775391e+00
6.377531528472900391e+00
4.614378929138183594e+00
6.679574966430664062e+00
9.030171394348144531e+00
4.928407192230224609e+00
5.555624961853027344e+00
4.728677272796630859e+00
5.684219837188720703e+00
5.850227355957031250e+00
6.259124755859375000e+00
6.846494197845458984e+00
6.630835056304931641e+00
7.251243114471435547e+00
5.204474449157714844e+00
4.285486698150634766e+00
3.965730190277099609e+00
5.463623046875000000e+00
5.414783000946044922e+00
6.085968017578125000e+00
5.738386631011962891e+00
4.609798431396484375e+00
6.464560508728027344e+00
3.774470806121826172e+00
5.908388137817382812e+00
4.271523952484130859e+00
6.241450786590576172e+00
3.094315767288208008e+00
1.093882560729980469e+01
6.061775207519531250e+00
5.313501358032226562e+00
5.803320884704589844e+00
4.852470874786376953e+00
6.109787464141845703e+00
8.042812347412109375e+00
5.340306758880615234e+00
7.129321575164794922e+00
5.938314914703369141e+00
3.913216114044189453e+00
6.192243099212646484e+00
6.204200744628906250e+00
4.838194370269775391e+00
4.621996879577636719e+00
5.195699691772460938e+00
6.440757751464843750e+00
7.190620899200439453e+00
5.338277339935302734e+00
5.444150447845458984e+00
4.711859226226806641e+00
5.765377044677734375e+00
3.504484176635742188e+00
8.344031333923339844e+00
5.352594375610351562e+00
8.400222778320312500e+00
6.140324592590332031e+00
6.102967262268066406e+00
4.756269931793212891e+00
6.204194068908691406e+00
4.508627891540527344e+00
5.776344776153564453e+00
6.025767803192138672e+00
9.043415069580078125e+00
4.929852485656738281e+00
6.778032302856445312e+00
4.522150039672851562e+00
5.041294097900390625e+00
5.202109336853027344e+00
5.523443222045898438e+00
7.375781536102294922e+00
6.034320354461669922e+00
4.739888668060302734e+00
5.150550842285156250e+00
5.872313976287841797e+00
5.440330505371093750e+00
6.809084892272949219e+00
4.736457347869873047e+00
5.414117813110351562e+00
4.060724258422851562e+00
5.428018569946289062e+00
5.532764434814453125e+00
6.158195018768310547e+00
6.363655090332031250e+00
5.855521678924560547e+00
4.662293910980224609e+00
4.642031669616699219e+00
6.338963508605957031e+00
5.369110107421875000e+00
4.235621452331542969e+00
5.604680538177490234e+00
5.031643867492675781e+00
6.242018699645996094e+00
6.515411853790283203e+00
4.361036300659179688e+00
4.215305328369140625e+00
4.621125221252441406e+00
6.078672409057617188e+00
3.343125581741333008e+00
3.663058757781982422e+00
5.838777542114257812e+00
5.696478843688964844e+00
5.034878730773925781e+00
4.777598381042480469e+00
6.205409049987792969e+00
6.041387081146240234e+00
4.795416831970214844e+00
8.427578926086425781e+00
5.377801418304443359e+00
7.471803665161132812e+00
7.020303249359130859e+00
5.870141983032226562e+00
5.178905487060546875e+00
6.557786464691162109e+00
4.043057441711425781e+00
2.997346878051757812e+00
4.433962821960449219e+00
6.350503921508789062e+00
4.457059383392333984e+00
5.425148010253906250e+00
5.714002609252929688e+00
4.655979156494140625e+00
4.362154483795166016e+00
5.952742099761962891e+00
4.947540760040283203e+00
4.760012149810791016e+00
8.393231391906738281e+00
4.166974067687988281e+00
8.626002311706542969e+00
6.186651706695556641e+00
5.525523662567138672e+00
6.211702346801757812e+00
5.657188415527343750e+00
6.451570987701416016e+00
5.079167366027832031e+00
6.136900424957275391e+00
5.186465740203857422e+00
6.769689083099365234e+00
5.141686439514160156e+00
5.816490173339843750e+00
5.379191875457763672e+00
3.681413173675537109e+00
4.632794857025146484e+00
5.741721153259277344e+00
4.376572132110595703e+00
5.131503105163574219e+00
5.912080287933349609e+00
5.054666996002197266e+00
4.530656814575195312e+00
4.823564529418945312e+00
6.594523906707763672e+00
5.557677745819091797e+00
4.939970493316650391e+00
5.377214431762695312e+00
7.317155361175537109e+00
4.395008087158203125e+00
5.444381713867187500e+00
4.958420276641845703e+00
4.651569366455078125e+00
7.227580547332763672e+00
7.115703582763671875e+00
6.501864910125732422e+00
5.128955841064453125e+00
5.131767749786376953e+00
5.601830959320068359e+00
3.683687210083007812e+00
4.056558132171630859e+00
7.877616405487060547e+00
5.246176242828369141e+00
6.162007808685302734e+00
7.736573219299316406e+00
4.499927997589111328e+00
4.373751640319824219e+00
5.933277130126953125e+00
6.722139358520507812e+00
4.828509330749511719e+00
4.840690135955810547e+00
5.637960433959960938e+00
5.325249671936035156e+00
4.295147895812988281e+00
4.530890941619873047e+00
6.507766723632812500e+00
7.337474346160888672e+00
5.331405162811279297e+00
5.220379829406738281e+00
5.333286762237548828e+00
3.324245691299438477e+00
4.645704746246337891e+00
8.420800209045410156e+00
3.241972208023071289e+00
3.519888162612915039e+00
4.839854717254638672e+00
3.362425327301025391e+00
7.025657653808593750e+00
5.183016777038574219e+00
7.957026958465576172e+00
8.002550125122070312e+00
5.375938415527343750e+00
4.477843284606933594e+00
4.096254825592041016e+00
4.657816886901855469e+00
3.820603609085083008e+00
6.708405017852783203e+00
5.465182304382324219e+00
5.899852752685546875e+00
5.859174728393554688e+00
5.650391578674316406e+00
5.112372875213623047e+00
4.924498558044433594e+00
5.466431140899658203e+00
4.303634166717529297e+00
6.742434501647949219e+00
9.515908241271972656e+00
3.819428205490112305e+00
5.624304771423339844e+00
5.005877971649169922e+00
4.698834896087646484e+00
6.641952037811279297e+00
5.705117702484130859e+00
3.712395668029785156e+00
4.918337821960449219e+00
6.096681594848632812e+00
5.231400966644287109e+00
6.840379714965820312e+00
6.193542957305908203e+00
4.784811019897460938e+00
4.723988533020019531e+00
4.600348472595214844e+00
5.857922077178955078e+00
4.316583633422851562e+00
4.447338581085205078e+00
4.384306907653808594e+00
4.232300281524658203e+00
4.728688716888427734e+00
4.889248847961425781e+00
5.489162445068359375e+00
5.521126747131347656e+00
1.078573703765869141e+01
4.502985954284667969e+00
4.519442081451416016e+00
5.700020313262939453e+00
3.123715162277221680e+00
6.383579254150390625e+00
6.727997303009033203e+00
5.216808795928955078e+00
5.758631706237792969e+00
4.773440837860107422e+00
6.280482292175292969e+00
6.087671279907226562e+00
3.879414796829223633e+00
8.629119873046875000e+00
3.862931966781616211e+00
6.208284378051757812e+00
6.052059173583984375e+00
5.281534194946289062e+00
5.008376121520996094e+00
4.897759437561035156e+00
6.280044555664062500e+00
7.345345973968505859e+00
7.125699520111083984e+00
6.034924507141113281e+00
4.462145328521728516e+00
6.680322170257568359e+00
5.052921295166015625e+00
3.241200923919677734e+00
5.715677738189697266e+00
4.559310436248779297e+00
5.299987792968750000e+00
5.037837028503417969e+00
5.597694873809814453e+00
5.856578826904296875e+00
6.287652015686035156e+00
5.473917007446289062e+00
6.331809520721435547e+00
5.153613090515136719e+00
4.728629589080810547e+00
4.374774932861328125e+00
4.405276298522949219e+00
4.407726764678955078e+00
4.524332523345947266e+00
4.051622390747070312e+00
4.998480796813964844e+00
6.332207202911376953e+00
4.360429286956787109e+00
6.582783699035644531e+00
8.451623916625976562e+00
5.738017559051513672e+00
5.880241394042968750e+00
5.172373771667480469e+00
4.025698661804199219e+00
4.178720474243164062e+00
6.437346935272216797e+00
5.527703285217285156e+00
7.144282341003417969e+00
6.525204658508300781e+00
4.114780902862548828e+00
3.983939170837402344e+00
4.152067184448242188e+00
7.612922191619873047e+00
6.018827915191650391e+00
5.669754981994628906e+00
6.786664485931396484e+00
4.424174785614013672e+00
3.913799285888671875e+00
4.740254402160644531e+00
6.713232517242431641e+00
4.668076515197753906e+00
6.719779491424560547e+00
3.800691604614257812e+00
5.183770179748535156e+00
4.030895709991455078e+00
5.192222595214843750e+00
4.018037319183349609e+00
5.725794792175292969e+00
5.345818996429443359e+00
5.297326087951660156e+00
4.989933967590332031e+00
7.041321277618408203e+00
4.795092105865478516e+00
4.880051136016845703e+00
5.814591884613037109e+00
6.850509166717529297e+00
4.573038101196289062e+00
4.933414459228515625e+00
4.652782440185546875e+00
4.314563751220703125e+00
4.279813289642333984e+00
6.309489727020263672e+00
4.004479885101318359e+00
5.920896530151367188e+00
6.241256713867187500e+00
7.390857219696044922e+00
6.557065963745117188e+00
3.718763113021850586e+00
4.060697555541992188e+00
4.721077442169189453e+00
5.153430461883544922e+00
5.705242633819580078e+00
4.285967350006103516e+00
5.340696334838867188e+00
6.064615249633789062e+00
6.088178157806396484e+00
4.724665641784667969e+00
6.031955718994140625e+00
5.196793556213378906e+00
6.052868843078613281e+00
4.856826782226562500e+00
5.198188781738281250e+00
4.866524696350097656e+00
3.705655574798583984e+00
4.893835544586181641e+00
5.973000526428222656e+00
4.932474613189697266e+00
4.775527000427246094e+00
7.004942893981933594e+00
4.611267566680908203e+00
4.762318611145019531e+00
7.042719364166259766e+00
3.993339061737060547e+00
5.616132736206054688e+00
5.488575935363769531e+00
4.213511943817138672e+00
4.916480064392089844e+00
5.003001213073730469e+00
6.727968692779541016e+00
4.615260124206542969e+00
5.004847526550292969e+00
7.061063766479492188e+00
3.325223445892333984e+00
4.522743225097656250e+00
6.122263431549072266e+00
5.315627098083496094e+00
5.921302318572998047e+00
4.845354557037353516e+00
6.661349773406982422e+00
5.255909919738769531e+00
5.064817428588867188e+00
6.548327445983886719e+00
6.037475109100341797e+00
6.896553039550781250e+00
4.693649768829345703e+00
4.163337707519531250e+00
5.527727127075195312e+00
4.854072570800781250e+00
4.551356792449951172e+00
5.665678501129150391e+00
4.042520523071289062e+00
6.479633808135986328e+00
4.028840065002441406e+00
5.649506568908691406e+00
4.047307491302490234e+00
5.868037700653076172e+00
4.747483253479003906e+00
4.797465324401855469e+00
4.164152145385742188e+00
6.067192077636718750e+00
4.524884223937988281e+00
3.535277128219604492e+00
4.044243335723876953e+00
5.070602893829345703e+00
7.439459800720214844e+00
4.488652706146240234e+00
4.671383380889892578e+00
4.909559249877929688e+00
7.479127407073974609e+00
4.588802814483642578e+00
6.578898906707763672e+00
4.458908557891845703e+00
5.472372531890869141e+00
3.958801746368408203e+00
6.414061069488525391e+00
6.431236743927001953e+00
5.157158851623535156e+00
5.114569187164306641e+00
5.926863193511962891e+00
5.047968387603759766e+00
4.713589668273925781e+00
5.501423358917236328e+00
4.378388404846191406e+00
5.170838832855224609e+00
3.890767097473144531e+00
6.098315715789794922e+00
6.117433547973632812e+00
5.445920467376708984e+00
4.567719459533691406e+00
5.283888339996337891e+00
7.051022529602050781e+00
5.545250415802001953e+00
3.972707033157348633e+00
3.830685138702392578e+00
5.682591438293457031e+00
3.857186317443847656e+00
4.812116146087646484e+00
5.288281440734863281e+00
5.506471633911132812e+00
5.214148521423339844e+00
5.799719810485839844e+00
8.741998672485351562e+00
4.508696556091308594e+00
5.470748424530029297e+00
4.686904907226562500e+00
6.189955711364746094e+00
6.301090717315673828e+00
5.180645942687988281e+00
4.376942157745361328e+00
4.114048004150390625e+00
5.893376350402832031e+00
4.852136611938476562e+00
5.326634883880615234e+00
7.503141880035400391e+00
3.301976919174194336e+00
4.602130413055419922e+00
5.090477943420410156e+00
5.455730438232421875e+00
4.315898895263671875e+00
6.448002815246582031e+00
6.911246776580810547e+00
2.945527553558349609e+00
3.654290199279785156e+00
4.765946865081787109e+00
4.607173919677734375e+00
5.272510528564453125e+00
5.956933975219726562e+00
4.707196235656738281e+00
4.875185489654541016e+00
5.442189693450927734e+00
4.830171585083007812e+00
5.223049163818359375e+00
7.301855087280273438e+00
5.223664760589599609e+00
5.701916217803955078e+00
6.114820003509521484e+00
5.286496639251708984e+00
4.604321956634521484e+00
4.643158435821533203e+00
3.788583755493164062e+00
5.040477275848388672e+00
7.455194473266601562e+00
4.031619071960449219e+00
6.344660282135009766e+00
6.456422805786132812e+00
4.333467006683349609e+00
5.605010986328125000e+00
2.773391246795654297e+00
3.631467819213867188e+00
5.894589900970458984e+00
6.801384925842285156e+00
5.463137149810791016e+00
5.986270904541015625e+00
6.195380687713623047e+00
6.234153747558593750e+00
4.409996509552001953e+00
4.377542495727539062e+00
4.543359756469726562e+00
7.343665122985839844e+00
6.106007099151611328e+00
7.967792510986328125e+00
4.861264228820800781e+00
5.489789009094238281e+00
5.826121330261230469e+00
4.802998065948486328e+00
4.898029804229736328e+00
4.624046325683593750e+00
4.904687881469726562e+00
5.320119380950927734e+00
5.567255496978759766e+00
4.638986587524414062e+00
4.813343048095703125e+00
5.475409984588623047e+00
5.469855308532714844e+00
6.144087791442871094e+00
5.406745910644531250e+00
5.087205410003662109e+00
4.263026714324951172e+00
5.270364761352539062e+00
7.629395008087158203e+00
4.185814380645751953e+00
4.733551502227783203e+00
6.562673091888427734e+00
5.033596992492675781e+00
4.204213142395019531e+00
4.920118808746337891e+00
4.115386962890625000e+00
6.788244247436523438e+00
6.034125804901123047e+00
4.203094482421875000e+00
7.553102016448974609e+00
6.249999523162841797e+00
5.816895961761474609e+00
6.651731014251708984e+00
7.074691295623779297e+00
5.379418373107910156e+00
4.298080444335937500e+00
4.149779319763183594e+00
4.632809638977050781e+00
4.570518970489501953e+00
4.249596595764160156e+00
5.578468799591064453e+00
5.239064693450927734e+00
4.495307445526123047e+00
5.978572368621826172e+00
6.772517681121826172e+00
4.416118621826171875e+00
5.999048233032226562e+00
4.553861141204833984e+00
4.918339729309082031e+00
5.691211223602294922e+00
8.447897911071777344e+00
2.923473358154296875e+00
3.915734529495239258e+00
4.388956069946289062e+00
5.194060325622558594e+00
4.008763790130615234e+00
6.193118095397949219e+00
6.591184616088867188e+00
6.339217662811279297e+00
6.354634284973144531e+00
4.979208469390869141e+00
4.443865299224853516e+00
5.401210308074951172e+00
3.664415597915649414e+00
6.232666015625000000e+00
5.627534389495849609e+00
4.157487869262695312e+00
3.388034582138061523e+00
5.682642936706542969e+00
3.815040826797485352e+00
4.437154293060302734e+00
4.148185253143310547e+00
3.834300279617309570e+00
5.504117965698242188e+00
7.527578353881835938e+00
3.591831207275390625e+00
5.415441513061523438e+00
6.207453250885009766e+00
5.466699123382568359e+00
5.649930953979492188e+00
4.533383369445800781e+00
4.758460044860839844e+00
6.621213912963867188e+00
5.371601104736328125e+00
5.506947517395019531e+00
5.623155593872070312e+00
6.003497123718261719e+00
5.146774768829345703e+00
3.753465414047241211e+00
4.162441730499267578e+00
5.789301395416259766e+00
4.969500541687011719e+00
6.934448719024658203e+00
4.601362705230712891e+00
3.966764211654663086e+00
3.989097595214843750e+00
6.946352005004882812e+00
3.185081481933593750e+00
4.441446781158447266e+00
3.813308238983154297e+00
4.720587730407714844e+00
6.310813426971435547e+00
5.024781703948974609e+00
6.305185317993164062e+00
3.883961200714111328e+00
5.683139801025390625e+00
3.796498537063598633e+00
8.448023796081542969e+00
4.451678752899169922e+00
4.802786350250244141e+00
5.622354507446289062e+00
4.952556133270263672e+00
4.527963161468505859e+00
4.708765983581542969e+00
4.833631038665771484e+00
5.197028160095214844e+00
4.385941982269287109e+00
6.833343982696533203e+00
3.226964712142944336e+00
8.815826416015625000e+00
4.770258903503417969e+00
5.087594985961914062e+00
5.017308235168457031e+00
4.898540496826171875e+00
4.018263816833496094e+00
5.827325344085693359e+00
5.015329837799072266e+00
5.077845096588134766e+00
4.825769901275634766e+00
4.152143001556396484e+00
5.920106410980224609e+00
5.314663410186767578e+00
5.565280437469482422e+00
3.981521129608154297e+00
4.563776969909667969e+00
3.727523803710937500e+00
3.436852693557739258e+00
4.212666511535644531e+00
5.832344055175781250e+00
4.845970630645751953e+00
5.513852596282958984e+00
5.257510662078857422e+00
5.689436912536621094e+00
4.387121677398681641e+00
4.399963855743408203e+00
7.155745506286621094e+00
5.123697757720947266e+00
5.228701591491699219e+00
5.112342834472656250e+00
5.832753658294677734e+00
6.489547252655029297e+00
5.690341472625732422e+00
7.397994518280029297e+00
5.530029773712158203e+00
5.164508819580078125e+00
4.689395427703857422e+00
6.102296352386474609e+00
3.700811624526977539e+00
5.772624492645263672e+00
3.716406822204589844e+00
6.439162731170654297e+00
4.209315776824951172e+00
5.485275745391845703e+00
5.651978969573974609e+00
4.904402732849121094e+00
5.767213344573974609e+00
4.942674160003662109e+00
5.122358322143554688e+00
3.470721960067749023e+00
4.644910812377929688e+00
4.699285984039306641e+00
4.322430610656738281e+00
5.845824241638183594e+00
4.992709636688232422e+00
6.050878524780273438e+00
3.584023952484130859e+00
5.992939472198486328e+00
4.997056007385253906e+00
6.237164974212646484e+00
4.143429279327392578e+00
3.728537321090698242e+00
5.445298194885253906e+00
2.482635259628295898e+00
4.561608314514160156e+00
4.679340839385986328e+00
8.297464370727539062e+00
6.897024154663085938e+00
4.860550880432128906e+00
5.422495841979980469e+00
3.650812387466430664e+00
7.879206180572509766e+00
3.765957355499267578e+00
6.147711753845214844e+00
5.440353870391845703e+00
3.946050405502319336e+00
4.258446216583251953e+00
6.383957862854003906e+00
4.756948471069335938e+00
5.550960063934326172e+00
6.199964046478271484e+00
4.339386940002441406e+00
5.475347518920898438e+00
6.775308609008789062e+00
4.205879688262939453e+00
4.279200553894042969e+00
4.617070674896240234e+00
4.171796321868896484e+00
8.472267150878906250e+00
5.166219234466552734e+00
3.498823642730712891e+00
4.918330192565917969e+00
5.006355762481689453e+00
5.098436355590820312e+00
5.496204853057861328e+00
7.140787601470947266e+00
4.027991771697998047e+00
3.792152881622314453e+00
5.199085235595703125e+00
5.048602581024169922e+00
5.795748710632324219e+00
5.478415012359619141e+00
3.972691297531127930e+00
4.483684062957763672e+00
3.279590845108032227e+00
5.601844310760498047e+00
6.375077724456787109e+00
5.388061523437500000e+00
4.755606651306152344e+00
5.539917469024658203e+00
5.168168544769287109e+00
4.366367340087890625e+00
5.556996822357177734e+00
5.326157569885253906e+00
7.729160308837890625e+00
4.179078102111816406e+00
4.817263603210449219e+00
4.396807670593261719e+00
4.779209136962890625e+00
4.943006992340087891e+00
3.643042087554931641e+00
4.449633121490478516e+00
5.803814411163330078e+00
4.873858451843261719e+00
5.076319694519042969e+00
5.545904636383056641e+00
4.487222194671630859e+00
6.231883049011230469e+00
5.030484676361083984e+00
6.720521450042724609e+00
4.953691005706787109e+00
4.539549827575683594e+00
5.082949161529541016e+00
6.825112819671630859e+00
4.965407371520996094e+00
4.097947120666503906e+00
6.007692813873291016e+00
2.704239130020141602e+00
4.661616325378417969e+00
4.868833065032958984e+00
6.877936840057373047e+00
5.149811744689941406e+00
5.320580482482910156e+00
4.527931690216064453e+00
4.052597522735595703e+00
6.286206245422363281e+00
4.826483249664306641e+00
5.141610622406005859e+00
6.964775085449218750e+00
5.113195419311523438e+00
4.714122772216796875e+00
4.089227676391601562e+00
2.765286922454833984e+00
3.542984485626220703e+00
6.861917495727539062e+00
5.069233417510986328e+00
5.916764736175537109e+00
4.637302398681640625e+00
4.170381546020507812e+00
6.015536785125732422e+00
8.318731307983398438e+00
5.125078201293945312e+00
5.789238452911376953e+00
5.350008010864257812e+00
5.194822788238525391e+00
4.771616458892822266e+00
6.747554779052734375e+00
5.173087596893310547e+00
3.469470977783203125e+00
3.895402193069458008e+00
3.601919889450073242e+00
3.741672039031982422e+00
6.517951488494873047e+00
4.452044963836669922e+00
5.008504867553710938e+00
5.245175838470458984e+00
4.220544815063476562e+00
5.762173175811767578e+00
4.596601486206054688e+00
4.538110733032226562e+00
6.590508460998535156e+00
7.525153160095214844e+00
4.126809120178222656e+00
4.747364044189453125e+00
5.877622604370117188e+00
6.466848373413085938e+00
4.921092510223388672e+00
4.516919612884521484e+00
5.327792167663574219e+00
5.515377998352050781e+00
6.585299491882324219e+00
3.806046485900878906e+00
5.109034538269042969e+00
3.702855348587036133e+00
4.192018985748291016e+00
6.653344631195068359e+00
3.811824083328247070e+00
4.812415599822998047e+00
5.434009075164794922e+00
4.124104499816894531e+00
4.768584251403808594e+00
4.497383117675781250e+00
5.987470149993896484e+00
5.059219837188720703e+00
6.834003448486328125e+00
4.990935802459716797e+00
4.694050312042236328e+00
5.933525085449218750e+00
3.683655738830566406e+00
4.492948055267333984e+00
3.887061595916748047e+00
4.694192886352539062e+00
5.690122604370117188e+00
4.873486518859863281e+00
3.767950534820556641e+00
5.413925647735595703e+00
3.297917366027832031e+00
5.711271286010742188e+00
3.684288978576660156e+00
4.774543285369873047e+00
6.086647510528564453e+00
5.098860740661621094e+00
8.409946441650390625e+00
4.198634624481201172e+00
3.688930749893188477e+00
3.902559041976928711e+00
6.621770858764648438e+00
5.764135837554931641e+00
4.366665840148925781e+00
7.389988422393798828e+00
4.738417625427246094e+00
3.697569608688354492e+00
5.259483337402343750e+00
6.371200561523437500e+00
4.091807842254638672e+00
4.009148597717285156e+00
3.681599617004394531e+00
3.810018062591552734e+00
5.326964378356933594e+00
5.294634819030761719e+00
3.518518209457397461e+00
5.303404808044433594e+00
6.922287464141845703e+00
5.730424880981445312e+00
4.597570896148681641e+00
9.229887008666992188e+00
8.123259544372558594e+00
5.910468578338623047e+00
5.507487297058105469e+00
5.731362342834472656e+00
4.674494743347167969e+00
1.032602691650390625e+01
6.742599964141845703e+00
6.297716140747070312e+00
5.879342079162597656e+00
5.803924560546875000e+00
4.056027412414550781e+00
4.272972583770751953e+00
4.383902549743652344e+00
6.073524475097656250e+00
3.242762327194213867e+00
5.766708374023437500e+00
4.556338310241699219e+00
5.476418495178222656e+00
5.017940998077392578e+00
4.935768604278564453e+00
4.830088138580322266e+00
4.846330642700195312e+00
4.334828376770019531e+00
6.342302322387695312e+00
4.743936538696289062e+00
3.858693122863769531e+00
4.488140583038330078e+00
7.435281276702880859e+00
4.939250469207763672e+00
5.596059799194335938e+00
5.163949966430664062e+00
3.449552774429321289e+00
4.723784923553466797e+00
3.202185392379760742e+00
5.701548576354980469e+00
4.405972957611083984e+00
8.269408226013183594e+00
6.097743034362792969e+00
6.277976036071777344e+00
6.517287254333496094e+00
4.030243396759033203e+00
4.511819839477539062e+00
4.163540840148925781e+00
5.693717956542968750e+00
5.507601737976074219e+00
5.140421867370605469e+00
3.986872196197509766e+00
5.752812385559082031e+00
4.583189487457275391e+00
5.301967144012451172e+00
4.334318161010742188e+00
5.077023029327392578e+00
7.062158584594726562e+00
4.336381912231445312e+00
4.527429580688476562e+00
6.053653717041015625e+00
3.884929418563842773e+00
6.061294078826904297e+00
3.680188417434692383e+00
5.011925220489501953e+00
5.357815265655517578e+00
6.842920780181884766e+00
3.998205661773681641e+00
4.391962051391601562e+00
4.428956508636474609e+00
4.434334278106689453e+00
3.390763998031616211e+00
4.560819625854492188e+00
4.066357135772705078e+00
6.523512363433837891e+00
4.127021312713623047e+00
6.345294475555419922e+00
4.072748184204101562e+00
5.637722969055175781e+00
5.856831073760986328e+00
5.777681827545166016e+00
5.270128250122070312e+00
4.109117507934570312e+00
4.432044029235839844e+00
4.723798751831054688e+00
7.332239151000976562e+00
3.107818126678466797e+00
4.662602901458740234e+00
5.330674171447753906e+00
5.384310245513916016e+00
3.664497137069702148e+00
4.809437751770019531e+00
4.240954875946044922e+00
3.448681831359863281e+00
7.910153865814208984e+00
4.686827659606933594e+00
4.277645111083984375e+00
4.118007659912109375e+00
5.393815994262695312e+00
6.475547790527343750e+00
7.484574794769287109e+00
4.573155879974365234e+00
4.190765857696533203e+00
3.132030248641967773e+00
3.833740234375000000e+00
7.588269710540771484e+00
6.100887775421142578e+00
5.178309440612792969e+00
4.159004211425781250e+00
5.905769824981689453e+00
5.028066635131835938e+00
5.520037651062011719e+00
5.901534080505371094e+00
4.597289085388183594e+00
4.470726490020751953e+00
5.115077495574951172e+00
3.805408477783203125e+00
3.584192991256713867e+00
5.622658729553222656e+00
5.054673671722412109e+00
6.454131126403808594e+00
4.442121982574462891e+00
4.850711345672607422e+00
4.584258556365966797e+00
4.351739406585693359e+00
4.976343154907226562e+00
4.455479145050048828e+00
3.869320154190063477e+00
4.376797676086425781e+00
5.676690101623535156e+00
7.023024082183837891e+00
6.434144020080566406e+00
4.671831130981445312e+00
3.992937326431274414e+00
3.217642307281494141e+00
4.773462772369384766e+00
5.790528774261474609e+00
6.876011848449707031e+00
4.775796413421630859e+00
4.929864883422851562e+00
4.290334701538085938e+00
4.426910877227783203e+00
6.852225780487060547e+00
4.896404266357421875e+00
6.570400238037109375e+00
4.214140892028808594e+00
4.124008655548095703e+00
4.706527233123779297e+00
3.716151714324951172e+00
3.569103240966796875e+00
4.029961109161376953e+00
5.520603179931640625e+00
5.316023349761962891e+00
3.880290269851684570e+00
4.196501731872558594e+00
5.589017391204833984e+00
5.623579978942871094e+00
4.362289905548095703e+00
5.142458915710449219e+00
3.825834035873413086e+00
4.675439834594726562e+00
8.449153900146484375e+00
5.439916610717773438e+00
4.883522033691406250e+00
4.137492179870605469e+00
3.134925842285156250e+00
3.791628599166870117e+00
5.429512977600097656e+00
6.128200531005859375e+00
5.547800540924072266e+00
5.547221183776855469e+00
4.691985607147216797e+00
5.188176155090332031e+00
4.214216709136962891e+00
6.164430618286132812e+00
4.830960750579833984e+00
4.398629665374755859e+00
8.127452850341796875e+00
4.906228065490722656e+00
3.311700820922851562e+00
6.133467674255371094e+00
4.520855426788330078e+00
4.608860492706298828e+00
4.341928958892822266e+00
6.100298404693603516e+00
5.575683593750000000e+00
5.125263690948486328e+00
4.652784347534179688e+00
3.662133216857910156e+00
4.267869472503662109e+00
4.635855674743652344e+00
4.637656211853027344e+00
5.475105762481689453e+00
5.449827671051025391e+00
2.875846385955810547e+00
3.889372348785400391e+00
5.621006965637207031e+00
5.816219329833984375e+00
5.218509674072265625e+00
4.380665302276611328e+00
5.239402770996093750e+00
5.830199241638183594e+00
5.985823631286621094e+00
6.289273738861083984e+00
3.725099086761474609e+00
6.513902187347412109e+00
4.830451488494873047e+00
6.348031520843505859e+00
4.243432998657226562e+00
4.336760044097900391e+00
4.998006820678710938e+00
4.571374416351318359e+00
4.017588138580322266e+00
5.847120285034179688e+00
5.867698669433593750e+00
4.766810894012451172e+00
3.239271163940429688e+00
3.422993659973144531e+00
3.488610506057739258e+00
3.936568021774291992e+00
4.430414199829101562e+00
7.817491054534912109e+00
8.845331192016601562e+00
3.947136878967285156e+00
6.170882701873779297e+00
4.436471462249755859e+00
5.330632209777832031e+00
4.701885223388671875e+00
5.572664260864257812e+00
4.603432655334472656e+00
4.263514995574951172e+00
4.667626857757568359e+00
5.111127853393554688e+00
6.507057189941406250e+00
4.656297206878662109e+00
3.696098089218139648e+00
4.168540954589843750e+00
5.549690723419189453e+00
4.559227943420410156e+00
6.065700531005859375e+00
4.090748786926269531e+00
7.566253662109375000e+00
3.938547372817993164e+00
4.872734546661376953e+00
7.261243820190429688e+00
4.758689880371093750e+00
7.501900196075439453e+00
4.832589149475097656e+00
4.445040702819824219e+00
5.250490665435791016e+00
4.660519123077392578e+00
4.145163059234619141e+00
4.359608650207519531e+00
5.739166259765625000e+00
6.148691177368164062e+00
4.684983253479003906e+00
5.517974853515625000e+00
5.648797035217285156e+00
5.108117580413818359e+00
4.413714408874511719e+00
4.343163013458251953e+00
6.124422550201416016e+00
4.618680953979492188e+00
3.881689071655273438e+00
4.138089656829833984e+00
4.175993919372558594e+00
4.233951568603515625e+00
4.065932273864746094e+00
4.592179775238037109e+00
5.484268665313720703e+00
6.402646064758300781e+00
4.279368400573730469e+00
4.467883110046386719e+00
4.971536159515380859e+00
4.271197795867919922e+00
5.056869029998779297e+00
4.265869140625000000e+00
4.757512092590332031e+00
3.703631639480590820e+00
4.146824359893798828e+00
6.584867954254150391e+00
4.849739074707031250e+00
4.278225421905517578e+00
5.722932815551757812e+00
4.322471141815185547e+00
4.587058067321777344e+00
5.549489498138427734e+00
5.378981590270996094e+00
4.636794090270996094e+00
5.549743652343750000e+00
6.152748584747314453e+00
4.000922203063964844e+00
5.564303398132324219e+00
4.697320938110351562e+00
4.087355136871337891e+00
3.862644433975219727e+00
6.133135795593261719e+00
6.352185726165771484e+00
4.230640411376953125e+00
4.634530544281005859e+00
4.871198654174804688e+00
5.242337226867675781e+00
6.808363914489746094e+00
4.546450138092041016e+00
3.055103778839111328e+00
4.111754417419433594e+00
6.359099388122558594e+00
6.436160564422607422e+00
5.191835403442382812e+00
4.670091629028320312e+00
4.397399425506591797e+00
4.641850471496582031e+00
5.309487819671630859e+00
5.873630046844482422e+00
4.915994167327880859e+00
5.536364078521728516e+00
5.601448059082031250e+00
4.321152687072753906e+00
4.668454170227050781e+00
4.561403274536132812e+00
5.011381149291992188e+00
4.198537826538085938e+00
5.042856693267822266e+00
4.191498279571533203e+00
4.594797134399414062e+00
5.704836368560791016e+00
6.453813076019287109e+00
6.160944461822509766e+00
3.262363195419311523e+00
4.525226116180419922e+00
5.462922573089599609e+00
5.853865146636962891e+00
3.905651092529296875e+00
6.398535728454589844e+00
4.373745441436767578e+00
4.898398399353027344e+00
5.585155010223388672e+00
4.061303615570068359e+00
4.894199371337890625e+00
5.122601032257080078e+00
5.838685035705566406e+00
4.649437904357910156e+00
3.668380022048950195e+00
4.936940670013427734e+00
4.545394420623779297e+00
7.879912376403808594e+00
3.456888198852539062e+00
4.404288291931152344e+00
5.937057495117187500e+00
4.602971553802490234e+00
6.604641914367675781e+00
5.956538200378417969e+00
4.063903331756591797e+00
4.496535301208496094e+00
5.529315471649169922e+00
4.544069290161132812e+00
4.116408824920654297e+00
5.474482059478759766e+00
3.531451225280761719e+00
6.556795120239257812e+00
4.644892692565917969e+00
3.513215780258178711e+00
3.465652465820312500e+00
5.354093551635742188e+00
5.185718536376953125e+00
4.120433330535888672e+00
4.924100399017333984e+00
5.589920520782470703e+00
5.052584171295166016e+00
7.549751281738281250e+00
4.883784770965576172e+00
5.058817863464355469e+00
5.223707199096679688e+00
3.906955957412719727e+00
4.708522319793701172e+00
5.093891143798828125e+00
5.054976940155029297e+00
3.882138729095458984e+00
4.239262580871582031e+00
5.097767829895019531e+00
3.351366519927978516e+00
7.218529701232910156e+00
5.209716796875000000e+00
5.529175758361816406e+00
7.299411773681640625e+00
4.136959075927734375e+00
4.379002571105957031e+00
5.293578147888183594e+00
5.352826118469238281e+00
5.134592056274414062e+00
4.856966972351074219e+00
3.146163463592529297e+00
4.394203186035156250e+00
4.406550884246826172e+00
5.279084205627441406e+00
4.919544696807861328e+00
4.198209285736083984e+00
5.409286499023437500e+00
5.448848724365234375e+00
4.865806102752685547e+00
3.593862533569335938e+00
4.812047004699707031e+00
5.504670619964599609e+00
6.861745834350585938e+00
5.077679634094238281e+00
3.041231155395507812e+00
4.271714687347412109e+00
6.417152404785156250e+00
4.160278797149658203e+00
5.827831745147705078e+00
3.616238117218017578e+00
4.087246894836425781e+00
3.668308019638061523e+00
4.856280326843261719e+00
3.521593332290649414e+00
5.655302047729492188e+00
4.281270027160644531e+00
3.923856019973754883e+00
5.946806430816650391e+00
5.658766746520996094e+00
5.137102127075195312e+00
4.395207881927490234e+00
6.041096687316894531e+00
8.796187400817871094e+00
5.301348209381103516e+00
3.189714431762695312e+00
6.892807960510253906e+00
3.390712976455688477e+00
4.792334079742431641e+00
5.754355907440185547e+00
8.087249755859375000e+00
7.013231754302978516e+00
4.841975688934326172e+00
5.102113723754882812e+00
3.809364795684814453e+00
4.698495388031005859e+00
5.562868118286132812e+00
5.261624336242675781e+00
3.872752428054809570e+00
6.271452903747558594e+00
4.740930557250976562e+00
4.682449340820312500e+00
3.904448270797729492e+00
4.197461605072021484e+00
5.329613685607910156e+00
3.360437870025634766e+00
6.187678337097167969e+00
6.138823509216308594e+00
3.443574428558349609e+00
4.208970069885253906e+00
7.864175796508789062e+00
5.269841670989990234e+00
6.260096073150634766e+00
5.231292247772216797e+00
4.987193584442138672e+00
5.125169277191162109e+00
3.872176885604858398e+00
5.660483837127685547e+00
6.281486988067626953e+00
5.249673366546630859e+00
4.795926570892333984e+00
4.540838718414306641e+00
3.399096488952636719e+00
5.267319679260253906e+00
7.329349040985107422e+00
5.666083812713623047e+00
4.269675731658935547e+00
5.427919387817382812e+00
6.120438575744628906e+00
6.300109863281250000e+00
4.529882431030273438e+00
4.989192008972167969e+00
5.098618030548095703e+00
3.579041719436645508e+00
5.720530986785888672e+00
4.963033199310302734e+00
5.298650741577148438e+00
4.334333896636962891e+00
5.455721378326416016e+00
3.996938705444335938e+00
6.461721897125244141e+00
3.025078058242797852e+00
4.233907699584960938e+00
3.829822540283203125e+00
3.975777387619018555e+00
4.208631992340087891e+00
6.485066413879394531e+00
5.014298439025878906e+00
6.553730010986328125e+00
6.391286849975585938e+00
5.337629795074462891e+00
4.909224033355712891e+00
5.041599273681640625e+00
4.131375789642333984e+00
4.972410202026367188e+00
5.769310474395751953e+00
6.677122116088867188e+00
4.576940536499023438e+00
5.754483222961425781e+00
6.447076320648193359e+00
3.650196313858032227e+00
4.252843856811523438e+00
6.591210842132568359e+00
5.784467697143554688e+00
5.128642559051513672e+00
4.595734596252441406e+00
5.414277553558349609e+00
3.453202724456787109e+00
4.829272270202636719e+00
3.706386327743530273e+00
4.853140354156494141e+00
4.512407779693603516e+00
3.730490684509277344e+00
5.403163433074951172e+00
3.764806985855102539e+00
4.075304508209228516e+00
6.654861450195312500e+00
4.915716648101806641e+00
4.563124179840087891e+00
4.826765060424804688e+00
5.941702842712402344e+00
4.611174106597900391e+00
4.492265701293945312e+00
3.829689741134643555e+00
6.636993408203125000e+00
5.588204383850097656e+00
5.500412464141845703e+00
5.485771179199218750e+00
4.613118648529052734e+00
3.347043275833129883e+00
3.463422775268554688e+00
8.010293960571289062e+00
4.336110115051269531e+00
5.824005126953125000e+00
4.068958282470703125e+00
7.215678691864013672e+00
4.993109703063964844e+00
5.604076862335205078e+00
3.754183292388916016e+00
3.948188781738281250e+00
4.475619316101074219e+00
5.826418876647949219e+00
6.968017101287841797e+00
5.443769454956054688e+00
4.785395145416259766e+00
6.028193950653076172e+00
5.424598217010498047e+00
3.640217781066894531e+00
4.188046932220458984e+00
4.531868457794189453e+00
5.157674312591552734e+00
2.849131107330322266e+00
3.623223781585693359e+00
5.301229000091552734e+00
4.637355804443359375e+00
5.451440334320068359e+00
3.404403209686279297e+00
3.626894474029541016e+00
4.451208591461181641e+00
4.229869842529296875e+00
7.548632621765136719e+00
5.195304870605468750e+00
4.056122779846191406e+00
6.530375957489013672e+00
4.368433475494384766e+00
4.449824333190917969e+00
3.329416990280151367e+00
5.762996673583984375e+00
4.843036651611328125e+00
3.705340385437011719e+00
5.044299602508544922e+00
4.773325443267822266e+00
4.590127468109130859e+00
5.276144027709960938e+00
4.426745414733886719e+00
4.034336090087890625e+00
6.311310291290283203e+00
4.808790206909179688e+00
5.171709537506103516e+00
4.971562385559082031e+00
3.187725543975830078e+00
6.133818149566650391e+00
3.886103391647338867e+00
3.782609939575195312e+00
4.198227882385253906e+00
4.590672492980957031e+00
4.568407535552978516e+00
6.145121097564697266e+00
4.427014827728271484e+00
4.576578140258789062e+00
6.179420948028564453e+00
5.680314540863037109e+00
5.195161819458007812e+00
5.967379570007324219e+00
4.414512157440185547e+00
5.405974864959716797e+00
5.890772819519042969e+00
2.940815925598144531e+00
5.210959434509277344e+00
3.351064443588256836e+00
6.058005332946777344e+00
3.958435297012329102e+00
5.467719078063964844e+00
5.030288219451904297e+00
5.956859111785888672e+00
4.265931606292724609e+00
7.585063457489013672e+00
6.202695846557617188e+00
4.106887340545654297e+00
3.763549089431762695e+00
4.116308212280273438e+00
4.285079956054687500e+00
5.571730613708496094e+00
6.724451541900634766e+00
3.690097093582153320e+00
3.637277841567993164e+00
4.721637248992919922e+00
4.551064491271972656e+00
4.462873458862304688e+00
3.898107767105102539e+00
3.146703004837036133e+00
8.052065849304199219e+00
7.195990085601806641e+00
4.972351551055908203e+00
6.165665149688720703e+00
4.280297279357910156e+00
5.780530452728271484e+00
4.397556304931640625e+00
4.990596771240234375e+00
4.402588367462158203e+00
4.350098609924316406e+00
4.007427692413330078e+00
5.293737411499023438e+00
5.686934947967529297e+00
3.392793655395507812e+00
5.121055126190185547e+00
3.674297809600830078e+00
4.873064517974853516e+00
4.917336463928222656e+00
3.739616870880126953e+00
9.249146461486816406e+00
5.623304843902587891e+00
4.399508476257324219e+00
4.464366912841796875e+00
4.514140605926513672e+00
4.555424690246582031e+00
5.628025054931640625e+00
5.305064678192138672e+00
4.121881484985351562e+00
5.212285041809082031e+00
4.698887825012207031e+00
5.519985198974609375e+00
6.099933624267578125e+00
5.843963623046875000e+00
4.123632431030273438e+00
4.056628227233886719e+00
5.638662815093994141e+00
3.856737136840820312e+00
8.260618209838867188e+00
5.137905597686767578e+00
3.995981693267822266e+00
5.410463809967041016e+00
5.446089744567871094e+00
5.561407566070556641e+00
3.970270872116088867e+00
3.502110958099365234e+00
4.976549148559570312e+00
5.249117851257324219e+00
4.026593208312988281e+00
4.929734706878662109e+00
3.679675817489624023e+00
3.760084629058837891e+00
3.485337018966674805e+00
5.276235580444335938e+00
5.238830089569091797e+00
4.426588058471679688e+00
3.483416557312011719e+00
4.631495952606201172e+00
3.245489835739135742e+00
4.753572463989257812e+00
4.344546318054199219e+00
4.688638210296630859e+00
8.686358451843261719e+00
6.094490528106689453e+00
5.348127841949462891e+00
4.275374889373779297e+00
3.785245180130004883e+00
3.877911329269409180e+00
5.633632183074951172e+00
7.483030319213867188e+00
5.627126693725585938e+00
3.914211273193359375e+00
5.143487453460693359e+00
6.231565475463867188e+00
5.837999343872070312e+00
4.740003108978271484e+00
5.270389556884765625e+00
4.125500679016113281e+00
6.396867275238037109e+00
4.134318828582763672e+00
5.345193386077880859e+00
4.743681907653808594e+00
4.039328575134277344e+00
4.139620780944824219e+00
4.225449085235595703e+00
5.528824329376220703e+00
4.672715663909912109e+00
4.088318824768066406e+00
5.500723838806152344e+00
4.448770999908447266e+00
5.498693466186523438e+00
4.387252330780029297e+00
6.164374828338623047e+00
4.741753578186035156e+00
4.580735206604003906e+00
5.402260780334472656e+00
3.354457378387451172e+00
3.813970804214477539e+00
4.322371006011962891e+00
4.018868446350097656e+00
4.608946323394775391e+00
3.679954290390014648e+00
3.781661272048950195e+00
4.562160015106201172e+00
6.332948684692382812e+00
4.794933319091796875e+00
4.999797344207763672e+00
4.736539363861083984e+00
4.999725341796875000e+00
5.692566394805908203e+00
4.099100589752197266e+00
7.866746902465820312e+00
4.017772197723388672e+00
5.151573181152343750e+00
5.834214687347412109e+00
4.773843288421630859e+00
5.342724323272705078e+00
5.415628910064697266e+00
4.740282535552978516e+00
3.944335460662841797e+00
4.377133846282958984e+00
5.961328506469726562e+00
4.551578998565673828e+00
4.848388671875000000e+00
4.084919929504394531e+00
3.142174243927001953e+00
4.803494453430175781e+00
4.566522121429443359e+00
4.440690040588378906e+00
4.292133808135986328e+00
3.944173097610473633e+00
5.051942825317382812e+00
5.347553730010986328e+00
6.186486244201660156e+00
6.219111442565917969e+00
5.867444992065429688e+00
4.195289611816406250e+00
5.637462139129638672e+00
4.370851516723632812e+00
4.613844871520996094e+00
4.925519466400146484e+00
4.407756328582763672e+00
4.817546844482421875e+00
4.771030426025390625e+00
4.637825489044189453e+00
6.036653518676757812e+00
4.851442813873291016e+00
4.612785339355468750e+00
3.143417835235595703e+00
4.141784667968750000e+00
4.373437881469726562e+00
4.296691894531250000e+00
5.060864925384521484e+00
4.442038059234619141e+00
4.866867065429687500e+00
3.597357511520385742e+00
6.051316738128662109e+00
5.781362056732177734e+00
4.233571052551269531e+00
5.185299873352050781e+00
6.127017021179199219e+00
6.195907592773437500e+00
3.508574008941650391e+00
6.547553539276123047e+00
5.573955535888671875e+00
4.382498741149902344e+00
3.398918628692626953e+00
3.557802438735961914e+00
4.842891693115234375e+00
4.640336990356445312e+00
5.336225509643554688e+00
3.930985689163208008e+00
4.163807868957519531e+00
4.678798198699951172e+00
4.653034210205078125e+00
4.426681041717529297e+00
5.478436470031738281e+00
3.872891187667846680e+00
7.742824077606201172e+00
3.824493169784545898e+00
4.975645065307617188e+00
4.619504928588867188e+00
6.177190303802490234e+00
4.267699241638183594e+00
3.255230426788330078e+00
4.933420658111572266e+00
5.354935646057128906e+00
3.503650426864624023e+00
4.429010868072509766e+00
5.106532096862792969e+00
4.694951057434082031e+00
5.635597705841064453e+00
6.985344409942626953e+00
4.087036609649658203e+00
4.260901451110839844e+00
6.590258598327636719e+00
5.555045127868652344e+00
4.284598350524902344e+00
3.724863529205322266e+00
5.829640865325927734e+00
3.731842517852783203e+00
4.194460868835449219e+00
4.394321918487548828e+00
4.984287738800048828e+00
5.502828598022460938e+00
7.364940166473388672e+00
5.221877098083496094e+00
5.324519157409667969e+00
3.140681743621826172e+00
4.903615951538085938e+00
5.189589023590087891e+00
3.163138866424560547e+00
5.670628547668457031e+00
4.738426208496093750e+00
4.646541595458984375e+00
6.703930854797363281e+00
4.143500804901123047e+00
3.997805356979370117e+00
3.023848056793212891e+00
3.881419420242309570e+00
8.372885704040527344e+00
3.741664648056030273e+00
5.042685508728027344e+00
5.139152526855468750e+00
6.014567375183105469e+00
4.008771896362304688e+00
4.861590385437011719e+00
5.314875602722167969e+00
3.804213523864746094e+00
4.901988983154296875e+00
4.308909416198730469e+00
4.151198863983154297e+00
5.044332981109619141e+00
4.914870738983154297e+00
4.213713645935058594e+00
4.627320766448974609e+00
4.186220169067382812e+00
4.506095886230468750e+00
4.778594970703125000e+00
4.388526916503906250e+00
3.234072923660278320e+00
5.921474933624267578e+00
4.142264366149902344e+00
4.013823032379150391e+00
5.640665531158447266e+00
4.867795944213867188e+00
5.539556026458740234e+00
5.016877651214599609e+00
3.413637161254882812e+00
6.012515068054199219e+00
4.269568920135498047e+00
5.816991806030273438e+00
5.381068706512451172e+00
5.147607326507568359e+00
3.459421157836914062e+00
4.203247070312500000e+00
5.920764923095703125e+00
3.972038745880126953e+00
6.483030796051025391e+00
4.557248592376708984e+00
4.440501213073730469e+00
3.988168239593505859e+00
3.729154825210571289e+00
4.020699977874755859e+00
5.335855960845947266e+00
4.714651107788085938e+00
2.701009988784790039e+00
4.737635612487792969e+00
5.470719814300537109e+00
4.159101963043212891e+00
6.355617523193359375e+00
6.429280757904052734e+00
5.019756317138671875e+00
3.606391906738281250e+00
3.967792749404907227e+00
4.443445205688476562e+00
3.101800918579101562e+00
5.647681713104248047e+00
4.412193775177001953e+00
6.771491050720214844e+00
4.050420761108398438e+00
3.685284376144409180e+00
3.015310764312744141e+00
6.431369304656982422e+00
4.573553562164306641e+00
4.389339923858642578e+00
4.493129253387451172e+00
5.781098365783691406e+00
6.929130077362060547e+00
3.782165765762329102e+00
3.775299072265625000e+00
7.077430248260498047e+00
5.927974700927734375e+00
4.437614917755126953e+00
3.468482017517089844e+00
5.065996646881103516e+00
4.279256820678710938e+00
5.310753822326660156e+00
3.441114664077758789e+00
5.352965354919433594e+00
4.809219360351562500e+00
3.349638700485229492e+00
3.529821634292602539e+00
6.077220439910888672e+00
4.808572769165039062e+00
4.990674972534179688e+00
5.349819183349609375e+00
7.956617832183837891e+00
5.465132236480712891e+00
3.462672710418701172e+00
4.482206344604492188e+00
3.926299810409545898e+00
4.349173545837402344e+00
4.724193572998046875e+00
6.177074432373046875e+00
6.488877773284912109e+00
4.951446056365966797e+00
4.834672927856445312e+00
7.064729213714599609e+00
3.252196550369262695e+00
3.524453401565551758e+00
4.107487201690673828e+00
4.972628116607666016e+00
4.667355537414550781e+00
6.428500175476074219e+00
5.137772083282470703e+00
3.287148714065551758e+00
5.398920059204101562e+00
4.051209449768066406e+00
5.018458843231201172e+00
5.211085796356201172e+00
5.073074817657470703e+00
4.742855072021484375e+00
3.713855743408203125e+00
5.615866661071777344e+00
4.184038639068603516e+00
3.979791164398193359e+00
4.804917335510253906e+00
4.456037044525146484e+00
5.326070308685302734e+00
3.121181488037109375e+00
5.257894039154052734e+00
4.251290321350097656e+00
5.374011039733886719e+00
8.177866935729980469e+00
3.598077297210693359e+00
5.847014427185058594e+00
4.572979450225830078e+00
4.819701671600341797e+00
5.693520545959472656e+00
4.160880565643310547e+00
4.690736770629882812e+00
6.263486862182617188e+00
4.424708843231201172e+00
5.571075439453125000e+00
4.052137851715087891e+00
4.528718471527099609e+00
5.826713085174560547e+00
5.673816204071044922e+00
6.484219551086425781e+00
3.674053430557250977e+00
5.596844673156738281e+00
5.909426212310791016e+00
5.356118679046630859e+00
5.600543498992919922e+00
3.733390331268310547e+00
3.151592969894409180e+00
5.365345001220703125e+00
4.836483955383300781e+00
3.240707159042358398e+00
2.735075235366821289e+00
5.093460083007812500e+00
3.869950056076049805e+00
4.967758655548095703e+00
4.764108657836914062e+00
4.567685604095458984e+00
4.527568340301513672e+00
6.777459144592285156e+00
3.874376296997070312e+00
4.116233348846435547e+00
3.431227922439575195e+00
3.529052972793579102e+00
4.745893478393554688e+00
4.242591381072998047e+00
4.559152126312255859e+00
4.446500778198242188e+00
4.424693584442138672e+00
5.431216239929199219e+00
3.866676092147827148e+00
4.450749397277832031e+00
6.289790153503417969e+00
4.254280567169189453e+00
6.045812129974365234e+00
4.369233131408691406e+00
3.251414299011230469e+00
6.548553466796875000e+00
4.845481872558593750e+00
5.906006336212158203e+00
5.169428348541259766e+00
4.103851795196533203e+00
6.203444004058837891e+00
3.649690151214599609e+00
3.568308353424072266e+00
4.783841133117675781e+00
6.595056056976318359e+00
4.631834506988525391e+00
4.032831192016601562e+00
4.309371948242187500e+00
4.568096160888671875e+00
6.605350017547607422e+00
3.393914222717285156e+00
4.278380870819091797e+00
3.512041568756103516e+00
5.107595920562744141e+00
3.560161352157592773e+00
5.604839324951171875e+00
4.003095626831054688e+00
4.634967327117919922e+00
4.121063709259033203e+00
4.131354808807373047e+00
5.226456165313720703e+00
4.315133571624755859e+00
4.341825485229492188e+00
5.284052371978759766e+00
4.746747016906738281e+00
4.896242618560791016e+00
6.226494312286376953e+00
6.032777786254882812e+00
4.924345970153808594e+00
6.313923835754394531e+00
5.282120704650878906e+00
4.199315071105957031e+00
4.390865802764892578e+00
6.274079799652099609e+00
3.178457260131835938e+00
6.315344810485839844e+00
4.056769847869873047e+00
5.832866191864013672e+00
5.701615810394287109e+00
4.182569980621337891e+00
4.424938678741455078e+00
5.308952331542968750e+00
4.022305011749267578e+00
5.565213203430175781e+00
4.153284549713134766e+00
3.893807172775268555e+00
5.651178359985351562e+00
3.629222631454467773e+00
3.938535451889038086e+00
3.637666463851928711e+00
4.887357711791992188e+00
4.142008304595947266e+00
4.675010204315185547e+00
4.437389850616455078e+00
