1.173594131469726562e+02
1.217611618041992188e+02
1.022605667114257812e+02
1.102804870605468750e+02
9.987287902832031250e+01
1.090598449707031250e+02
9.923912048339843750e+01
9.439299774169921875e+01
1.117003097534179688e+02
9.718690490722656250e+01
9.128341674804687500e+01
9.460233306884765625e+01
9.552629852294921875e+01
7.998870849609375000e+01
8.346882629394531250e+01
7.090022277832031250e+01
7.439959716796875000e+01
6.561206817626953125e+01
5.134635925292968750e+01
5.237382125854492188e+01
5.262151336669921875e+01
4.621887969970703125e+01
5.588787841796875000e+01
5.249415969848632812e+01
4.512549209594726562e+01
4.130638122558593750e+01
3.625187301635742188e+01
3.657445526123046875e+01
2.980379676818847656e+01
3.101823806762695312e+01
2.405180740356445312e+01
2.689873123168945312e+01
2.221318244934082031e+01
2.850844192504882812e+01
2.465053367614746094e+01
2.413648605346679688e+01
2.680362129211425781e+01
2.422198677062988281e+01
3.111993217468261719e+01
2.171139335632324219e+01
1.995493888854980469e+01
1.767192649841308594e+01
2.157399749755859375e+01
1.813492202758789062e+01
2.027003097534179688e+01
1.960433578491210938e+01
1.461750030517578125e+01
1.844259643554687500e+01
1.709114265441894531e+01
1.589532470703125000e+01
1.873261260986328125e+01
1.366756820678710938e+01
1.284979724884033203e+01
9.918772697448730469e+00
1.591215419769287109e+01
1.274033927917480469e+01
1.142680072784423828e+01
9.563960075378417969e+00
1.272741222381591797e+01
9.024618148803710938e+00
9.241212844848632812e+00
9.822494506835937500e+00
1.216039371490478516e+01
1.146901512145996094e+01
7.821071624755859375e+00
8.236785888671875000e+00
9.173437118530273438e+00
8.560280799865722656e+00
1.434190559387207031e+01
9.639640808105468750e+00
1.180167293548583984e+01
1.110716247558593750e+01
8.634515762329101562e+00
8.935478210449218750e+00
8.775894165039062500e+00
9.962035179138183594e+00
9.559263229370117188e+00
8.465225219726562500e+00
5.566594123840332031e+00
9.096636772155761719e+00
8.090970993041992188e+00
8.861077308654785156e+00
1.106544494628906250e+01
1.042846393585205078e+01
1.051062488555908203e+01
8.880528450012207031e+00
1.111637496948242188e+01
1.007063102722167969e+01
6.786770820617675781e+00
7.506440639495849609e+00
5.931951999664306641e+00
7.577892303466796875e+00
7.862269401550292969e+00
5.829780101776123047e+00
6.560477733612060547e+00
7.239881992340087891e+00
7.002984046936035156e+00
6.168130874633789062e+00
8.543370246887207031e+00
6.319270133972167969e+00
6.785879611968994141e+00
7.604432582855224609e+00
8.794339179992675781e+00
1.042327594757080078e+01
8.125205039978027344e+00
7.882863521575927734e+00
6.381032943725585938e+00
8.617936134338378906e+00
8.513925552368164062e+00
7.228853225708007812e+00
8.580403327941894531e+00
5.123245716094970703e+00
8.660107612609863281e+00
5.416501522064208984e+00
8.658001899719238281e+00
7.300544261932373047e+00
7.191211223602294922e+00
7.874567031860351562e+00
6.886826992034912109e+00
8.499189376831054688e+00
5.294842243194580078e+00
7.350743293762207031e+00
6.130324363708496094e+00
7.100079536437988281e+00
4.756674766540527344e+00
8.913813591003417969e+00
7.137155055999755859e+00
7.177534580230712891e+00
7.119578361511230469e+00
7.934088706970214844e+00
8.457432746887207031e+00
4.413167476654052734e+00
6.723977088928222656e+00
6.132698059082031250e+00
6.754419803619384766e+00
8.351119041442871094e+00
9.933749198913574219e+00
7.000346183776855469e+00
4.958233356475830078e+00
7.068263530731201172e+00
6.641409873962402344e+00
5.370285034179687500e+00
4.916943550109863281e+00
6.525865554809570312e+00
8.934861183166503906e+00
7.475155830383300781e+00
7.772028446197509766e+00
1.037395191192626953e+01
7.613034248352050781e+00
8.877285003662109375e+00
8.463118553161621094e+00
5.631764411926269531e+00
5.300047397613525391e+00
7.363633155822753906e+00
7.905035018920898438e+00
4.837717056274414062e+00
4.704690933227539062e+00
9.322968482971191406e+00
6.310409069061279297e+00
5.759828090667724609e+00
5.310431957244873047e+00
9.800359725952148438e+00
6.131667137145996094e+00
9.689315795898437500e+00
7.691389083862304688e+00
7.851656913757324219e+00
6.629100799560546875e+00
5.818264007568359375e+00
6.388407230377197266e+00
5.471109867095947266e+00
5.001195430755615234e+00
8.024613380432128906e+00
6.141240119934082031e+00
4.908587932586669922e+00
4.919151306152343750e+00
7.945194721221923828e+00
6.578511714935302734e+00
8.032144546508789062e+00
7.277175903320312500e+00
7.045213222503662109e+00
5.831490516662597656e+00
6.031757831573486328e+00
7.522472858428955078e+00
6.843973159790039062e+00
4.602623939514160156e+00
5.031670570373535156e+00
6.945705413818359375e+00
5.030795574188232422e+00
7.607908725738525391e+00
7.465408325195312500e+00
4.122554302215576172e+00
5.670724868774414062e+00
7.480717182159423828e+00
7.692889213562011719e+00
5.160145759582519531e+00
5.211629867553710938e+00
6.469826698303222656e+00
7.183746337890625000e+00
7.322021961212158203e+00
5.756302356719970703e+00
5.131158351898193359e+00
8.666542053222656250e+00
5.056270599365234375e+00
5.824202060699462891e+00
9.235249519348144531e+00
5.061607360839843750e+00
6.549966812133789062e+00
1.014595985412597656e+01
4.603647232055664062e+00
8.749562263488769531e+00
5.944701194763183594e+00
7.460165977478027344e+00
7.154344558715820312e+00
6.512740612030029297e+00
6.174839973449707031e+00
7.358267307281494141e+00
9.041035652160644531e+00
5.354278087615966797e+00
4.940948486328125000e+00
5.425182342529296875e+00
6.096343040466308594e+00
5.092207431793212891e+00
7.284832477569580078e+00
5.325243473052978516e+00
7.514204502105712891e+00
5.496516704559326172e+00
7.435916423797607422e+00
6.146850585937500000e+00
6.387879848480224609e+00
7.646661758422851562e+00
8.739892005920410156e+00
6.015456199645996094e+00
6.904484748840332031e+00
5.006834506988525391e+00
5.419066905975341797e+00
6.153985500335693359e+00
5.257595539093017578e+00
5.335622787475585938e+00
6.684661388397216797e+00
3.969749689102172852e+00
6.163510322570800781e+00
7.970119476318359375e+00
5.291936397552490234e+00
7.213305473327636719e+00
7.821472644805908203e+00
5.183093070983886719e+00
6.512040615081787109e+00
7.117952823638916016e+00
7.953996658325195312e+00
1.068468856811523438e+01
7.001924514770507812e+00
7.331269264221191406e+00
5.940938472747802734e+00
5.705086708068847656e+00
5.105197906494140625e+00
6.930632591247558594e+00
6.366206645965576172e+00
4.568192005157470703e+00
6.862700939178466797e+00
6.809916973114013672e+00
7.125677585601806641e+00
6.496221542358398438e+00
6.896963119506835938e+00
4.892841339111328125e+00
5.724630355834960938e+00
9.062388420104980469e+00
6.026140213012695312e+00
5.337697982788085938e+00
7.485921859741210938e+00
5.882558345794677734e+00
6.821355819702148438e+00
6.930755615234375000e+00
5.006973743438720703e+00
5.316383838653564453e+00
6.013281822204589844e+00
8.338624000549316406e+00
4.670902252197265625e+00
5.856993675231933594e+00
5.112976074218750000e+00
4.749278545379638672e+00
7.555626392364501953e+00
5.775297641754150391e+00
6.599983215332031250e+00
6.666828632354736328e+00
6.424507141113281250e+00
6.685981750488281250e+00
5.789105415344238281e+00
5.063356399536132812e+00
5.879801750183105469e+00
8.464943885803222656e+00
6.878356933593750000e+00
8.010497093200683594e+00
5.481700897216796875e+00
6.505695819854736328e+00
6.819355964660644531e+00
5.649241447448730469e+00
8.959684371948242188e+00
6.560078620910644531e+00
4.311168670654296875e+00
4.246682643890380859e+00
3.737836837768554688e+00
7.568066120147705078e+00
8.200503349304199219e+00
5.691014766693115234e+00
6.170173168182373047e+00
5.177506923675537109e+00
5.474453449249267578e+00
6.395100593566894531e+00
7.415497779846191406e+00
4.959831237792968750e+00
7.096259593963623047e+00
4.473031520843505859e+00
4.451834678649902344e+00
6.220121860504150391e+00
5.312587738037109375e+00
5.788029193878173828e+00
4.215705871582031250e+00
7.261096954345703125e+00
6.294490337371826172e+00
4.566417694091796875e+00
7.534449100494384766e+00
5.664270877838134766e+00
6.951940536499023438e+00
5.158535003662109375e+00
5.721801280975341797e+00
4.688620567321777344e+00
7.607773780822753906e+00
6.506354331970214844e+00
6.019399166107177734e+00
4.621386528015136719e+00
9.550011634826660156e+00
5.401767253875732422e+00
5.298993110656738281e+00
6.765850067138671875e+00
5.674053668975830078e+00
4.389117240905761719e+00
7.222139358520507812e+00
9.092470169067382812e+00
6.186631202697753906e+00
7.120356082916259766e+00
5.167492866516113281e+00
7.162471294403076172e+00
4.636952877044677734e+00
5.831589698791503906e+00
7.314690113067626953e+00
6.025172233581542969e+00
4.726579666137695312e+00
5.052035331726074219e+00
5.929447174072265625e+00
4.679704189300537109e+00
8.466925621032714844e+00
6.366924762725830078e+00
5.633308410644531250e+00
6.861361026763916016e+00
6.087797164916992188e+00
7.775484561920166016e+00
5.556908130645751953e+00
6.433535575866699219e+00
4.478106498718261719e+00
5.490889072418212891e+00
4.525304317474365234e+00
5.329195499420166016e+00
5.221518993377685547e+00
7.898694515228271484e+00
5.270554542541503906e+00
6.561099529266357422e+00
5.459393501281738281e+00
4.803990840911865234e+00
5.719266891479492188e+00
6.126906871795654297e+00
6.589362144470214844e+00
4.975721836090087891e+00
6.104105949401855469e+00
6.660395145416259766e+00
6.667178630828857422e+00
6.863737106323242188e+00
6.333059310913085938e+00
5.555996417999267578e+00
5.040260314941406250e+00
5.273229598999023438e+00
5.233349800109863281e+00
6.683430671691894531e+00
4.973143100738525391e+00
6.467990398406982422e+00
4.851321697235107422e+00
6.466433525085449219e+00
7.811480998992919922e+00
7.271301746368408203e+00
5.459334850311279297e+00
6.615592479705810547e+00
4.667809486389160156e+00
6.596007347106933594e+00
6.336762428283691406e+00
5.592811584472656250e+00
8.044746398925781250e+00
8.238703727722167969e+00
6.611126899719238281e+00
6.227501869201660156e+00
4.134530544281005859e+00
4.798455715179443359e+00
8.001512527465820312e+00
4.811786651611328125e+00
4.955170154571533203e+00
6.202766418457031250e+00
5.771573543548583984e+00
5.250951290130615234e+00
6.412388801574707031e+00
7.921672344207763672e+00
5.050723552703857422e+00
5.581301689147949219e+00
4.889842033386230469e+00
5.307495594024658203e+00
7.118049144744873047e+00
5.647532939910888672e+00
6.224851608276367188e+00
5.095117092132568359e+00
8.202116966247558594e+00
5.106359481811523438e+00
5.773420810699462891e+00
6.278104782104492188e+00
5.507336616516113281e+00
4.354993343353271484e+00
6.229469776153564453e+00
5.160074710845947266e+00
7.094493389129638672e+00
7.012945175170898438e+00
6.341966152191162109e+00
8.025432586669921875e+00
5.123850345611572266e+00
5.184993743896484375e+00
3.888506889343261719e+00
6.196432113647460938e+00
5.439031600952148438e+00
6.163386821746826172e+00
7.310558795928955078e+00
7.885688781738281250e+00
5.260363578796386719e+00
5.227248191833496094e+00
6.351236343383789062e+00
5.668803215026855469e+00
4.766392707824707031e+00
5.515199184417724609e+00
6.206318855285644531e+00
6.404908657073974609e+00
6.387984275817871094e+00
6.965459346771240234e+00
4.747957706451416016e+00
6.101019859313964844e+00
6.697495460510253906e+00
5.891019821166992188e+00
4.954213619232177734e+00
6.553426265716552734e+00
4.422653675079345703e+00
7.728214740753173828e+00
4.944726943969726562e+00
6.536251068115234375e+00
6.089689254760742188e+00
5.078746795654296875e+00
6.922179698944091797e+00
4.673154830932617188e+00
6.205382347106933594e+00
5.111443996429443359e+00
5.145980358123779297e+00
7.227497100830078125e+00
6.421972274780273438e+00
4.833023071289062500e+00
4.897437572479248047e+00
5.427292823791503906e+00
5.890235424041748047e+00
5.539628505706787109e+00
4.547860622406005859e+00
6.067595958709716797e+00
4.756730079650878906e+00
3.721609354019165039e+00
5.573776245117187500e+00
7.938470363616943359e+00
3.988600492477416992e+00
6.688663959503173828e+00
4.767623424530029297e+00
6.298354148864746094e+00
6.564450740814208984e+00
5.601102828979492188e+00
5.036181449890136719e+00
6.835913658142089844e+00
6.912278652191162109e+00
9.891917228698730469e+00
3.564492464065551758e+00
3.212770938873291016e+00
5.064710617065429688e+00
9.064743995666503906e+00
6.666545867919921875e+00
4.495296955108642578e+00
7.964684486389160156e+00
6.478640079498291016e+00
4.625499725341796875e+00
6.681169509887695312e+00
5.535487651824951172e+00
6.478645324707031250e+00
4.358146667480468750e+00
6.508191585540771484e+00
5.237736701965332031e+00
5.422311305999755859e+00
4.891369819641113281e+00
1.068156051635742188e+01
5.243959903717041016e+00
3.788408756256103516e+00
6.482837677001953125e+00
4.423066139221191406e+00
4.200727462768554688e+00
6.605512142181396484e+00
7.656185626983642578e+00
4.624098777770996094e+00
5.929658412933349609e+00
4.972135066986083984e+00
6.448570251464843750e+00
7.353109359741210938e+00
4.849656581878662109e+00
4.669317722320556641e+00
4.758762359619140625e+00
7.772912979125976562e+00
5.370065689086914062e+00
5.209650516510009766e+00
6.322696685791015625e+00
6.428097248077392578e+00
6.588297367095947266e+00
5.192781925201416016e+00
7.502250671386718750e+00
3.726489305496215820e+00
7.701593399047851562e+00
3.665500164031982422e+00
5.931721687316894531e+00
6.051174163818359375e+00
7.022329807281494141e+00
6.233147621154785156e+00
5.418782711029052734e+00
4.963207721710205078e+00
5.627482891082763672e+00
4.096704483032226562e+00
3.057892560958862305e+00
4.098523616790771484e+00
6.226568222045898438e+00
6.070124626159667969e+00
6.024219036102294922e+00
7.326042175292968750e+00
6.456118583679199219e+00
5.633773803710937500e+00
6.786687374114990234e+00
3.962971925735473633e+00
4.299584388732910156e+00
6.950004100799560547e+00
3.923590660095214844e+00
6.622147083282470703e+00
5.985006332397460938e+00
6.025924682617187500e+00
5.334383010864257812e+00
6.275895595550537109e+00
5.660514831542968750e+00
4.139471530914306641e+00
5.960199356079101562e+00
5.444034576416015625e+00
4.768802165985107422e+00
4.425687313079833984e+00
6.685536861419677734e+00
5.580281734466552734e+00
4.961400032043457031e+00
6.379854202270507812e+00
4.618218898773193359e+00
6.169496536254882812e+00
6.144960403442382812e+00
6.952010631561279297e+00
6.623252868652343750e+00
5.096674442291259766e+00
6.120925426483154297e+00
7.451894283294677734e+00
5.968372344970703125e+00
6.076106548309326172e+00
3.988245964050292969e+00
4.266657829284667969e+00
5.715724945068359375e+00
5.906353950500488281e+00
4.018422126770019531e+00
5.510707378387451172e+00
5.978287220001220703e+00
5.962088584899902344e+00
6.822324752807617188e+00
6.715451240539550781e+00
6.701695919036865234e+00
4.660566329956054688e+00
5.101245880126953125e+00
5.145116806030273438e+00
6.197365283966064453e+00
4.400900363922119141e+00
6.451933860778808594e+00
6.083779811859130859e+00
6.337518215179443359e+00
5.727103710174560547e+00
4.116138458251953125e+00
5.919356346130371094e+00
6.582165718078613281e+00
5.881483554840087891e+00
4.359581947326660156e+00
6.467808246612548828e+00
3.927733421325683594e+00
3.226078510284423828e+00
7.801101684570312500e+00
5.356459617614746094e+00
7.113892555236816406e+00
5.380064487457275391e+00
4.504422187805175781e+00
6.505902767181396484e+00
7.463674068450927734e+00
4.850417137145996094e+00
4.028207778930664062e+00
5.297177791595458984e+00
9.560215950012207031e+00
5.034473419189453125e+00
3.708179950714111328e+00
5.496719360351562500e+00
6.492068290710449219e+00
4.947130680084228516e+00
5.859546661376953125e+00
6.115163326263427734e+00
6.113470077514648438e+00
4.962957382202148438e+00
5.290868282318115234e+00
6.000896453857421875e+00
6.038226127624511719e+00
6.502559185028076172e+00
4.208033084869384766e+00
4.835562705993652344e+00
4.737314701080322266e+00
6.904493808746337891e+00
4.515656948089599609e+00
4.380771160125732422e+00
4.486691474914550781e+00
4.280465126037597656e+00
5.587567329406738281e+00
5.003054618835449219e+00
5.410874366760253906e+00
7.745478153228759766e+00
4.438566207885742188e+00
5.770569324493408203e+00
4.737522125244140625e+00
4.411347866058349609e+00
5.776378631591796875e+00
4.505824089050292969e+00
6.796491622924804688e+00
6.135228157043457031e+00
7.075071334838867188e+00
9.396741867065429688e+00
9.411088943481445312e+00
5.766544342041015625e+00
5.999125480651855469e+00
6.476226329803466797e+00
6.258150577545166016e+00
5.774085998535156250e+00
6.835786342620849609e+00
4.542321205139160156e+00
3.761024475097656250e+00
6.525181293487548828e+00
7.731095790863037109e+00
5.336693763732910156e+00
4.544167518615722656e+00
4.130913257598876953e+00
3.492696046829223633e+00
5.207530021667480469e+00
5.386194229125976562e+00
7.396821022033691406e+00
5.787726879119873047e+00
4.172155380249023438e+00
6.662950992584228516e+00
4.953451156616210938e+00
3.704573869705200195e+00
8.188348770141601562e+00
8.512551307678222656e+00
5.153186321258544922e+00
5.309556007385253906e+00
4.718970775604248047e+00
5.961043834686279297e+00
4.654681682586669922e+00
6.428210735321044922e+00
4.731417655944824219e+00
5.149394989013671875e+00
4.408599853515625000e+00
4.814980030059814453e+00
5.002916812896728516e+00
5.117603778839111328e+00
6.325025081634521484e+00
6.236625671386718750e+00
6.849130153656005859e+00
5.483047008514404297e+00
6.221660137176513672e+00
4.770592212677001953e+00
5.446476936340332031e+00
4.736736297607421875e+00
5.660117626190185547e+00
6.068288326263427734e+00
6.660554885864257812e+00
5.425555706024169922e+00
5.290970325469970703e+00
5.754598140716552734e+00
5.858305454254150391e+00
7.946646213531494141e+00
4.279915809631347656e+00
5.844689369201660156e+00
5.657958030700683594e+00
4.719661235809326172e+00
5.687490463256835938e+00
4.986311435699462891e+00
4.846151351928710938e+00
6.903742313385009766e+00
6.258470535278320312e+00
4.844691753387451172e+00
5.253725528717041016e+00
5.586141109466552734e+00
5.033714294433593750e+00
7.441595077514648438e+00
6.135436534881591797e+00
6.030032157897949219e+00
6.418816566467285156e+00
6.227953433990478516e+00
4.436901092529296875e+00
5.647061824798583984e+00
5.619000434875488281e+00
3.984684944152832031e+00
5.458916664123535156e+00
5.234621047973632812e+00
4.272562503814697266e+00
4.594504356384277344e+00
4.874414920806884766e+00
5.009145736694335938e+00
7.674601554870605469e+00
4.174598217010498047e+00
5.886566162109375000e+00
4.238574028015136719e+00
4.881775856018066406e+00
4.951174259185791016e+00
4.615790367126464844e+00
7.532920360565185547e+00
5.045516967773437500e+00
5.120497703552246094e+00
5.083301544189453125e+00
4.173451900482177734e+00
5.870947360992431641e+00
3.639582395553588867e+00
6.721693038940429688e+00
5.638560295104980469e+00
6.492331981658935547e+00
8.670399665832519531e+00
6.119480609893798828e+00
4.826098442077636719e+00
6.007487297058105469e+00
5.190798759460449219e+00
4.037914752960205078e+00
5.321342945098876953e+00
5.434574604034423828e+00
3.173793554306030273e+00
5.144815444946289062e+00
5.458953857421875000e+00
5.099120140075683594e+00
4.818047523498535156e+00
4.680857181549072266e+00
4.584848880767822266e+00
5.661387920379638672e+00
7.072845935821533203e+00
6.301509380340576172e+00
5.545245647430419922e+00
7.175873756408691406e+00
4.319894790649414062e+00
4.764212608337402344e+00
8.652171134948730469e+00
5.244068622589111328e+00
5.913809776306152344e+00
6.576673507690429688e+00
4.934563159942626953e+00
5.284579277038574219e+00
4.374500274658203125e+00
7.102516174316406250e+00
5.053228378295898438e+00
5.424376964569091797e+00
5.007287979125976562e+00
3.910457372665405273e+00
5.776891708374023438e+00
5.922542572021484375e+00
4.472437381744384766e+00
4.430204868316650391e+00
5.911591053009033203e+00
9.075179100036621094e+00
5.086504459381103516e+00
5.057433128356933594e+00
5.331769466400146484e+00
5.507908821105957031e+00
3.772557020187377930e+00
6.390571594238281250e+00
4.660514831542968750e+00
4.976084709167480469e+00
5.028942108154296875e+00
7.185787677764892578e+00
5.832748889923095703e+00
6.988732337951660156e+00
4.563818931579589844e+00
4.106467247009277344e+00
3.492380380630493164e+00
4.346108913421630859e+00
7.424697399139404297e+00
5.601490020751953125e+00
5.543234348297119141e+00
4.494398117065429688e+00
4.876752376556396484e+00
6.197890281677246094e+00
4.820859432220458984e+00
8.203491210937500000e+00
5.947415351867675781e+00
5.494410514831542969e+00
4.949385643005371094e+00
6.659115314483642578e+00
4.222594261169433594e+00
3.779992341995239258e+00
4.878558635711669922e+00
6.693009376525878906e+00
4.509302616119384766e+00
4.050125598907470703e+00
5.019811153411865234e+00
5.372856140136718750e+00
5.682772636413574219e+00
4.716372489929199219e+00
5.592616081237792969e+00
4.683032512664794922e+00
4.765547275543212891e+00
3.713504552841186523e+00
4.436043262481689453e+00
6.704888343811035156e+00
5.509693145751953125e+00
4.993783950805664062e+00
3.840729475021362305e+00
6.470287799835205078e+00
6.594452381134033203e+00
5.843239307403564453e+00
7.149509429931640625e+00
4.839053153991699219e+00
4.871151924133300781e+00
4.524620532989501953e+00
6.167951583862304688e+00
3.792618751525878906e+00
7.573614120483398438e+00
5.796094417572021484e+00
4.305992126464843750e+00
5.700457572937011719e+00
6.288856029510498047e+00
5.020380020141601562e+00
4.860976696014404297e+00
3.997996330261230469e+00
2.840770483016967773e+00
5.215186119079589844e+00
4.954684257507324219e+00
3.578597307205200195e+00
5.843646049499511719e+00
5.570304393768310547e+00
5.232738971710205078e+00
6.916961669921875000e+00
5.951881885528564453e+00
5.460078716278076172e+00
7.085168838500976562e+00
4.456112861633300781e+00
5.555567741394042969e+00
6.419178009033203125e+00
5.374665260314941406e+00
6.285017490386962891e+00
4.646094322204589844e+00
4.956090927124023438e+00
5.417360305786132812e+00
5.381568908691406250e+00
3.921476125717163086e+00
3.529880762100219727e+00
7.250154495239257812e+00
3.706906557083129883e+00
4.011639595031738281e+00
4.353642463684082031e+00
5.288533687591552734e+00
5.880171775817871094e+00
4.883606910705566406e+00
5.074800968170166016e+00
3.749901056289672852e+00
4.256201267242431641e+00
5.642616748809814453e+00
5.159177780151367188e+00
3.728040456771850586e+00
4.167294502258300781e+00
7.368000507354736328e+00
6.432128429412841797e+00
5.022770404815673828e+00
6.384892463684082031e+00
4.735758304595947266e+00
5.077903270721435547e+00
5.765673637390136719e+00
4.980734348297119141e+00
3.117397785186767578e+00
4.067655563354492188e+00
6.750660896301269531e+00
6.365876674652099609e+00
5.137833595275878906e+00
4.021550178527832031e+00
3.978004693984985352e+00
4.189999103546142578e+00
6.347221851348876953e+00
5.942572116851806641e+00
4.704508304595947266e+00
6.239936351776123047e+00
4.757456302642822266e+00
5.757858276367187500e+00
5.343867778778076172e+00
3.930927038192749023e+00
3.642519474029541016e+00
9.515184402465820312e+00
4.275436401367187500e+00
7.354264259338378906e+00
4.682738780975341797e+00
5.170815944671630859e+00
4.987832069396972656e+00
3.834900379180908203e+00
4.050638675689697266e+00
5.873327732086181641e+00
4.009227752685546875e+00
4.153697967529296875e+00
5.865981578826904297e+00
5.570727348327636719e+00
5.020090579986572266e+00
3.819129943847656250e+00
5.264146327972412109e+00
6.516286373138427734e+00
5.961810111999511719e+00
6.418371200561523438e+00
5.579767227172851562e+00
5.172144412994384766e+00
5.537059783935546875e+00
5.456709384918212891e+00
3.970424652099609375e+00
8.112896919250488281e+00
4.094696044921875000e+00
6.678675174713134766e+00
5.578638553619384766e+00
6.513090133666992188e+00
5.237201213836669922e+00
7.143003940582275391e+00
4.063100337982177734e+00
6.475811958312988281e+00
4.961236000061035156e+00
3.593196392059326172e+00
4.046805381774902344e+00
6.572175979614257812e+00
4.046187877655029297e+00
5.496724605560302734e+00
4.351914405822753906e+00
5.702480316162109375e+00
5.273216724395751953e+00
4.562898635864257812e+00
5.804286479949951172e+00
3.254746437072753906e+00
5.968834400177001953e+00
4.680953979492187500e+00
5.072770118713378906e+00
4.824190616607666016e+00
4.924458503723144531e+00
5.305024147033691406e+00
5.330018043518066406e+00
4.879247665405273438e+00
6.539538860321044922e+00
5.520776748657226562e+00
5.417167186737060547e+00
3.902310371398925781e+00
4.367040634155273438e+00
4.817531108856201172e+00
4.834591865539550781e+00
3.370956420898437500e+00
3.414578437805175781e+00
3.627567529678344727e+00
5.741203308105468750e+00
5.014938354492187500e+00
4.657928943634033203e+00
3.970866441726684570e+00
6.228652954101562500e+00
9.146460533142089844e+00
4.090098381042480469e+00
3.881114482879638672e+00
4.233622550964355469e+00
8.706267356872558594e+00
4.419100284576416016e+00
4.810530185699462891e+00
4.925108909606933594e+00
4.197005748748779297e+00
6.075550556182861328e+00
3.388208627700805664e+00
6.214213848114013672e+00
6.089844703674316406e+00
4.191631793975830078e+00
4.342212200164794922e+00
5.128133773803710938e+00
7.548813819885253906e+00
4.760120391845703125e+00
4.772544384002685547e+00
4.778681278228759766e+00
3.940481424331665039e+00
6.716543674468994141e+00
4.538873195648193359e+00
4.582418441772460938e+00
6.179167270660400391e+00
4.589923858642578125e+00
3.633724927902221680e+00
6.466057300567626953e+00
5.021809101104736328e+00
5.362977981567382812e+00
3.971241712570190430e+00
4.207865715026855469e+00
5.111456871032714844e+00
3.167531967163085938e+00
3.883304119110107422e+00
3.830308675765991211e+00
5.756215572357177734e+00
3.975120544433593750e+00
4.241656780242919922e+00
5.793320655822753906e+00
3.712537765502929688e+00
4.604070663452148438e+00
5.686403751373291016e+00
4.225477695465087891e+00
3.406985998153686523e+00
4.232708930969238281e+00
4.230183124542236328e+00
5.707551956176757812e+00
6.266283035278320312e+00
8.057576179504394531e+00
6.131048679351806641e+00
5.778300285339355469e+00
5.051494121551513672e+00
4.204573631286621094e+00
5.606507778167724609e+00
7.344799518585205078e+00
5.354335784912109375e+00
6.611869335174560547e+00
6.421700954437255859e+00
4.256190299987792969e+00
4.609003067016601562e+00
5.358492851257324219e+00
5.529517173767089844e+00
5.134842395782470703e+00
5.178880691528320312e+00
4.396153450012207031e+00
5.056889533996582031e+00
5.566686153411865234e+00
4.365030765533447266e+00
5.339449405670166016e+00
7.724156856536865234e+00
3.643208503723144531e+00
6.985656738281250000e+00
4.262039184570312500e+00
3.759597539901733398e+00
6.221366405487060547e+00
4.508074760437011719e+00
4.759168624877929688e+00
4.548321723937988281e+00
5.120745658874511719e+00
4.093181610107421875e+00
3.498101234436035156e+00
5.637387752532958984e+00
4.372010707855224609e+00
6.746824264526367188e+00
4.468547344207763672e+00
7.529627799987792969e+00
4.425446510314941406e+00
5.532736301422119141e+00
6.149664878845214844e+00
6.586647987365722656e+00
5.407042026519775391e+00
6.425581932067871094e+00
4.551007747650146484e+00
3.480882167816162109e+00
3.882034778594970703e+00
3.494743824005126953e+00
3.409160614013671875e+00
5.265562534332275391e+00
5.135660648345947266e+00
4.380871295928955078e+00
5.168286323547363281e+00
5.326385974884033203e+00
4.274412155151367188e+00
3.548779726028442383e+00
4.126363277435302734e+00
3.922157049179077148e+00
6.292380332946777344e+00
9.292448043823242188e+00
4.875330448150634766e+00
5.465988159179687500e+00
5.742453098297119141e+00
4.684381008148193359e+00
4.672382354736328125e+00
5.901383876800537109e+00
4.151425361633300781e+00
6.753827571868896484e+00
4.869378089904785156e+00
5.098526477813720703e+00
5.047651767730712891e+00
3.978251934051513672e+00
6.278433799743652344e+00
6.024079322814941406e+00
4.897706031799316406e+00
5.684547424316406250e+00
4.199042797088623047e+00
4.674528121948242188e+00
4.759676456451416016e+00
3.449142456054687500e+00
4.960972785949707031e+00
5.932759284973144531e+00
3.673505306243896484e+00
4.905410766601562500e+00
4.527048587799072266e+00
5.736835956573486328e+00
4.537403583526611328e+00
5.629902839660644531e+00
4.513491630554199219e+00
3.504114389419555664e+00
5.350916385650634766e+00
4.475878238677978516e+00
5.599484443664550781e+00
4.581684112548828125e+00
4.224723815917968750e+00
5.179070949554443359e+00
5.962563991546630859e+00
4.596189975738525391e+00
3.715072631835937500e+00
4.425153732299804688e+00
3.908791303634643555e+00
3.847189188003540039e+00
3.584946870803833008e+00
3.565226793289184570e+00
7.890073299407958984e+00
6.451514720916748047e+00
5.206864833831787109e+00
5.790359973907470703e+00
4.895099163055419922e+00
5.379424095153808594e+00
4.942561149597167969e+00
5.070142269134521484e+00
7.285780906677246094e+00
4.202388286590576172e+00
5.173573017120361328e+00
6.082331180572509766e+00
6.687518596649169922e+00
7.340634346008300781e+00
4.865237236022949219e+00
5.985755443572998047e+00
5.156803131103515625e+00
4.286910533905029297e+00
4.746922492980957031e+00
3.284515142440795898e+00
4.644038677215576172e+00
6.212673664093017578e+00
4.689791679382324219e+00
5.958723068237304688e+00
4.981031417846679688e+00
4.740111827850341797e+00
5.060518741607666016e+00
3.430477619171142578e+00
3.872489213943481445e+00
5.241650581359863281e+00
6.242710113525390625e+00
5.305020809173583984e+00
4.397349357604980469e+00
4.140982627868652344e+00
2.893979549407958984e+00
3.702887296676635742e+00
6.058898448944091797e+00
4.317490100860595703e+00
4.391933441162109375e+00
3.760086536407470703e+00
3.961676836013793945e+00
5.055436134338378906e+00
5.324319362640380859e+00
4.770060062408447266e+00
6.161316394805908203e+00
4.443168640136718750e+00
4.510176181793212891e+00
4.138459205627441406e+00
5.378021717071533203e+00
6.278049945831298828e+00
5.643641948699951172e+00
5.088222980499267578e+00
3.877849578857421875e+00
3.651371479034423828e+00
3.658182144165039062e+00
3.615674972534179688e+00
5.556310176849365234e+00
4.984352588653564453e+00
3.902856826782226562e+00
6.254257202148437500e+00
5.460306644439697266e+00
6.560693740844726562e+00
4.875107288360595703e+00
5.758741855621337891e+00
4.322461128234863281e+00
3.575288772583007812e+00
3.778083801269531250e+00
6.583811283111572266e+00
4.311686992645263672e+00
6.185400962829589844e+00
4.220720767974853516e+00
4.448949813842773438e+00
3.272223711013793945e+00
4.577584266662597656e+00
3.415392398834228516e+00
6.827828407287597656e+00
6.282979488372802734e+00
3.503082036972045898e+00
4.829839229583740234e+00
4.364606857299804688e+00
5.179715156555175781e+00
3.976979494094848633e+00
5.354107856750488281e+00
5.330161571502685547e+00
8.212261199951171875e+00
2.669203281402587891e+00
5.670937061309814453e+00
6.104667663574218750e+00
5.950915336608886719e+00
7.672829627990722656e+00
4.262185096740722656e+00
5.309615135192871094e+00
5.692840576171875000e+00
2.748043298721313477e+00
4.220382690429687500e+00
4.584311485290527344e+00
5.855946540832519531e+00
4.981228351593017578e+00
3.384648799896240234e+00
3.242847919464111328e+00
4.430913925170898438e+00
3.248820781707763672e+00
4.033982753753662109e+00
3.135123252868652344e+00
4.274991512298583984e+00
5.467952728271484375e+00
6.118377208709716797e+00
5.269746303558349609e+00
5.865210056304931641e+00
4.649558067321777344e+00
4.241075992584228516e+00
4.129659175872802734e+00
6.056902885437011719e+00
6.159705162048339844e+00
4.483904361724853516e+00
4.589611530303955078e+00
4.854267597198486328e+00
4.109758377075195312e+00
4.295059680938720703e+00
7.115025520324707031e+00
3.221752882003784180e+00
4.304637432098388672e+00
5.442015171051025391e+00
7.474916458129882812e+00
5.307219028472900391e+00
5.925840377807617188e+00
5.254368782043457031e+00
3.904473781585693359e+00
5.062408447265625000e+00
4.179830074310302734e+00
3.520255088806152344e+00
4.561297416687011719e+00
4.405956745147705078e+00
6.230511665344238281e+00
4.655010223388671875e+00
5.271357059478759766e+00
4.487000465393066406e+00
4.975756645202636719e+00
4.112869739532470703e+00
4.222818851470947266e+00
5.301358699798583984e+00
6.662595748901367188e+00
3.492418050765991211e+00
6.311857700347900391e+00
3.365793228149414062e+00
4.470494747161865234e+00
5.620159626007080078e+00
3.643224954605102539e+00
3.055780172348022461e+00
6.463720321655273438e+00
4.652030467987060547e+00
5.412243843078613281e+00
3.836634159088134766e+00
4.714644432067871094e+00
3.749390125274658203e+00
5.151837348937988281e+00
4.659707546234130859e+00
4.490941047668457031e+00
7.612501144409179688e+00
4.534253120422363281e+00
4.881865978240966797e+00
5.344027042388916016e+00
5.109343051910400391e+00
4.440342426300048828e+00
4.337577819824218750e+00
5.533244132995605469e+00
4.480309486389160156e+00
6.243071079254150391e+00
2.805023193359375000e+00
5.119945049285888672e+00
3.816164016723632812e+00
5.421757698059082031e+00
4.171034336090087891e+00
3.627232074737548828e+00
4.031263351440429688e+00
6.384927272796630859e+00
5.401494026184082031e+00
5.575772762298583984e+00
4.338426589965820312e+00
4.812108993530273438e+00
4.102481365203857422e+00
4.621991634368896484e+00
5.566019058227539062e+00
5.371368408203125000e+00
4.515547275543212891e+00
4.794731140136718750e+00
5.507061958312988281e+00
6.341740131378173828e+00
4.085582733154296875e+00
6.574133396148681641e+00
3.563975811004638672e+00
4.851850986480712891e+00
5.687119007110595703e+00
3.313472032546997070e+00
3.759262561798095703e+00
5.421271324157714844e+00
6.015892982482910156e+00
4.466536521911621094e+00
4.556653976440429688e+00
3.182891607284545898e+00
3.470658540725708008e+00
5.570013523101806641e+00
6.566502571105957031e+00
5.691597461700439453e+00
6.386767864227294922e+00
4.903056144714355469e+00
5.112592697143554688e+00
4.584548950195312500e+00
5.212030410766601562e+00
5.670724391937255859e+00
3.681597948074340820e+00
4.988532543182373047e+00
4.440556526184082031e+00
4.849533081054687500e+00
4.005850791931152344e+00
4.702163219451904297e+00
3.673919200897216797e+00
5.018024921417236328e+00
4.562150478363037109e+00
4.550194263458251953e+00
4.844627857208251953e+00
4.857455730438232422e+00
5.262836456298828125e+00
3.303948879241943359e+00
3.732083797454833984e+00
5.042769908905029297e+00
6.398060798645019531e+00
5.245285987854003906e+00
4.481261253356933594e+00
5.544172286987304688e+00
4.285921096801757812e+00
4.997427463531494141e+00
3.741239309310913086e+00
5.067663669586181641e+00
5.209827423095703125e+00
5.015701293945312500e+00
4.946254730224609375e+00
7.244853019714355469e+00
5.106056213378906250e+00
5.789217948913574219e+00
6.378334045410156250e+00
5.017005443572998047e+00
5.877260208129882812e+00
5.965572357177734375e+00
5.840729713439941406e+00
4.440824985504150391e+00
5.399033069610595703e+00
5.974337577819824219e+00
4.551722049713134766e+00
4.364003181457519531e+00
4.789176464080810547e+00
4.250927448272705078e+00
4.047078132629394531e+00
3.441566705703735352e+00
4.079693794250488281e+00
5.826938152313232422e+00
4.883265972137451172e+00
4.961827754974365234e+00
5.164242267608642578e+00
3.784410238265991211e+00
5.651154518127441406e+00
4.866220951080322266e+00
4.633038043975830078e+00
4.494631767272949219e+00
5.472449779510498047e+00
3.376100778579711914e+00
4.275409698486328125e+00
5.503808975219726562e+00
6.289461612701416016e+00
4.987293243408203125e+00
4.573266506195068359e+00
5.291479110717773438e+00
5.191027164459228516e+00
4.087469100952148438e+00
4.421393871307373047e+00
6.857137680053710938e+00
6.253192424774169922e+00
3.932952880859375000e+00
3.821955680847167969e+00
5.099236965179443359e+00
5.182179450988769531e+00
2.884361982345581055e+00
5.002416610717773438e+00
6.239596843719482422e+00
3.338830947875976562e+00
5.777933597564697266e+00
4.591197967529296875e+00
5.060567855834960938e+00
4.880385875701904297e+00
4.920514583587646484e+00
4.453777313232421875e+00
4.608076095581054688e+00
6.002525806427001953e+00
4.562429904937744141e+00
4.066422939300537109e+00
5.981084346771240234e+00
4.765285491943359375e+00
4.917027473449707031e+00
4.541736602783203125e+00
7.042072296142578125e+00
2.871624469757080078e+00
6.660099506378173828e+00
3.951923608779907227e+00
3.749788522720336914e+00
4.713623046875000000e+00
5.452145099639892578e+00
4.209709644317626953e+00
5.416299343109130859e+00
4.045540809631347656e+00
5.813950061798095703e+00
4.736157417297363281e+00
5.534410476684570312e+00
4.874697685241699219e+00
5.354611873626708984e+00
4.617321491241455078e+00
4.605377674102783203e+00
4.412100791931152344e+00
4.631820678710937500e+00
5.606065750122070312e+00
6.310926437377929688e+00
4.107129573822021484e+00
4.347969532012939453e+00
5.539301395416259766e+00
4.580716133117675781e+00
5.100342273712158203e+00
5.370133399963378906e+00
4.623225688934326172e+00
5.536789894104003906e+00
4.990521907806396484e+00
4.383822917938232422e+00
4.204546928405761719e+00
4.331607818603515625e+00
3.893063545227050781e+00
5.785195827484130859e+00
3.515723705291748047e+00
5.077614784240722656e+00
3.171719312667846680e+00
5.605055809020996094e+00
5.810986042022705078e+00
5.705640792846679688e+00
5.284573078155517578e+00
4.717379570007324219e+00
3.664487600326538086e+00
3.643537521362304688e+00
3.114454030990600586e+00
4.694128513336181641e+00
3.995586156845092773e+00
7.466019630432128906e+00
3.841254949569702148e+00
4.965299129486083984e+00
4.975797176361083984e+00
4.521112918853759766e+00
5.071614742279052734e+00
7.148674964904785156e+00
4.971259593963623047e+00
2.998400926589965820e+00
3.817013978958129883e+00
4.030562400817871094e+00
5.558819770812988281e+00
3.738172054290771484e+00
5.585537910461425781e+00
4.827008247375488281e+00
3.367641925811767578e+00
4.889899253845214844e+00
3.472188234329223633e+00
4.567028522491455078e+00
6.082624435424804688e+00
4.756754398345947266e+00
6.447890758514404297e+00
5.777963161468505859e+00
4.267770290374755859e+00
4.470615863800048828e+00
5.998020172119140625e+00
3.952257633209228516e+00
4.180849552154541016e+00
3.056155204772949219e+00
4.752987861633300781e+00
2.766340732574462891e+00
4.474586963653564453e+00
4.018959045410156250e+00
5.672096252441406250e+00
5.067791938781738281e+00
4.352932929992675781e+00
7.262163639068603516e+00
7.233087539672851562e+00
3.363601922988891602e+00
4.481731414794921875e+00
5.044786453247070312e+00
3.693478584289550781e+00
4.632913112640380859e+00
4.783672332763671875e+00
4.362985134124755859e+00
4.474837779998779297e+00
5.022698402404785156e+00
2.614847660064697266e+00
5.608847141265869141e+00
5.122748374938964844e+00
6.863774299621582031e+00
4.815003395080566406e+00
4.750735759735107422e+00
4.195280075073242188e+00
4.916125774383544922e+00
3.334627389907836914e+00
3.911632537841796875e+00
5.899571895599365234e+00
5.033265590667724609e+00
5.073894500732421875e+00
4.428566455841064453e+00
3.139443397521972656e+00
4.809796333312988281e+00
4.140546798706054688e+00
6.018489360809326172e+00
5.780300617218017578e+00
5.569835186004638672e+00
5.399087905883789062e+00
3.840151309967041016e+00
5.207772731781005859e+00
3.660143375396728516e+00
3.881048679351806641e+00
4.273309230804443359e+00
6.501183032989501953e+00
4.135041236877441406e+00
4.342390537261962891e+00
5.057733058929443359e+00
5.361207008361816406e+00
4.237757682800292969e+00
4.416848182678222656e+00
4.731828212738037109e+00
3.984172821044921875e+00
6.527899742126464844e+00
4.434857368469238281e+00
3.714617252349853516e+00
3.809489250183105469e+00
4.494087219238281250e+00
4.260500431060791016e+00
3.311301708221435547e+00
7.012002944946289062e+00
4.235980510711669922e+00
3.720588207244873047e+00
4.433786392211914062e+00
4.423024654388427734e+00
4.705172061920166016e+00
6.114218711853027344e+00
4.316719055175781250e+00
5.451898097991943359e+00
3.580694437026977539e+00
6.918529033660888672e+00
4.478101253509521484e+00
5.556070804595947266e+00
4.663631439208984375e+00
5.417968750000000000e+00
5.170278072357177734e+00
4.635114192962646484e+00
5.315976619720458984e+00
4.475618839263916016e+00
4.734540462493896484e+00
4.406666278839111328e+00
4.577167510986328125e+00
5.502569198608398438e+00
4.119988918304443359e+00
3.654744386672973633e+00
4.968532562255859375e+00
4.079299449920654297e+00
4.630147457122802734e+00
5.362531185150146484e+00
4.925057411193847656e+00
4.128473281860351562e+00
4.318768024444580078e+00
3.810454130172729492e+00
3.150642633438110352e+00
5.543562889099121094e+00
3.848215818405151367e+00
4.725369453430175781e+00
4.548298835754394531e+00
4.672806739807128906e+00
5.665700912475585938e+00
5.601698398590087891e+00
6.266494274139404297e+00
4.650744438171386719e+00
5.181202888488769531e+00
4.052370071411132812e+00
3.823941469192504883e+00
6.715433120727539062e+00
4.168665885925292969e+00
3.384944677352905273e+00
5.613809585571289062e+00
3.256487607955932617e+00
4.527526855468750000e+00
6.603988170623779297e+00
7.363839149475097656e+00
3.766810655593872070e+00
4.268908977508544922e+00
4.539931297302246094e+00
4.752849578857421875e+00
5.315776824951171875e+00
4.135236740112304688e+00
5.939651012420654297e+00
5.216251373291015625e+00
4.329630374908447266e+00
4.399945735931396484e+00
4.379739761352539062e+00
4.739981174468994141e+00
4.959580421447753906e+00
3.590749263763427734e+00
3.472147703170776367e+00
4.169336795806884766e+00
5.212878227233886719e+00
4.422806739807128906e+00
5.485619068145751953e+00
5.887536525726318359e+00
3.152199506759643555e+00
4.583028316497802734e+00
4.365381240844726562e+00
6.060869216918945312e+00
4.977154731750488281e+00
5.182168960571289062e+00
3.318027496337890625e+00
4.462422847747802734e+00
5.308082103729248047e+00
4.062768459320068359e+00
5.842900276184082031e+00
4.276008129119873047e+00
3.420288562774658203e+00
4.423178195953369141e+00
5.834824562072753906e+00
5.333824634552001953e+00
4.269795417785644531e+00
4.175788879394531250e+00
4.544106006622314453e+00
6.997925281524658203e+00
4.164610385894775391e+00
6.430668354034423828e+00
6.100845336914062500e+00
5.020192623138427734e+00
4.897642135620117188e+00
4.085391998291015625e+00
4.486481189727783203e+00
4.397302627563476562e+00
3.523655891418457031e+00
5.532875537872314453e+00
4.112738609313964844e+00
5.379613876342773438e+00
3.477968454360961914e+00
4.703724384307861328e+00
6.040452003479003906e+00
3.629592895507812500e+00
4.111146450042724609e+00
3.607058286666870117e+00
5.585554122924804688e+00
4.309150695800781250e+00
5.424811840057373047e+00
4.423125743865966797e+00
4.243994235992431641e+00
3.040813922882080078e+00
4.590151786804199219e+00
6.994913101196289062e+00
3.719993829727172852e+00
6.232291221618652344e+00
4.621140480041503906e+00
2.533958196640014648e+00
4.025577545166015625e+00
3.716854095458984375e+00
3.609245538711547852e+00
4.647060871124267578e+00
4.229396343231201172e+00
6.141019821166992188e+00
4.731320381164550781e+00
5.548471927642822266e+00
4.096766471862792969e+00
4.772515773773193359e+00
4.999334812164306641e+00
6.870038986206054688e+00
5.859709739685058594e+00
4.667806625366210938e+00
6.309108734130859375e+00
5.674232482910156250e+00
5.271710395812988281e+00
4.577908992767333984e+00
4.324930667877197266e+00
3.897163629531860352e+00
6.087660789489746094e+00
6.760940551757812500e+00
4.858805656433105469e+00
2.741900920867919922e+00
4.155985355377197266e+00
5.211735725402832031e+00
5.532458782196044922e+00
5.564074039459228516e+00
5.080600261688232422e+00
4.321087360382080078e+00
4.560544013977050781e+00
5.027807235717773438e+00
4.385395050048828125e+00
3.170188426971435547e+00
4.002944946289062500e+00
6.618233203887939453e+00
3.472574710845947266e+00
4.598466873168945312e+00
7.264710426330566406e+00
5.418982028961181641e+00
4.266094207763671875e+00
3.132175683975219727e+00
4.061633586883544922e+00
5.015926361083984375e+00
3.669554710388183594e+00
4.730980396270751953e+00
4.661091804504394531e+00
6.119823932647705078e+00
3.555464982986450195e+00
4.564722537994384766e+00
5.002735137939453125e+00
3.430447578430175781e+00
6.921541690826416016e+00
7.126689434051513672e+00
4.338456153869628906e+00
3.261068820953369141e+00
4.286286830902099609e+00
4.347651481628417969e+00
3.759752988815307617e+00
3.853945970535278320e+00
4.062353134155273438e+00
3.230941534042358398e+00
4.223646163940429688e+00
6.437009334564208984e+00
4.531390190124511719e+00
4.763366222381591797e+00
4.726227760314941406e+00
4.144121170043945312e+00
3.768561363220214844e+00
4.491734981536865234e+00
3.027875185012817383e+00
6.609128952026367188e+00
5.736162662506103516e+00
6.353080749511718750e+00
4.992413520812988281e+00
4.763666152954101562e+00
6.881731510162353516e+00
4.104703903198242188e+00
4.995255470275878906e+00
4.683891296386718750e+00
5.119169712066650391e+00
4.011290550231933594e+00
4.296524047851562500e+00
7.009731769561767578e+00
3.940347433090209961e+00
5.621939659118652344e+00
4.014391899108886719e+00
4.104589939117431641e+00
4.687706470489501953e+00
3.179118871688842773e+00
5.373212337493896484e+00
5.723755359649658203e+00
3.966792583465576172e+00
4.039319038391113281e+00
5.280219078063964844e+00
3.898107767105102539e+00
6.682485103607177734e+00
3.044356346130371094e+00
5.048895359039306641e+00
3.555494308471679688e+00
3.153265237808227539e+00
3.666646718978881836e+00
2.676601886749267578e+00
5.376893520355224609e+00
6.262881278991699219e+00
4.713947296142578125e+00
5.514159679412841797e+00
4.883704662322998047e+00
3.762693405151367188e+00
4.580527782440185547e+00
4.565598487854003906e+00
5.138127803802490234e+00
4.126612186431884766e+00
5.102810382843017578e+00
4.657492637634277344e+00
3.972083568572998047e+00
4.966390132904052734e+00
4.433100700378417969e+00
4.489923954010009766e+00
5.177413940429687500e+00
7.546998977661132812e+00
3.889598369598388672e+00
6.343253612518310547e+00
4.568980693817138672e+00
4.028196811676025391e+00
6.282890796661376953e+00
5.323830604553222656e+00
4.332540035247802734e+00
4.764498710632324219e+00
5.754400253295898438e+00
4.280616760253906250e+00
4.633503437042236328e+00
3.337558984756469727e+00
3.931344270706176758e+00
4.106495380401611328e+00
4.553509712219238281e+00
5.420146465301513672e+00
4.705666542053222656e+00
3.371743440628051758e+00
4.937597751617431641e+00
5.052471160888671875e+00
2.867874145507812500e+00
4.517374515533447266e+00
2.551481246948242188e+00
3.473583459854125977e+00
4.690997600555419922e+00
4.910489082336425781e+00
4.879716396331787109e+00
6.233344554901123047e+00
4.961664676666259766e+00
7.739580631256103516e+00
5.810760974884033203e+00
3.744063615798950195e+00
6.233079910278320312e+00
5.010513305664062500e+00
5.134755134582519531e+00
5.831734180450439453e+00
5.538779258728027344e+00
3.199877262115478516e+00
4.137023448944091797e+00
5.725953578948974609e+00
5.035020828247070312e+00
5.084260940551757812e+00
4.435562133789062500e+00
4.083912849426269531e+00
4.179171562194824219e+00
3.589729070663452148e+00
3.862316846847534180e+00
3.303069591522216797e+00
4.889525413513183594e+00
5.738452911376953125e+00
3.878888845443725586e+00
5.343982696533203125e+00
5.371923923492431641e+00
3.941886901855468750e+00
3.299957036972045898e+00
5.070945262908935547e+00
4.233963489532470703e+00
5.942556381225585938e+00
3.683672666549682617e+00
5.293668746948242188e+00
2.874809980392456055e+00
4.456586360931396484e+00
3.290616750717163086e+00
6.692301273345947266e+00
5.066552162170410156e+00
3.955749511718750000e+00
4.150496006011962891e+00
3.832141160964965820e+00
3.907825946807861328e+00
4.362146377563476562e+00
4.862029552459716797e+00
3.012608766555786133e+00
3.588082313537597656e+00
6.146661281585693359e+00
4.453164577484130859e+00
5.563555717468261719e+00
3.621439933776855469e+00
4.456216812133789062e+00
4.239986419677734375e+00
4.420844078063964844e+00
5.320909500122070312e+00
7.803864002227783203e+00
4.144188880920410156e+00
3.866719484329223633e+00
4.584862709045410156e+00
3.673217296600341797e+00
3.755896568298339844e+00
5.828771114349365234e+00
3.385871887207031250e+00
3.520669221878051758e+00
7.068608283996582031e+00
3.974960327148437500e+00
4.284737586975097656e+00
5.225012779235839844e+00
4.027826309204101562e+00
3.953378200531005859e+00
3.999876737594604492e+00
5.104400634765625000e+00
8.190000534057617188e+00
6.392064094543457031e+00
5.140785217285156250e+00
4.392272472381591797e+00
6.026421070098876953e+00
4.158327579498291016e+00
6.331761837005615234e+00
4.382771492004394531e+00
4.061236381530761719e+00
3.812600851058959961e+00
3.665022611618041992e+00
4.155626773834228516e+00
5.097775459289550781e+00
4.565511226654052734e+00
3.371789932250976562e+00
3.499758720397949219e+00
2.811465501785278320e+00
4.871102333068847656e+00
5.429724693298339844e+00
7.837123394012451172e+00
4.140377998352050781e+00
3.689633846282958984e+00
5.867164134979248047e+00
4.684675693511962891e+00
3.514222860336303711e+00
4.885750770568847656e+00
6.049496650695800781e+00
7.932214736938476562e+00
3.921121358871459961e+00
5.397061824798583984e+00
5.495440006256103516e+00
4.879944801330566406e+00
4.756261825561523438e+00
4.162249088287353516e+00
5.424560546875000000e+00
5.948276996612548828e+00
2.914395809173583984e+00
3.091664075851440430e+00
5.608788490295410156e+00
3.316608428955078125e+00
5.244403839111328125e+00
6.302859306335449219e+00
5.166612148284912109e+00
4.374800682067871094e+00
4.767027378082275391e+00
4.275136470794677734e+00
4.251890659332275391e+00
4.797537326812744141e+00
5.212064743041992188e+00
3.951664209365844727e+00
4.073448657989501953e+00
4.054952621459960938e+00
5.479269027709960938e+00
7.048262119293212891e+00
5.285103321075439453e+00
3.714107990264892578e+00
4.157066345214843750e+00
4.452369689941406250e+00
4.613900184631347656e+00
4.558933734893798828e+00
5.690031528472900391e+00
6.111445426940917969e+00
3.275703430175781250e+00
4.198228836059570312e+00
4.999994277954101562e+00
4.462442874908447266e+00
3.521401643753051758e+00
4.100409507751464844e+00
5.053724288940429688e+00
6.125365734100341797e+00
6.008207321166992188e+00
4.017996788024902344e+00
5.275082111358642578e+00
4.472613334655761719e+00
4.675678253173828125e+00
2.816221714019775391e+00
3.294928312301635742e+00
3.474774599075317383e+00
4.305066108703613281e+00
8.815592765808105469e+00
5.094267845153808594e+00
3.356554508209228516e+00
4.336225032806396484e+00
4.588290691375732422e+00
6.306358814239501953e+00
4.113233566284179688e+00
3.691602706909179688e+00
5.505554676055908203e+00
4.361854076385498047e+00
3.289640426635742188e+00
4.044389724731445312e+00
3.142146110534667969e+00
4.984630584716796875e+00
3.659698486328125000e+00
5.137372493743896484e+00
5.071034908294677734e+00
5.443649291992187500e+00
5.092139244079589844e+00
3.425689220428466797e+00
5.244301795959472656e+00
4.378833770751953125e+00
4.574949264526367188e+00
3.680222749710083008e+00
4.972931861877441406e+00
4.703483581542968750e+00
6.917688846588134766e+00
4.648417949676513672e+00
3.281543254852294922e+00
5.380857467651367188e+00
4.399852275848388672e+00
5.871392726898193359e+00
3.704762697219848633e+00
4.012613773345947266e+00
4.939440727233886719e+00
4.482926845550537109e+00
4.858824253082275391e+00
6.097907543182373047e+00
3.379165887832641602e+00
4.568111419677734375e+00
5.412199020385742188e+00
3.344783306121826172e+00
3.748047113418579102e+00
3.713384151458740234e+00
4.542422771453857422e+00
5.028289318084716797e+00
4.238973617553710938e+00
4.068805217742919922e+00
4.273001194000244141e+00
3.800003767013549805e+00
4.795742988586425781e+00
4.340597152709960938e+00
4.405635833740234375e+00
4.845395565032958984e+00
5.006037235260009766e+00
4.470562458038330078e+00
5.459502696990966797e+00
4.493188858032226562e+00
4.514656543731689453e+00
4.795668601989746094e+00
4.968598365783691406e+00
6.574260234832763672e+00
6.022821426391601562e+00
3.447882413864135742e+00
6.824143886566162109e+00
5.765202522277832031e+00
3.910995721817016602e+00
5.315187454223632812e+00
4.324847221374511719e+00
3.545065164566040039e+00
3.101042985916137695e+00
3.279526233673095703e+00
4.781775951385498047e+00
6.817567825317382812e+00
5.821257114410400391e+00
3.585304498672485352e+00
4.134949684143066406e+00
5.927658081054687500e+00
3.930861473083496094e+00
3.739249944686889648e+00
3.459911584854125977e+00
3.716124296188354492e+00
3.022799491882324219e+00
5.565989017486572266e+00
3.404502630233764648e+00
4.387357234954833984e+00
5.504528522491455078e+00
5.500030994415283203e+00
5.481535911560058594e+00
2.984595060348510742e+00
5.961722373962402344e+00
4.716814994812011719e+00
4.825486183166503906e+00
5.254056930541992188e+00
3.625419378280639648e+00
5.378819942474365234e+00
3.505982398986816406e+00
4.263038158416748047e+00
3.518233776092529297e+00
4.745728015899658203e+00
4.697828769683837891e+00
4.639272689819335938e+00
3.914793491363525391e+00
3.586506128311157227e+00
4.726932525634765625e+00
5.660716056823730469e+00
3.802681922912597656e+00
5.335186004638671875e+00
3.498572587966918945e+00
3.662716388702392578e+00
5.685264110565185547e+00
4.635696411132812500e+00
5.850409507751464844e+00
4.366157531738281250e+00
4.052958965301513672e+00
4.791771888732910156e+00
6.115533828735351562e+00
3.604001760482788086e+00
4.659873962402343750e+00
5.860260963439941406e+00
5.104486465454101562e+00
4.644349575042724609e+00
3.611989736557006836e+00
6.091438770294189453e+00
3.508382320404052734e+00
4.188409328460693359e+00
4.435120105743408203e+00
3.930407047271728516e+00
4.110160827636718750e+00
5.353076457977294922e+00
4.465673446655273438e+00
4.791017532348632812e+00
3.795793533325195312e+00
3.994832038879394531e+00
4.247137069702148438e+00
6.274050235748291016e+00
3.587232828140258789e+00
3.225878953933715820e+00
3.835870742797851562e+00
5.382062911987304688e+00
3.342689037322998047e+00
4.869738578796386719e+00
6.249036788940429688e+00
4.117497444152832031e+00
5.388292312622070312e+00
3.729557991027832031e+00
4.713946342468261719e+00
4.967100620269775391e+00
3.347797632217407227e+00
6.763509750366210938e+00
3.175596952438354492e+00
4.042611122131347656e+00
4.271234512329101562e+00
2.912987232208251953e+00
3.000002145767211914e+00
5.816249847412109375e+00
5.472306251525878906e+00
4.257138252258300781e+00
5.496231555938720703e+00
5.710185527801513672e+00
4.867193698883056641e+00
3.681890487670898438e+00
2.740841150283813477e+00
5.471665382385253906e+00
4.002951145172119141e+00
4.083709239959716797e+00
5.240490436553955078e+00
3.274464845657348633e+00
3.434212446212768555e+00
3.904433250427246094e+00
2.633759498596191406e+00
4.767692565917968750e+00
3.208942413330078125e+00
4.185186386108398438e+00
4.472594261169433594e+00
6.466670513153076172e+00
5.279613018035888672e+00
3.594733476638793945e+00
6.075376510620117188e+00
5.659604549407958984e+00
6.740384101867675781e+00
4.834175109863281250e+00
4.603157520294189453e+00
3.375121116638183594e+00
4.573122978210449219e+00
4.538991928100585938e+00
5.489536285400390625e+00
6.157239913940429688e+00
3.477844476699829102e+00
3.970112085342407227e+00
3.989647150039672852e+00
4.854705810546875000e+00
4.995056152343750000e+00
5.111481666564941406e+00
3.806725502014160156e+00
6.124065399169921875e+00
4.255352973937988281e+00
5.052855014801025391e+00
4.236450672149658203e+00
4.537240028381347656e+00
4.991736888885498047e+00
4.489027023315429688e+00
5.213104724884033203e+00
5.345948696136474609e+00
4.078558921813964844e+00
4.011830806732177734e+00
4.096168518066406250e+00
3.384026050567626953e+00
3.716637611389160156e+00
4.263696670532226562e+00
5.238684654235839844e+00
3.895226716995239258e+00
5.903296947479248047e+00
4.117309570312500000e+00
4.109702110290527344e+00
4.646654129028320312e+00
3.868102312088012695e+00
4.539532184600830078e+00
4.268774986267089844e+00
3.693827867507934570e+00
4.173220634460449219e+00
5.274456024169921875e+00
4.800994396209716797e+00
3.745724678039550781e+00
4.050852775573730469e+00
4.849230766296386719e+00
4.998428821563720703e+00
3.794959306716918945e+00
4.724833011627197266e+00
3.872729778289794922e+00
4.769056320190429688e+00
5.701272964477539062e+00
6.157456398010253906e+00
5.954642772674560547e+00
4.697982788085937500e+00
4.972078800201416016e+00
4.288337707519531250e+00
4.664189815521240234e+00
3.482827901840209961e+00
3.361767292022705078e+00
3.793559789657592773e+00
5.531843662261962891e+00
4.438113212585449219e+00
3.697124004364013672e+00
3.549178838729858398e+00
3.746060848236083984e+00
3.693206548690795898e+00
6.254012107849121094e+00
2.198238611221313477e+00
4.983635425567626953e+00
4.694294929504394531e+00
3.161179065704345703e+00
7.007878303527832031e+00
3.170086145401000977e+00
4.754577636718750000e+00
4.140183448791503906e+00
5.139210700988769531e+00
5.200180530548095703e+00
5.424576282501220703e+00
3.676899194717407227e+00
6.379443168640136719e+00
3.075498819351196289e+00
4.021607398986816406e+00
4.013617992401123047e+00
4.905179977416992188e+00
4.527674198150634766e+00
5.306690216064453125e+00
3.569210052490234375e+00
4.198401451110839844e+00
4.959648609161376953e+00
4.498070240020751953e+00
4.454474449157714844e+00
3.600005388259887695e+00
3.619750738143920898e+00
4.802573204040527344e+00
3.756637334823608398e+00
4.050818443298339844e+00
4.291530609130859375e+00
6.049161434173583984e+00
4.589782714843750000e+00
4.176150798797607422e+00
3.776584386825561523e+00
5.929093360900878906e+00
3.771297454833984375e+00
6.557910919189453125e+00
4.452832221984863281e+00
3.125036239624023438e+00
4.768603801727294922e+00
4.047670364379882812e+00
5.542744159698486328e+00
4.278367042541503906e+00
3.336450099945068359e+00
3.460020780563354492e+00
5.628338336944580078e+00
5.150835037231445312e+00
4.499141216278076172e+00
3.906028032302856445e+00
3.017736196517944336e+00
4.094485759735107422e+00
3.001984119415283203e+00
4.886185169219970703e+00
5.875867366790771484e+00
4.667901515960693359e+00
3.392125606536865234e+00
4.854930400848388672e+00
4.227779865264892578e+00
5.483375549316406250e+00
3.862206697463989258e+00
3.646848201751708984e+00
5.864785194396972656e+00
3.297240734100341797e+00
5.599530220031738281e+00
3.563959598541259766e+00
5.012015819549560547e+00
5.794363021850585938e+00
6.235951900482177734e+00
4.629582405090332031e+00
3.494643211364746094e+00
5.148721694946289062e+00
6.101917266845703125e+00
6.295066356658935547e+00
4.093216896057128906e+00
5.911779880523681641e+00
3.872331380844116211e+00
3.829974889755249023e+00
3.536071300506591797e+00
4.197628498077392578e+00
3.307786941528320312e+00
5.413506507873535156e+00
3.727807044982910156e+00
4.541280746459960938e+00
5.079155921936035156e+00
4.879365921020507812e+00
5.032618999481201172e+00
4.282880306243896484e+00
5.971316337585449219e+00
4.458377361297607422e+00
3.985196113586425781e+00
4.335465908050537109e+00
2.814155817031860352e+00
4.846119880676269531e+00
5.295428276062011719e+00
4.663626194000244141e+00
3.447299957275390625e+00
5.254270553588867188e+00
6.319741249084472656e+00
3.775684833526611328e+00
4.351349353790283203e+00
3.592576980590820312e+00
5.914872646331787109e+00
4.123469829559326172e+00
3.250485420227050781e+00
3.373023271560668945e+00
3.273443460464477539e+00
6.523017883300781250e+00
4.365407943725585938e+00
5.159528255462646484e+00
3.291465044021606445e+00
3.881261825561523438e+00
4.245046138763427734e+00
4.409300804138183594e+00
4.028436660766601562e+00
4.053723812103271484e+00
6.341514587402343750e+00
4.530000686645507812e+00
4.615637779235839844e+00
5.239257812500000000e+00
4.324887752532958984e+00
5.800362110137939453e+00
3.938071250915527344e+00
5.505662918090820312e+00
5.228009700775146484e+00
4.243131160736083984e+00
3.148570537567138672e+00
4.099087715148925781e+00
4.759491443634033203e+00
4.565218448638916016e+00
4.843089103698730469e+00
5.311678409576416016e+00
4.307702541351318359e+00
4.648522853851318359e+00
3.869152069091796875e+00
5.675457954406738281e+00
3.792629718780517578e+00
3.390725374221801758e+00
7.740039825439453125e+00
5.358183383941650391e+00
3.536084651947021484e+00
4.847932338714599609e+00
3.280685663223266602e+00
5.983220577239990234e+00
6.106103420257568359e+00
4.245674610137939453e+00
4.538673400878906250e+00
3.367710828781127930e+00
5.148528575897216797e+00
5.218486309051513672e+00
3.932188034057617188e+00
5.122316837310791016e+00
2.633058071136474609e+00
3.095851182937622070e+00
3.906311988830566406e+00
3.745291709899902344e+00
3.566953897476196289e+00
4.854034900665283203e+00
4.368314266204833984e+00
5.286741733551025391e+00
5.838167667388916016e+00
5.139680862426757812e+00
5.471434116363525391e+00
5.300673007965087891e+00
4.704108238220214844e+00
6.876760005950927734e+00
4.268646717071533203e+00
4.618130207061767578e+00
4.034139156341552734e+00
4.651895999908447266e+00
4.568712234497070312e+00
5.625006675720214844e+00
3.754802942276000977e+00
3.678972005844116211e+00
3.995833635330200195e+00
5.656274318695068359e+00
4.576220989227294922e+00
3.255541801452636719e+00
2.959803819656372070e+00
5.857243061065673828e+00
7.491685390472412109e+00
4.378044605255126953e+00
4.426930427551269531e+00
4.269489765167236328e+00
4.063685894012451172e+00
4.738973140716552734e+00
4.270425796508789062e+00
3.964325189590454102e+00
4.522961139678955078e+00
4.380774974822998047e+00
3.054597139358520508e+00
4.474845409393310547e+00
4.424170970916748047e+00
5.790995121002197266e+00
3.325538873672485352e+00
4.340048789978027344e+00
3.940991401672363281e+00
3.476812601089477539e+00
4.713890552520751953e+00
4.832152843475341797e+00
3.727255344390869141e+00
4.727152347564697266e+00
4.269384384155273438e+00
4.909906387329101562e+00
3.759239435195922852e+00
4.845049858093261719e+00
4.432132244110107422e+00
3.970938205718994141e+00
4.263421058654785156e+00
3.836943864822387695e+00
3.084315299987792969e+00
4.288039207458496094e+00
3.657941341400146484e+00
7.029587268829345703e+00
4.041717529296875000e+00
3.954177856445312500e+00
4.153745651245117188e+00
3.675327062606811523e+00
4.696975708007812500e+00
5.486552238464355469e+00
6.431563854217529297e+00
4.364293098449707031e+00
5.456072330474853516e+00
4.470096111297607422e+00
3.628344058990478516e+00
4.699259281158447266e+00
3.306609392166137695e+00
4.107561588287353516e+00
3.948039770126342773e+00
4.567780971527099609e+00
4.685306072235107422e+00
5.717210292816162109e+00
3.818466901779174805e+00
3.663527488708496094e+00
6.221550941467285156e+00
3.800800085067749023e+00
4.445679187774658203e+00
4.502068042755126953e+00
2.851233720779418945e+00
4.725713729858398438e+00
4.816710948944091797e+00
4.788336753845214844e+00
5.104577541351318359e+00
5.392802715301513672e+00
4.432690143585205078e+00
4.877574443817138672e+00
3.905725479125976562e+00
5.507117748260498047e+00
3.240949630737304688e+00
5.228700637817382812e+00
4.355549812316894531e+00
4.600164413452148438e+00
4.988528251647949219e+00
4.972819328308105469e+00
4.783224582672119141e+00
4.462958335876464844e+00
5.102897167205810547e+00
5.169120788574218750e+00
4.829011917114257812e+00
3.032427072525024414e+00
4.500613212585449219e+00
4.865870475769042969e+00
4.130445480346679688e+00
5.247180461883544922e+00
5.680333614349365234e+00
4.630589008331298828e+00
3.274436950683593750e+00
7.342398643493652344e+00
3.667102098464965820e+00
3.973897457122802734e+00
5.943404197692871094e+00
4.523441314697265625e+00
4.503364562988281250e+00
5.368887901306152344e+00
4.577856540679931641e+00
2.919382333755493164e+00
4.554084777832031250e+00
6.290648937225341797e+00
3.710299253463745117e+00
3.816303491592407227e+00
4.395720005035400391e+00
4.207657814025878906e+00
3.984631061553955078e+00
3.694176673889160156e+00
5.147300720214843750e+00
4.465801715850830078e+00
4.611243247985839844e+00
3.724702835083007812e+00
4.010254859924316406e+00
3.586218595504760742e+00
4.401779651641845703e+00
5.494155883789062500e+00
5.832985401153564453e+00
4.836514949798583984e+00
4.026272296905517578e+00
5.688780784606933594e+00
4.658739566802978516e+00
5.782679557800292969e+00
2.802956581115722656e+00
3.800963401794433594e+00
2.436697244644165039e+00
4.178822517395019531e+00
4.345026493072509766e+00
4.492316246032714844e+00
5.252351284027099609e+00
5.128329277038574219e+00
4.626044273376464844e+00
4.523946285247802734e+00
4.372745990753173828e+00
3.634641647338867188e+00
4.796200752258300781e+00
3.995277643203735352e+00
5.857883453369140625e+00
5.643328666687011719e+00
3.358636140823364258e+00
5.059375286102294922e+00
4.902490615844726562e+00
3.770367145538330078e+00
5.289889335632324219e+00
5.014440059661865234e+00
3.384525060653686523e+00
5.381989002227783203e+00
5.641470909118652344e+00
3.926708698272705078e+00
2.775333404541015625e+00
3.981216907501220703e+00
4.192036628723144531e+00
3.269822835922241211e+00
3.784238338470458984e+00
5.451059341430664062e+00
3.227297782897949219e+00
5.099466323852539062e+00
4.306455612182617188e+00
4.411444187164306641e+00
6.251405715942382812e+00
4.643959045410156250e+00
4.212444305419921875e+00
5.403320312500000000e+00
3.947241783142089844e+00
5.013370513916015625e+00
5.130878448486328125e+00
4.439712524414062500e+00
3.251894235610961914e+00
4.690352916717529297e+00
4.777310371398925781e+00
4.329727649688720703e+00
5.056521415710449219e+00
4.441884040832519531e+00
3.264493703842163086e+00
4.574975013732910156e+00
3.425353527069091797e+00
5.054465293884277344e+00
3.492286920547485352e+00
4.719350337982177734e+00
3.651466846466064453e+00
4.695292949676513672e+00
5.121129512786865234e+00
6.438823699951171875e+00
3.728289604187011719e+00
3.718676567077636719e+00
3.792968273162841797e+00
