1.172987518310546875e+02
1.074965362548828125e+02
9.792551422119140625e+01
1.057500839233398438e+02
1.174303359985351562e+02
1.016949386596679688e+02
1.057393493652343750e+02
1.025352783203125000e+02
8.911093139648437500e+01
1.049681472778320312e+02
1.021631164550781250e+02
9.270165252685546875e+01
9.680257415771484375e+01
1.020647888183593750e+02
8.811460876464843750e+01
8.863275146484375000e+01
8.745899963378906250e+01
9.257983398437500000e+01
6.772164916992187500e+01
6.549237060546875000e+01
6.377119827270507812e+01
6.263793563842773438e+01
4.206090545654296875e+01
2.836369705200195312e+01
3.525595474243164062e+01
2.881401062011718750e+01
3.389877700805664062e+01
4.001168060302734375e+01
3.712482452392578125e+01
3.461723709106445312e+01
2.487907409667968750e+01
3.440832519531250000e+01
4.057395172119140625e+01
2.303583145141601562e+01
2.223905372619628906e+01
2.731849479675292969e+01
2.146698760986328125e+01
2.672501564025878906e+01
3.467898941040039062e+01
2.191223907470703125e+01
2.914112663269042969e+01
2.244465827941894531e+01
1.919113540649414062e+01
2.051797866821289062e+01
1.493885135650634766e+01
1.442695713043212891e+01
1.723909950256347656e+01
1.884515571594238281e+01
1.750319671630859375e+01
1.366063880920410156e+01
1.252968120574951172e+01
1.398519229888916016e+01
1.015458106994628906e+01
2.112478637695312500e+01
1.150749015808105469e+01
1.337612438201904297e+01
1.575690650939941406e+01
1.601271438598632812e+01
1.827150344848632812e+01
9.679138183593750000e+00
1.080494880676269531e+01
9.033679962158203125e+00
1.016343307495117188e+01
7.485237121582031250e+00
1.025189018249511719e+01
1.206581306457519531e+01
8.939802169799804688e+00
1.174468994140625000e+01
1.214034271240234375e+01
8.859803199768066406e+00
8.293451309204101562e+00
1.015546703338623047e+01
6.537160396575927734e+00
9.348316192626953125e+00
8.573408126831054688e+00
5.893978595733642578e+00
7.056607246398925781e+00
9.227048873901367188e+00
8.737791061401367188e+00
8.766443252563476562e+00
9.590683937072753906e+00
6.998755931854248047e+00
8.127405166625976562e+00
7.335248947143554688e+00
7.157732963562011719e+00
7.439573764801025391e+00
9.801693916320800781e+00
1.168950939178466797e+01
7.539527416229248047e+00
5.558815479278564453e+00
6.432800292968750000e+00
8.075057029724121094e+00
6.119112014770507812e+00
6.835068702697753906e+00
6.562214851379394531e+00
6.602868556976318359e+00
6.300764083862304688e+00
6.627816200256347656e+00
7.089670658111572266e+00
7.280616283416748047e+00
5.469823837280273438e+00
5.653524398803710938e+00
7.644818305969238281e+00
6.280050754547119141e+00
9.201286315917968750e+00
6.382187366485595703e+00
6.168972969055175781e+00
7.625118255615234375e+00
6.351273536682128906e+00
7.255862236022949219e+00
5.516444206237792969e+00
6.761220455169677734e+00
7.757488727569580078e+00
4.833290100097656250e+00
5.398612022399902344e+00
7.011830329895019531e+00
7.410568237304687500e+00
4.925190448760986328e+00
5.647340297698974609e+00
8.224351882934570312e+00
4.952907562255859375e+00
5.733901977539062500e+00
3.746578693389892578e+00
6.396914482116699219e+00
8.643534660339355469e+00
6.553246498107910156e+00
6.891757011413574219e+00
5.406397819519042969e+00
5.545759677886962891e+00
6.201892852783203125e+00
5.373296737670898438e+00
5.771449565887451172e+00
9.956106185913085938e+00
1.040852928161621094e+01
5.846048831939697266e+00
7.170122146606445312e+00
7.526103973388671875e+00
6.834004402160644531e+00
5.937009811401367188e+00
6.198908805847167969e+00
4.762771606445312500e+00
6.100805759429931641e+00
6.384152412414550781e+00
6.837255477905273438e+00
4.450020790100097656e+00
6.689060688018798828e+00
7.025160789489746094e+00
5.237052917480468750e+00
5.418833255767822266e+00
4.157336235046386719e+00
4.864023685455322266e+00
3.792618751525878906e+00
6.144083976745605469e+00
6.727332592010498047e+00
4.494689464569091797e+00
5.434502124786376953e+00
4.425251007080078125e+00
6.050392627716064453e+00
5.265715122222900391e+00
5.229781150817871094e+00
5.488283634185791016e+00
5.328891754150390625e+00
4.425232887268066406e+00
3.991795539855957031e+00
7.043503284454345703e+00
8.051981925964355469e+00
6.044619083404541016e+00
6.389257431030273438e+00
7.025094509124755859e+00
5.600711822509765625e+00
6.132097244262695312e+00
5.401825428009033203e+00
7.213529109954833984e+00
6.970873832702636719e+00
7.952740192413330078e+00
5.796796798706054688e+00
8.104551315307617188e+00
4.879986286163330078e+00
5.881521224975585938e+00
5.505914211273193359e+00
4.517658233642578125e+00
3.987820148468017578e+00
6.325820446014404297e+00
5.436777114868164062e+00
5.274293422698974609e+00
4.163827896118164062e+00
5.646750926971435547e+00
4.799590110778808594e+00
7.247942924499511719e+00
6.403888702392578125e+00
4.654836654663085938e+00
5.150757312774658203e+00
5.430190086364746094e+00
6.785995006561279297e+00
5.613380432128906250e+00
5.473354339599609375e+00
7.793831825256347656e+00
5.946623325347900391e+00
6.232301712036132812e+00
4.979251861572265625e+00
5.186577796936035156e+00
6.802455902099609375e+00
5.542454719543457031e+00
5.576116561889648438e+00
5.736680030822753906e+00
9.095608711242675781e+00
5.175230979919433594e+00
4.758841991424560547e+00
3.630415201187133789e+00
5.355894565582275391e+00
4.326573371887207031e+00
5.392981529235839844e+00
5.008434295654296875e+00
4.178684711456298828e+00
6.287732124328613281e+00
4.410254478454589844e+00
5.086916923522949219e+00
6.651960849761962891e+00
8.093852996826171875e+00
5.092289447784423828e+00
5.941168785095214844e+00
6.009439468383789062e+00
6.437328815460205078e+00
4.439220905303955078e+00
6.123149394989013672e+00
3.726751089096069336e+00
7.478440284729003906e+00
6.956086158752441406e+00
5.502941608428955078e+00
5.743570327758789062e+00
7.483043193817138672e+00
6.229535102844238281e+00
5.257370471954345703e+00
5.657603263854980469e+00
7.607682704925537109e+00
4.833065986633300781e+00
7.674057006835937500e+00
5.130250930786132812e+00
4.196567058563232422e+00
4.890214443206787109e+00
7.981835842132568359e+00
6.237550258636474609e+00
5.639656066894531250e+00
6.509280681610107422e+00
4.671671867370605469e+00
4.185424327850341797e+00
4.251139163970947266e+00
6.766806602478027344e+00
6.328824996948242188e+00
3.876948356628417969e+00
4.176086425781250000e+00
4.241972446441650391e+00
4.421964645385742188e+00
5.052305221557617188e+00
7.229214191436767578e+00
4.798390865325927734e+00
5.456081390380859375e+00
5.354907512664794922e+00
6.779399871826171875e+00
6.544950008392333984e+00
5.343338489532470703e+00
5.776624202728271484e+00
4.610611915588378906e+00
6.242314815521240234e+00
6.613984584808349609e+00
5.081554889678955078e+00
6.076210498809814453e+00
5.803077220916748047e+00
5.159132957458496094e+00
4.233195781707763672e+00
4.218987464904785156e+00
5.746202945709228516e+00
5.168463706970214844e+00
5.571384429931640625e+00
4.957985401153564453e+00
5.178192615509033203e+00
5.247375965118408203e+00
7.986113071441650391e+00
3.750730991363525391e+00
6.777407646179199219e+00
5.703188896179199219e+00
3.756437778472900391e+00
5.495488643646240234e+00
5.838983535766601562e+00
7.309261322021484375e+00
4.804461002349853516e+00
3.894712686538696289e+00
4.900014400482177734e+00
6.254686832427978516e+00
8.238444328308105469e+00
3.487548351287841797e+00
5.848515510559082031e+00
7.255063056945800781e+00
7.828804016113281250e+00
5.453991889953613281e+00
5.586771488189697266e+00
5.750643730163574219e+00
4.718445777893066406e+00
5.711705684661865234e+00
4.611762523651123047e+00
5.919122695922851562e+00
6.143435955047607422e+00
5.227744102478027344e+00
5.000282764434814453e+00
6.479220867156982422e+00
3.669301509857177734e+00
4.903660774230957031e+00
4.222125053405761719e+00
4.625411987304687500e+00
5.109471321105957031e+00
5.379042148590087891e+00
5.551802158355712891e+00
4.448413848876953125e+00
4.557721138000488281e+00
5.824344635009765625e+00
5.176259994506835938e+00
8.699394226074218750e+00
6.026431560516357422e+00
4.636971473693847656e+00
5.775115489959716797e+00
5.421464443206787109e+00
4.376590251922607422e+00
5.472196578979492188e+00
5.331449508666992188e+00
6.959529876708984375e+00
8.391093254089355469e+00
4.726556777954101562e+00
5.868633747100830078e+00
4.718129634857177734e+00
5.036630153656005859e+00
4.050487518310546875e+00
4.727875709533691406e+00
3.706246137619018555e+00
5.367620468139648438e+00
6.665312767028808594e+00
4.441637039184570312e+00
3.831250429153442383e+00
5.943848133087158203e+00
4.816219329833984375e+00
5.095854759216308594e+00
3.852300167083740234e+00
5.188255786895751953e+00
5.070184707641601562e+00
5.031455039978027344e+00
5.281692504882812500e+00
4.492804050445556641e+00
5.773950099945068359e+00
6.102185249328613281e+00
6.420531272888183594e+00
4.081986427307128906e+00
5.085482120513916016e+00
3.608718872070312500e+00
8.264363288879394531e+00
4.531916618347167969e+00
6.071747303009033203e+00
5.565651893615722656e+00
4.594753265380859375e+00
4.935217857360839844e+00
5.157285213470458984e+00
4.812380313873291016e+00
3.918933629989624023e+00
5.164355278015136719e+00
7.044571399688720703e+00
6.714826107025146484e+00
6.599812030792236328e+00
5.436512947082519531e+00
4.540212631225585938e+00
3.689457893371582031e+00
4.818308353424072266e+00
4.699667930603027344e+00
4.863732814788818359e+00
4.640421390533447266e+00
4.927801132202148438e+00
5.254219055175781250e+00
6.856163024902343750e+00
4.918217182159423828e+00
5.294819831848144531e+00
6.234879016876220703e+00
3.791610956192016602e+00
6.389966964721679688e+00
4.304372310638427734e+00
5.896737098693847656e+00
4.626976013183593750e+00
4.776558876037597656e+00
6.879837512969970703e+00
5.710594177246093750e+00
5.828535556793212891e+00
5.511217594146728516e+00
4.385956764221191406e+00
5.049915313720703125e+00
4.235939502716064453e+00
7.001898288726806641e+00
4.706864356994628906e+00
4.839989185333251953e+00
6.089106082916259766e+00
4.540596961975097656e+00
6.313801765441894531e+00
5.576783657073974609e+00
5.933717250823974609e+00
3.627546548843383789e+00
4.920560836791992188e+00
4.720797061920166016e+00
6.131938457489013672e+00
4.729558467864990234e+00
6.246051311492919922e+00
6.091189861297607422e+00
5.001382350921630859e+00
4.215642929077148438e+00
4.294339656829833984e+00
5.470890045166015625e+00
4.253716468811035156e+00
6.876776218414306641e+00
4.365267276763916016e+00
4.473643779754638672e+00
5.974086761474609375e+00
4.408571243286132812e+00
4.788169860839843750e+00
4.448155879974365234e+00
4.597458362579345703e+00
5.862687110900878906e+00
5.915127754211425781e+00
5.169503688812255859e+00
5.125684261322021484e+00
5.814112186431884766e+00
5.611544132232666016e+00
5.629200458526611328e+00
5.913212776184082031e+00
5.961702823638916016e+00
5.653811931610107422e+00
4.231773376464843750e+00
4.704409599304199219e+00
4.006457805633544922e+00
6.401093959808349609e+00
7.697528839111328125e+00
5.182045459747314453e+00
4.725877285003662109e+00
5.248730182647705078e+00
5.132315635681152344e+00
3.740598917007446289e+00
3.349500656127929688e+00
3.605239391326904297e+00
6.170228004455566406e+00
5.095094203948974609e+00
3.755712747573852539e+00
5.337904453277587891e+00
5.553750991821289062e+00
4.197873592376708984e+00
5.006370067596435547e+00
4.565203666687011719e+00
4.932781219482421875e+00
7.843544483184814453e+00
4.479276180267333984e+00
4.715694904327392578e+00
5.422289371490478516e+00
3.011985301971435547e+00
6.004931449890136719e+00
7.427423477172851562e+00
5.465570926666259766e+00
6.256192684173583984e+00
4.959621429443359375e+00
4.673787117004394531e+00
6.204277992248535156e+00
4.667444705963134766e+00
5.405570983886718750e+00
4.776585102081298828e+00
4.919125080108642578e+00
3.568525791168212891e+00
5.066507339477539062e+00
5.563771247863769531e+00
4.789562702178955078e+00
7.214991092681884766e+00
4.177647590637207031e+00
3.644867897033691406e+00
4.741434097290039062e+00
5.029807090759277344e+00
3.867314338684082031e+00
4.163784027099609375e+00
4.165925979614257812e+00
5.472692489624023438e+00
4.863650321960449219e+00
4.959112167358398438e+00
4.128584861755371094e+00
6.896555900573730469e+00
4.976976394653320312e+00
6.261755466461181641e+00
4.589946746826171875e+00
4.270298480987548828e+00
4.402661323547363281e+00
5.780055046081542969e+00
5.225798606872558594e+00
7.044484615325927734e+00
5.672807216644287109e+00
4.334615230560302734e+00
5.149750709533691406e+00
5.267396450042724609e+00
4.763927936553955078e+00
3.881333112716674805e+00
4.801985740661621094e+00
4.710485458374023438e+00
3.996371746063232422e+00
6.145116329193115234e+00
5.152369976043701172e+00
5.130319118499755859e+00
5.548658370971679688e+00
5.176155090332031250e+00
5.894753932952880859e+00
5.481299400329589844e+00
4.448336124420166016e+00
4.306416988372802734e+00
5.158676147460937500e+00
6.322993278503417969e+00
3.628475904464721680e+00
4.384175777435302734e+00
5.498831272125244141e+00
5.396017074584960938e+00
4.870232582092285156e+00
3.896152973175048828e+00
5.780972480773925781e+00
3.998478651046752930e+00
7.269424438476562500e+00
4.834856986999511719e+00
4.943502426147460938e+00
4.560239315032958984e+00
4.022288322448730469e+00
7.324239253997802734e+00
4.222716808319091797e+00
7.067669391632080078e+00
3.953200101852416992e+00
4.988463878631591797e+00
5.081684112548828125e+00
5.351814270019531250e+00
4.090061187744140625e+00
5.177054405212402344e+00
6.246892929077148438e+00
3.959729433059692383e+00
4.031629085540771484e+00
5.152169704437255859e+00
6.387338638305664062e+00
3.325959205627441406e+00
3.124309062957763672e+00
5.284471988677978516e+00
5.160624504089355469e+00
5.206595897674560547e+00
5.479128837585449219e+00
4.107637882232666016e+00
4.788709640502929688e+00
4.570399284362792969e+00
6.228844165802001953e+00
5.072631835937500000e+00
4.410767078399658203e+00
3.936023712158203125e+00
5.341414451599121094e+00
4.449170112609863281e+00
4.208092212677001953e+00
3.020474195480346680e+00
4.728135108947753906e+00
4.404912471771240234e+00
5.702518463134765625e+00
4.891614913940429688e+00
4.138282299041748047e+00
4.943164825439453125e+00
6.731161117553710938e+00
5.299106597900390625e+00
5.253096580505371094e+00
3.999355316162109375e+00
6.072201728820800781e+00
5.103471755981445312e+00
4.408872604370117188e+00
5.396440982818603516e+00
4.113666057586669922e+00
5.647817134857177734e+00
5.080960750579833984e+00
5.114120006561279297e+00
5.029338359832763672e+00
5.072849750518798828e+00
3.815078735351562500e+00
5.048490047454833984e+00
3.817109107971191406e+00
6.025461673736572266e+00
4.729659080505371094e+00
6.239348411560058594e+00
5.240150451660156250e+00
7.169113636016845703e+00
3.733291625976562500e+00
5.078633785247802734e+00
4.769170761108398438e+00
6.179334163665771484e+00
4.362711906433105469e+00
4.079361915588378906e+00
4.792479515075683594e+00
4.010788440704345703e+00
4.853817939758300781e+00
6.580701828002929688e+00
4.404516220092773438e+00
5.193636894226074219e+00
5.119859218597412109e+00
3.319441795349121094e+00
6.196516513824462891e+00
3.467002391815185547e+00
6.079613208770751953e+00
3.419709920883178711e+00
4.812586307525634766e+00
3.891927242279052734e+00
6.661106586456298828e+00
4.838234424591064453e+00
4.374385833740234375e+00
3.630136966705322266e+00
4.937611103057861328e+00
4.082677841186523438e+00
7.457199573516845703e+00
3.405052661895751953e+00
7.050980567932128906e+00
3.587213993072509766e+00
3.250846147537231445e+00
4.353696823120117188e+00
6.240050792694091797e+00
5.991988182067871094e+00
4.848815917968750000e+00
5.159070014953613281e+00
4.086272239685058594e+00
5.749387264251708984e+00
4.574302673339843750e+00
5.696323394775390625e+00
5.328577995300292969e+00
6.149590969085693359e+00
4.474795818328857422e+00
6.000390529632568359e+00
4.756155967712402344e+00
3.429094076156616211e+00
3.606744527816772461e+00
5.227385520935058594e+00
4.829541206359863281e+00
3.863376379013061523e+00
5.461194992065429688e+00
5.171044349670410156e+00
4.661298751831054688e+00
6.639111995697021484e+00
4.880564689636230469e+00
4.679988384246826172e+00
3.857542514801025391e+00
4.680701255798339844e+00
5.905436515808105469e+00
4.442964076995849609e+00
5.281547546386718750e+00
5.084066390991210938e+00
5.813718795776367188e+00
5.651096343994140625e+00
3.759576320648193359e+00
5.352169513702392578e+00
5.362852096557617188e+00
4.301599979400634766e+00
7.585642337799072266e+00
5.250874996185302734e+00
4.651445865631103516e+00
4.217128753662109375e+00
4.503535270690917969e+00
3.796252012252807617e+00
3.738891601562500000e+00
6.044568538665771484e+00
4.839775085449218750e+00
4.978550910949707031e+00
3.552391767501831055e+00
5.902722358703613281e+00
3.880252361297607422e+00
6.463586330413818359e+00
4.684359073638916016e+00
6.161221981048583984e+00
5.737309455871582031e+00
3.847628593444824219e+00
4.470704078674316406e+00
6.926496028900146484e+00
5.000578403472900391e+00
4.272021293640136719e+00
3.675503253936767578e+00
4.444805622100830078e+00
4.956251621246337891e+00
4.185635566711425781e+00
6.617304801940917969e+00
4.677506923675537109e+00
4.252812385559082031e+00
6.089591979980468750e+00
3.920147180557250977e+00
4.614109039306640625e+00
4.873013973236083984e+00
4.757263660430908203e+00
5.665615558624267578e+00
7.794492244720458984e+00
4.756270408630371094e+00
4.143192291259765625e+00
5.486957073211669922e+00
5.197425842285156250e+00
4.322588443756103516e+00
4.385068893432617188e+00
4.313107490539550781e+00
3.427582740783691406e+00
4.924327850341796875e+00
4.569345474243164062e+00
5.195836067199707031e+00
4.975284576416015625e+00
6.145397186279296875e+00
5.115728378295898438e+00
4.871886730194091797e+00
5.643303394317626953e+00
5.902012348175048828e+00
3.834537506103515625e+00
4.479650020599365234e+00
5.508723735809326172e+00
4.450032711029052734e+00
6.055622100830078125e+00
3.878693819046020508e+00
3.863567590713500977e+00
4.831727504730224609e+00
5.449539661407470703e+00
4.269310951232910156e+00
4.664983749389648438e+00
6.128377437591552734e+00
4.932297706604003906e+00
3.635949611663818359e+00
5.501168251037597656e+00
4.386668682098388672e+00
3.217175245285034180e+00
4.404885292053222656e+00
4.775412559509277344e+00
5.889244556427001953e+00
4.804186344146728516e+00
5.224436283111572266e+00
4.097288608551025391e+00
5.759632587432861328e+00
5.952160358428955078e+00
4.110641479492187500e+00
4.511825561523437500e+00
3.372466564178466797e+00
5.104156494140625000e+00
4.098361492156982422e+00
3.110667943954467773e+00
7.673192024230957031e+00
4.151552677154541016e+00
5.083199977874755859e+00
3.719663143157958984e+00
4.392578125000000000e+00
4.568699359893798828e+00
4.289293289184570312e+00
4.614586353302001953e+00
5.305028438568115234e+00
5.246578216552734375e+00
4.149188041687011719e+00
4.602347373962402344e+00
4.989120006561279297e+00
4.311505794525146484e+00
3.636818885803222656e+00
8.268522262573242188e+00
5.524898529052734375e+00
4.379813671112060547e+00
4.967950820922851562e+00
5.441297531127929688e+00
4.237146854400634766e+00
5.098474025726318359e+00
4.195707321166992188e+00
5.536524772644042969e+00
4.632108211517333984e+00
4.069341659545898438e+00
4.998337268829345703e+00
4.702800273895263672e+00
4.126005649566650391e+00
5.593486785888671875e+00
5.837333679199218750e+00
5.373127460479736328e+00
4.632901668548583984e+00
4.851833820343017578e+00
5.170913219451904297e+00
5.565672397613525391e+00
4.114535808563232422e+00
4.493373870849609375e+00
3.897862195968627930e+00
4.614562034606933594e+00
6.462154865264892578e+00
4.407189846038818359e+00
4.200484752655029297e+00
4.712667465209960938e+00
5.261846065521240234e+00
4.950085639953613281e+00
4.323645114898681641e+00
4.678220748901367188e+00
5.030705928802490234e+00
7.026173114776611328e+00
3.715254306793212891e+00
4.640064239501953125e+00
4.579279422760009766e+00
5.150334358215332031e+00
3.560027599334716797e+00
5.206776142120361328e+00
4.311884403228759766e+00
5.186585426330566406e+00
4.161632537841796875e+00
4.487402439117431641e+00
3.876096010208129883e+00
5.363431930541992188e+00
4.184341430664062500e+00
6.356824398040771484e+00
6.640354633331298828e+00
3.941287279129028320e+00
4.523602008819580078e+00
5.010051250457763672e+00
3.455671548843383789e+00
4.650475502014160156e+00
3.963148593902587891e+00
4.752718448638916016e+00
4.671250820159912109e+00
4.328342437744140625e+00
3.913871288299560547e+00
6.245981216430664062e+00
5.389593124389648438e+00
3.230098724365234375e+00
3.630193233489990234e+00
6.612680912017822266e+00
4.374053955078125000e+00
4.886862754821777344e+00
4.181909084320068359e+00
5.221342563629150391e+00
6.460690975189208984e+00
3.846378087997436523e+00
4.252836227416992188e+00
4.217687606811523438e+00
4.022651672363281250e+00
4.887448787689208984e+00
3.877486228942871094e+00
3.283556461334228516e+00
4.437971591949462891e+00
4.851359367370605469e+00
4.768204212188720703e+00
4.520806789398193359e+00
6.897526264190673828e+00
5.427331924438476562e+00
4.569794654846191406e+00
3.938185214996337891e+00
3.964110374450683594e+00
7.293663024902343750e+00
6.960681438446044922e+00
4.777263641357421875e+00
4.943583965301513672e+00
4.526718616485595703e+00
3.271984577178955078e+00
4.251890659332275391e+00
5.189732551574707031e+00
4.427476406097412109e+00
3.628965616226196289e+00
5.327707767486572266e+00
5.193399906158447266e+00
4.996405124664306641e+00
4.111018180847167969e+00
5.114614963531494141e+00
5.515838623046875000e+00
3.777544736862182617e+00
4.469501018524169922e+00
5.787790298461914062e+00
4.757564067840576172e+00
5.224722385406494141e+00
5.357971191406250000e+00
5.797983169555664062e+00
5.484580993652343750e+00
3.863145112991333008e+00
4.401863574981689453e+00
7.056358814239501953e+00
5.196207046508789062e+00
4.972478389739990234e+00
4.418982505798339844e+00
4.716748714447021484e+00
5.789533138275146484e+00
3.279498815536499023e+00
3.226796388626098633e+00
4.310005187988281250e+00
5.062288761138916016e+00
4.476926803588867188e+00
4.101751804351806641e+00
5.218012332916259766e+00
6.330624580383300781e+00
6.267862319946289062e+00
5.988464832305908203e+00
4.961332321166992188e+00
4.532551288604736328e+00
4.916091442108154297e+00
2.953099489212036133e+00
4.398966789245605469e+00
4.702705383300781250e+00
4.696512699127197266e+00
3.861050605773925781e+00
4.744020938873291016e+00
4.835364818572998047e+00
4.919232845306396484e+00
4.197001457214355469e+00
3.672646284103393555e+00
5.873634338378906250e+00
4.653706550598144531e+00
3.923466920852661133e+00
4.996834278106689453e+00
4.663585662841796875e+00
4.536441326141357422e+00
4.852493286132812500e+00
3.962177753448486328e+00
4.982614040374755859e+00
4.739688873291015625e+00
3.699817657470703125e+00
3.963295459747314453e+00
4.210870265960693359e+00
5.127758502960205078e+00
6.124619483947753906e+00
5.112139225006103516e+00
4.317572593688964844e+00
4.865123271942138672e+00
5.565456390380859375e+00
4.196717739105224609e+00
4.302314281463623047e+00
3.953835725784301758e+00
5.386779785156250000e+00
5.097756862640380859e+00
5.338361263275146484e+00
6.139679908752441406e+00
3.357016086578369141e+00
3.952701568603515625e+00
4.620142936706542969e+00
4.984854698181152344e+00
3.524307012557983398e+00
5.599064350128173828e+00
4.088778495788574219e+00
6.292730808258056641e+00
4.750935077667236328e+00
4.259350776672363281e+00
3.345187425613403320e+00
4.110303401947021484e+00
7.002665996551513672e+00
3.598593235015869141e+00
4.241962432861328125e+00
3.981253623962402344e+00
5.562489032745361328e+00
4.034843444824218750e+00
4.191868782043457031e+00
4.347434043884277344e+00
7.187119483947753906e+00
4.035867691040039062e+00
5.283516407012939453e+00
4.697785854339599609e+00
5.161739349365234375e+00
4.496165752410888672e+00
6.599699020385742188e+00
3.556184291839599609e+00
5.834005832672119141e+00
4.802309989929199219e+00
3.363007545471191406e+00
4.273993492126464844e+00
3.206400632858276367e+00
4.227547168731689453e+00
4.713290691375732422e+00
3.243330001831054688e+00
4.140187263488769531e+00
4.322736263275146484e+00
4.763624668121337891e+00
4.925608634948730469e+00
4.500345230102539062e+00
4.715989112854003906e+00
3.876314640045166016e+00
4.652322292327880859e+00
4.268531799316406250e+00
4.190391540527343750e+00
4.823485851287841797e+00
4.809948444366455078e+00
5.028861522674560547e+00
5.713533878326416016e+00
5.456892967224121094e+00
5.035456657409667969e+00
4.372299194335937500e+00
4.690951824188232422e+00
5.371249675750732422e+00
5.545844554901123047e+00
3.740823745727539062e+00
6.588179588317871094e+00
4.498564243316650391e+00
4.692664146423339844e+00
3.857987642288208008e+00
5.254254817962646484e+00
3.437809467315673828e+00
4.425287246704101562e+00
3.742667913436889648e+00
4.139647006988525391e+00
4.068492889404296875e+00
4.974397182464599609e+00
3.691861152648925781e+00
3.092082500457763672e+00
3.491808414459228516e+00
5.146226882934570312e+00
3.273297786712646484e+00
3.642650127410888672e+00
5.316368103027343750e+00
4.181313037872314453e+00
4.689459323883056641e+00
4.548356533050537109e+00
3.633590698242187500e+00
4.184023380279541016e+00
4.893168926239013672e+00
4.474965572357177734e+00
5.229061126708984375e+00
5.987421035766601562e+00
5.277393341064453125e+00
3.710762739181518555e+00
4.707484245300292969e+00
3.590055704116821289e+00
7.474808692932128906e+00
4.174606800079345703e+00
3.926290273666381836e+00
5.163218021392822266e+00
3.770367622375488281e+00
4.417036533355712891e+00
5.108256340026855469e+00
3.888516426086425781e+00
4.713819503784179688e+00
4.762842655181884766e+00
3.246233940124511719e+00
3.868017196655273438e+00
3.982441186904907227e+00
5.973785400390625000e+00
4.666945934295654297e+00
4.201667785644531250e+00
5.062777042388916016e+00
6.435601234436035156e+00
4.032449722290039062e+00
6.499251842498779297e+00
4.159559249877929688e+00
6.964531421661376953e+00
5.714355468750000000e+00
4.006282329559326172e+00
4.489226341247558594e+00
2.928388833999633789e+00
6.650214195251464844e+00
6.080381870269775391e+00
4.581182479858398438e+00
4.562304496765136719e+00
5.116467475891113281e+00
3.596309661865234375e+00
4.172272682189941406e+00
4.611283779144287109e+00
4.033665180206298828e+00
3.456764221191406250e+00
3.898806333541870117e+00
5.904693603515625000e+00
4.721575736999511719e+00
3.559125900268554688e+00
3.947105169296264648e+00
6.967128753662109375e+00
3.393176078796386719e+00
4.333562850952148438e+00
4.628862380981445312e+00
6.442973136901855469e+00
3.442521095275878906e+00
6.109863281250000000e+00
6.142564296722412109e+00
4.446988105773925781e+00
3.375387191772460938e+00
6.158190727233886719e+00
4.025563716888427734e+00
3.664668560028076172e+00
4.554559707641601562e+00
5.590260028839111328e+00
4.138360023498535156e+00
5.608438491821289062e+00
4.785840988159179688e+00
4.710935592651367188e+00
4.716351509094238281e+00
4.272634029388427734e+00
5.549103736877441406e+00
3.526391267776489258e+00
2.725773334503173828e+00
3.643029212951660156e+00
4.647407531738281250e+00
4.257923603057861328e+00
4.568541526794433594e+00
5.155405521392822266e+00
5.715232849121093750e+00
4.105542659759521484e+00
4.972161293029785156e+00
4.026553153991699219e+00
4.397413730621337891e+00
5.713564872741699219e+00
3.509422302246093750e+00
6.437348842620849609e+00
3.518757581710815430e+00
5.364418029785156250e+00
5.553627014160156250e+00
5.956106662750244141e+00
4.719033241271972656e+00
4.192657470703125000e+00
4.568553924560546875e+00
6.254079818725585938e+00
4.500575542449951172e+00
5.495275497436523438e+00
4.405041694641113281e+00
4.090864181518554688e+00
5.071898460388183594e+00
6.729555606842041016e+00
4.494720935821533203e+00
3.580581188201904297e+00
4.168105125427246094e+00
3.800601482391357422e+00
3.290822029113769531e+00
4.182653427124023438e+00
6.038475990295410156e+00
3.762386560440063477e+00
3.815126180648803711e+00
4.378850936889648438e+00
4.473725318908691406e+00
4.240372180938720703e+00
4.964777469635009766e+00
5.002921104431152344e+00
3.799105882644653320e+00
3.612376928329467773e+00
4.751170158386230469e+00
4.832139968872070312e+00
4.318638801574707031e+00
4.457815647125244141e+00
5.244086742401123047e+00
4.325763702392578125e+00
5.663726329803466797e+00
3.782808303833007812e+00
4.810914039611816406e+00
4.416827678680419922e+00
4.683823108673095703e+00
4.693077564239501953e+00
5.026848793029785156e+00
4.390790462493896484e+00
3.073043584823608398e+00
4.160173892974853516e+00
4.515777587890625000e+00
3.975352048873901367e+00
3.486134290695190430e+00
4.807686805725097656e+00
3.466132164001464844e+00
4.556964874267578125e+00
3.121874332427978516e+00
4.185743808746337891e+00
3.269775867462158203e+00
7.186257839202880859e+00
4.236964225769042969e+00
5.562777996063232422e+00
4.539352416992187500e+00
4.846477508544921875e+00
4.756014347076416016e+00
4.523681640625000000e+00
4.271925926208496094e+00
4.567424774169921875e+00
2.736704826354980469e+00
4.536105155944824219e+00
3.121867179870605469e+00
5.367979526519775391e+00
3.844595432281494141e+00
4.853803634643554688e+00
4.136252880096435547e+00
5.162669181823730469e+00
4.345909595489501953e+00
3.619646310806274414e+00
3.874841690063476562e+00
5.136778354644775391e+00
5.062766551971435547e+00
5.281949043273925781e+00
5.792490005493164062e+00
3.898312807083129883e+00
5.427935123443603516e+00
3.707383632659912109e+00
4.339429378509521484e+00
7.953233242034912109e+00
3.994393348693847656e+00
3.703424215316772461e+00
4.567983150482177734e+00
4.473078250885009766e+00
4.987253665924072266e+00
4.722150802612304688e+00
4.269691467285156250e+00
5.671556472778320312e+00
4.820540904998779297e+00
4.360542774200439453e+00
5.433433532714843750e+00
5.158798217773437500e+00
4.907042980194091797e+00
2.943643569946289062e+00
4.550047874450683594e+00
5.432128906250000000e+00
5.090657711029052734e+00
4.587920188903808594e+00
6.043202877044677734e+00
5.697774887084960938e+00
5.239023685455322266e+00
4.427299022674560547e+00
4.666049957275390625e+00
4.609241962432861328e+00
3.345249652862548828e+00
4.010530948638916016e+00
2.706977605819702148e+00
5.756932258605957031e+00
3.447397470474243164e+00
4.429909229278564453e+00
4.237297058105468750e+00
4.892111778259277344e+00
4.991226673126220703e+00
5.505020141601562500e+00
6.631600856781005859e+00
4.345545291900634766e+00
3.130089044570922852e+00
4.774167537689208984e+00
3.214937210083007812e+00
5.435614109039306641e+00
4.180589675903320312e+00
4.252594470977783203e+00
4.325317859649658203e+00
4.153434276580810547e+00
4.280228137969970703e+00
3.698006629943847656e+00
4.911474227905273438e+00
5.484152317047119141e+00
3.654249191284179688e+00
4.488159656524658203e+00
4.247120857238769531e+00
3.929244041442871094e+00
4.158417224884033203e+00
5.067923545837402344e+00
4.904823780059814453e+00
4.932242870330810547e+00
5.405241012573242188e+00
4.836531162261962891e+00
5.853033542633056641e+00
5.280696868896484375e+00
3.411168336868286133e+00
5.150662899017333984e+00
4.158925533294677734e+00
4.074343204498291016e+00
4.380100727081298828e+00
4.302074432373046875e+00
5.317742347717285156e+00
3.766392469406127930e+00
4.342962265014648438e+00
2.848265171051025391e+00
5.033025741577148438e+00
3.849044084548950195e+00
3.961663484573364258e+00
4.173475265502929688e+00
3.558043241500854492e+00
4.940217971801757812e+00
4.120763301849365234e+00
3.046869516372680664e+00
5.054483413696289062e+00
6.410706996917724609e+00
4.234616279602050781e+00
4.285093307495117188e+00
3.523406982421875000e+00
3.800189971923828125e+00
2.847192287445068359e+00
4.599051952362060547e+00
5.332966327667236328e+00
5.173777580261230469e+00
4.420118808746337891e+00
4.874876022338867188e+00
4.685256004333496094e+00
5.229656696319580078e+00
4.795279979705810547e+00
3.437508344650268555e+00
4.236793994903564453e+00
3.399020433425903320e+00
4.891903400421142578e+00
4.010865211486816406e+00
4.868342399597167969e+00
4.180997371673583984e+00
4.108735561370849609e+00
5.372717380523681641e+00
5.646552562713623047e+00
4.042150974273681641e+00
4.660737991333007812e+00
4.418541908264160156e+00
4.765696525573730469e+00
4.508970737457275391e+00
5.013226509094238281e+00
4.922642707824707031e+00
4.482763290405273438e+00
3.861978292465209961e+00
4.383547782897949219e+00
2.824929952621459961e+00
3.648463487625122070e+00
5.186147212982177734e+00
4.075330734252929688e+00
3.594029664993286133e+00
3.117297887802124023e+00
5.647245407104492188e+00
3.990272045135498047e+00
5.179167270660400391e+00
7.781551361083984375e+00
5.044749736785888672e+00
5.369292259216308594e+00
4.454500675201416016e+00
4.185851097106933594e+00
2.618116617202758789e+00
4.259860038757324219e+00
5.918040752410888672e+00
4.255827903747558594e+00
3.681075811386108398e+00
4.564245700836181641e+00
3.785299539566040039e+00
4.913928985595703125e+00
4.827209472656250000e+00
4.168548107147216797e+00
4.421683311462402344e+00
3.674055814743041992e+00
5.395277023315429688e+00
3.397996902465820312e+00
4.006852626800537109e+00
4.690104484558105469e+00
4.129798412322998047e+00
4.263481140136718750e+00
2.990703105926513672e+00
4.302542209625244141e+00
5.771664142608642578e+00
4.241883277893066406e+00
4.316108226776123047e+00
6.062004566192626953e+00
5.329048633575439453e+00
3.941476106643676758e+00
4.980550765991210938e+00
4.380876541137695312e+00
5.913167953491210938e+00
5.426452159881591797e+00
3.705732107162475586e+00
5.001724720001220703e+00
4.640463829040527344e+00
3.222458362579345703e+00
4.779639244079589844e+00
6.312550067901611328e+00
4.935449600219726562e+00
4.690402030944824219e+00
3.133510589599609375e+00
4.043693542480468750e+00
4.818765163421630859e+00
4.603654861450195312e+00
3.571027517318725586e+00
4.438770294189453125e+00
3.383542060852050781e+00
6.059730529785156250e+00
4.410950660705566406e+00
4.952371597290039062e+00
4.670187473297119141e+00
4.485601425170898438e+00
5.371132850646972656e+00
3.708941459655761719e+00
5.681276798248291016e+00
5.050359249114990234e+00
5.752257823944091797e+00
3.125196218490600586e+00
4.178171157836914062e+00
4.518709182739257812e+00
3.916004657745361328e+00
5.031014919281005859e+00
4.538890361785888672e+00
6.010227203369140625e+00
4.502944946289062500e+00
4.282870292663574219e+00
3.343412160873413086e+00
3.938467979431152344e+00
4.911063194274902344e+00
5.063021183013916016e+00
6.781672477722167969e+00
3.872166156768798828e+00
3.996470451354980469e+00
5.256176471710205078e+00
4.141805648803710938e+00
4.344348430633544922e+00
4.869758129119873047e+00
3.416303396224975586e+00
5.248505592346191406e+00
3.329914569854736328e+00
4.707762241363525391e+00
4.577639102935791016e+00
3.946348428726196289e+00
4.079281330108642578e+00
4.174310207366943359e+00
4.386417865753173828e+00
2.515154123306274414e+00
4.493687629699707031e+00
4.064632415771484375e+00
4.634299755096435547e+00
4.279834270477294922e+00
4.145299434661865234e+00
4.163325786590576172e+00
5.254705429077148438e+00
4.196969985961914062e+00
4.911808013916015625e+00
4.866827964782714844e+00
3.297995328903198242e+00
4.538670063018798828e+00
4.155892372131347656e+00
4.473117351531982422e+00
3.676741123199462891e+00
4.957983493804931641e+00
3.519440412521362305e+00
6.213559627532958984e+00
3.648262500762939453e+00
4.130896568298339844e+00
4.233696460723876953e+00
5.921195983886718750e+00
3.810904741287231445e+00
4.487245082855224609e+00
3.902301073074340820e+00
4.796717643737792969e+00
4.182419776916503906e+00
7.719184875488281250e+00
3.635683774948120117e+00
4.117058277130126953e+00
3.338056802749633789e+00
4.274978637695312500e+00
4.536550521850585938e+00
2.925369501113891602e+00
3.782167434692382812e+00
3.050413846969604492e+00
4.648153305053710938e+00
3.801154851913452148e+00
3.684895515441894531e+00
3.388909101486206055e+00
4.740009784698486328e+00
2.986099958419799805e+00
4.353100299835205078e+00
5.099706172943115234e+00
3.918362617492675781e+00
4.774752616882324219e+00
4.684737682342529297e+00
5.034720420837402344e+00
5.770119667053222656e+00
5.506317138671875000e+00
3.129121303558349609e+00
4.047183513641357422e+00
4.425264358520507812e+00
3.582656621932983398e+00
6.738100051879882812e+00
4.697079658508300781e+00
3.343833923339843750e+00
3.529805183410644531e+00
4.250113010406494141e+00
4.264662742614746094e+00
5.181124687194824219e+00
3.936654329299926758e+00
3.936819553375244141e+00
4.788369178771972656e+00
4.133291244506835938e+00
3.939231872558593750e+00
4.071306705474853516e+00
4.304226875305175781e+00
5.153570175170898438e+00
4.388467788696289062e+00
4.524065494537353516e+00
4.692849159240722656e+00
3.766007423400878906e+00
5.476536273956298828e+00
4.580490589141845703e+00
4.620905399322509766e+00
3.341996431350708008e+00
5.033792018890380859e+00
5.609653472900390625e+00
4.059604644775390625e+00
4.273497104644775391e+00
4.797764778137207031e+00
3.119736909866333008e+00
3.924133300781250000e+00
4.160697937011718750e+00
3.294548034667968750e+00
5.290631294250488281e+00
3.365347146987915039e+00
5.429254055023193359e+00
4.834871292114257812e+00
4.217596530914306641e+00
5.460747241973876953e+00
4.403384208679199219e+00
2.716503381729125977e+00
3.846067905426025391e+00
5.364912509918212891e+00
4.338901519775390625e+00
5.273938179016113281e+00
3.739506244659423828e+00
4.155478954315185547e+00
3.523523092269897461e+00
4.382526397705078125e+00
5.522379398345947266e+00
4.298051834106445312e+00
3.193714857101440430e+00
4.144806861877441406e+00
4.098814010620117188e+00
3.532481670379638672e+00
4.769032955169677734e+00
4.200836658477783203e+00
5.909885883331298828e+00
3.808078050613403320e+00
4.312002658843994141e+00
4.214072227478027344e+00
4.795913696289062500e+00
3.762651205062866211e+00
3.520233869552612305e+00
4.158910274505615234e+00
6.134168148040771484e+00
4.648678779602050781e+00
4.585270881652832031e+00
4.436835289001464844e+00
4.301684856414794922e+00
3.525588512420654297e+00
4.268228530883789062e+00
5.317008972167968750e+00
3.272606849670410156e+00
3.793034315109252930e+00
4.362456321716308594e+00
5.175131797790527344e+00
4.277466297149658203e+00
4.905807495117187500e+00
4.795605182647705078e+00
5.892812252044677734e+00
5.037733078002929688e+00
3.674390077590942383e+00
3.622949838638305664e+00
3.691799640655517578e+00
2.922539234161376953e+00
5.709579467773437500e+00
3.997726202011108398e+00
4.167378902435302734e+00
3.599675416946411133e+00
3.560623645782470703e+00
6.399132728576660156e+00
3.628424882888793945e+00
3.396941661834716797e+00
5.110917091369628906e+00
3.790631532669067383e+00
3.314175128936767578e+00
4.250351905822753906e+00
4.175896167755126953e+00
4.832187652587890625e+00
7.471238613128662109e+00
5.078416347503662109e+00
3.803733825683593750e+00
3.145782470703125000e+00
3.070046186447143555e+00
4.546949863433837891e+00
4.227719783782958984e+00
4.804407596588134766e+00
4.156401634216308594e+00
3.677716970443725586e+00
6.710017681121826172e+00
5.522629737854003906e+00
3.557505130767822266e+00
4.224086284637451172e+00
3.532286643981933594e+00
3.165675401687622070e+00
4.553430557250976562e+00
5.091907978057861328e+00
4.794522285461425781e+00
5.416065216064453125e+00
4.022466659545898438e+00
4.440358638763427734e+00
4.875183105468750000e+00
4.426689624786376953e+00
4.903857231140136719e+00
6.280113697052001953e+00
4.387753486633300781e+00
5.692033290863037109e+00
6.165414810180664062e+00
4.123766899108886719e+00
6.625397682189941406e+00
4.338293075561523438e+00
3.147280931472778320e+00
5.494945526123046875e+00
4.863012313842773438e+00
3.698689699172973633e+00
3.757622957229614258e+00
2.850738525390625000e+00
4.190696716308593750e+00
5.496104717254638672e+00
4.126391887664794922e+00
4.262605667114257812e+00
4.756167888641357422e+00
3.759553432464599609e+00
3.814416170120239258e+00
4.620242118835449219e+00
4.058728694915771484e+00
3.240909099578857422e+00
4.555287837982177734e+00
4.227795600891113281e+00
2.403296232223510742e+00
3.704593896865844727e+00
5.192888259887695312e+00
4.555303096771240234e+00
