1.133436050415039062e+02
1.076397781372070312e+02
1.063486557006835938e+02
1.087518005371093750e+02
1.079548416137695312e+02
1.020100021362304688e+02
1.155658416748046875e+02
1.098630523681640625e+02
9.722429656982421875e+01
9.604647064208984375e+01
1.133492813110351562e+02
9.158226013183593750e+01
9.693315887451171875e+01
9.033699035644531250e+01
8.896770477294921875e+01
9.327790069580078125e+01
8.008365631103515625e+01
7.741110229492187500e+01
6.875782775878906250e+01
6.886547088623046875e+01
6.067993164062500000e+01
5.926432037353515625e+01
6.227372360229492188e+01
5.317366409301757812e+01
6.517523193359375000e+01
5.771850585937500000e+01
4.562929916381835938e+01
5.889451980590820312e+01
4.493595504760742188e+01
4.420137023925781250e+01
3.889639282226562500e+01
4.167639541625976562e+01
3.561323165893554688e+01
3.545206451416015625e+01
3.780116653442382812e+01
3.215173339843750000e+01
2.998142242431640625e+01
2.752345466613769531e+01
2.949120903015136719e+01
2.478392028808593750e+01
3.040325927734375000e+01
2.911555099487304688e+01
3.405095672607421875e+01
3.346641159057617188e+01
2.370974349975585938e+01
2.696988105773925781e+01
3.291782379150390625e+01
2.270715332031250000e+01
2.573665618896484375e+01
2.195969772338867188e+01
2.004666519165039062e+01
1.884353828430175781e+01
2.118398666381835938e+01
1.871237373352050781e+01
2.839196586608886719e+01
2.275702667236328125e+01
1.462997245788574219e+01
1.336502075195312500e+01
2.099412536621093750e+01
1.900718307495117188e+01
1.903628730773925781e+01
1.473529243469238281e+01
1.017573070526123047e+01
1.599689292907714844e+01
1.491330623626708984e+01
1.081719684600830078e+01
8.855103492736816406e+00
1.132113647460937500e+01
1.146025943756103516e+01
1.114824581146240234e+01
9.314673423767089844e+00
2.081252670288085938e+01
8.289030075073242188e+00
1.013739204406738281e+01
1.020925998687744141e+01
9.485809326171875000e+00
9.738806724548339844e+00
7.779962539672851562e+00
1.008508491516113281e+01
1.190323448181152344e+01
1.433414268493652344e+01
6.112185478210449219e+00
8.311739921569824219e+00
9.953244209289550781e+00
6.082345962524414062e+00
1.132953643798828125e+01
7.377335071563720703e+00
7.537889480590820312e+00
7.816071987152099609e+00
1.179127216339111328e+01
5.629526138305664062e+00
6.194656372070312500e+00
7.578240394592285156e+00
6.914945602416992188e+00
7.483192443847656250e+00
8.148299217224121094e+00
7.165067195892333984e+00
7.451522350311279297e+00
6.850087165832519531e+00
1.280686950683593750e+01
6.092985153198242188e+00
9.285963058471679688e+00
7.723106384277343750e+00
6.554444313049316406e+00
7.367169380187988281e+00
6.213193893432617188e+00
5.768425941467285156e+00
4.023574829101562500e+00
4.129806041717529297e+00
7.099622726440429688e+00
7.433387756347656250e+00
9.627320289611816406e+00
9.188090324401855469e+00
1.013392925262451172e+01
7.863841533660888672e+00
7.590511322021484375e+00
1.054130268096923828e+01
5.537201881408691406e+00
8.276360511779785156e+00
8.168791770935058594e+00
5.913965225219726562e+00
7.397812843322753906e+00
7.254990577697753906e+00
5.370969295501708984e+00
7.692428112030029297e+00
8.665215492248535156e+00
5.906466960906982422e+00
8.827432632446289062e+00
5.573379516601562500e+00
1.123395633697509766e+01
6.808580398559570312e+00
6.592352867126464844e+00
5.678441047668457031e+00
7.336437225341796875e+00
5.474698066711425781e+00
5.936602592468261719e+00
7.895150184631347656e+00
6.492637634277343750e+00
9.947968482971191406e+00
6.266281127929687500e+00
1.006268024444580078e+01
8.029077529907226562e+00
7.182910919189453125e+00
7.444910526275634766e+00
6.902931213378906250e+00
6.392193317413330078e+00
7.901598453521728516e+00
1.002022933959960938e+01
5.264469623565673828e+00
7.033509731292724609e+00
8.600942611694335938e+00
5.541702747344970703e+00
5.785228729248046875e+00
6.015871524810791016e+00
6.376908302307128906e+00
4.950702190399169922e+00
6.217074394226074219e+00
6.341422557830810547e+00
7.725607872009277344e+00
5.228333473205566406e+00
6.031776905059814453e+00
9.387164115905761719e+00
7.262762069702148438e+00
8.506776809692382812e+00
6.551476001739501953e+00
5.532508850097656250e+00
5.184646129608154297e+00
5.700868129730224609e+00
7.496193885803222656e+00
7.829845905303955078e+00
5.692724227905273438e+00
7.469601154327392578e+00
7.506545066833496094e+00
5.061040878295898438e+00
6.072574615478515625e+00
7.176361083984375000e+00
5.306347846984863281e+00
6.366865634918212891e+00
4.384146690368652344e+00
9.987503051757812500e+00
6.086541175842285156e+00
8.103120803833007812e+00
6.526214599609375000e+00
6.074194908142089844e+00
4.713421821594238281e+00
9.225439071655273438e+00
5.740877151489257812e+00
6.367414474487304688e+00
4.472557544708251953e+00
6.794007301330566406e+00
4.865017414093017578e+00
7.211096763610839844e+00
7.968720436096191406e+00
4.907392501831054688e+00
5.379064559936523438e+00
6.160399913787841797e+00
6.151434898376464844e+00
9.023678779602050781e+00
6.203945159912109375e+00
5.297094345092773438e+00
4.837528705596923828e+00
6.981360912322998047e+00
6.101949214935302734e+00
7.747071743011474609e+00
6.746500968933105469e+00
4.775117874145507812e+00
1.043608760833740234e+01
5.701985359191894531e+00
5.042941093444824219e+00
6.553017616271972656e+00
6.628713607788085938e+00
8.584971427917480469e+00
4.468487262725830078e+00
4.359494686126708984e+00
7.321673870086669922e+00
4.741263389587402344e+00
6.805593490600585938e+00
7.853601455688476562e+00
5.718969821929931641e+00
6.735804080963134766e+00
9.194684028625488281e+00
6.554584503173828125e+00
4.850112915039062500e+00
7.038493156433105469e+00
6.664549827575683594e+00
7.927323341369628906e+00
5.587425708770751953e+00
7.123100757598876953e+00
4.628467082977294922e+00
5.383469104766845703e+00
5.877075672149658203e+00
5.317908763885498047e+00
4.988315105438232422e+00
6.333320140838623047e+00
5.108743667602539062e+00
4.685383796691894531e+00
5.072666168212890625e+00
7.736740112304687500e+00
5.226254463195800781e+00
5.705307483673095703e+00
7.091010093688964844e+00
5.545467376708984375e+00
5.191426753997802734e+00
5.029098510742187500e+00
8.345852851867675781e+00
7.846021652221679688e+00
6.921220779418945312e+00
6.924883365631103516e+00
6.168274879455566406e+00
6.416364192962646484e+00
6.269479751586914062e+00
6.410470485687255859e+00
5.295825958251953125e+00
3.891652107238769531e+00
6.699408531188964844e+00
5.366232395172119141e+00
4.889870643615722656e+00
4.683106422424316406e+00
6.687787532806396484e+00
7.237476348876953125e+00
6.215631961822509766e+00
7.083437442779541016e+00
5.767515182495117188e+00
7.171029567718505859e+00
5.350359439849853516e+00
5.135416507720947266e+00
6.095739841461181641e+00
4.911852836608886719e+00
5.436594963073730469e+00
5.853353500366210938e+00
5.154745101928710938e+00
5.000155925750732422e+00
7.360717773437500000e+00
6.943238735198974609e+00
5.214019298553466797e+00
3.852087020874023438e+00
5.795089721679687500e+00
3.869752168655395508e+00
6.236376285552978516e+00
9.240775108337402344e+00
4.703194618225097656e+00
5.914474487304687500e+00
6.260854721069335938e+00
5.974794387817382812e+00
5.961476802825927734e+00
7.315691471099853516e+00
6.303010940551757812e+00
4.696133136749267578e+00
7.360595703125000000e+00
6.282016277313232422e+00
4.450257778167724609e+00
4.186667919158935547e+00
7.327190876007080078e+00
6.958715438842773438e+00
4.247443675994873047e+00
4.960809230804443359e+00
3.641515016555786133e+00
7.344990730285644531e+00
5.651906013488769531e+00
5.404037475585937500e+00
5.645148754119873047e+00
8.647284507751464844e+00
3.467479705810546875e+00
6.827243804931640625e+00
8.961100578308105469e+00
4.722591876983642578e+00
5.460724353790283203e+00
5.427422523498535156e+00
5.645263195037841797e+00
6.051040172576904297e+00
7.014224529266357422e+00
4.698833942413330078e+00
5.237152576446533203e+00
6.135819911956787109e+00
4.149838924407958984e+00
3.882367849349975586e+00
3.938365697860717773e+00
5.482963562011718750e+00
6.439997673034667969e+00
8.396534919738769531e+00
4.732776641845703125e+00
7.005844593048095703e+00
5.734961509704589844e+00
7.976027488708496094e+00
5.751437187194824219e+00
4.572302818298339844e+00
4.311688423156738281e+00
5.393202304840087891e+00
6.384455680847167969e+00
6.892028331756591797e+00
5.693185806274414062e+00
4.437420368194580078e+00
4.985614299774169922e+00
8.521903038024902344e+00
6.415514469146728516e+00
6.543762683868408203e+00
9.582515716552734375e+00
6.101107120513916016e+00
7.082234859466552734e+00
5.702436447143554688e+00
5.714022636413574219e+00
5.151564598083496094e+00
4.743829727172851562e+00
5.474378108978271484e+00
4.879809856414794922e+00
7.163735389709472656e+00
5.738121032714843750e+00
5.346963882446289062e+00
6.605125904083251953e+00
4.182812213897705078e+00
6.043702602386474609e+00
4.162686347961425781e+00
4.431954860687255859e+00
8.292626380920410156e+00
6.798825263977050781e+00
5.732733726501464844e+00
6.386810779571533203e+00
4.871539592742919922e+00
4.712519168853759766e+00
8.495701789855957031e+00
6.194427967071533203e+00
6.340390205383300781e+00
6.453612327575683594e+00
5.611602783203125000e+00
7.628894805908203125e+00
4.596556663513183594e+00
5.377072811126708984e+00
6.357533931732177734e+00
7.932614803314208984e+00
5.485147953033447266e+00
5.980207920074462891e+00
6.557281494140625000e+00
5.708436012268066406e+00
5.358469486236572266e+00
4.319454193115234375e+00
6.622779846191406250e+00
6.007596015930175781e+00
4.641086578369140625e+00
3.784246206283569336e+00
5.838531494140625000e+00
5.853250980377197266e+00
5.590811729431152344e+00
4.834679603576660156e+00
7.223129272460937500e+00
7.924095153808593750e+00
5.442174911499023438e+00
6.044828891754150391e+00
5.169454097747802734e+00
5.266718864440917969e+00
5.495905399322509766e+00
4.946097850799560547e+00
6.087527751922607422e+00
3.682790279388427734e+00
4.578024864196777344e+00
6.533851146697998047e+00
6.354939937591552734e+00
6.355299949645996094e+00
7.000171661376953125e+00
5.333951950073242188e+00
6.537470340728759766e+00
5.070272922515869141e+00
5.753165245056152344e+00
5.870807170867919922e+00
5.949637889862060547e+00
5.124874591827392578e+00
4.942134857177734375e+00
6.798152923583984375e+00
6.640131473541259766e+00
6.794261455535888672e+00
4.418413162231445312e+00
4.286625862121582031e+00
5.008016109466552734e+00
4.797767639160156250e+00
6.531373500823974609e+00
4.823594570159912109e+00
5.813123226165771484e+00
5.207180023193359375e+00
4.577435493469238281e+00
7.031495094299316406e+00
4.879655838012695312e+00
4.290282726287841797e+00
6.416232585906982422e+00
5.732226848602294922e+00
5.512150287628173828e+00
4.801024436950683594e+00
4.276785850524902344e+00
5.739092826843261719e+00
6.682605743408203125e+00
5.350759506225585938e+00
6.465209960937500000e+00
5.508191108703613281e+00
5.023093223571777344e+00
9.126396179199218750e+00
5.243417263031005859e+00
6.943440437316894531e+00
6.257611274719238281e+00
6.104441165924072266e+00
4.822235584259033203e+00
4.401435852050781250e+00
5.089683055877685547e+00
4.010169029235839844e+00
5.461587905883789062e+00
5.448518276214599609e+00
7.300396442413330078e+00
5.923069477081298828e+00
5.899345874786376953e+00
6.158521175384521484e+00
5.574861049652099609e+00
4.693773746490478516e+00
4.016912937164306641e+00
6.041594505310058594e+00
5.512578010559082031e+00
4.518476486206054688e+00
7.583043098449707031e+00
5.914602756500244141e+00
4.549051761627197266e+00
7.216208934783935547e+00
4.299666404724121094e+00
6.571862697601318359e+00
4.379603385925292969e+00
5.695943832397460938e+00
5.497556686401367188e+00
6.950800895690917969e+00
5.513592243194580078e+00
4.735771656036376953e+00
4.825637817382812500e+00
4.215644359588623047e+00
3.957295417785644531e+00
6.571218967437744141e+00
4.199152469635009766e+00
8.077992439270019531e+00
4.998113632202148438e+00
7.312284469604492188e+00
6.364261150360107422e+00
4.241037368774414062e+00
4.701681137084960938e+00
4.698118209838867188e+00
4.678008079528808594e+00
6.399920463562011719e+00
4.519324302673339844e+00
6.110594749450683594e+00
4.866397380828857422e+00
4.420572757720947266e+00
5.856505870819091797e+00
5.393125057220458984e+00
6.764426708221435547e+00
6.030069351196289062e+00
4.504616260528564453e+00
6.266761779785156250e+00
6.230927467346191406e+00
4.673193454742431641e+00
4.052060604095458984e+00
5.180075168609619141e+00
4.389027595520019531e+00
8.264605522155761719e+00
4.633870124816894531e+00
5.604249000549316406e+00
5.816660881042480469e+00
4.073328495025634766e+00
3.907520294189453125e+00
6.669298648834228516e+00
6.771942615509033203e+00
5.975720882415771484e+00
5.737756252288818359e+00
4.912044525146484375e+00
6.218714714050292969e+00
5.242088794708251953e+00
4.084704875946044922e+00
5.770596027374267578e+00
5.490357398986816406e+00
4.977199077606201172e+00
5.662427425384521484e+00
5.582564830780029297e+00
5.304290771484375000e+00
5.683636665344238281e+00
6.257276058197021484e+00
4.156951427459716797e+00
4.337316036224365234e+00
4.130706310272216797e+00
6.122292041778564453e+00
4.637439727783203125e+00
4.217502593994140625e+00
5.503309726715087891e+00
4.174905776977539062e+00
6.266143798828125000e+00
6.931972026824951172e+00
4.656342506408691406e+00
4.659987449645996094e+00
5.356348991394042969e+00
4.259506702423095703e+00
7.397054672241210938e+00
5.409746170043945312e+00
4.941604137420654297e+00
4.990875244140625000e+00
7.359635353088378906e+00
5.083342075347900391e+00
4.924890995025634766e+00
4.653892517089843750e+00
4.506772518157958984e+00
6.037592887878417969e+00
5.732355117797851562e+00
6.517663955688476562e+00
4.040589809417724609e+00
4.900092124938964844e+00
6.055006980895996094e+00
5.780649662017822266e+00
4.979793071746826172e+00
4.650745868682861328e+00
5.411858558654785156e+00
4.326357364654541016e+00
4.583665370941162109e+00
6.673673152923583984e+00
4.878063678741455078e+00
5.555783271789550781e+00
4.329555034637451172e+00
4.934520721435546875e+00
5.793580532073974609e+00
4.907979011535644531e+00
5.427580356597900391e+00
4.717122554779052734e+00
4.846228122711181641e+00
3.933337450027465820e+00
6.249152660369873047e+00
5.964311599731445312e+00
5.211326599121093750e+00
3.464572906494140625e+00
5.345308780670166016e+00
6.998984336853027344e+00
5.272157669067382812e+00
6.255693435668945312e+00
8.334398269653320312e+00
4.831223964691162109e+00
5.183892726898193359e+00
3.605399847030639648e+00
4.101144313812255859e+00
4.398536682128906250e+00
4.177212715148925781e+00
5.471493721008300781e+00
3.879680633544921875e+00
5.606468677520751953e+00
4.444333553314208984e+00
5.879479885101318359e+00
4.476282119750976562e+00
5.363851547241210938e+00
4.354888916015625000e+00
5.120547294616699219e+00
5.103180408477783203e+00
6.888229370117187500e+00
5.393417835235595703e+00
6.351268768310546875e+00
4.065679073333740234e+00
5.488685607910156250e+00
6.942495822906494141e+00
5.295182228088378906e+00
5.366076946258544922e+00
6.646073341369628906e+00
7.666576385498046875e+00
5.019391059875488281e+00
5.612650394439697266e+00
3.698846817016601562e+00
5.494264125823974609e+00
4.673130035400390625e+00
3.294596433639526367e+00
4.992768764495849609e+00
6.989850044250488281e+00
4.241354942321777344e+00
5.501721858978271484e+00
4.942382335662841797e+00
5.833456516265869141e+00
7.939904689788818359e+00
4.474946975708007812e+00
6.391932964324951172e+00
6.466257572174072266e+00
3.717918157577514648e+00
7.495871067047119141e+00
5.521393775939941406e+00
4.785697937011718750e+00
6.186980247497558594e+00
4.245244026184082031e+00
4.571112632751464844e+00
5.724465370178222656e+00
3.645456552505493164e+00
6.522228240966796875e+00
4.838215827941894531e+00
5.163836956024169922e+00
4.846011161804199219e+00
5.238723278045654297e+00
4.302701473236083984e+00
6.277358055114746094e+00
5.730954647064208984e+00
6.571620464324951172e+00
5.780794620513916016e+00
5.657732009887695312e+00
5.154951572418212891e+00
5.568043231964111328e+00
3.552220344543457031e+00
6.043645858764648438e+00
4.840623378753662109e+00
6.169295787811279297e+00
4.383018016815185547e+00
4.149040222167968750e+00
5.707942485809326172e+00
4.725404739379882812e+00
3.656869411468505859e+00
5.409503936767578125e+00
4.477401733398437500e+00
4.927974224090576172e+00
3.909436702728271484e+00
5.511621952056884766e+00
6.773559570312500000e+00
4.954076766967773438e+00
5.165618419647216797e+00
5.590160369873046875e+00
4.185083389282226562e+00
4.707663059234619141e+00
6.460338115692138672e+00
5.261441230773925781e+00
4.199169158935546875e+00
4.608338832855224609e+00
5.222019195556640625e+00
6.559516429901123047e+00
3.750161886215209961e+00
3.978075981140136719e+00
5.330509662628173828e+00
3.823859214782714844e+00
8.330522537231445312e+00
6.003173351287841797e+00
4.158096790313720703e+00
5.102519989013671875e+00
7.153261184692382812e+00
5.315105438232421875e+00
3.863526344299316406e+00
5.266141414642333984e+00
5.057798385620117188e+00
6.407044410705566406e+00
4.818912506103515625e+00
5.512207508087158203e+00
5.423541069030761719e+00
4.537943840026855469e+00
6.504687309265136719e+00
5.447633743286132812e+00
5.724027156829833984e+00
6.825592994689941406e+00
4.551632404327392578e+00
3.342392683029174805e+00
5.608446121215820312e+00
6.131308555603027344e+00
5.000514507293701172e+00
5.036751270294189453e+00
5.991195201873779297e+00
4.902996063232421875e+00
6.534280300140380859e+00
4.317638397216796875e+00
6.812751770019531250e+00
6.331444263458251953e+00
4.311207771301269531e+00
7.516213417053222656e+00
4.953639507293701172e+00
3.406685590744018555e+00
4.826255798339843750e+00
4.384744644165039062e+00
4.625429630279541016e+00
3.454751729965209961e+00
4.577125072479248047e+00
6.831920623779296875e+00
5.066711425781250000e+00
4.763729095458984375e+00
4.801293849945068359e+00
7.141298770904541016e+00
4.064190387725830078e+00
5.281112670898437500e+00
6.838435173034667969e+00
4.354917049407958984e+00
4.733825683593750000e+00
4.539054393768310547e+00
5.574644565582275391e+00
3.291038036346435547e+00
5.697040557861328125e+00
4.266784191131591797e+00
4.221180438995361328e+00
4.482863903045654297e+00
4.470791816711425781e+00
4.517635345458984375e+00
6.266062736511230469e+00
5.931804656982421875e+00
5.639232635498046875e+00
5.477155685424804688e+00
6.941792488098144531e+00
5.851527214050292969e+00
6.027520656585693359e+00
4.958552360534667969e+00
3.686407566070556641e+00
4.036435604095458984e+00
5.141942024230957031e+00
4.554736614227294922e+00
4.262885570526123047e+00
4.548647880554199219e+00
4.681498527526855469e+00
5.068290710449218750e+00
4.566030502319335938e+00
5.725956916809082031e+00
6.133172512054443359e+00
5.615660667419433594e+00
5.799615383148193359e+00
5.334989070892333984e+00
5.449719429016113281e+00
4.558755874633789062e+00
4.762039184570312500e+00
5.388809204101562500e+00
3.858638763427734375e+00
4.452773571014404297e+00
5.392720699310302734e+00
7.504920959472656250e+00
5.981971263885498047e+00
6.757631301879882812e+00
3.722766160964965820e+00
5.322226524353027344e+00
5.750066280364990234e+00
4.089553356170654297e+00
4.950843811035156250e+00
3.664683580398559570e+00
5.663992404937744141e+00
4.522035598754882812e+00
5.678058624267578125e+00
3.448359251022338867e+00
5.268895149230957031e+00
8.079210281372070312e+00
5.708135128021240234e+00
5.001289367675781250e+00
5.058042049407958984e+00
6.589069843292236328e+00
4.283722877502441406e+00
4.446421623229980469e+00
4.505542278289794922e+00
4.573325634002685547e+00
3.879116058349609375e+00
6.803993225097656250e+00
5.856219291687011719e+00
4.788111686706542969e+00
4.650002956390380859e+00
5.384363174438476562e+00
5.842110157012939453e+00
5.273780822753906250e+00
5.114999771118164062e+00
5.967811584472656250e+00
4.690234661102294922e+00
5.038360118865966797e+00
6.692065238952636719e+00
5.619055271148681641e+00
5.051453590393066406e+00
4.376583576202392578e+00
3.562788248062133789e+00
4.227457046508789062e+00
5.013844490051269531e+00
5.609795570373535156e+00
4.469526767730712891e+00
5.298928260803222656e+00
4.903011798858642578e+00
5.145442008972167969e+00
4.468167304992675781e+00
6.742792606353759766e+00
4.053341388702392578e+00
4.886769771575927734e+00
4.460564136505126953e+00
4.470406532287597656e+00
7.625765323638916016e+00
4.754337310791015625e+00
5.241807937622070312e+00
5.013736248016357422e+00
6.617757320404052734e+00
4.977002143859863281e+00
6.656777381896972656e+00
6.297101497650146484e+00
4.264184951782226562e+00
6.290163993835449219e+00
4.376202583312988281e+00
3.464556694030761719e+00
5.910720348358154297e+00
3.980222463607788086e+00
4.616534709930419922e+00
5.108497619628906250e+00
5.836868762969970703e+00
5.011479377746582031e+00
6.699423313140869141e+00
4.546648979187011719e+00
4.372561454772949219e+00
3.115386009216308594e+00
4.140316963195800781e+00
4.038834095001220703e+00
5.619752883911132812e+00
5.120725631713867188e+00
4.814520835876464844e+00
4.550244808197021484e+00
6.713241577148437500e+00
5.568610191345214844e+00
6.114985466003417969e+00
4.827571868896484375e+00
5.321361541748046875e+00
4.722837448120117188e+00
4.189334869384765625e+00
3.990332365036010742e+00
4.958032608032226562e+00
5.902662754058837891e+00
6.422773361206054688e+00
4.957544803619384766e+00
4.105535984039306641e+00
3.798674583435058594e+00
4.234366416931152344e+00
5.466482639312744141e+00
7.503358840942382812e+00
6.670897483825683594e+00
5.215468406677246094e+00
5.275197505950927734e+00
4.007544517517089844e+00
4.436686038970947266e+00
3.737342119216918945e+00
5.046156883239746094e+00
6.973117828369140625e+00
3.413039207458496094e+00
5.095266342163085938e+00
5.479593276977539062e+00
6.320430278778076172e+00
4.546102523803710938e+00
5.854915618896484375e+00
6.908491134643554688e+00
4.219092845916748047e+00
6.673686504364013672e+00
5.632817268371582031e+00
6.107433795928955078e+00
4.726366043090820312e+00
3.829120635986328125e+00
5.990552902221679688e+00
6.200128555297851562e+00
6.371034622192382812e+00
8.128960609436035156e+00
4.514914989471435547e+00
5.749370574951171875e+00
6.287227630615234375e+00
4.969088554382324219e+00
5.145564556121826172e+00
6.809849739074707031e+00
4.686686992645263672e+00
3.434803962707519531e+00
3.687627553939819336e+00
5.110692977905273438e+00
4.766708374023437500e+00
4.653367996215820312e+00
5.945749282836914062e+00
5.168087959289550781e+00
3.856211662292480469e+00
5.362829208374023438e+00
4.047163963317871094e+00
6.274677276611328125e+00
6.857158660888671875e+00
4.287358760833740234e+00
4.664282798767089844e+00
4.347313404083251953e+00
5.191010475158691406e+00
5.425428390502929688e+00
4.349550247192382812e+00
4.577533245086669922e+00
5.167446136474609375e+00
4.724640846252441406e+00
4.232142925262451172e+00
4.448844432830810547e+00
3.443755865097045898e+00
4.445283889770507812e+00
7.328863620758056641e+00
5.169586181640625000e+00
6.251585960388183594e+00
6.666839599609375000e+00
4.264143466949462891e+00
4.318020343780517578e+00
4.998944282531738281e+00
5.590006828308105469e+00
4.117915630340576172e+00
4.743124008178710938e+00
4.069242954254150391e+00
5.418195247650146484e+00
4.390992164611816406e+00
5.765373229980468750e+00
5.082120895385742188e+00
3.919925212860107422e+00
5.275086879730224609e+00
4.465128898620605469e+00
4.724267005920410156e+00
5.483109951019287109e+00
5.898221015930175781e+00
4.852627277374267578e+00
4.308160781860351562e+00
4.373425483703613281e+00
5.672657012939453125e+00
5.130582809448242188e+00
5.198642253875732422e+00
7.026066780090332031e+00
5.983353614807128906e+00
5.264880180358886719e+00
5.954625129699707031e+00
3.295372486114501953e+00
6.500118732452392578e+00
5.212421894073486328e+00
6.095144748687744141e+00
5.098395824432373047e+00
4.460720062255859375e+00
4.875926017761230469e+00
4.770351886749267578e+00
4.882259368896484375e+00
5.642244815826416016e+00
5.687967777252197266e+00
5.236420154571533203e+00
4.331916809082031250e+00
3.721773624420166016e+00
6.378231525421142578e+00
4.019062995910644531e+00
5.445061206817626953e+00
5.974148273468017578e+00
3.909208059310913086e+00
3.842408418655395508e+00
4.589677333831787109e+00
4.530715942382812500e+00
4.748519897460937500e+00
4.963994026184082031e+00
3.704665422439575195e+00
4.173903942108154297e+00
4.102063179016113281e+00
5.904790878295898438e+00
3.055726528167724609e+00
5.067905902862548828e+00
4.457180023193359375e+00
5.571942806243896484e+00
5.264223575592041016e+00
4.687864780426025391e+00
3.996636629104614258e+00
4.379848957061767578e+00
3.723318099975585938e+00
6.377666950225830078e+00
5.716916084289550781e+00
7.473122119903564453e+00
4.860503673553466797e+00
7.044001579284667969e+00
4.769451618194580078e+00
5.750724792480468750e+00
4.990359306335449219e+00
6.963459014892578125e+00
3.379923105239868164e+00
6.459527492523193359e+00
6.200841903686523438e+00
5.598937511444091797e+00
6.543421745300292969e+00
5.127579212188720703e+00
4.038838386535644531e+00
6.296091079711914062e+00
8.662213325500488281e+00
5.817111968994140625e+00
4.969150066375732422e+00
5.444555759429931641e+00
5.523033142089843750e+00
4.742530345916748047e+00
3.473614931106567383e+00
4.342926025390625000e+00
7.153862953186035156e+00
5.775031566619873047e+00
5.288179397583007812e+00
5.572943210601806641e+00
5.340013980865478516e+00
4.784415245056152344e+00
3.739507675170898438e+00
5.811505794525146484e+00
4.723966598510742188e+00
4.364150524139404297e+00
7.676370620727539062e+00
5.181054592132568359e+00
5.490924835205078125e+00
5.571492195129394531e+00
4.604201793670654297e+00
5.166088581085205078e+00
5.161443233489990234e+00
6.552749633789062500e+00
6.156896114349365234e+00
5.941165447235107422e+00
4.717527866363525391e+00
5.843230247497558594e+00
5.729538917541503906e+00
3.872228622436523438e+00
6.250939846038818359e+00
8.154725074768066406e+00
6.245048999786376953e+00
3.749310493469238281e+00
4.512669563293457031e+00
6.037264823913574219e+00
4.825003147125244141e+00
4.244407653808593750e+00
5.564378738403320312e+00
5.259588241577148438e+00
4.632350444793701172e+00
3.563527107238769531e+00
3.541264772415161133e+00
5.766744613647460938e+00
3.798154354095458984e+00
4.799838542938232422e+00
3.803542613983154297e+00
4.898202419281005859e+00
5.729107379913330078e+00
4.992340564727783203e+00
5.392107009887695312e+00
4.660016536712646484e+00
3.987870931625366211e+00
5.126202106475830078e+00
4.547610282897949219e+00
6.257067203521728516e+00
3.775949716567993164e+00
6.056788921356201172e+00
3.941557884216308594e+00
3.376596927642822266e+00
4.583275794982910156e+00
5.153171062469482422e+00
4.470502853393554688e+00
4.956229686737060547e+00
6.814869880676269531e+00
4.930844306945800781e+00
5.441147327423095703e+00
4.797436714172363281e+00
6.216607093811035156e+00
4.122624874114990234e+00
5.469249248504638672e+00
5.021946430206298828e+00
5.276359081268310547e+00
6.011770248413085938e+00
3.485992908477783203e+00
6.303613185882568359e+00
4.535665512084960938e+00
4.664048194885253906e+00
3.336202621459960938e+00
5.107948780059814453e+00
3.460582256317138672e+00
4.669288158416748047e+00
5.324008464813232422e+00
5.606073379516601562e+00
4.884254455566406250e+00
4.958098411560058594e+00
3.982969045639038086e+00
4.698208808898925781e+00
4.380075931549072266e+00
6.922434329986572266e+00
5.174406528472900391e+00
4.447028636932373047e+00
4.428443908691406250e+00
5.153535366058349609e+00
5.041788578033447266e+00
3.687742710113525391e+00
5.458202838897705078e+00
5.381814002990722656e+00
5.231954097747802734e+00
5.633323669433593750e+00
3.993232727050781250e+00
3.238262653350830078e+00
4.039642810821533203e+00
4.685151576995849609e+00
4.125204563140869141e+00
5.194554805755615234e+00
4.855706214904785156e+00
6.051965713500976562e+00
4.544968128204345703e+00
3.800515174865722656e+00
4.482192516326904297e+00
4.933070659637451172e+00
4.587431430816650391e+00
4.938133239746093750e+00
5.014031410217285156e+00
3.877791881561279297e+00
4.123559474945068359e+00
5.640085697174072266e+00
5.764076709747314453e+00
4.476870059967041016e+00
5.871052742004394531e+00
5.668309688568115234e+00
6.323263645172119141e+00
4.836248397827148438e+00
6.665075778961181641e+00
3.837166547775268555e+00
5.256867885589599609e+00
4.450991630554199219e+00
4.586299419403076172e+00
5.468677997589111328e+00
4.885183811187744141e+00
4.951524734497070312e+00
4.321281909942626953e+00
5.061773777008056641e+00
4.184159278869628906e+00
5.146046638488769531e+00
5.846348285675048828e+00
7.165623664855957031e+00
4.753862380981445312e+00
5.410841464996337891e+00
5.070752620697021484e+00
5.959224224090576172e+00
4.204656124114990234e+00
3.377941846847534180e+00
7.482015609741210938e+00
4.672120094299316406e+00
4.552600383758544922e+00
4.902930259704589844e+00
4.422344207763671875e+00
6.746247291564941406e+00
5.647994995117187500e+00
4.155618667602539062e+00
3.968638658523559570e+00
5.861566066741943359e+00
3.515251398086547852e+00
5.370815277099609375e+00
5.300850391387939453e+00
5.065228462219238281e+00
4.928319931030273438e+00
5.023179054260253906e+00
4.179333209991455078e+00
5.055142402648925781e+00
3.501396656036376953e+00
3.943961381912231445e+00
5.341588973999023438e+00
3.179786682128906250e+00
6.558516979217529297e+00
3.301869869232177734e+00
5.600328445434570312e+00
4.978366374969482422e+00
5.737518310546875000e+00
9.232707977294921875e+00
4.509337902069091797e+00
3.754906654357910156e+00
4.774215221405029297e+00
4.492242336273193359e+00
5.076058387756347656e+00
5.976286888122558594e+00
4.769042491912841797e+00
5.543117523193359375e+00
4.212907314300537109e+00
4.536479949951171875e+00
4.083618640899658203e+00
5.793551445007324219e+00
4.307051181793212891e+00
5.692527770996093750e+00
3.391586303710937500e+00
4.811738014221191406e+00
4.665457248687744141e+00
5.467529773712158203e+00
4.947414875030517578e+00
4.377082347869873047e+00
4.193005084991455078e+00
6.395635604858398438e+00
6.053493022918701172e+00
5.800505161285400391e+00
4.159127712249755859e+00
4.176591873168945312e+00
5.877338409423828125e+00
4.839925765991210938e+00
5.140456676483154297e+00
3.774916887283325195e+00
6.203907489776611328e+00
6.419348716735839844e+00
4.388031005859375000e+00
5.484747886657714844e+00
4.701648712158203125e+00
3.858449697494506836e+00
3.992123603820800781e+00
4.854921340942382812e+00
3.672732830047607422e+00
4.682276725769042969e+00
3.896003961563110352e+00
3.387769222259521484e+00
5.385095596313476562e+00
4.231378078460693359e+00
4.922059535980224609e+00
5.311813831329345703e+00
3.790678501129150391e+00
7.276546478271484375e+00
4.442907333374023438e+00
3.877126932144165039e+00
4.763073921203613281e+00
4.088229656219482422e+00
5.004772186279296875e+00
5.048512935638427734e+00
5.199539661407470703e+00
6.170176506042480469e+00
5.183150768280029297e+00
6.019293785095214844e+00
4.236927986145019531e+00
7.283604145050048828e+00
4.623186111450195312e+00
6.345654010772705078e+00
4.037342548370361328e+00
5.644207954406738281e+00
5.648578166961669922e+00
5.030929088592529297e+00
3.821288108825683594e+00
4.086090564727783203e+00
5.455893039703369141e+00
3.778030633926391602e+00
5.038775920867919922e+00
4.571012496948242188e+00
4.833475112915039062e+00
4.179554939270019531e+00
5.368975639343261719e+00
3.741769313812255859e+00
4.249014854431152344e+00
3.531323432922363281e+00
3.541609287261962891e+00
4.847579956054687500e+00
3.219930648803710938e+00
5.296209812164306641e+00
4.394527912139892578e+00
3.716016054153442383e+00
3.512112617492675781e+00
6.326223373413085938e+00
5.760599613189697266e+00
3.321000337600708008e+00
4.061996936798095703e+00
6.444087982177734375e+00
5.233010768890380859e+00
6.316060543060302734e+00
3.574765205383300781e+00
4.939374923706054688e+00
6.288591861724853516e+00
3.772622585296630859e+00
3.908267498016357422e+00
4.068827152252197266e+00
5.738637447357177734e+00
6.004469871520996094e+00
3.490250110626220703e+00
3.627562761306762695e+00
5.606281280517578125e+00
4.085296154022216797e+00
3.549632072448730469e+00
4.706550121307373047e+00
5.991334438323974609e+00
3.703177928924560547e+00
3.904093980789184570e+00
5.955846309661865234e+00
3.158037185668945312e+00
3.903634786605834961e+00
5.842058181762695312e+00
4.254856109619140625e+00
5.431291580200195312e+00
5.403603553771972656e+00
5.099786758422851562e+00
3.642836570739746094e+00
4.249209403991699219e+00
5.243562698364257812e+00
5.337906360626220703e+00
4.806748390197753906e+00
4.369151115417480469e+00
5.385381698608398438e+00
4.717492580413818359e+00
6.452424526214599609e+00
5.606986999511718750e+00
5.068501949310302734e+00
4.211703777313232422e+00
5.250986576080322266e+00
3.733289957046508789e+00
4.378485202789306641e+00
4.318296909332275391e+00
3.031628370285034180e+00
3.613041639328002930e+00
5.692153453826904297e+00
3.684102296829223633e+00
2.961470603942871094e+00
6.288145065307617188e+00
3.224251031875610352e+00
4.860435962677001953e+00
5.007797718048095703e+00
4.164034366607666016e+00
4.768851280212402344e+00
5.059503555297851562e+00
4.669831752777099609e+00
4.088635921478271484e+00
6.810098648071289062e+00
5.870628833770751953e+00
4.579333782196044922e+00
3.835369110107421875e+00
4.389286041259765625e+00
5.282169818878173828e+00
4.446931838989257812e+00
6.206166267395019531e+00
3.989628076553344727e+00
4.913826942443847656e+00
5.188397884368896484e+00
3.571910858154296875e+00
5.746405601501464844e+00
4.312974452972412109e+00
6.361777305603027344e+00
4.392305374145507812e+00
5.686140537261962891e+00
3.448616027832031250e+00
3.323790550231933594e+00
4.612616539001464844e+00
2.873721122741699219e+00
6.093348503112792969e+00
6.217944145202636719e+00
4.925451755523681641e+00
4.711070537567138672e+00
4.174767971038818359e+00
5.163526058197021484e+00
5.790170669555664062e+00
5.007763385772705078e+00
3.872910499572753906e+00
6.617742061614990234e+00
4.738505840301513672e+00
3.450547218322753906e+00
4.405482769012451172e+00
5.324915885925292969e+00
6.297788619995117188e+00
6.486903190612792969e+00
3.988892078399658203e+00
5.053450107574462891e+00
4.329007625579833984e+00
4.213267326354980469e+00
3.447078466415405273e+00
5.046080112457275391e+00
4.460788726806640625e+00
6.253902435302734375e+00
5.757997035980224609e+00
4.310595512390136719e+00
6.855957984924316406e+00
6.191586494445800781e+00
3.382365942001342773e+00
5.541156768798828125e+00
6.975023746490478516e+00
4.205337047576904297e+00
4.080583095550537109e+00
6.152266979217529297e+00
3.871880531311035156e+00
3.888402700424194336e+00
5.311927795410156250e+00
4.778102397918701172e+00
4.436876296997070312e+00
3.712890625000000000e+00
5.481371402740478516e+00
3.896736860275268555e+00
3.001231908798217773e+00
5.420708179473876953e+00
5.621527671813964844e+00
4.436431884765625000e+00
4.498274803161621094e+00
4.278473377227783203e+00
4.313819408416748047e+00
3.698433876037597656e+00
3.877578496932983398e+00
4.896582126617431641e+00
3.610972166061401367e+00
5.099018096923828125e+00
5.815994739532470703e+00
4.088265895843505859e+00
5.844556331634521484e+00
4.645289421081542969e+00
4.895783424377441406e+00
6.267794132232666016e+00
3.588190317153930664e+00
5.147643566131591797e+00
4.340017318725585938e+00
6.952324390411376953e+00
3.885195732116699219e+00
3.304249286651611328e+00
6.658286094665527344e+00
4.629497528076171875e+00
4.916963577270507812e+00
3.935300827026367188e+00
5.636898040771484375e+00
3.573777198791503906e+00
3.216459035873413086e+00
5.008263111114501953e+00
5.152541637420654297e+00
6.423876285552978516e+00
3.567872762680053711e+00
5.273530483245849609e+00
4.426811218261718750e+00
5.342893123626708984e+00
4.110646724700927734e+00
3.920936584472656250e+00
4.799737930297851562e+00
4.479350090026855469e+00
5.573366641998291016e+00
3.663872241973876953e+00
5.585339069366455078e+00
5.483653545379638672e+00
4.725268363952636719e+00
5.432670116424560547e+00
3.839813470840454102e+00
4.449753761291503906e+00
4.720669746398925781e+00
4.331259727478027344e+00
5.359609127044677734e+00
4.597268104553222656e+00
5.556884288787841797e+00
4.076264858245849609e+00
5.622651100158691406e+00
5.493419170379638672e+00
3.723716974258422852e+00
3.486377716064453125e+00
4.664533615112304688e+00
3.893105745315551758e+00
5.129543304443359375e+00
5.280592918395996094e+00
4.612860202789306641e+00
4.125075817108154297e+00
4.851251602172851562e+00
4.451635837554931641e+00
3.777035951614379883e+00
4.382493972778320312e+00
4.731472492218017578e+00
4.909605979919433594e+00
3.787260532379150391e+00
5.482741355895996094e+00
4.394020557403564453e+00
5.786495208740234375e+00
5.196976661682128906e+00
4.078770637512207031e+00
4.305856704711914062e+00
4.717418193817138672e+00
4.006538391113281250e+00
5.074169635772705078e+00
5.086587905883789062e+00
4.133942604064941406e+00
5.478475570678710938e+00
4.186599731445312500e+00
4.925104618072509766e+00
4.837848186492919922e+00
5.723393917083740234e+00
4.122031688690185547e+00
6.070095062255859375e+00
3.170583486557006836e+00
3.163161754608154297e+00
5.531419277191162109e+00
4.545684814453125000e+00
3.743680477142333984e+00
7.405448436737060547e+00
5.457187652587890625e+00
4.217073917388916016e+00
3.895601511001586914e+00
3.513537168502807617e+00
4.853243350982666016e+00
4.575973033905029297e+00
6.048345088958740234e+00
4.116683006286621094e+00
4.718316078186035156e+00
5.577840328216552734e+00
5.369702339172363281e+00
4.644462585449218750e+00
4.019179344177246094e+00
4.354892730712890625e+00
4.259475708007812500e+00
5.261795997619628906e+00
5.380797386169433594e+00
3.900696277618408203e+00
4.156600952148437500e+00
3.754542589187622070e+00
5.059817314147949219e+00
4.943315982818603516e+00
6.605624198913574219e+00
5.310490608215332031e+00
4.373947620391845703e+00
3.436283826828002930e+00
3.481322765350341797e+00
3.355014562606811523e+00
4.246189117431640625e+00
5.991353988647460938e+00
4.022629737854003906e+00
3.850345134735107422e+00
7.584190368652343750e+00
5.619235992431640625e+00
5.803873062133789062e+00
4.047964096069335938e+00
4.739752769470214844e+00
5.246692180633544922e+00
4.309892177581787109e+00
3.361455917358398438e+00
5.153461456298828125e+00
4.507047653198242188e+00
5.359487533569335938e+00
4.202306747436523438e+00
6.216271400451660156e+00
6.343148231506347656e+00
3.699812889099121094e+00
4.564110279083251953e+00
4.467259407043457031e+00
4.346795558929443359e+00
4.714223861694335938e+00
4.240269660949707031e+00
5.300574302673339844e+00
3.558326244354248047e+00
4.628800392150878906e+00
4.762078762054443359e+00
4.459776401519775391e+00
5.754928588867187500e+00
3.271614074707031250e+00
4.962292194366455078e+00
5.228563785552978516e+00
4.486843109130859375e+00
4.613869667053222656e+00
5.058274269104003906e+00
4.604887962341308594e+00
4.052573680877685547e+00
5.812134265899658203e+00
4.168881416320800781e+00
4.234061717987060547e+00
6.045311927795410156e+00
4.818198204040527344e+00
3.788559675216674805e+00
3.909257173538208008e+00
4.734612941741943359e+00
4.168663024902343750e+00
5.468572139739990234e+00
3.431678533554077148e+00
4.256499767303466797e+00
5.795770168304443359e+00
3.922711849212646484e+00
5.392103195190429688e+00
4.062794685363769531e+00
5.195351123809814453e+00
4.261744022369384766e+00
3.649185657501220703e+00
6.357847690582275391e+00
4.864734172821044922e+00
3.131206989288330078e+00
5.670980453491210938e+00
5.842858314514160156e+00
4.346475601196289062e+00
4.892893791198730469e+00
6.287033557891845703e+00
4.702477455139160156e+00
5.097732543945312500e+00
4.279255390167236328e+00
3.390150070190429688e+00
4.957985877990722656e+00
4.879671096801757812e+00
4.837113380432128906e+00
3.774718761444091797e+00
4.309109210968017578e+00
5.372031688690185547e+00
4.199094295501708984e+00
3.213636636734008789e+00
5.816253662109375000e+00
3.518319606781005859e+00
3.743071794509887695e+00
4.725027084350585938e+00
3.970392704010009766e+00
4.252772808074951172e+00
3.302452564239501953e+00
6.812604904174804688e+00
3.921896696090698242e+00
4.501660346984863281e+00
5.155889511108398438e+00
4.970393657684326172e+00
4.663801193237304688e+00
5.940037250518798828e+00
4.052958965301513672e+00
4.912592887878417969e+00
4.253035068511962891e+00
3.553403854370117188e+00
5.070395469665527344e+00
4.557392120361328125e+00
4.964252471923828125e+00
4.875250816345214844e+00
4.536762714385986328e+00
5.516716480255126953e+00
3.251250028610229492e+00
3.796266555786132812e+00
4.051939487457275391e+00
4.501648902893066406e+00
3.746695280075073242e+00
3.771648645401000977e+00
4.799521923065185547e+00
6.462072372436523438e+00
5.156990528106689453e+00
3.795704841613769531e+00
5.387050628662109375e+00
4.367445468902587891e+00
3.729267120361328125e+00
5.063412189483642578e+00
5.866124629974365234e+00
2.990527153015136719e+00
3.866374492645263672e+00
5.097245693206787109e+00
3.386617898941040039e+00
3.891178846359252930e+00
4.844929218292236328e+00
6.587090492248535156e+00
5.577676773071289062e+00
4.524375915527343750e+00
5.537536621093750000e+00
4.775442123413085938e+00
5.982969284057617188e+00
5.284677028656005859e+00
4.203643321990966797e+00
4.141642570495605469e+00
4.500487804412841797e+00
4.992959022521972656e+00
4.844450473785400391e+00
4.626690387725830078e+00
4.706207275390625000e+00
5.767900943756103516e+00
4.695284366607666016e+00
3.994625568389892578e+00
4.226778030395507812e+00
5.305235385894775391e+00
3.650744438171386719e+00
4.027731418609619141e+00
4.757219791412353516e+00
5.656980037689208984e+00
7.159965515136718750e+00
5.116177558898925781e+00
4.262044429779052734e+00
3.455289125442504883e+00
4.023478984832763672e+00
3.983839511871337891e+00
5.424085140228271484e+00
4.903609752655029297e+00
4.952447414398193359e+00
4.348686218261718750e+00
4.313998699188232422e+00
5.018868446350097656e+00
3.517095804214477539e+00
4.029590606689453125e+00
6.686555862426757812e+00
5.373042583465576172e+00
3.327516555786132812e+00
3.392574787139892578e+00
4.529984474182128906e+00
3.784696817398071289e+00
5.345704078674316406e+00
5.751603126525878906e+00
4.110949039459228516e+00
3.340077877044677734e+00
4.471960544586181641e+00
4.742236614227294922e+00
4.118451118469238281e+00
3.487688302993774414e+00
6.826500892639160156e+00
4.955812931060791016e+00
4.522422790527343750e+00
3.947501897811889648e+00
4.677721977233886719e+00
4.023454189300537109e+00
5.830660820007324219e+00
3.565893173217773438e+00
3.307173013687133789e+00
4.545609474182128906e+00
4.908030033111572266e+00
4.575371265411376953e+00
4.491598129272460938e+00
6.366524219512939453e+00
5.183047294616699219e+00
3.967978000640869141e+00
4.227829933166503906e+00
3.362406730651855469e+00
3.369597434997558594e+00
6.134067535400390625e+00
4.402861118316650391e+00
4.460260391235351562e+00
4.135359287261962891e+00
5.121116161346435547e+00
3.688515901565551758e+00
3.709455966949462891e+00
4.618530750274658203e+00
8.170227050781250000e+00
4.679943084716796875e+00
4.112655639648437500e+00
5.149344444274902344e+00
6.026699542999267578e+00
5.235934734344482422e+00
5.259933948516845703e+00
6.326370716094970703e+00
4.952898979187011719e+00
4.555496215820312500e+00
3.255723476409912109e+00
3.602507352828979492e+00
4.239778995513916016e+00
5.081232547760009766e+00
4.392620563507080078e+00
3.461155414581298828e+00
4.048551082611083984e+00
5.300948143005371094e+00
4.441661834716796875e+00
4.767508983612060547e+00
3.377658843994140625e+00
4.499219894409179688e+00
4.449045181274414062e+00
4.227789402008056641e+00
5.454613685607910156e+00
4.224261283874511719e+00
4.503956794738769531e+00
4.832949161529541016e+00
7.958220005035400391e+00
3.829674243927001953e+00
4.676370143890380859e+00
3.916618824005126953e+00
4.009853363037109375e+00
6.119373798370361328e+00
4.581884384155273438e+00
3.750429630279541016e+00
4.124034404754638672e+00
5.147422790527343750e+00
4.416298389434814453e+00
3.422716856002807617e+00
3.626198053359985352e+00
4.080338954925537109e+00
3.359757423400878906e+00
3.357060909271240234e+00
3.217676401138305664e+00
3.946634054183959961e+00
5.659415245056152344e+00
3.490434646606445312e+00
6.127370357513427734e+00
4.265716075897216797e+00
4.637003421783447266e+00
3.366711616516113281e+00
6.215346813201904297e+00
4.104697227478027344e+00
5.693322181701660156e+00
6.188745021820068359e+00
3.272839546203613281e+00
3.830904960632324219e+00
4.696626186370849609e+00
4.311724662780761719e+00
6.020293712615966797e+00
5.426480770111083984e+00
4.360874176025390625e+00
4.401604652404785156e+00
5.101560115814208984e+00
4.988308429718017578e+00
3.576434612274169922e+00
3.573733091354370117e+00
4.285721302032470703e+00
4.510312557220458984e+00
4.646087169647216797e+00
3.662490844726562500e+00
5.854019641876220703e+00
3.723848342895507812e+00
4.644694805145263672e+00
4.272654056549072266e+00
4.838897705078125000e+00
4.374079227447509766e+00
5.821647167205810547e+00
4.665590286254882812e+00
3.890905618667602539e+00
4.892043590545654297e+00
4.231214523315429688e+00
4.615549564361572266e+00
3.786320447921752930e+00
4.756181240081787109e+00
4.395971775054931641e+00
6.230931758880615234e+00
3.812729358673095703e+00
3.328622341156005859e+00
3.973166465759277344e+00
5.607432842254638672e+00
4.720394611358642578e+00
5.008723258972167969e+00
4.366508007049560547e+00
5.035728454589843750e+00
5.007633686065673828e+00
4.779684543609619141e+00
3.630536317825317383e+00
4.839118480682373047e+00
3.091760158538818359e+00
3.571788311004638672e+00
5.262347221374511719e+00
5.118611335754394531e+00
5.518221855163574219e+00
5.005068302154541016e+00
4.779584407806396484e+00
3.355704069137573242e+00
4.874974250793457031e+00
3.807968139648437500e+00
4.736472129821777344e+00
5.787526130676269531e+00
3.431019783020019531e+00
3.559758186340332031e+00
2.185030460357666016e+00
5.254218578338623047e+00
5.409986019134521484e+00
5.390287399291992188e+00
3.605853557586669922e+00
7.008562564849853516e+00
6.051277637481689453e+00
3.781002998352050781e+00
4.690890789031982422e+00
3.956195592880249023e+00
3.977632522583007812e+00
5.489109039306640625e+00
4.937170982360839844e+00
4.448802471160888672e+00
3.459219694137573242e+00
4.232500553131103516e+00
3.619062185287475586e+00
3.960784435272216797e+00
5.701611042022705078e+00
5.587676048278808594e+00
4.801874637603759766e+00
5.579393386840820312e+00
5.059689044952392578e+00
4.568442344665527344e+00
5.996516704559326172e+00
2.864223241806030273e+00
3.584073781967163086e+00
3.088876008987426758e+00
4.523627758026123047e+00
3.699409008026123047e+00
3.437802314758300781e+00
3.804099559783935547e+00
4.358281612396240234e+00
5.148661136627197266e+00
3.727773666381835938e+00
3.730328321456909180e+00
4.577499866485595703e+00
4.818636417388916016e+00
4.041534900665283203e+00
3.470729589462280273e+00
5.378960609436035156e+00
4.115016460418701172e+00
3.251326084136962891e+00
4.935563087463378906e+00
6.016663551330566406e+00
4.389489650726318359e+00
4.609040737152099609e+00
6.719148159027099609e+00
4.737339973449707031e+00
5.323596000671386719e+00
5.283726215362548828e+00
3.321714162826538086e+00
3.571064233779907227e+00
4.938989639282226562e+00
5.075444698333740234e+00
4.227357864379882812e+00
4.577606201171875000e+00
4.106863975524902344e+00
4.951359272003173828e+00
4.767165660858154297e+00
3.737324714660644531e+00
5.232199192047119141e+00
3.829788208007812500e+00
3.815413951873779297e+00
4.858021259307861328e+00
3.997728586196899414e+00
3.982059478759765625e+00
4.742145061492919922e+00
6.477321624755859375e+00
4.759094238281250000e+00
4.157094955444335938e+00
5.312294006347656250e+00
3.289644002914428711e+00
6.065264701843261719e+00
3.388344287872314453e+00
5.476659297943115234e+00
4.823318958282470703e+00
4.041230678558349609e+00
5.796585559844970703e+00
3.626205921173095703e+00
3.595289468765258789e+00
3.667146205902099609e+00
3.645863533020019531e+00
5.520585536956787109e+00
3.883022308349609375e+00
3.981718301773071289e+00
4.278025150299072266e+00
4.263899326324462891e+00
3.650466680526733398e+00
4.424019813537597656e+00
4.239555358886718750e+00
3.585232257843017578e+00
4.172676563262939453e+00
5.557284355163574219e+00
4.697379589080810547e+00
5.246001243591308594e+00
3.852348327636718750e+00
6.589812755584716797e+00
4.853670120239257812e+00
4.058988571166992188e+00
4.684386253356933594e+00
4.962288856506347656e+00
4.152290344238281250e+00
4.637858390808105469e+00
3.558357000350952148e+00
3.885197877883911133e+00
4.038028717041015625e+00
4.712610244750976562e+00
4.773557662963867188e+00
4.646003246307373047e+00
4.215764999389648438e+00
3.930969953536987305e+00
3.644531488418579102e+00
4.949049472808837891e+00
4.933146476745605469e+00
3.991991281509399414e+00
4.364287376403808594e+00
4.403033256530761719e+00
5.123926162719726562e+00
4.915949344635009766e+00
4.414888858795166016e+00
4.065690517425537109e+00
4.277200698852539062e+00
3.475397109985351562e+00
5.520097732543945312e+00
4.178167343139648438e+00
3.663323402404785156e+00
3.806756734848022461e+00
5.171810150146484375e+00
4.622778892517089844e+00
5.458336353302001953e+00
3.186506748199462891e+00
4.332527160644531250e+00
5.332035064697265625e+00
4.151839256286621094e+00
3.871079921722412109e+00
3.608195781707763672e+00
5.101518630981445312e+00
4.781297683715820312e+00
5.718972682952880859e+00
4.277775764465332031e+00
6.266962051391601562e+00
4.904512405395507812e+00
4.249539852142333984e+00
2.945167303085327148e+00
5.144389629364013672e+00
3.982087135314941406e+00
4.155638217926025391e+00
3.557094812393188477e+00
4.153500556945800781e+00
4.122354984283447266e+00
3.832731723785400391e+00
2.944224119186401367e+00
4.361157894134521484e+00
4.886747360229492188e+00
4.622992992401123047e+00
4.582367420196533203e+00
3.993272304534912109e+00
5.456769466400146484e+00
5.294595718383789062e+00
3.802090406417846680e+00
3.698077678680419922e+00
6.043012619018554688e+00
4.529639244079589844e+00
5.244107723236083984e+00
4.318636894226074219e+00
4.589723587036132812e+00
3.541643142700195312e+00
5.074715137481689453e+00
5.708502292633056641e+00
4.770554542541503906e+00
4.661969184875488281e+00
4.399836540222167969e+00
5.206642150878906250e+00
5.125398635864257812e+00
5.873409748077392578e+00
5.908098697662353516e+00
4.903888702392578125e+00
3.585097312927246094e+00
5.383315086364746094e+00
4.429226875305175781e+00
3.883881568908691406e+00
3.879396438598632812e+00
4.887145042419433594e+00
4.166081428527832031e+00
4.487988948822021484e+00
4.010085582733154297e+00
3.190469264984130859e+00
4.181887149810791016e+00
2.988794565200805664e+00
4.771546363830566406e+00
4.862241268157958984e+00
3.213788747787475586e+00
3.548274755477905273e+00
3.271928071975708008e+00
6.188136577606201172e+00
5.422334194183349609e+00
5.858868598937988281e+00
4.100292205810546875e+00
5.546329498291015625e+00
3.410993814468383789e+00
5.709704875946044922e+00
5.172258377075195312e+00
4.078781127929687500e+00
5.187122821807861328e+00
2.803685903549194336e+00
6.101221561431884766e+00
4.308026313781738281e+00
3.286609649658203125e+00
5.009892940521240234e+00
6.170989036560058594e+00
4.324488639831542969e+00
3.701079368591308594e+00
4.265429973602294922e+00
3.924338579177856445e+00
4.967476367950439453e+00
2.960018157958984375e+00
6.180735111236572266e+00
3.975623846054077148e+00
4.421958923339843750e+00
3.925035238265991211e+00
4.225568294525146484e+00
5.175561904907226562e+00
4.721522808074951172e+00
4.051640033721923828e+00
4.948122024536132812e+00
4.203656196594238281e+00
5.454463005065917969e+00
4.668816089630126953e+00
4.456940650939941406e+00
4.672052383422851562e+00
4.332336425781250000e+00
4.064609050750732422e+00
4.444841384887695312e+00
3.720868825912475586e+00
3.500391244888305664e+00
4.492468357086181641e+00
4.366168022155761719e+00
4.372771263122558594e+00
4.940923690795898438e+00
4.934497356414794922e+00
4.476453781127929688e+00
5.086162567138671875e+00
3.943073272705078125e+00
4.164975166320800781e+00
4.279233455657958984e+00
4.136583328247070312e+00
4.943543910980224609e+00
5.517615795135498047e+00
4.277872085571289062e+00
4.394093990325927734e+00
3.855256557464599609e+00
5.372776031494140625e+00
5.465875625610351562e+00
4.158414840698242188e+00
3.690193414688110352e+00
3.950534582138061523e+00
5.679285526275634766e+00
3.756208896636962891e+00
2.489016056060791016e+00
4.560634613037109375e+00
4.223331928253173828e+00
5.961560249328613281e+00
4.352453231811523438e+00
4.044017791748046875e+00
4.346244335174560547e+00
4.208194732666015625e+00
4.692575454711914062e+00
5.274613857269287109e+00
2.907072067260742188e+00
5.769799232482910156e+00
4.627164363861083984e+00
5.150828361511230469e+00
4.615653514862060547e+00
3.958017587661743164e+00
3.830642461776733398e+00
5.317206859588623047e+00
5.579694747924804688e+00
4.345365047454833984e+00
4.334383010864257812e+00
3.370121240615844727e+00
3.448022603988647461e+00
3.712282419204711914e+00
4.321594715118408203e+00
5.699895381927490234e+00
5.497869014739990234e+00
4.436248779296875000e+00
4.365247726440429688e+00
3.806214570999145508e+00
3.872899055480957031e+00
5.271712779998779297e+00
5.397302150726318359e+00
3.315816402435302734e+00
3.975033044815063477e+00
4.899859428405761719e+00
4.567219257354736328e+00
4.911020278930664062e+00
2.997558355331420898e+00
4.503967761993408203e+00
5.472514629364013672e+00
4.166223526000976562e+00
5.137239456176757812e+00
4.926605224609375000e+00
5.187301635742187500e+00
3.496413469314575195e+00
4.443499565124511719e+00
3.899123430252075195e+00
4.151713371276855469e+00
5.788107872009277344e+00
5.824017047882080078e+00
3.657887220382690430e+00
4.459726333618164062e+00
5.347772598266601562e+00
4.884911537170410156e+00
2.581900119781494141e+00
4.883370876312255859e+00
6.988289833068847656e+00
5.074086666107177734e+00
4.389245033264160156e+00
3.454345703125000000e+00
5.053654670715332031e+00
3.973296165466308594e+00
5.070258617401123047e+00
4.839556694030761719e+00
4.710981845855712891e+00
5.612981796264648438e+00
4.788566589355468750e+00
4.101352691650390625e+00
3.926001548767089844e+00
4.960330486297607422e+00
4.343503952026367188e+00
5.136109352111816406e+00
4.964639186859130859e+00
4.087893009185791016e+00
4.479429721832275391e+00
4.383092880249023438e+00
3.210417985916137695e+00
3.939809083938598633e+00
4.003696441650390625e+00
4.065750598907470703e+00
5.509503364562988281e+00
2.943265438079833984e+00
4.762717247009277344e+00
3.890714406967163086e+00
4.751987934112548828e+00
4.653602600097656250e+00
3.887537717819213867e+00
3.408820867538452148e+00
4.848351955413818359e+00
6.143108367919921875e+00
4.398684501647949219e+00
4.324943065643310547e+00
6.778322696685791016e+00
4.078223705291748047e+00
3.747313022613525391e+00
4.373903751373291016e+00
3.339775323867797852e+00
4.900625705718994141e+00
4.262004375457763672e+00
3.148311614990234375e+00
5.242825508117675781e+00
4.323595046997070312e+00
4.531848430633544922e+00
3.642245531082153320e+00
5.098935127258300781e+00
6.614225387573242188e+00
3.884909152984619141e+00
5.337900638580322266e+00
4.367350101470947266e+00
3.708433151245117188e+00
3.808899641036987305e+00
4.128899097442626953e+00
2.603572368621826172e+00
3.686210632324218750e+00
3.319171428680419922e+00
4.801827907562255859e+00
6.068775177001953125e+00
4.646452903747558594e+00
3.401840448379516602e+00
4.926500797271728516e+00
4.300154685974121094e+00
4.033996582031250000e+00
4.383730411529541016e+00
6.265976428985595703e+00
4.806081295013427734e+00
4.565204143524169922e+00
3.858540534973144531e+00
4.739526271820068359e+00
4.657216548919677734e+00
4.133434295654296875e+00
5.395779132843017578e+00
5.256796836853027344e+00
6.297315120697021484e+00
4.475551605224609375e+00
3.336825847625732422e+00
5.455373764038085938e+00
4.106931686401367188e+00
4.990340232849121094e+00
4.047794818878173828e+00
4.906603336334228516e+00
3.773225307464599609e+00
2.913911104202270508e+00
4.756890773773193359e+00
3.211908340454101562e+00
4.369077682495117188e+00
3.916960239410400391e+00
5.054442405700683594e+00
5.457020759582519531e+00
5.255420207977294922e+00
4.907304286956787109e+00
4.252279758453369141e+00
4.949159622192382812e+00
5.006928443908691406e+00
4.128266334533691406e+00
5.362135887145996094e+00
3.106069564819335938e+00
5.598392963409423828e+00
4.675076007843017578e+00
4.384150505065917969e+00
4.576837539672851562e+00
2.541002988815307617e+00
5.273206233978271484e+00
4.537034034729003906e+00
3.368110179901123047e+00
3.947797536849975586e+00
4.446065902709960938e+00
5.814151763916015625e+00
3.431147336959838867e+00
4.612903594970703125e+00
3.567743062973022461e+00
3.385365009307861328e+00
4.553773880004882812e+00
4.023215293884277344e+00
4.112472057342529297e+00
6.469037055969238281e+00
4.658301353454589844e+00
3.248540401458740234e+00
4.725730419158935547e+00
5.014980316162109375e+00
3.932832479476928711e+00
4.536960124969482422e+00
4.927013874053955078e+00
4.746002197265625000e+00
4.715807914733886719e+00
6.155635356903076172e+00
3.725500822067260742e+00
4.892815113067626953e+00
3.980982303619384766e+00
3.929418087005615234e+00
2.589849233627319336e+00
5.265806674957275391e+00
3.806431293487548828e+00
5.003564357757568359e+00
4.424945831298828125e+00
4.103960514068603516e+00
4.016420841217041016e+00
4.261036872863769531e+00
3.453991889953613281e+00
5.895843505859375000e+00
4.054811954498291016e+00
4.885248184204101562e+00
2.435618638992309570e+00
5.812778472900390625e+00
4.118229389190673828e+00
4.152255058288574219e+00
4.428803920745849609e+00
5.134423732757568359e+00
4.999033451080322266e+00
3.812144756317138672e+00
4.643524169921875000e+00
4.608744144439697266e+00
3.656795501708984375e+00
3.686458110809326172e+00
4.089155197143554688e+00
4.679699897766113281e+00
4.881596088409423828e+00
3.624676704406738281e+00
6.640824794769287109e+00
2.606096029281616211e+00
3.700856447219848633e+00
3.320079088211059570e+00
5.099554061889648438e+00
3.637638568878173828e+00
4.696749687194824219e+00
5.057217597961425781e+00
3.550576210021972656e+00
3.674260854721069336e+00
5.353217601776123047e+00
3.170302867889404297e+00
4.561656951904296875e+00
4.101259708404541016e+00
4.337890625000000000e+00
4.916156291961669922e+00
3.786010265350341797e+00
3.931926488876342773e+00
3.451666593551635742e+00
4.485178947448730469e+00
4.754137039184570312e+00
6.291812896728515625e+00
4.893950939178466797e+00
4.077772140502929688e+00
5.796645164489746094e+00
3.506152868270874023e+00
5.256182193756103516e+00
3.852354764938354492e+00
4.248461723327636719e+00
4.155302524566650391e+00
6.175043106079101562e+00
2.471612930297851562e+00
4.932109832763671875e+00
3.305949449539184570e+00
4.297982692718505859e+00
3.670496940612792969e+00
4.020302295684814453e+00
5.986570835113525391e+00
3.862461328506469727e+00
4.019237518310546875e+00
3.876644849777221680e+00
3.912093639373779297e+00
4.371482372283935547e+00
4.403693675994873047e+00
3.113068342208862305e+00
4.490608692169189453e+00
4.705958366394042969e+00
4.282944202423095703e+00
