4.538560573794797165e+03
4.212244973875291180e+03
4.029635370957892974e+03
3.933063021834886968e+03
3.825030326724177485e+03
3.759328716921450450e+03
3.725963624077171517e+03
3.705996360410853413e+03
3.693757471529796931e+03
3.661668371968579322e+03
3.643109394945688564e+03
3.608567586040037440e+03
3.587699051931717804e+03
3.576841395832185299e+03
3.571267430488052923e+03
3.565459846975315031e+03
3.557823947355862401e+03
3.548268212725091871e+03
3.539620065810247070e+03
3.534154414765544061e+03
3.530534599593351686e+03
3.523415382658982253e+03
3.515440925012753723e+03
3.511828808627405579e+03
3.507772998662067039e+03
3.504832585973366349e+03
3.500673563221150289e+03
3.498326904198870125e+03
3.497115421793870155e+03
3.494518214691606772e+03
3.493108180417650146e+03
3.489020052809299614e+03
3.485056625234860348e+03
3.484606117039967558e+03
3.483568331516590661e+03
3.481891548263162804e+03
3.476472719851814873e+03
3.474362015941287609e+03
3.472153574758614923e+03
3.466019692778754234e+03
3.461434988947778038e+03
3.460205764803590682e+03
3.457645738156737934e+03
3.455010190973949193e+03
3.453270765587022197e+03
3.452374623181024162e+03
3.451565890020687220e+03
3.446991309133456070e+03
3.443484511732855026e+03
3.438678407717655773e+03
3.437897163297213410e+03
3.435231169215388945e+03
3.432437207936728555e+03
3.430993645298319279e+03
3.429993040867638683e+03
3.425865719433063532e+03
3.425147503984298964e+03
3.423231526100041265e+03
3.422353489385074681e+03
3.420803606603314620e+03
3.419622388291399602e+03
3.415734423037478336e+03
3.414856471896621315e+03
3.413697938405578952e+03
3.410842715197288271e+03
3.409340749294910438e+03
3.408215353374346705e+03
3.406299222188239582e+03
3.404005221326331593e+03
3.402597511279013816e+03
3.401214052095821899e+03
3.399041734675092357e+03
3.396542885804755770e+03
3.392907819061526425e+03
3.388726055482092761e+03
3.386678115138326575e+03
3.385246953062868670e+03
3.383472533768255289e+03
3.381882180402570611e+03
3.380306187266754023e+03
3.379141475880390772e+03
3.376848512449744248e+03
3.374645522402357074e+03
3.372540836100302840e+03
3.370654396413957329e+03
3.368357842351403178e+03
3.367354958975047794e+03
3.365105185821282703e+03
3.362783959786388095e+03
3.361268992671992237e+03
3.358561326150381319e+03
3.357652191532029974e+03
3.356469670407213016e+03
3.355385814447171470e+03
3.352018315891655675e+03
3.351558716191343592e+03
3.350048200824576270e+03
3.348673240608200103e+03
3.348643618064731982e+03
3.348224328317844538e+03
