6.981580301303933034e+00
6.678417860372709569e+00
6.394293966153592912e+00
6.129971204469668145e+00
5.886780966200598542e+00
5.658435205652796007e+00
5.445449797526006996e+00
5.248003145924822199e+00
5.064796357642349811e+00
4.891770433942478569e+00
4.732713512640340348e+00
4.582737961609814725e+00
4.442759469248862558e+00
4.310088558461948161e+00
4.187756496309734011e+00
4.072290684492253732e+00
3.965049818433319384e+00
3.863533774381552544e+00
3.765420356322144002e+00
3.674106196346137665e+00
3.588491198339184507e+00
3.508279321912511683e+00
3.431974900102111370e+00
3.358355188999820218e+00
3.289144822405732249e+00
3.222513019061756356e+00
3.159559537955081154e+00
3.102314746678587198e+00
3.045887899539665877e+00
2.993295346562197867e+00
2.941777010933561254e+00
2.894034146536487384e+00
2.846026304784879724e+00
2.801256117565530612e+00
2.759068500109190136e+00
2.716951327720202869e+00
2.676598471479292751e+00
2.638718112545308525e+00
2.601315031367309683e+00
2.565465819166937500e+00
2.531985280559865714e+00
2.499588294507133490e+00
2.466724666271304045e+00
2.436511425317072099e+00
2.408207924386244425e+00
2.378049842673354952e+00
2.347253058713373530e+00
2.319371820768636461e+00
2.294452110980079063e+00
2.268310294280865946e+00
2.244007429824328437e+00
2.220193963545650018e+00
2.197785527214496160e+00
2.176065895528951799e+00
2.152773345895205193e+00
2.132933383340272826e+00
2.111304081144072420e+00
2.090517210527831793e+00
2.071620382256279758e+00
2.049688656914927076e+00
2.030069110781328234e+00
2.010158756927926227e+00
1.990728535130236621e+00
1.972649817912188519e+00
1.954033859077116464e+00
1.934910404523623617e+00
1.918339210614913526e+00
1.898312815500216688e+00
1.881658941864926993e+00
1.865732118409217932e+00
1.846162239160115348e+00
1.830548109897496278e+00
1.815161944790157023e+00
1.800405460816273839e+00
1.783845338111065271e+00
1.769692022339766968e+00
1.753988161547215263e+00
1.739438585672442139e+00
1.725827472598780554e+00
1.710171192892948389e+00
1.697135180107647967e+00
1.683471770769877862e+00
1.668940133291312966e+00
1.653223767760902740e+00
1.639891322006053143e+00
1.626267426161516205e+00
1.612320770201368436e+00
1.598834789049152771e+00
1.584810934131955618e+00
1.571527801012311265e+00
1.558041161418414866e+00
1.545925036621060622e+00
1.533984993807515851e+00
1.520191022283593485e+00
1.507667430293693656e+00
1.494447651289686263e+00
1.482295926361006266e+00
1.469889710393139648e+00
1.457557470590033599e+00
1.446198383075522065e+00
1.434532851091079309e+00
1.423370815587039484e+00
1.412282012317797708e+00
1.401770441706476467e+00
1.391479341486052235e+00
1.380153962733160045e+00
1.369395936016478910e+00
1.359084172522532663e+00
1.348428030861669402e+00
1.338007517018664716e+00
1.327883806201409111e+00
1.317421710704597571e+00
1.306050759797311001e+00
1.296574955419560249e+00
1.287089061293169356e+00
1.276556624653486960e+00
1.266177554212899903e+00
1.257589637854908293e+00
1.248837171257251688e+00
1.240364230324251693e+00
1.231147077792831723e+00
1.222169270223518067e+00
1.211612952929362885e+00
1.201412958741017611e+00
1.193102176470702824e+00
1.184562797323828853e+00
1.176012199586141449e+00
1.168074854698087028e+00
1.159809470749519900e+00
1.152023709893075232e+00
1.144072983420537426e+00
1.136202548109832122e+00
1.128274606012702908e+00
1.121141723846462490e+00
1.113933781481139640e+00
1.106682215202253960e+00
1.099918817189083464e+00
1.092600702801755697e+00
1.085287903634514217e+00
1.076685888107239197e+00
1.068670671770883374e+00
1.061272559830008122e+00
1.054608814794370186e+00
1.048025323661999852e+00
1.041224810762033659e+00
1.034500378097021889e+00
1.028508511206597253e+00
1.019216306403673222e+00
1.012943768919182697e+00
1.006773007092345962e+00
1.000411032110142706e+00
9.940308729376208241e-01
9.874461486803826071e-01
9.811203099026117869e-01
9.755577550159525435e-01
9.697637870440523056e-01
9.640736965164745653e-01
9.559117802335567182e-01
9.503160663131506869e-01
9.449040653885799612e-01
9.389187538171608338e-01
9.332025619862550636e-01
9.278176717655314265e-01
9.228628852988168818e-01
9.168746966812011401e-01
9.117048635001244739e-01
9.062741191083856229e-01
9.008209516309778619e-01
8.934371827748012196e-01
8.887164984991954286e-01
8.835713709160901708e-01
8.788582072746490281e-01
8.741101729524907160e-01
8.683959118880039130e-01
8.634854871995196746e-01
8.583041029740351435e-01
8.535565511399819671e-01
8.487577738983045350e-01
8.445256109172567527e-01
8.371291739005831678e-01
8.329023960559086559e-01
8.283613909761643468e-01
8.242553735607783816e-01
8.195041550689627918e-01
8.152026930314276720e-01
8.108918060509178183e-01
8.065537993511825432e-01
8.023884077903998824e-01
7.971335526948657435e-01
7.929881384408294931e-01
7.885490190794733900e-01
7.845255374649414692e-01
7.803033043695795090e-01
7.736215850794764259e-01
7.697561254219899007e-01
7.656965792158998418e-01
7.616510787664086957e-01
7.573841059226648076e-01
7.536800350367629520e-01
7.499870088048788963e-01
7.461018860596274616e-01
7.413546049763621859e-01
7.377481440254362033e-01
7.339641077799028412e-01
7.305885150595707866e-01
7.267688318637869349e-01
7.232873566623438943e-01
7.190079634367833039e-01
7.150127876390774961e-01
7.103120526498326592e-01
7.068838856504313650e-01
7.034877626553222019e-01
7.000032684201464850e-01
6.965420534704105382e-01
6.928781625203338512e-01
6.896807250563314895e-01
6.862157539269412299e-01
6.823683414602585984e-01
6.790132169138500817e-01
6.757965304977177068e-01
6.722811493544643691e-01
6.692307301738336101e-01
6.661972497424967221e-01
6.621509267437706292e-01
6.588908203589629586e-01
6.555022732744519853e-01
6.506618399991435098e-01
6.474848021309137502e-01
6.440713911466953157e-01
6.410385385838354155e-01
6.374859068584352029e-01
6.344640731137421996e-01
6.315765501721453123e-01
6.285007031436184999e-01
6.253276546413369941e-01
6.225404688937422604e-01
6.195692214787685836e-01
6.168995939460434341e-01
6.139363488926596890e-01
6.113057421518709456e-01
6.087068981152404801e-01
6.040601329913624085e-01
6.010279754191099055e-01
5.982775297984668228e-01
5.956276894682164258e-01
5.933854797053688124e-01
5.905253695930826607e-01
5.879167302975484288e-01
5.854182539178151012e-01
5.826722640349853988e-01
5.803025197706118687e-01
5.776233578713977357e-01
5.750587924981227506e-01
5.727454411052443906e-01
5.704930348604698720e-01
5.678364697471011135e-01
5.655198172575433002e-01
5.631520771434095352e-01
5.607687113608487151e-01
5.585219368464895418e-01
5.563510426430180456e-01
5.522121825312319432e-01
5.499833612813067596e-01
5.478152995436574857e-01
5.454546372585165059e-01
5.431830494723842717e-01
5.409200711974482267e-01
5.384776402542935658e-01
5.364320173122879565e-01
5.340634651737310445e-01
5.318800575530139296e-01
5.297698426172112729e-01
5.259871013862909006e-01
5.237862254567268172e-01
5.216547047976540785e-01
5.195665937823539249e-01
5.173478534128603812e-01
5.154287744325597442e-01
5.135132889716896853e-01
5.113875446225604193e-01
5.089601667365419857e-01
5.068674326294686505e-01
5.048216163315790705e-01
5.028765539416022445e-01
5.009873704050781251e-01
4.987340384835804441e-01
4.966778563849528760e-01
4.934288983075117985e-01
4.915468528623930800e-01
4.892295932633216049e-01
4.872571343315659775e-01
4.851328369464126267e-01
4.833613781114046715e-01
4.816555299500875909e-01
4.796146543180883071e-01
4.777343898055183558e-01
4.759269188757501157e-01
4.739107236483573460e-01
4.719986568292179885e-01
4.702932904607289855e-01
4.682321250450134364e-01
4.663840297277720426e-01
4.642092959213444114e-01
4.623256754103597377e-01
4.591750133052482363e-01
4.575529153011699268e-01
4.559520255874763284e-01
4.541617434509890305e-01
4.524633021286418311e-01
4.510342601184274547e-01
4.491466380853134099e-01
4.474744940450184894e-01
4.457853400785647957e-01
4.438955780719097688e-01
4.423639464116273512e-01
4.406715771636396384e-01
4.377733040690014454e-01
4.363535886705657285e-01
4.346186483934098566e-01
4.328956293119840537e-01
4.313310806880298331e-01
4.298574267241037083e-01
4.282303649409242019e-01
4.266304990428219646e-01
4.238169481455791310e-01
4.221638578708798994e-01
4.206145829324570706e-01
4.192482270864431593e-01
4.177663435031834793e-01
4.160086908342394141e-01
4.145090836619949037e-01
4.130718855457032324e-01
4.115660208432581624e-01
4.102029104133325110e-01
4.086594390776017161e-01
4.072020931745729544e-01
4.058212029409002941e-01
4.033276819860078244e-01
4.019587930042849977e-01
4.005157708015534279e-01
3.990225441177633336e-01
3.975883590782156030e-01
3.962394322746029540e-01
3.947384405994098233e-01
3.933915999913450978e-01
3.919771482828791620e-01
3.904134359844863011e-01
3.890723017789564642e-01
3.874267864603847533e-01
3.860963172177512837e-01
3.848774260617137677e-01
3.834132614142314877e-01
3.821414370560187179e-01
3.807705843420566283e-01
3.782698548519353166e-01
3.770154281828914655e-01
3.758498571815594436e-01
3.742276559905138855e-01
3.729963118869278893e-01
3.715024438332394929e-01
3.698215293458863573e-01
3.686949947239976377e-01
3.675425286370739841e-01
3.662158721802658556e-01
3.649876342129305673e-01
3.637615693295810915e-01
3.626000996960923595e-01
3.612552010694473070e-01
3.591045378437698887e-01
3.578360453341297709e-01
3.565113727401032495e-01
3.552415270504206135e-01
3.540879432750336786e-01
3.528826541828348762e-01
3.516505918686401722e-01
3.504805353913177934e-01
3.494100871416659371e-01
3.480830701103313496e-01
3.470450368262874563e-01
3.459507858004387537e-01
3.447140990597230004e-01
3.435391169383799070e-01
3.425047880144217460e-01
3.413359079100524163e-01
3.402982526563480548e-01
3.381594779361473679e-01
3.370395967628570522e-01
3.360764580927801948e-01
3.350241920550878216e-01
3.338391925130290705e-01
3.328170880401084553e-01
3.316193736573730955e-01
3.306519093097523565e-01
3.296739241918558161e-01
3.286166806273164154e-01
3.274051712086898380e-01
3.256852071635689128e-01
3.246720427868753922e-01
3.236636578142791931e-01
3.225528046974551755e-01
3.216136157253046135e-01
3.207089589722488809e-01
3.196405118010404167e-01
3.187426616452176953e-01
3.177689103275964655e-01
3.166090776178819288e-01
3.156362478949678030e-01
3.146210713938153436e-01
3.137629219439833639e-01
3.126416238261422453e-01
3.117456288300212708e-01
3.106209955264125355e-01
3.092630308979604226e-01
3.083536817927711171e-01
3.073794134232297193e-01
3.055966850611510077e-01
3.047758240024994181e-01
3.038193709699930078e-01
3.027518557792235332e-01
3.018598404600775220e-01
3.010307169162040331e-01
3.000054821032933083e-01
2.990656485599328396e-01
2.981932894512355769e-01
2.971723253946458865e-01
2.955396169939366047e-01
2.946294553099511049e-01
2.936896010778340949e-01
2.928893760373403321e-01
2.921207500883188923e-01
2.912072444489535727e-01
2.903789954406702511e-01
2.894979762887658903e-01
2.886314741332648981e-01
2.877906745462552318e-01
2.862171434431557970e-01
2.853502434354607264e-01
2.845012768273209591e-01
2.837616308851590996e-01
2.829928441158686692e-01
2.819579584747443080e-01
2.811428210771373948e-01
2.803001102716888848e-01
2.793629180481007057e-01
2.779551025662251873e-01
2.771448345739547237e-01
2.761432709845693112e-01
2.752554727320428163e-01
2.744834348784661593e-01
2.736737112522046322e-01
2.728856231789857922e-01
2.720759822450745102e-01
2.712931723274832341e-01
2.705093190315676077e-01
2.695722147095148680e-01
2.688662063878677899e-01
2.681428618473467584e-01
2.673629611788605476e-01
2.665454644339108059e-01
2.658414294558358870e-01
2.650084555380395335e-01
2.636211805342328351e-01
2.628823099257576734e-01
2.619705533047337331e-01
2.611613718579477994e-01
2.604612800298367059e-01
2.596504578798736751e-01
2.588727318240509612e-01
2.581673296462096978e-01
2.574556405329146425e-01
2.566689622297582685e-01
2.559533726211662974e-01
2.553044728267332419e-01
2.545202402063924119e-01
2.539007738587182872e-01
2.532178149561251645e-01
2.525110258698665677e-01
2.516354724571684409e-01
2.509756336263622156e-01
2.501527254676885192e-01
2.494684080482557631e-01
2.486906780560854680e-01
2.474629744387762398e-01
2.467817756333162416e-01
2.461825622276677672e-01
2.454311631723841980e-01
2.448016651641235775e-01
2.441586619740408748e-01
2.433492742044548462e-01
2.426646901963048775e-01
2.418786183269351353e-01
2.411980806076788886e-01
2.405058145265134006e-01
2.392753747607918868e-01
2.386437448317366705e-01
2.380494301292739034e-01
2.374534961641573683e-01
2.367507018118916728e-01
2.361984006735422803e-01
2.354606214338283710e-01
