7.012260267019073900e+00
6.704362691648180217e+00
6.419020494480938588e+00
6.153687651238761269e+00
5.911114185037474655e+00
5.681631975233544019e+00
5.471604657536005334e+00
5.271265646877720812e+00
5.088021729289640582e+00
4.913345410359137411e+00
4.752813503102233383e+00
4.598990497709487535e+00
4.459003853277770268e+00
4.324434034816650119e+00
4.198534111021711368e+00
4.080814205285850704e+00
3.970670020815712853e+00
3.866160944336399563e+00
3.768453781501370781e+00
3.678378363298028475e+00
3.590558483296718340e+00
3.509426628135278392e+00
3.434646380809292854e+00
3.358083423848276183e+00
3.291018036753588394e+00
3.225123078127523524e+00
3.165363582088285277e+00
3.107986393690461924e+00
3.048879757803102386e+00
2.993159430019046940e+00
2.943973246980854164e+00
2.890569872717211997e+00
2.843156195892697191e+00
2.795264024799934077e+00
2.750225702711329934e+00
2.708484942025503717e+00
2.668760187692324148e+00
2.630145903405247232e+00
2.595546763618779451e+00
2.559913959984506437e+00
2.524031753487974594e+00
2.491643598262184511e+00
2.457938463859013822e+00
2.427975079758537547e+00
2.398702510875357685e+00
2.367771527909579454e+00
2.339725633251853676e+00
2.313250070272454550e+00
2.286508609896997779e+00
2.260883827613204833e+00
2.235604967596656500e+00
2.212033069901758520e+00
2.186854979595758586e+00
2.160079447781023898e+00
2.135995653284339379e+00
2.113948142958240961e+00
2.089942879304203860e+00
2.069547385244295601e+00
2.048210228685694467e+00
2.028081542326843678e+00
2.009162666791060037e+00
1.985641180500614222e+00
1.967675100444510772e+00
1.947221249296035905e+00
1.926676421257125682e+00
1.907701272847859508e+00
1.888618943019106045e+00
1.870402434797448388e+00
1.850652070096740820e+00
1.833040949208365022e+00
1.814519592379989499e+00
1.796526631943363927e+00
1.779994933252082578e+00
1.762528379676229218e+00
1.746639736850438496e+00
1.729331647617279977e+00
1.713630651259797855e+00
1.699278218651569139e+00
1.683663447378735301e+00
1.666632689525277433e+00
1.651577714394503182e+00
1.636990011192759553e+00
1.622230271286782877e+00
1.608262243834156724e+00
1.594209310393796875e+00
1.581191718191873763e+00
1.567735413644034015e+00
1.554879341344848287e+00
1.541991239695162719e+00
1.530147764469685256e+00
1.516705263762997857e+00
1.504908714465863051e+00
1.493318634852201399e+00
1.481355137529446031e+00
1.469523741102907843e+00
1.457954860902179739e+00
1.446720431373822890e+00
1.435889400920777881e+00
1.424639767845557792e+00
1.412753783666069740e+00
1.401591134582200748e+00
1.390705222903533267e+00
1.380660602291507555e+00
1.368291080280291006e+00
1.358961562759469111e+00
1.348125819868517983e+00
1.336852189108819422e+00
1.327462141429490039e+00
1.317468338725862553e+00
1.304808239677637260e+00
1.294669340616368958e+00
1.284711297322618906e+00
1.273533417031466941e+00
1.263265685248929682e+00
1.254338787123469023e+00
1.245149000015917107e+00
1.236688030562728136e+00
1.228359647230104157e+00
1.219293281604739043e+00
1.209078404424475117e+00
1.199948427977921117e+00
1.191887497546594732e+00
1.183694970895531551e+00
1.175416130618391453e+00
1.167456450637886167e+00
1.158244476647829257e+00
1.149017835040939461e+00
1.140768566772328185e+00
1.133004798196370455e+00
1.125645576859161556e+00
1.117687030465460252e+00
1.110338879400018186e+00
1.103051901477000163e+00
1.095660737883328739e+00
1.088775990837232976e+00
1.081600844979879072e+00
1.074489679809450315e+00
1.067500672202602585e+00
1.061034026236135741e+00
1.052553903317587913e+00
1.045865183673095444e+00
1.039384230279676968e+00
1.032712265305885779e+00
1.025170671175722470e+00
1.019159310688532827e+00
1.013185823187287227e+00
1.006939516111137634e+00
1.000918857535245898e+00
9.941758504788574813e-01
9.878655394163358139e-01
9.819981849428052190e-01
9.762626377952664525e-01
9.701215664813102046e-01
9.645393012973060287e-01
9.559968883222214053e-01
9.505410419562831947e-01
9.445634800986537627e-01
9.393151350050693571e-01
9.329359556719122315e-01
9.254845267936302466e-01
9.200286217437754210e-01
9.144601554767574081e-01
9.093229712174667467e-01
9.038795460073241195e-01
8.984777012799850526e-01
8.930726296877695702e-01
8.880631377818012373e-01
8.828847102399487445e-01
8.779956954256342705e-01
8.716845102772070586e-01
8.671578847991553429e-01
8.624536150087095399e-01
8.576981427040878403e-01
8.528704921254580684e-01
8.479171536829890332e-01
8.428420032612149448e-01
8.386814071855052122e-01
8.342697959338994940e-01
8.296461668475063611e-01
8.249649055698647926e-01
8.196655392669024431e-01
8.156390057731147669e-01
8.108669230798027927e-01
8.066642133029249262e-01
8.020689801233525928e-01
7.982223315864821478e-01
7.938119620903267837e-01
7.893863463539919634e-01
7.849377242749295824e-01
7.786439297624653255e-01
7.748938210020164252e-01
7.707190687123819384e-01
7.659551199139017497e-01
7.621787370282405716e-01
7.581498120422743847e-01
7.536196043559626467e-01
7.494700024162342933e-01
7.461689610861338418e-01
7.422287249152873523e-01
7.384511130548176983e-01
7.347915312708921398e-01
7.312669517798139340e-01
7.279385048597990515e-01
7.244426740312845947e-01
7.205030001110763749e-01
7.171841616458116686e-01
7.135659543753880563e-01
7.102210089857310393e-01
7.066131808247433366e-01
7.033880363518152379e-01
7.001062304596340491e-01
6.961581398267315812e-01
6.916116287924670702e-01
6.884391592700361828e-01
6.848261737028724649e-01
6.818870524609633721e-01
6.789203834664783166e-01
6.758324892790988914e-01
6.706825260211342066e-01
6.675735376886587913e-01
6.643801369954227543e-01
6.604952379689974507e-01
6.570554582061225446e-01
6.539020181753685268e-01
6.511565786531241518e-01
6.478503963864803428e-01
6.444181392740400138e-01
6.415511673280758220e-01
6.383958044837656498e-01
6.353383409583260866e-01
6.322183734835421509e-01
6.282681676911081592e-01
6.248796909886731310e-01
6.218704479417448416e-01
6.192875480918542674e-01
6.165172027409293598e-01
6.136384492266249158e-01
6.107427176753614795e-01
6.081514442602807824e-01
6.050696279038730863e-01
6.023675016637880519e-01
5.994415707376670177e-01
5.965091319519604252e-01
5.938639926214821507e-01
5.911018286677456324e-01
5.881900948246481242e-01
5.855211614140838350e-01
5.828487006249085667e-01
5.801011115995517997e-01
5.778832481461704251e-01
5.734988439108511526e-01
5.709231630080502384e-01
5.682681914470563145e-01
5.656705801942841783e-01
5.626451833334057406e-01
5.602503482499314735e-01
5.576375547894968365e-01
5.555208663204365127e-01
5.526363853451747854e-01
5.501147082368140762e-01
5.477919535779299798e-01
5.456119470303458785e-01
5.430798732727789568e-01
5.401535927510525692e-01
5.377476116542889706e-01
5.353980803170319547e-01
5.331414722407840090e-01
5.306010482496662517e-01
5.282299900766738165e-01
5.255159419730246473e-01
5.232229304888719179e-01
5.212815495966741652e-01
5.192663920420824697e-01
5.171178961678526420e-01
5.149619279804907857e-01
5.130069864173606442e-01
5.107580991363048772e-01
5.087085272510013523e-01
5.068508211226165905e-01
5.043769344033185442e-01
5.022540023226937933e-01
5.003012576308036863e-01
4.981881871952284491e-01
4.962440643376892502e-01
4.944074969239980466e-01
4.922925276076786649e-01
4.892297769939296104e-01
4.874193822786718200e-01
4.857584634399129131e-01
4.833707318038234502e-01
4.815179791990277236e-01
4.795473939633608240e-01
4.773390093544521706e-01
4.754847769935816038e-01
4.737903901331646517e-01
4.718037782649225353e-01
4.701945794347152097e-01
4.682967882356582345e-01
4.664513738505990936e-01
4.648246773207270199e-01
4.619643542028424865e-01
4.602243281924963125e-01
4.583609251488204861e-01
4.567603553400640393e-01
4.552490439532035915e-01
4.535092778602119457e-01
4.519596073784806212e-01
4.497006802818258042e-01
4.478710193452111188e-01
4.462542617054478522e-01
4.446040513769418667e-01
4.426863111210380675e-01
4.409898931618851381e-01
4.388948028895948150e-01
4.373874333585963670e-01
4.357582689608853199e-01
4.340285625426434368e-01
4.324758353591330318e-01
4.308218441301055468e-01
4.291035162745986398e-01
4.275721679791282814e-01
4.260057783054566061e-01
4.237739847362874124e-01
4.223017349987321367e-01
4.207695350901820563e-01
4.189900524024612882e-01
4.171180461452926869e-01
4.156153743857561311e-01
4.133252320503157939e-01
4.117624507010512191e-01
4.102098026922074148e-01
4.088910793876184280e-01
4.072822474347267963e-01
4.059341701124904445e-01
4.043172226002063607e-01
4.027766528075975017e-01
4.014376877072997063e-01
3.999755092485553498e-01
3.985784503483455476e-01
3.971137154316722317e-01
3.955069688650736381e-01
3.941512018762204916e-01
3.928511621144587518e-01
3.915429109499451998e-01
3.901694083763574405e-01
3.888547767252611420e-01
3.874776075291987421e-01
3.861710902896982045e-01
3.848446039628338755e-01
3.833470127747297673e-01
3.809151828090175385e-01
3.797161029817387456e-01
3.785083255617396891e-01
3.771805799534347359e-01
3.758636407617940711e-01
3.745639046496798130e-01
3.734233906015149707e-01
3.721491554381179956e-01
3.708279878219242209e-01
3.695399684805735219e-01
3.683782055866063887e-01
3.664478571614841473e-01
3.652756747115974978e-01
3.640187625282855222e-01
3.626492937207880796e-01
3.614584939279429365e-01
3.600981312048699423e-01
3.589692568317439103e-01
3.577523557073485905e-01
3.564125802300118773e-01
3.551906750251140887e-01
3.540731433893407609e-01
3.527808290878634567e-01
3.506393051394801619e-01
3.494472794273511540e-01
3.483603617402310504e-01
3.470461536281839732e-01
3.460075903763403793e-01
3.449006388970231596e-01
3.437663564340301958e-01
3.427228060701207335e-01
3.415142917945166445e-01
3.404584033459605585e-01
3.394069474637510520e-01
3.382659649228769161e-01
3.371363894450202237e-01
3.360774865575087977e-01
3.350632751137907483e-01
3.339607430858746451e-01
3.320221552777129492e-01
3.309899970957244641e-01
3.299210539829943722e-01
3.289317599701899186e-01
3.278162808367631742e-01
3.267840535815319525e-01
3.258533279360645851e-01
3.248329980832979635e-01
3.228296243026780865e-01
3.218809984134294866e-01
3.209779363317635248e-01
3.199714493778825775e-01
3.187929390010742492e-01
3.178951520026535582e-01
3.169320858111761563e-01
3.158767246656979388e-01
3.148146620912961047e-01
3.138431113933528582e-01
3.126674902775044562e-01
3.117915943156939762e-01
3.108125613043873914e-01
3.097542243658773509e-01
3.087570957330788568e-01
3.078421818981447178e-01
3.068347774975963560e-01
3.059205133182171799e-01
3.050888947064815948e-01
3.040443399693934512e-01
3.028629022590561548e-01
3.019743992897701568e-01
3.010117745455339056e-01
3.000680347544820714e-01
2.990481264718883314e-01
2.972768473619807339e-01
2.963460099077211418e-01
2.955320836476683644e-01
2.946892892462341651e-01
2.938527688409098282e-01
2.929093403304113830e-01
2.921843276150699054e-01
2.914135394371557553e-01
2.904855025933831270e-01
2.896446100564821213e-01
2.880404839166013642e-01
2.871367310131552886e-01
2.862609238152423186e-01
2.854616096397273317e-01
2.845775674282359224e-01
2.838065659725657608e-01
2.828756317436739720e-01
2.820686549831867285e-01
2.811787425094898762e-01
2.803065147333106411e-01
2.790143040928583229e-01
2.783466968926264218e-01
2.775839787131189063e-01
2.767136174515054114e-01
