6.940934103907562935e+00
6.641844229416379974e+00
6.364539044954243607e+00
6.104848870688258877e+00
5.864845876789426704e+00
5.640200795172102488e+00
5.430727924660620154e+00
5.235852281175572109e+00
5.055106724026507514e+00
4.887133091894328984e+00
4.730274358873912455e+00
4.580176582708001654e+00
4.443134158768582864e+00
4.311834059997453394e+00
4.188710598951709052e+00
4.072551600698022689e+00
3.966626974643352010e+00
3.864745286534328805e+00
3.767643609402199001e+00
3.677243998800102887e+00
3.591182853234005101e+00
3.512553959407864301e+00
3.435760840672375416e+00
3.364875168404455774e+00
3.298570325039608342e+00
3.232333813003884337e+00
3.168714376463617644e+00
3.110718786751048626e+00
3.055207123889939869e+00
2.999906963069816968e+00
2.948075234077141449e+00
2.900238826502695932e+00
2.854135105987097631e+00
2.812020002773910843e+00
2.770456233277560187e+00
2.730168690071523407e+00
2.691281017733626157e+00
2.654979642362560455e+00
2.616714812387946232e+00
2.581201386309448509e+00
2.546546197782099341e+00
2.514310453692961023e+00
2.482697052047517339e+00
2.451235572118545925e+00
2.421435989482652484e+00
2.392740202229658664e+00
2.366419977355751048e+00
2.339215639122483203e+00
2.312211686364674001e+00
2.285984383529329200e+00
2.261301933146647514e+00
2.235244648518989408e+00
2.211358008492871896e+00
2.188004416513916972e+00
2.164094580095417886e+00
2.140847241190814820e+00
2.119023345703622496e+00
2.097094884713584850e+00
2.076068509489656488e+00
2.055623842175141380e+00
2.035151971245627855e+00
2.015090175011089446e+00
1.996875670415709791e+00
1.978071954654645248e+00
1.960139931802441282e+00
1.942824245641566527e+00
1.925411228139882081e+00
1.904560850340036415e+00
1.884505762220557212e+00
1.862714974744953178e+00
1.843775706925069313e+00
1.824450359541305300e+00
1.804570237964236323e+00
1.786303852335599185e+00
1.768631414747499075e+00
1.753258351485277533e+00
1.736430318035836917e+00
1.719712592745326063e+00
1.705347047814225414e+00
1.688921160802175248e+00
1.673943616464202533e+00
1.660487483750262339e+00
1.646392191331784050e+00
1.633869359562229562e+00
1.618682427902222498e+00
1.604579155989885431e+00
1.591545957683383472e+00
1.577731613414206757e+00
1.564554991993942101e+00
1.552115770516626858e+00
1.540215776540326376e+00
1.529350949283940331e+00
1.517199089067940099e+00
1.504489088927292162e+00
1.492255355228228719e+00
1.480089706879489153e+00
1.468722336202344048e+00
1.457069031457846942e+00
1.445598711168423200e+00
1.434402668243082157e+00
1.423555874188621173e+00
1.413134627054854819e+00
1.402807904789768800e+00
1.392506666336295940e+00
1.381635436097537140e+00
1.371385310601895613e+00
1.361683227851492761e+00
1.352062400521656604e+00
1.341528472161211516e+00
1.331668193498336761e+00
1.321562470145176915e+00
1.311857156365075827e+00
1.302714812139094125e+00
1.293037887200343183e+00
1.283642981222250512e+00
1.272455059694382218e+00
1.263229154248966202e+00
1.252759491410628812e+00
1.242708777716175605e+00
1.233336745594421080e+00
1.224553003306940946e+00
1.215400745182053210e+00
1.206920636809302616e+00
1.198404241047100083e+00
1.190361442116086632e+00
1.180195609023817260e+00
1.172720113169251066e+00
1.164871027513735724e+00
1.156889350417925844e+00
1.148968165991230306e+00
1.141521096860314222e+00
1.131894813794563026e+00
1.124023530639424395e+00
1.113700339167076780e+00
1.105393792739135073e+00
1.098556322503722038e+00
1.090458251348625396e+00
1.083816479689109658e+00
1.077123148174053524e+00
1.070600230408296660e+00
1.064252837211687286e+00
1.055799923374398652e+00
1.049268721827071760e+00
1.042678756618363067e+00
1.035324503974085486e+00
1.029090338376268621e+00
1.022435650168347143e+00
1.016497941203688082e+00
1.008254176375076305e+00
1.002308973915482682e+00
9.959742878131609967e-01
9.904112540096953188e-01
9.844696242887380766e-01
9.783101789732420173e-01
9.717771422054717334e-01
9.661594188274681416e-01
9.603781937997619700e-01
9.532241957404208321e-01
9.469766620088148068e-01
9.411849218187181565e-01
9.356305793721640951e-01
9.304395087110312046e-01
9.249347346467985398e-01
9.196198703506118788e-01
9.145246266451992900e-01
9.093499365692928604e-01
9.038502788192666060e-01
8.986387552277003143e-01
8.935284064184554342e-01
8.881651516408375358e-01
8.829972226965575599e-01
8.779053413576708431e-01
8.726381018365257924e-01
8.678143791467195500e-01
8.634048099318534231e-01
8.586500012434933327e-01
8.524991100380416853e-01
8.481127335163589631e-01
8.434616918755776238e-01
8.390742126228811770e-01
8.343273778298412324e-01
8.299185914927844632e-01
8.254485525846293470e-01
8.209899926040457041e-01
8.166152143976285194e-01
8.120929348069536591e-01
8.077439992812674996e-01
8.035185169059348986e-01
7.993714121797759198e-01
7.952439970914448875e-01
7.909424407691069137e-01
7.871556497299354582e-01
7.830938614828565347e-01
7.789424305152443662e-01
7.740131943837167405e-01
7.701149286852227993e-01
7.658992503285799724e-01
7.610695019741735567e-01
7.572122043278338710e-01
7.533446827603859086e-01
7.479119719413078737e-01
7.441802236987250518e-01
7.405433405387128465e-01
7.369359464047158248e-01
7.334604662663014585e-01
7.298304757829716660e-01
7.262448354236621384e-01
7.225354011381408537e-01
7.188547549935878633e-01
7.155951625405920780e-01
7.123250101283621349e-01
7.089802098661390772e-01
7.033307633701102457e-01
6.998449319336748076e-01
6.966433968532672605e-01
6.923611397759762420e-01
6.891685604774917540e-01
6.850808923520124161e-01
6.818751818673548515e-01
6.785910290609136197e-01
6.753154540183575749e-01
6.721400784835199760e-01
6.692509415875114165e-01
6.661356110792137075e-01
6.630940375506785278e-01
6.597885781430803398e-01
6.568090593797279997e-01
6.529073920023295008e-01
6.488006078137467103e-01
6.457058403098391297e-01
6.428615112415962951e-01
6.397280999686761893e-01
6.365833603102846183e-01
6.338727974851848801e-01
6.307470608360044029e-01
6.273665626405884321e-01
6.241894474424518613e-01
6.214095386548447175e-01
6.182595385975637736e-01
6.154548108558439701e-01
6.127867503127581994e-01
6.095640541726187189e-01
6.067530179730139528e-01
6.037229079927963760e-01
6.010858270425633032e-01
5.985399362792869216e-01
5.957050290614799293e-01
5.932571180954276935e-01
5.906654320799625824e-01
5.875912037493731255e-01
5.848230834160400571e-01
5.822722868206857694e-01
5.793466934628453968e-01
5.768781722742427620e-01
5.742419865003036694e-01
5.718663426602355049e-01
5.695320023132368625e-01
5.669388557100719650e-01
5.645169136771573948e-01
5.620554969345024077e-01
5.597724046637111428e-01
5.571920007667445773e-01
5.549314622584101686e-01
5.518039406237138511e-01
5.494506563944540067e-01
5.470227332802847231e-01
5.448352545016280635e-01
5.425593980441185682e-01
5.403313112948454622e-01
5.381153139082808234e-01
5.358994828193013316e-01
5.336088564181112881e-01
5.296990702140980112e-01
5.274499417259931322e-01
5.254055764169145437e-01
5.233735758237006985e-01
5.212307655687159480e-01
5.189437122458228080e-01
5.171082509606167443e-01
5.147896371035886043e-01
5.128223026140310559e-01
5.105863260708400908e-01
5.085270445233857073e-01
5.066182827610793415e-01
5.029874236741734839e-01
5.010016372335430734e-01
4.988285683995681841e-01
4.971234050166566942e-01
4.948824810973956878e-01
4.929497426585698339e-01
4.910459879412839013e-01
4.890810416095612845e-01
4.871916954527580890e-01
4.850096749669103313e-01
4.830626665546873810e-01
4.810209111364430745e-01
4.791804836030673087e-01
4.772841244618695189e-01
4.755633577576695581e-01
4.736645036443829504e-01
4.718753693339365896e-01
4.701754632787729649e-01
4.683686763189531810e-01
4.665974974047493729e-01
4.648592404296058023e-01
4.627947255359890488e-01
4.596917140060235440e-01
4.580028142149193404e-01
4.564111896404652868e-01
4.547413768876825135e-01
4.529489536330069122e-01
4.513602531990097977e-01
4.497912506096317098e-01
4.482488596364596067e-01
4.463567738274741292e-01
4.447341687151395440e-01
4.430761258450702789e-01
4.401215995768764100e-01
4.386104805453406308e-01
4.369349460849668021e-01
4.354267637909523536e-01
4.336613793340582390e-01
4.322281174574753582e-01
4.307235575512103898e-01
4.287111711833886396e-01
4.269195907405124446e-01
4.252224779571053825e-01
4.238042446812312902e-01
4.221621970599062634e-01
4.207335786629749497e-01
4.191115676342023755e-01
4.177398309301715296e-01
4.160692589995791391e-01
4.145268212875152236e-01
4.129907798652843742e-01
4.115740128292877942e-01
4.100766861666692575e-01
4.086995515447374161e-01
4.071581371051399834e-01
4.045822326779941469e-01
4.030732248000492568e-01
4.018608670642900282e-01
4.005617504373604199e-01
3.992228787778855925e-01
3.979262028134418205e-01
3.965661390643753781e-01
3.949870841248354636e-01
3.937531641588088438e-01
3.924186149506335153e-01
3.910576801679565562e-01
3.897568961757980621e-01
3.882430010699337575e-01
3.868355427096720200e-01
3.843899064721609804e-01
3.830514336333730174e-01
3.817070246539325251e-01
3.804789856656630165e-01
3.791511106490049188e-01
3.779777956097113978e-01
3.766627394817587127e-01
3.753655135854609415e-01
3.740512971606241299e-01
3.727200495517002943e-01
3.714552481975893494e-01
3.702842139066224170e-01
3.687986358978295187e-01
3.675324273634452132e-01
3.657405032116594623e-01
3.644432960189439852e-01
3.631550036304857509e-01
3.618640384814010291e-01
3.607490825442041249e-01
3.585522377009111028e-01
3.573418043848644032e-01
3.560674501865764285e-01
3.549207240960076115e-01
3.536675842520315416e-01
3.526189390108722121e-01
3.515334412000771236e-01
3.504174992492782859e-01
3.491978776495167081e-01
3.480069008351294735e-01
3.468807058052016945e-01
3.457452019586511605e-01
3.446232620889499443e-01
3.433987702945547893e-01
3.422673397735955247e-01
3.410575911098316371e-01
3.398850044830475370e-01
3.388790392315487177e-01
3.376173025622570267e-01
3.365504402770539971e-01
3.354607036137960963e-01
3.342988326907754826e-01
3.332941808327303246e-01
3.322193550142344409e-01
3.312191325813553799e-01
3.292346936601017182e-01
3.281618371449033789e-01
3.271570612336675010e-01
3.261614078702365083e-01
3.250412931302522623e-01
3.240203844633891550e-01
3.228125105435625808e-01
3.216585428230260280e-01
3.206511114313790323e-01
3.196028226923781079e-01
3.184937265126085437e-01
3.166331077161441132e-01
3.156005703052159883e-01
3.146392795824651811e-01
3.135523885264938637e-01
3.126095415565584568e-01
3.116639145087423679e-01
3.105248821324286812e-01
3.094433140705507568e-01
3.085795545273682938e-01
3.076410413651174403e-01
3.067259518628724368e-01
3.058245510765152386e-01
3.049462336413385488e-01
3.038195652319983231e-01
3.029073102383705307e-01
3.012636327378229173e-01
3.003314020745025403e-01
2.994076161012322879e-01
2.983726908625990437e-01
2.973978294763098273e-01
2.965184070363983682e-01
2.956364411466619879e-01
2.946980473187487681e-01
2.937653919779310563e-01
2.928141328963868029e-01
2.919292930738044967e-01
2.909943834451764744e-01
2.902218453662422371e-01
2.893018910567727864e-01
2.883606227302779601e-01
2.868285681855849423e-01
2.860970234966139225e-01
2.851998743331958797e-01
2.844366433988990694e-01
2.835435946947913455e-01
2.827390710316947664e-01
2.817979921398952592e-01
2.808386580668897348e-01
2.799946071996142760e-01
2.792617679553136556e-01
2.777900487793170115e-01
2.769486851909350178e-01
2.760692523185908076e-01
2.753547994941076271e-01
2.745657962351953363e-01
2.737175529920000128e-01
2.729379995826772820e-01
2.721212435645961047e-01
2.713277308283046918e-01
2.705189087592713149e-01
2.696880221436270264e-01
2.689728667795941441e-01
2.681913088354238028e-01
2.673270726181098400e-01
2.666403027768725620e-01
2.652449067448178766e-01
2.644663420129691467e-01
2.637080546693156835e-01
2.628757151426425742e-01
2.621946546343830731e-01
2.614886717945131278e-01
2.608074768384827657e-01
2.600602810753268601e-01
2.592824452701853466e-01
2.586126627804049005e-01
2.576935091966457425e-01
2.568398872128490606e-01
2.561107169902392400e-01
2.552656379183143032e-01
2.545520519212784438e-01
2.538311748878381846e-01
2.529781030891027349e-01
2.522049304981131557e-01
2.514915500830485207e-01
2.507193442520735949e-01
2.499324706448728395e-01
2.491517879863742457e-01
2.483667074388050122e-01
2.469707138041778993e-01
2.463349485052293286e-01
2.457250184162703410e-01
2.451039754804690829e-01
2.444802588736481597e-01
2.437262995223918871e-01
2.430450864859713955e-01
2.423484260446294725e-01
2.416541161924999348e-01
2.403420736647814693e-01
2.396960215674740213e-01
2.390769080567589078e-01
2.384026229725845214e-01
2.377943004691142059e-01
