7.067529053092608038e+00
6.756382863807776751e+00
6.466858764855557773e+00
6.198000640050268295e+00
5.947619523027144695e+00
5.715499292034687429e+00
5.500615332076959518e+00
5.300127906898544516e+00
5.112014034898630932e+00
4.937159735041623421e+00
4.772827008953987260e+00
4.621824290523130152e+00
4.480375702429004292e+00
4.346935955323845135e+00
4.223410572746288949e+00
4.106075797362423785e+00
3.997687162565311425e+00
3.894338387293219128e+00
3.792332083075818261e+00
3.700329361485086732e+00
3.609459753195085607e+00
3.529372735873032685e+00
3.450330761348889830e+00
3.376783727719112171e+00
3.308173618626938595e+00
3.243377669126123575e+00
3.180436084445914080e+00
3.122398383291278723e+00
3.066277016978689485e+00
3.011985798076652010e+00
2.960016053828458560e+00
2.911497462164520655e+00
2.865361560722869072e+00
2.820445014997783773e+00
2.778265961262022632e+00
2.737984074704241877e+00
2.697163835510802521e+00
2.658153891846751549e+00
2.620714124107876852e+00
2.586033733127358847e+00
2.551096675784718215e+00
2.517165921686305818e+00
2.484836027962150862e+00
2.453957152690292798e+00
2.424693103170936670e+00
2.396279053780355550e+00
2.366606784844446310e+00
2.338197633907586059e+00
2.311828029468262713e+00
2.286688778914129916e+00
2.262201938836899018e+00
2.238982100399662389e+00
2.214700188219910437e+00
2.191544348238346984e+00
2.168761368837949899e+00
2.147091796838799471e+00
2.124488626779922118e+00
2.101626575725995760e+00
2.079197864001796070e+00
2.058571650017085197e+00
2.037866001068815436e+00
2.016987837380394666e+00
1.997927378914254648e+00
1.979220654328090134e+00
1.960515996917282511e+00
1.941851039357472386e+00
1.922933883029376956e+00
1.904017837195825402e+00
1.885183601085704597e+00
1.868235509670691075e+00
1.850990142171587305e+00
1.833495047325255145e+00
1.817723477100196661e+00
1.800747443837549033e+00
1.785769508332484268e+00
1.770843121158941491e+00
1.756197549160580573e+00
1.739341800809479865e+00
1.722438621232123879e+00
1.704867210341031836e+00
1.688861308011901041e+00
1.675253824132197478e+00
1.660315447292148416e+00
1.644910507363976926e+00
1.629576645619558173e+00
1.615058298310174445e+00
1.601159054842123286e+00
1.587452303021912092e+00
1.572795530112300666e+00
1.558837923054999575e+00
1.544580431908297191e+00
1.531264052893463568e+00
1.517455487637132006e+00
1.503604749553128173e+00
1.490866346640789208e+00
1.478356470927212118e+00
1.466427407237028469e+00
1.454753921993487298e+00
1.442240565749665748e+00
1.430870598767723267e+00
1.419707474783175716e+00
1.409110930449327004e+00
1.398873105836140329e+00
1.387365730960798738e+00
1.376697000380705749e+00
1.366262278595214985e+00
1.355148243182925150e+00
1.344519810807859317e+00
1.335362908792845138e+00
1.325567715107828670e+00
1.314429652437417495e+00
1.303853497731102262e+00
1.293708997272025485e+00
1.284625866680769057e+00
1.275265324624361041e+00
1.265538525027427363e+00
1.256799635085676936e+00
1.247602073634911157e+00
1.237915650640486698e+00
1.227982310224204010e+00
1.219272402517341813e+00
1.207667035035663972e+00
1.199506255068282012e+00
1.190665569324236950e+00
1.181474496322729717e+00
1.173171861888591572e+00
1.163528080233826367e+00
1.153818089115741241e+00
1.146067339873027002e+00
1.137878834549064466e+00
1.130073151369706208e+00
1.122443402291572578e+00
1.114794752658295085e+00
1.107118943610786888e+00
1.100070184650659533e+00
1.091092383928532694e+00
1.084400707314757240e+00
1.076347930535223929e+00
1.068929776141612775e+00
1.062055780511028225e+00
1.055562144526944302e+00
1.048557064000121164e+00
1.040077993048801774e+00
1.033369890705535976e+00
1.026554940698826579e+00
1.020267397504337259e+00
1.013604843918162191e+00
1.007323996954120782e+00
1.000538438039020317e+00
9.945695432983088224e-01
9.888732473734475059e-01
9.828086689960796596e-01
9.769794398271196556e-01
9.680909624848450523e-01
9.623932605138286744e-01
9.564826060570266186e-01
9.513858294479409228e-01
9.459521700293286317e-01
9.403458016956562915e-01
9.345835518997818170e-01
9.291799218235086144e-01
9.233607786575411813e-01
9.156255627665063068e-01
9.105499401672981774e-01
9.052681304195995260e-01
9.003431547791622691e-01
8.950773044017794611e-01
8.898994096567233170e-01
8.847971857789679317e-01
8.796433058995930532e-01
8.745538535286501158e-01
8.696830809928093320e-01
8.649648190176237872e-01
8.600053371552439652e-01
8.552707466025454286e-01
8.492414986704251989e-01
8.429113247907978890e-01
8.380362071862722528e-01
8.337439307466388838e-01
8.288300513758748433e-01
8.244401776755014843e-01
8.198909740089954656e-01
8.142783276189333730e-01
8.100638504317350108e-01
8.055213828543476007e-01
8.011383061456809340e-01
7.961199303732298116e-01
7.922102944061143459e-01
7.878409905583855233e-01
7.832704050935104245e-01
7.790704653511137945e-01
7.750192131192662481e-01
7.707008954613268070e-01
7.661945215473657811e-01
7.619905249017139282e-01
7.570587094129818118e-01
7.531612977846395829e-01
7.488118466189981337e-01
7.449867818136493014e-01
7.412040954796534908e-01
7.374738165778240706e-01
7.329690744908524680e-01
7.293530393905859333e-01
7.254524331672583815e-01
7.209812822270105226e-01
7.173016490614384510e-01
7.136304698770522537e-01
7.098047008395966806e-01
7.045991451059465671e-01
7.005709718929894469e-01
6.971129026787481475e-01
6.937427998029366272e-01
6.904910335752573181e-01
6.868600326577021242e-01
6.827350229764443945e-01
6.793555747011440493e-01
6.761893479869736101e-01
6.719986387760621405e-01
6.686797246347989665e-01
6.652879543700147558e-01
6.619446955488805795e-01
6.588205755251651530e-01
6.557879128438071081e-01
6.520440167767694861e-01
6.489854740119056498e-01
6.453826402064651857e-01
6.425170766000023459e-01
6.394956787585557301e-01
6.363978894938916442e-01
6.324708972431896115e-01
6.293068217855685154e-01
6.261243628326454980e-01
6.226060487669143884e-01
6.197515346661015556e-01
6.170901589595870762e-01
6.140159723138879366e-01
6.111079489360500272e-01
6.061478774582466089e-01
6.035570459006921462e-01
6.004197958879918806e-01
5.970807690520003597e-01
5.943547654706484717e-01
5.916967780966928547e-01
5.890195241696791761e-01
5.865223206063713279e-01
5.839633743087898621e-01
5.813818253051197260e-01
5.785310748783546453e-01
5.759670643448728811e-01
5.732799795712758550e-01
5.704743436759035502e-01
5.669912206302998303e-01
5.644679484465700003e-01
5.620275489964380311e-01
5.593307466920388604e-01
5.569058999983483860e-01
5.543960309760052052e-01
5.520920709631833567e-01
5.497341995660384173e-01
5.472436951919542603e-01
5.448876784299917508e-01
5.424879315241906141e-01
5.400146134344552262e-01
5.375358296032840544e-01
5.344917000073716729e-01
5.321058923576214017e-01
5.297929807124446278e-01
5.268241088139358208e-01
5.246004456590380727e-01
5.222886187585447093e-01
5.199011512854306849e-01
5.176826824979345876e-01
5.153691203378035768e-01
5.132107035156155961e-01
5.111349873817743195e-01
5.091896514500143800e-01
5.070356022011016650e-01
5.049125235029736647e-01
5.027524500915538930e-01
4.999385503047827917e-01
4.973903211193568263e-01
4.952652652399272548e-01
4.932615255118660280e-01
4.907536230504744856e-01
4.887395847273060534e-01
