3.100445730393088888e+05
2.697192417380072875e+05
2.372824047486141208e+05
2.133681292335179460e+05
1.935222778051082860e+05
1.778263779689843359e+05
1.648606256127194210e+05
1.561249468164588616e+05
1.466870512343688461e+05
1.405283992028207285e+05
1.361534364028499986e+05
1.313791067310009676e+05
1.266578459921628237e+05
1.230355290422272810e+05
1.198172098905545427e+05
1.170830889510697743e+05
1.148196830731208465e+05
1.132189450299807067e+05
1.117261296789098124e+05
1.106746296629770950e+05
1.093709539837103366e+05
1.079415476143035776e+05
1.071643795413643966e+05
1.063840241315456369e+05
1.055975575602709432e+05
1.042874605241129611e+05
1.035269808542994142e+05
1.027881356628109934e+05
1.016093643974528823e+05
1.011124994021803868e+05
1.004839221547027701e+05
9.983609092256850272e+04
9.933128906922570604e+04
9.866110484064444609e+04
9.829425207115559897e+04
9.775173530977668997e+04
9.732650792684151384e+04
9.674321681042270211e+04
9.626875898849994701e+04
9.567715869112616929e+04
9.520382957664324204e+04
9.470305101387927425e+04
9.405605034600192448e+04
9.371818748633588257e+04
9.332503032356037875e+04
9.295133085897602723e+04
9.258057746014997247e+04
9.205348877848702250e+04
9.166896969775922480e+04
9.127747317770117661e+04
9.082668733940403035e+04
9.043789113024507242e+04
9.007779646367394889e+04
8.979022416947659804e+04
8.942455120231563342e+04
8.909898317517548276e+04
8.878004718371349736e+04
8.825289590282669815e+04
8.793926648392595234e+04
8.739494599963567453e+04
8.700010735930300143e+04
8.668051798284568940e+04
8.641172227520425804e+04
8.602684876915300265e+04
8.571565337293611083e+04
8.533390884031882160e+04
8.495925797447228979e+04
8.463072683181311004e+04
8.421152668144740164e+04
8.397898623836283514e+04
8.360524486448462994e+04
8.342541304674846469e+04
8.307315833545401983e+04
8.270220777937618550e+04
8.234646472353873833e+04
8.189928344182601722e+04
8.127959040223232296e+04
8.096237297637706797e+04
8.067738707009011705e+04
8.037051877242235059e+04
7.993295721400128969e+04
7.968835847556270892e+04
7.945331790949075366e+04
7.913531533761526225e+04
7.893624276848722366e+04
7.842134490658636787e+04
7.812215656649749144e+04
7.789484759098874929e+04
7.767335727913197479e+04
7.742418936516532267e+04
7.718394503516693658e+04
7.684627236070897197e+04
7.659586445711614215e+04
7.628215578050799377e+04
7.599348218775089481e+04
7.571169920293508039e+04
7.557006540768127888e+04
7.529505548628326505e+04
7.510601107628070167e+04
7.494507641965821676e+04
