3.181791464824556606e+05
2.756232451824253076e+05
2.414394258647597162e+05
2.151398779374006845e+05
1.954573930906179594e+05
1.784913222084871086e+05
1.662848544483203441e+05
1.569763874355083390e+05
1.489680308928239974e+05
1.413439837476309913e+05
1.349852623078848992e+05
1.301546532336845121e+05
1.264166986020587210e+05
1.235407940885607095e+05
1.210088376701490924e+05
1.185620671513528214e+05
1.169272941010592913e+05
1.154011327792923112e+05
1.136461118138266465e+05
1.121672998010694864e+05
1.110115718946699490e+05
1.101572884737404820e+05
1.093681239733613911e+05
1.087179284597752703e+05
1.077258187411271647e+05
1.067606602871012001e+05
1.058162677527994674e+05
1.049371776460318506e+05
1.039955765166136553e+05
1.033803887847462756e+05
1.023902919416400546e+05
1.017412990785966540e+05
1.012232910611389379e+05
1.004700461591272760e+05
9.996953745969280135e+04
9.929154366038591252e+04
9.877352724911128462e+04
9.818972480026660196e+04
9.772334997519721219e+04
9.717181654923343740e+04
9.660121094237346551e+04
9.581247087253014615e+04
9.545553560849081259e+04
9.504226538337490638e+04
9.453564642537216423e+04
9.417219247430107498e+04
9.385955510819761548e+04
9.339481318442677730e+04
9.292297004868177464e+04
9.253700059977009369e+04
9.184556960468113539e+04
9.142483264426027017e+04
9.105755056824767962e+04
9.057079513968253741e+04
9.023830106549468474e+04
8.985481060470086231e+04
8.963856938450671441e+04
8.919334290603644331e+04
8.883260443759396730e+04
8.846149187180037552e+04
8.816097768671764061e+04
8.761492929690056189e+04
8.714740379634649435e+04
8.676400694835034665e+04
8.634053950108010031e+04
8.596680665717837110e+04
8.567594880778683000e+04
8.543461142914732045e+04
8.511870141823543236e+04
8.451671486281628313e+04
8.418761113306503103e+04
8.394549423540943826e+04
8.363582210073637543e+04
8.343941604287001246e+04
8.314771364193561021e+04
8.269240091114048846e+04
8.248482093901865301e+04
8.203595665780395211e+04
8.181523224847319943e+04
8.155006040447848500e+04
8.112924744117789669e+04
8.091512143146122980e+04
8.049644354588845454e+04
8.026421199633154902e+04
7.985904765010069241e+04
7.963587780122687400e+04
7.948212834330936312e+04
7.901077472251368454e+04
7.879705492262297776e+04
7.851628177103876078e+04
7.823453507494430232e+04
7.799874430575269798e+04
7.779632614327182819e+04
7.765024946661632566e+04
7.742862057926077978e+04
7.713332927269853826e+04
7.693224120240009506e+04
7.660613278656826878e+04
7.641248916332545923e+04
7.607815261332436057e+04
