3.152882775320835062e+05
2.720553014578718576e+05
2.388874436103547341e+05
2.124100775500717282e+05
1.935585537967830314e+05
1.779516970398548583e+05
1.663512852769178862e+05
1.571182351189900946e+05
1.492947032286423491e+05
1.435010437515371596e+05
1.362662545034195937e+05
1.310388095158173091e+05
1.268076380181131244e+05
1.237195429334313521e+05
1.204657940918868699e+05
1.187276362918103550e+05
1.167699373327702633e+05
1.151710470863245428e+05
1.135692585713809385e+05
1.123502006702679209e+05
1.109352419215098198e+05
1.095460883223215642e+05
1.082533010540833784e+05
1.072341215472857002e+05
1.063406168237249367e+05
1.054348566541870532e+05
1.046632529409824638e+05
1.039607135301425878e+05
1.026079218980313017e+05
1.019379151941315795e+05
1.013952353119776235e+05
1.006576796903355134e+05
9.985250901174233877e+04
9.923879944591851381e+04
9.872721898733393755e+04
9.834513557240739465e+04
9.773944340813487361e+04
9.725598581017444667e+04
9.675757370194727264e+04
9.617246513253114244e+04
9.578763136047302396e+04
9.536709140390749963e+04
9.448403668963837845e+04
9.399720835475789499e+04
9.321177565311275248e+04
9.291588499554563896e+04
9.234682048837265756e+04
9.197504445446234604e+04
9.125896115370283951e+04
9.091200997611465573e+04
9.046676561094404315e+04
9.015688145773597353e+04
8.977212178640665661e+04
8.928019774062409124e+04
8.887377322890907817e+04
8.859165202226322435e+04
8.808808886248616909e+04
8.757585827611456625e+04
8.726083122150007694e+04
8.685109316540528380e+04
8.642691852570617630e+04
8.608532896778899885e+04
8.585291843044664711e+04
8.557528341733495472e+04
8.506967639193059586e+04
8.467556057808807236e+04
8.447600128355494235e+04
8.412146171501978824e+04
8.388358706838802027e+04
8.351701559555306449e+04
8.315450205307231226e+04
8.265747704263287596e+04
8.249430447969817033e+04
8.215202719937154325e+04
8.183128247922541050e+04
8.156572862064064248e+04
8.134488529722813109e+04
8.092811307652686082e+04
8.068767554876903887e+04
8.040778138849655807e+04
8.008182578375613957e+04
7.980484032978053438e+04
7.951538709536829265e+04
7.932909608886323986e+04
7.898117949107935419e+04
7.880993711472893483e+04
7.857217151399845898e+04
7.829803374692906800e+04
7.801759138253913261e+04
7.765738724702171749e+04
7.739095154173436458e+04
7.715645291534031276e+04
7.690714510532915301e+04
7.652567153036885429e+04
7.629968254556228931e+04
7.615998803749270155e+04
7.601116244633571478e+04
7.568779016284676618e+04
7.554102065314011998e+04
7.538005860145260522e+04
