4.528715410841671655e+03
4.203543604166988189e+03
4.020842862921652795e+03
3.923767905874125972e+03
3.815910681482181644e+03
3.749758422510612945e+03
3.716581439452072118e+03
3.695619807082297029e+03
3.683356530651040885e+03
3.676420300620513899e+03
3.646358302401663877e+03
3.611111121323382577e+03
3.588509640361212860e+03
3.578608209975176123e+03
3.566519785305557434e+03
3.560876060527752543e+03
3.553423292851758561e+03
3.549119373973389429e+03
3.544127623730721552e+03
3.542585007385736844e+03
3.536495293496619524e+03
3.528576341248859990e+03
3.526881843610269698e+03
3.522221501176302354e+03
3.519565544121608582e+03
3.511383403842900407e+03
3.508087286831364509e+03
3.502991227279642317e+03
3.501601163860011184e+03
3.496263207125070039e+03
3.494072419802657805e+03
3.492537362051194123e+03
3.491561715593639747e+03
3.490213249141596862e+03
3.487814656885106615e+03
3.484222692580361127e+03
3.480880965292668407e+03
3.476567046670634682e+03
3.473853567058278713e+03
3.471154093877921696e+03
3.468078444399792716e+03
3.467404242366768813e+03
3.465248918653855526e+03
3.463089133943957222e+03
3.460840455353330981e+03
3.458672948444476788e+03
3.457221317893037394e+03
3.451983878165609440e+03
3.449435848660233660e+03
3.445460124482959145e+03
3.441938667653452740e+03
3.439300099100581974e+03
3.435619822162493165e+03
3.435557931478705996e+03
3.433807807454533304e+03
3.431414580203811965e+03
3.429990068889134818e+03
3.428077528131137569e+03
3.425409932568845761e+03
3.421662476329374840e+03
3.417740222480081684e+03
3.414568428119735927e+03
3.413420019829823104e+03
3.410454292326720861e+03
3.408203737051008829e+03
3.405074112100205184e+03
3.403686331767618412e+03
3.401033391563354598e+03
3.398117837461412819e+03
3.395398936171504829e+03
3.392784818938916942e+03
3.390759620810258184e+03
3.387900306800160706e+03
3.386799548651794794e+03
3.386424719241282219e+03
3.385552518397793847e+03
3.382729740598289482e+03
3.381616989059406478e+03
3.380176866809453713e+03
3.378375378309446660e+03
3.376424874808053573e+03
3.373618186066760245e+03
3.372072273667785339e+03
3.371681825259938705e+03
3.369076853538846535e+03
3.367622765342689945e+03
3.365278486735604019e+03
3.364063767676216230e+03
3.361259175383697766e+03
3.360166057874060698e+03
3.359030627700811692e+03
3.357917627237311990e+03
3.354557965438131760e+03
3.353139612233906519e+03
3.351959903035809020e+03
3.350944352707016151e+03
3.348780501564531733e+03
3.347361020635242312e+03
3.346295501165954647e+03
3.343141706009088921e+03
