4.525092282073417664e+03
4.200713934404996508e+03
4.017922534970219203e+03
3.921058321370835984e+03
3.814361083735057036e+03
3.748744400981272975e+03
3.715496642240528217e+03
3.694777135096598158e+03
3.682473314077781652e+03
3.649767157805550141e+03
3.611087323502056279e+03
3.587366266869114952e+03
3.572966262323490810e+03
3.566419272148332766e+03
3.559853619968745079e+03
3.555254040228068789e+03
3.548534052918869293e+03
3.542447634706912140e+03
3.537397049988550862e+03
3.532587385231141070e+03
3.530035215033346958e+03
3.528550873432380286e+03
3.518294109559793014e+03
3.510690242258101989e+03
3.503866148711455935e+03
3.498830608327173650e+03
3.497697932391910399e+03
3.495084176978808500e+03
3.492968567736818841e+03
3.488146774903711957e+03
3.485699284515494128e+03
3.482246301453352316e+03
3.481400222850416867e+03
3.479081232209254267e+03
3.476864647345047160e+03
3.474245395357128473e+03
3.473943753677303903e+03
3.468440626951117338e+03
3.465474657222101541e+03
3.462301773244894321e+03
3.459506132361156233e+03
3.457291200983670478e+03
3.455886308021958030e+03
3.453792755048252729e+03
3.451433589083250354e+03
3.449496636197445241e+03
3.447094499704877762e+03
3.445923584926826152e+03
3.443784619627123448e+03
3.440568326073191656e+03
3.436773957776074440e+03
3.435678853115339280e+03
3.432522347274106778e+03
3.430832079233681270e+03
3.429158305602086784e+03
3.427241718620455231e+03
3.424944843266981479e+03
3.422409971390572082e+03
3.420198009047785490e+03
3.416902171791160526e+03
3.414576337909466929e+03
3.411257506867629672e+03
3.410047789939348149e+03
3.406557766584864112e+03
3.404804418395309312e+03
3.401283749166698726e+03
3.398893627090824793e+03
3.397850915633495333e+03
3.396963144941521932e+03
3.396197180413726983e+03
3.394140742081533062e+03
3.392501120800820900e+03
3.391003641049236194e+03
3.388443667927778279e+03
3.385920337834982547e+03
3.384997522744678918e+03
3.381562242223824796e+03
3.380137641585539313e+03
3.378749501961824535e+03
3.376576855353102928e+03
3.376329901673771928e+03
3.373502027027448548e+03
3.371037144188861021e+03
3.369144046572499974e+03
3.367837696194891123e+03
3.366506333215943414e+03
3.366298173571768984e+03
3.363999538673983807e+03
3.362721418475480732e+03
3.360475866618968212e+03
3.358269317928077271e+03
3.357466151557698140e+03
3.357080001742126569e+03
3.353817017703025158e+03
3.352988619732482675e+03
3.352317785188442485e+03
3.351514950818240777e+03
3.349935091031861703e+03
3.348817161316457714e+03
3.346434616048381031e+03
