4.528870034396682058e+03
4.201854726008392390e+03
4.017300150072206634e+03
3.919674325175330068e+03
3.812184096432755268e+03
3.746328871911098304e+03
3.712874060099983126e+03
3.691533160488058456e+03
3.679439910907803096e+03
3.657943692432556418e+03
3.629667296160701881e+03
3.591314248488411067e+03
3.569229681365327906e+03
3.557741052896064957e+03
3.553526384659553514e+03
3.546663560944359233e+03
3.538895026470441735e+03
3.527541336996263908e+03
3.519835931618963059e+03
3.509358921057500083e+03
3.505021909874313678e+03
3.498800011665240618e+03
3.496509554955417116e+03
3.493868487155371440e+03
3.492866922153773430e+03
3.490039342607256458e+03
3.488791491969097478e+03
3.484895895444305552e+03
3.483731060985815475e+03
3.480949809107502006e+03
3.478616119235867245e+03
3.476579759132954678e+03
3.473535916228787755e+03
3.471613841276146559e+03
3.468151506943336244e+03
3.466383414415881361e+03
3.458342685748840267e+03
3.453927966761089920e+03
3.451632915402006802e+03
3.447747890429916879e+03
3.442232271873145237e+03
3.438816896387842917e+03
3.435863800671870194e+03
3.431393256973482949e+03
3.428599483350019455e+03
3.427296308904465604e+03
3.426272847158338209e+03
3.424177107036378402e+03
3.421381890344644034e+03
3.417508025999725305e+03
3.416023521077386704e+03
3.415206617343698781e+03
3.412997612189319625e+03
3.411543387750516104e+03
3.409825006652213688e+03
3.408384124310332936e+03
3.407413205518441373e+03
3.405938430238022192e+03
3.405009647152023717e+03
3.402494850148505066e+03
3.401919667029498669e+03
3.400348640132941455e+03
3.398658698134046517e+03
3.397625453682901025e+03
3.395467054552148966e+03
3.394266032714137964e+03
3.390920951291432175e+03
3.388497723898444292e+03
3.386348298250745756e+03
3.385341613361077634e+03
3.383849527349580057e+03
3.381559337857657283e+03
3.381062654553276843e+03
3.377486850286670233e+03
3.375566819929282246e+03
3.374066772778867289e+03
3.372181200853141945e+03
3.369605033356289368e+03
3.368483135378235602e+03
3.364690374033261378e+03
3.363359225250045256e+03
3.362955061370015301e+03
3.361574726657687279e+03
3.359758294337386815e+03
3.356208953802292854e+03
3.353168755493546087e+03
3.351488870126647726e+03
3.350394323735567014e+03
3.348386750525044135e+03
3.347520481904934059e+03
3.346283174251871969e+03
3.344930900199674852e+03
3.344682784506383541e+03
3.344299563748273158e+03
3.342414241723572104e+03
3.341629454605264073e+03
3.341261462484037565e+03
3.338326656326238663e+03
3.336642536284437028e+03
3.335619672564379925e+03
