4.528199888561784974e+03
4.202176803302133521e+03
4.018022875120588196e+03
3.920643386737062883e+03
3.812411576029242497e+03
3.746825496814727558e+03
3.713288407403361362e+03
3.692782049755963726e+03
3.681056445061427439e+03
3.674757227911186874e+03
3.642017105836302562e+03
3.627009731762004776e+03
3.598970590662377163e+03
3.581818593066628637e+03
3.568613119680094769e+03
3.564648950123611030e+03
3.558349976174652056e+03
3.549261330917252053e+03
3.543518750921798073e+03
3.539917278045337753e+03
3.537323474162039929e+03
3.530983959436523946e+03
3.527580872053079929e+03
3.515990932886100836e+03
3.509194639411083244e+03
3.503747440207311229e+03
3.500491549430054420e+03
3.497951198503268643e+03
3.495808808550310459e+03
3.490910195339102756e+03
3.484319093851686375e+03
3.480213899786747334e+03
3.478164497848797055e+03
3.476547130386205936e+03
3.476069105326562294e+03
3.474257126908349164e+03
3.473216256942857399e+03
3.469989175021825758e+03
3.468889692122229462e+03
3.467584523886317584e+03
3.465683802998155443e+03
3.462409847399655519e+03
3.458015515679918281e+03
3.456306741871646864e+03
3.450127795235604481e+03
3.446775807498105223e+03
3.444290079820834308e+03
3.441338398772824803e+03
3.439801649966861532e+03
3.435026597680637678e+03
3.431788931577267249e+03
3.429787193949271114e+03
3.425596294652826145e+03
3.419810470584626728e+03
3.418775431419075176e+03
3.416716916458416563e+03
3.414540527987840505e+03
3.413255580562636169e+03
3.411688334312364532e+03
3.411029619899918544e+03
3.410333052264597427e+03
3.409292543153117094e+03
3.408257911863591289e+03
3.406195347390457300e+03
3.402867765108956974e+03
3.402535693834144240e+03
3.400240759716098182e+03
3.399824514300663850e+03
3.398951128752895784e+03
3.396901417317825235e+03
3.395011893697742380e+03
3.391977374871544271e+03
3.391579082751035003e+03
3.390167816895753731e+03
3.389160527808513052e+03
3.386415728626024247e+03
3.383557678269070948e+03
3.381966941258686347e+03
3.380774341449073290e+03
3.380139239659111809e+03
3.378761710427297658e+03
3.376884722248988055e+03
3.375449418617280116e+03
3.374583257716214121e+03
3.372997023508343773e+03
3.370991111633669789e+03
3.369257149390253744e+03
3.368413013459361537e+03
3.367806638513897269e+03
3.365996195215733223e+03
3.363792975728032616e+03
3.362566767156159585e+03
3.361052444021005158e+03
3.359966566842763314e+03
3.357916018588200131e+03
3.354459006193029381e+03
3.353509815318045185e+03
3.351922691646498151e+03
3.350620032664915925e+03
3.348676972258095702e+03
