2.090008069516049000e+04
1.534036849431213705e+04
1.126677238609176857e+04
8.280579867121614370e+03
6.102777229119286858e+03
4.520250118922035654e+03
3.380681479532646790e+03
2.563360180084733202e+03
1.990367556300672732e+03
1.600301989849289839e+03
1.340686062904382879e+03
1.179357872244760074e+03
1.078122152701997265e+03
1.021589766675521673e+03
9.795697613907815366e+02
9.509772858302860641e+02
9.368588155997532567e+02
9.193876701769469264e+02
9.075592027091225873e+02
9.056841501409383000e+02
8.968417572875824817e+02
8.832803330704192604e+02
8.762354004856345000e+02
8.709770533848384275e+02
8.591968086319354825e+02
8.550662831756689002e+02
8.499272715782668683e+02
8.418077097434343159e+02
8.384189576958843872e+02
8.350564008859224714e+02
8.322763302583203995e+02
8.283322473057568232e+02
8.239327931976139325e+02
8.199138912049396595e+02
8.147435010339537484e+02
8.126383354359942359e+02
8.120028923887565497e+02
8.063289105114646418e+02
8.008391012276098309e+02
7.989380566405783384e+02
7.985342995281641834e+02
7.962278038327538070e+02
7.949296201032083218e+02
7.923621635118234963e+02
7.884816671613496055e+02
7.854060598818184644e+02
7.828086342128357273e+02
7.780692641510225940e+02
7.763798370489453191e+02
7.758336623011617803e+02
7.735419074418704213e+02
7.728385900293360464e+02
7.711702057513192585e+02
7.669304000573390567e+02
7.662625846430537422e+02
7.590781951960010474e+02
7.567662249770763765e+02
7.541898381220775036e+02
7.526490220937748745e+02
7.507004191194081386e+02
7.499436064425356108e+02
7.480781002253022507e+02
7.463539755911627935e+02
7.457061673832357656e+02
7.433941500881757065e+02
7.416018615813457018e+02
7.404945037552562326e+02
7.397682255429302813e+02
7.378811719058910512e+02
7.349271198966827114e+02
7.329785908734982058e+02
7.321819846975179189e+02
7.310191955210092374e+02
7.295784380364502795e+02
7.293641317594715474e+02
7.291871055239424777e+02
7.279479011502064623e+02
7.273000466094891863e+02
7.259836730794856976e+02
7.248015229746844170e+02
7.244458052681665094e+02
7.231810970169012762e+02
7.230612800301914831e+02
7.216608774336798433e+02
7.194654998709717120e+02
7.187788318908062593e+02
7.183879506968515898e+02
7.177489786340871660e+02
7.174106855512533230e+02
7.157801927992068158e+02
7.149823376274871407e+02
7.148646115482544019e+02
7.139494238505370731e+02
7.127813978359125713e+02
7.120730557304128752e+02
7.114685677777900992e+02
7.105163905811066343e+02
7.094659317098183919e+02
7.083532006568008228e+02
7.072244754783281451e+02
