3.817653443393312074e+01
3.434191540493415573e+01
3.119585135518650532e+01
2.889866630073157694e+01
2.693973252116078854e+01
2.536071079556480257e+01
2.423232190244157636e+01
2.334556029174493474e+01
2.264503668993079089e+01
2.142267584392418556e+01
2.029606519613807691e+01
1.925950073357286030e+01
1.859297160417325756e+01
1.801590638425722801e+01
1.743263355498352851e+01
1.673059152498721502e+01
1.610207028127357276e+01
1.556835837420029556e+01
1.498638112815037893e+01
1.466623621957879209e+01
1.426662160967619108e+01
1.398178011518540309e+01
1.362796717959255766e+01
1.318158411961921139e+01
1.276169051199824267e+01
1.253167860863021055e+01
1.225278399542439267e+01
1.179002405458921032e+01
1.141073619746691925e+01
1.112448736293962703e+01
1.081159912920005972e+01
1.062157921760025125e+01
1.044584482172228057e+01
1.041053810516388545e+01
1.022949591036071482e+01
9.873692906945759518e+00
9.462280401987891665e+00
9.194447339438386990e+00
8.969759839900833143e+00
8.812792145383168574e+00
8.683705453032226629e+00
8.548081874535727209e+00
8.412760849824627130e+00
8.311598753343432122e+00
8.127351734660269500e+00
7.956984300679209809e+00
7.839623101573788944e+00
7.756598159161375072e+00
