3.443695179089822744e+01
3.114724837094090759e+01
2.834516499120049815e+01
2.627938766821282357e+01
2.489270624749997651e+01
2.381896813976716487e+01
2.228886978328457502e+01
2.139331560798144949e+01
2.055969637093079427e+01
1.980189214273303833e+01
1.903620306224502912e+01
1.841113059346790237e+01
1.787725982691192428e+01
1.740892614320192422e+01
1.708050789642977563e+01
1.677625966994769513e+01
1.645293143189695328e+01
1.587964871284132862e+01
1.544888422018394891e+01
1.512385242463579971e+01
1.490327031950424619e+01
1.466208050481682967e+01
1.431491555799168580e+01
1.396747307332482535e+01
1.362123677263618404e+01
1.336399774808462126e+01
1.316275457904264456e+01
1.295472299869715371e+01
1.268465768322269405e+01
1.254194314441896374e+01
1.253505085749555370e+01
1.237530507404466640e+01
1.216792485472647378e+01
1.200708476106750311e+01
1.185240595942557995e+01
1.142620750316593004e+01
1.108050394014494167e+01
1.086978905909352022e+01
1.065272535234211482e+01
1.043992102525270660e+01
1.003558364965332750e+01
9.906062588814664949e+00
9.602201851940282751e+00
9.539200328403078188e+00
9.370397969569280505e+00
9.181668263153193621e+00
8.994382631338234901e+00
8.745510431227138781e+00
8.476055303825802412e+00
8.269581593389700558e+00
8.052263562485379111e+00
7.858091564784705163e+00
7.746621430086865878e+00
7.615249082011768422e+00
7.456319592004362562e+00
7.331771498813285604e+00
7.153477938850557827e+00
7.075621928542796368e+00
6.936550032354077189e+00
6.859101395916192168e+00
6.806060991220708623e+00
6.725092936160808499e+00
6.683410596091335698e+00
6.604252315640934512e+00
6.508349626815147282e+00
6.423534773509557816e+00
6.307327624022455836e+00
6.266131883688994542e+00
6.120158732043263328e+00
6.054615589154479061e+00
5.953860815879462365e+00
5.898400063645294011e+00
5.814041498587475765e+00
5.759958144027258697e+00
5.691341144253283524e+00
5.648976677239869737e+00
5.614150384868481503e+00
5.578941121499863875e+00
5.479798588230005763e+00
5.434322619340986371e+00
5.382941179619487926e+00
5.312321936602497630e+00
5.269450776550292481e+00
5.234145139164354532e+00
5.204569563490934136e+00
5.115907598601877382e+00
5.055805550405742643e+00
4.993090242416906577e+00
4.959829554136017116e+00
4.909173363012159008e+00
4.869153198618998424e+00
4.802167083653412938e+00
4.773352535239323124e+00
4.733108970185310405e+00
4.709356252989103098e+00
4.670265162620768074e+00
4.596306629064076610e+00
4.563940442738584125e+00
4.511768348636348236e+00
4.487729140427020091e+00
