1.233611655839521700e+04
1.124250193836808830e+04
1.026019848206569259e+04
9.397414728109000862e+03
8.733410795636269540e+03
7.994082694090542645e+03
7.366754511184713920e+03
6.841016602709049039e+03
6.570040806476064972e+03
6.078107080400423001e+03
5.590454548779245670e+03
5.150047130558871686e+03
4.746222140802566173e+03
4.370503151552666168e+03
4.029995251732188080e+03
3.709935217574784019e+03
3.419158504206159705e+03
3.148831184073245822e+03
2.905586362894986905e+03
2.694169755046074897e+03
2.527118657296418405e+03
2.336412514488411489e+03
2.164108662757196726e+03
2.002127196129669755e+03
1.854172792397302146e+03
1.736113252710320239e+03
1.614719265411616334e+03
1.515931172273112225e+03
1.406315585248473099e+03
1.314480059819398093e+03
1.223071318451028674e+03
1.147661080751914596e+03
1.073670633179182005e+03
1.004781657551666285e+03
9.394730016716127921e+02
8.859735309965889201e+02
8.368420023443145510e+02
7.948385819345312484e+02
7.526324845026509820e+02
7.110115429728390382e+02
6.716144607327261156e+02
6.393124565997195532e+02
6.039097650526670122e+02
5.759409403708651780e+02
5.425218809855184645e+02
5.238787464255345867e+02
4.990927290633525786e+02
4.759850794521834132e+02
4.598786800095982699e+02
4.403499092292022965e+02
4.253802189150529784e+02
4.047355829237758940e+02
3.924896714212199527e+02
3.751028399459068510e+02
3.628932724416979454e+02
3.520057183086219084e+02
3.432063693305002516e+02
3.325628340373490346e+02
3.238741861951535839e+02
3.154366188212683255e+02
3.090430589736288880e+02
3.019488854562486608e+02
2.944244663708421967e+02
2.864926844182659806e+02
2.812205429966734300e+02
2.759542422804428838e+02
2.710126300897923102e+02
2.654499120235094551e+02
2.575927303548629084e+02
2.507305057380496010e+02
2.444521076287136339e+02
2.398913039644410503e+02
2.363292691184634293e+02
2.326085947045172873e+02
2.294074392407567871e+02
2.257066402020788018e+02
2.230501147210473221e+02
2.203426346658025352e+02
2.164233567164089322e+02
2.127652702223528536e+02
2.097196627829459885e+02
2.063849646987123947e+02
2.040936642356382151e+02
2.001972416846938359e+02
1.963391173165932173e+02
1.937838524150007231e+02
1.913694584122588935e+02
1.891216888982820308e+02
1.872464181019612965e+02
1.850003965729283664e+02
1.817095017810865443e+02
1.789804190762796452e+02
1.770784164694525771e+02
1.746515737698163093e+02
1.719347364755637386e+02
1.700466934037994235e+02
1.683311751976889639e+02
1.664870829520965572e+02
1.641715231743800416e+02
1.622682837398257050e+02
