1.608685531712628108e+04
1.416747918875403775e+04
1.248414021207687438e+04
1.102275480447065274e+04
9.763866855165133529e+03
8.632931808810577422e+03
7.664269606794599895e+03
6.806138104091609421e+03
6.069861906435286073e+03
5.392705661402287660e+03
4.829403120826535996e+03
4.311761877146031111e+03
3.895265521260102105e+03
3.490178911975837764e+03
3.176473035779798465e+03
2.856422858300685675e+03
2.569407338171453830e+03
2.314637123390597935e+03
2.103618442720699022e+03
1.939959638508304806e+03
1.760513072117260890e+03
1.643148164804397311e+03
1.502956550006607358e+03
1.387722743124626732e+03
1.261921340983244136e+03
1.158207317513824819e+03
1.072630027531231690e+03
9.973700611777493350e+02
9.275018438208766156e+02
8.572749257821782294e+02
8.082211138521547582e+02
7.599690000877357079e+02
