1.232448732929111975e+04
1.131629935635981565e+04
1.035327721512805329e+04
9.465167185868480374e+03
8.663967905750390855e+03
7.934213801866524591e+03
7.306188194798082804e+03
6.708176708286003304e+03
6.224389060015976611e+03
5.723558032779465066e+03
5.272171028854580982e+03
4.864849119243518544e+03
4.484601131002084912e+03
4.182309731891785304e+03
4.116378346054371832e+03
3.791411782337806471e+03
3.501187760116209574e+03
3.229615993868512305e+03
2.979215591762784697e+03
2.784308846907691077e+03
2.586814257319313128e+03
2.426783768963492093e+03
2.264140178460769221e+03
2.112795196796256278e+03
1.947383064909514815e+03
1.805220016228183113e+03
1.701453287405039646e+03
1.591808218281241807e+03
1.486172313347756244e+03
1.362592179540065217e+03
1.258050285717347606e+03
1.189171172943465763e+03
1.115528453118561856e+03
1.043783811129919513e+03
9.792176079323869544e+02
9.175194950781656189e+02
8.578381405758902929e+02
8.101904716922161924e+02
7.663163291944084676e+02
7.499458460692172821e+02
7.103870363453493155e+02
6.674809585456672494e+02
6.340788756733420541e+02
6.016934654958354258e+02
5.731765679690157640e+02
5.434098216598241606e+02
5.145292624680703284e+02
4.963241792466289439e+02
4.710620418544972949e+02
4.467472380357169186e+02
4.274482009098539379e+02
4.095105788525991102e+02
3.941360021820377710e+02
3.819911996312803808e+02
3.670267395472298517e+02
3.539538098523614167e+02
3.429170768284179758e+02
3.333923327101822451e+02
3.259153516791370748e+02
3.149214731531990310e+02
3.057854732812892280e+02
2.991026341984107830e+02
2.908592126772879283e+02
2.861215334694220473e+02
2.804621590864767882e+02
2.727104696079869086e+02
2.670064392953933634e+02
2.598527739131482122e+02
2.536676102465442000e+02
2.483698961847819646e+02
2.434734772263619789e+02
2.394886454852154998e+02
2.346499948024509763e+02
2.300938520129546134e+02
2.266856933154205933e+02
2.217163393650866965e+02
2.179110895004783401e+02
2.141652171536846936e+02
2.092859834448910306e+02
2.062842764540754672e+02
2.032879236266826979e+02
2.001730277954937662e+02
1.955996063020165252e+02
1.924536375822965226e+02
1.894245373913070694e+02
1.869645696175105059e+02
1.847785725648969333e+02
1.819859066964989722e+02
1.799076478332408442e+02
1.775740714558347690e+02
1.755647049668997965e+02
1.737707405834152041e+02
1.715028348223899570e+02
1.702752231681719763e+02
1.675239143101479158e+02
1.658838014565946253e+02
1.639917651633280968e+02
1.606245002102871524e+02
1.582223554727177088e+02
1.563563073010703590e+02
