1.616786027732671937e+04
1.422638288222344636e+04
1.253760915202760225e+04
1.111102913587508920e+04
9.810604431610598112e+03
8.705879949366135406e+03
7.702809056643231088e+03
6.815926427784675980e+03
6.102466741573313811e+03
5.447104467058861701e+03
4.839322012272125903e+03
4.314172922977514645e+03
3.845581291889104250e+03
3.456038517611109910e+03
3.144254171362646048e+03
2.815861581821371146e+03
2.591739737595278257e+03
2.311522595775040827e+03
2.104703218301532615e+03
1.903824309182391062e+03
1.734076586987840301e+03
1.583583888587991396e+03
1.451454919778002250e+03
1.320278948285530987e+03
1.192938650280940919e+03
1.097095813814911708e+03
1.017836959777580546e+03
9.389961976744824597e+02
8.735864914026474253e+02
8.212155136160060920e+02
7.659416731807893939e+02
7.132018764208897892e+02
6.708908534869847244e+02
6.336024646700113863e+02
6.013267289344673827e+02
5.690166390087257469e+02
5.342078435473893023e+02
5.085827038074646111e+02
4.848345882620342309e+02
4.638965159972216270e+02
4.447321613591780647e+02
4.214417730938489512e+02
4.074014690439775563e+02
3.923479629259696821e+02
3.735834672031145942e+02
3.602425805726059025e+02
3.493658639554785736e+02
3.393378966307514588e+02
3.280815263906970927e+02
3.162881400157347684e+02
3.072635572550400411e+02
2.984712290740758931e+02
2.909492691237553572e+02
2.831340815111515781e+02
2.766332206046644728e+02
2.704813260968795134e+02
2.646945186739598626e+02
2.585562114372062297e+02
2.527683710972727340e+02
2.475804864371133931e+02
2.418734918609288798e+02
2.368331631322432713e+02
2.325848247947554910e+02
2.291840422629017269e+02
2.254937833752699134e+02
2.205823736988659221e+02
2.149112316816471377e+02
2.119306047944437239e+02
2.075548463956777994e+02
2.045616423311325320e+02
2.011407448823137258e+02
1.984933288297101797e+02
1.952221063232538256e+02
1.930501054939801122e+02
1.892064622051575782e+02
1.860890145783419598e+02
1.821528082296383957e+02
1.781373608651008453e+02
1.756216361484817696e+02
1.732381716318829206e+02
1.710402507022814120e+02
1.693983135597725607e+02
1.674950660393711814e+02
1.651965791105392327e+02
1.627286097183151696e+02
1.610504679126088092e+02
1.594235993536175044e+02
1.577823754371734140e+02
1.553818378971027130e+02
1.538513747068308533e+02
1.515019836960222506e+02
1.502692836559575653e+02
1.484046185016209165e+02
1.464724740152329332e+02
1.447730399878313392e+02
1.428635369155920500e+02
1.411903303195039996e+02
1.398836886162684436e+02
1.385182078197367161e+02
1.371900783795914833e+02
