1.370967354223932140e+07
1.181367325012884848e+07
1.019483201400292851e+07
8.807393010189564899e+06
7.613867758492746390e+06
6.594785773174901493e+06
5.718659753674373031e+06
4.965674400127911009e+06
4.322230847089563496e+06
3.770652766172174364e+06
3.300356622241178993e+06
2.889535715584971476e+06
2.535364062310985755e+06
2.235021351026163436e+06
1.974991792171231471e+06
1.746593357356496155e+06
1.549130897827749606e+06
1.380734863497056300e+06
1.234961558722526534e+06
1.107503951450347202e+06
9.974402403215772938e+05
9.018558249327412341e+05
8.206800861731430050e+05
7.497109828845860902e+05
6.874079999935148517e+05
6.327910402204832062e+05
5.853192402304254938e+05
5.433943371015632292e+05
5.072010374951284030e+05
4.750794550064441864e+05
4.464339889080265420e+05
4.210310026589776389e+05
3.991079292676276527e+05
3.800154969810324837e+05
3.630647981432497036e+05
3.481566170142854680e+05
3.344939115512556746e+05
3.219652500533714774e+05
3.108754664609234314e+05
3.008952881145277061e+05
2.917925307272400823e+05
2.836081478156191297e+05
2.760330318500528228e+05
2.689823187382649048e+05
2.627325488143297844e+05
2.570242392989015498e+05
2.520066719616685878e+05
2.468814347293284663e+05
2.421756439345997351e+05
2.380238823046367324e+05
2.337804103740658320e+05
2.301566272717145330e+05
2.264352310767049203e+05
2.229830560471883509e+05
2.200081380185587332e+05
2.168534619843487744e+05
2.138357989738444448e+05
2.112472162228041561e+05
2.086603076129639521e+05
2.063845659984973026e+05
2.040539630877808668e+05
2.017264934507740545e+05
1.996688839347385801e+05
1.975465336106225441e+05
1.956860127280999150e+05
1.935015696225567954e+05
1.917248089719272684e+05
1.899767806149522658e+05
1.879821467478962732e+05
1.863689353445354500e+05
1.844146130996431457e+05
1.826235255180120585e+05
1.807708121788054123e+05
1.789974801312068885e+05
1.772247587316566496e+05
1.756283867947448161e+05
1.739896954017323442e+05
1.724625197229767218e+05
1.710172219127627613e+05
1.694962239339712542e+05
1.680531008752478519e+05
1.665977498722097953e+05
1.653089491412958014e+05
1.640101750502714131e+05
1.628357234676228254e+05
1.617282168886911822e+05
1.605786881100235623e+05
1.594559977062603284e+05
1.582511449014692334e+05
1.572046785999221611e+05
1.561451326291665027e+05
1.551093644463154196e+05
1.541747242140311864e+05
1.532779202598774573e+05
1.522123978955155762e+05
1.512622553012519493e+05
1.504514318559236126e+05
1.495144944945839816e+05
1.487184820596245700e+05
1.477429297259110608e+05
