1.559236095083400980e+07
1.514899452597321197e+07
1.471895130522183701e+07
1.430164686896340363e+07
1.389682712403315119e+07
1.350402510633324459e+07
1.312275051973355003e+07
1.275324403234892152e+07
1.239426629456615821e+07
1.204525285638644919e+07
1.170726218289143406e+07
1.137872901542549767e+07
1.106123355489487201e+07
1.075198409571028873e+07
1.045300875621997006e+07
1.016199142476546019e+07
9.880534362283775583e+06
9.604516159818449989e+06
9.337307004963537678e+06
9.078358109780551866e+06
8.825631751608911902e+06
8.581708473347637802e+06
8.344786988585324958e+06
8.113825183141924441e+06
7.890617115545966662e+06
7.673685436566762626e+06
7.462438572756608017e+06
7.257362092935807072e+06
7.059410321787599474e+06
6.867203985817615874e+06
6.679426253136393614e+06
6.498718122498107143e+06
6.321991062973413616e+06
6.151343379232935607e+06
5.985457807977969758e+06
5.825102361439257860e+06
5.668300712999898940e+06
5.516513800483065657e+06
5.369400530916668475e+06
5.226524496173529886e+06
5.088329861493425444e+06
4.952569951732025482e+06
4.821676664983827621e+06
4.694015732380455360e+06
4.570057265757587738e+06
4.450340124365276657e+06
4.333406362725059502e+06
4.219507276435533538e+06
4.110424389174929820e+06
4.004549287516630255e+06
3.900734750696941279e+06
3.799745436723181512e+06
3.701806669218929019e+06
3.606596093693950679e+06
3.514698484092826489e+06
3.424698452834288124e+06
3.338036172893979587e+06
3.254091742099902127e+06
3.171545638789006043e+06
3.092073436938365456e+06
3.015065527983005159e+06
2.939796745616938453e+06
2.867019397342550103e+06
2.795935972585190553e+06
2.726596446936219931e+06
2.660062037493628450e+06
2.594491533824705519e+06
2.531592694898710586e+06
2.469704868413293269e+06
2.410011760346994270e+06
2.352035018988439813e+06
2.294842011368301697e+06
2.239771640948106535e+06
2.185790255997650791e+06
2.133758237618335057e+06
2.082991506707426626e+06
2.033854617128465557e+06
1.986483360169309890e+06
1.940153630947089056e+06
1.894840329791310476e+06
1.851302435684615048e+06
1.808902344847743399e+06
1.767372219277711120e+06
1.727132081802456640e+06
1.687978693068622379e+06
1.649647403517616913e+06
1.612222330018003471e+06
1.576142040491288994e+06
1.541222368600280490e+06
1.506879796073970618e+06
1.473985260649943724e+06
1.441536745363240363e+06
1.409905421810564585e+06
1.379817011395377805e+06
1.349992127407626016e+06
1.321097506203398108e+06
1.292784990698646754e+06
1.265354824957659235e+06
1.238622952943227952e+06
1.212433946764922934e+06
1.187156075562760234e+06
1.162473692865496967e+06
1.138644974115167744e+06
1.115879482922616182e+06
1.093282588537977776e+06
1.071117516387191601e+06
1.049825731723492267e+06
1.028926836112039047e+06
1.008576955444769934e+06
9.892907932221082738e+05
9.701782697525531985e+05
9.514784027448092820e+05
9.334080932486022357e+05
9.157927966429997468e+05
8.987065046863282332e+05
8.821341969965385506e+05
8.660388342489341740e+05
8.502590763402124867e+05
8.349194811350503005e+05
8.199254364666229812e+05
8.053904502182183787e+05
7.913174899266051361e+05
7.774354364062345121e+05
7.640085954296131385e+05
7.510529659306380199e+05
7.381744259818886640e+05
7.257714966920103179e+05
7.138777681385801407e+05
7.021657976360203465e+05
6.907502399641941302e+05
6.797055422881302657e+05
6.687509446061281487e+05
6.581665740060596727e+05
6.478328008878621040e+05
6.377076018744853791e+05
6.280048913088920526e+05
6.185837952726150397e+05
6.092707360900088679e+05
6.002108338812779402e+05
5.913642566967132734e+05
5.828684932342196116e+05
5.745941395931028528e+05
5.663669238626683364e+05
5.584511092019212665e+05
5.507954520242923172e+05
5.432214778931528563e+05
5.359335244672133122e+05
5.286990530909026274e+05
5.217074582966290764e+05
5.149064866332928068e+05
5.082564903160854010e+05
5.017614326700411038e+05
4.954300722987812478e+05
4.892454030002850923e+05
4.830538954123295262e+05
4.771751594777686405e+05
4.712234191178397741e+05
4.655571886706233490e+05
4.600345244663717458e+05
4.546351296457099379e+05
4.494242645985519630e+05
4.443489505908978754e+05
4.393721522091678926e+05
4.345528310464530950e+05
4.298572887940389337e+05
4.251379066936196177e+05
4.206414464766517049e+05
4.162824393405960873e+05
4.119679634585215244e+05
4.078450624477284146e+05
4.036604323328159517e+05
3.996590055327058071e+05
3.957167313955535647e+05
3.918354222086782102e+05
3.881086414730746765e+05
3.844288767075797659e+05
3.808256147188497125e+05
3.773439794568440411e+05
3.740111638474714709e+05
3.706754731664868305e+05
3.674126408384124516e+05
3.641707218366054585e+05
3.610248575343660777e+05
3.579013631009614328e+05
3.549514532407627557e+05
3.520789053352513583e+05
3.492473091198648326e+05
3.464908519768932601e+05
3.437231206721020862e+05
3.410748662234953954e+05
3.384121178656384000e+05
3.358105225989933242e+05
3.332441684118732228e+05
3.307431269170234445e+05
3.283451038971362286e+05
3.259212744188335491e+05
3.235989135220673052e+05
3.212420698370240862e+05
3.190420457955244929e+05
3.168331140893734992e+05
3.145593754853692953e+05
3.124012056118596229e+05
3.103329343864788534e+05
3.082385966914028395e+05
3.061770645509986789e+05
3.041038769705432933e+05
3.021731088564980892e+05
3.001748225672372500e+05
2.983361056472311611e+05
2.964810532970217173e+05
2.946366084458532277e+05
2.928231297729350626e+05
2.909761162892074208e+05
2.892448981406334788e+05
2.874877414039751166e+05
2.858651156891852734e+05
2.841698697851273464e+05
2.825084636797236162e+05
2.808712527071998920e+05
2.793781287082859199e+05
2.777914639373124810e+05
2.762495700820467900e+05
2.747495118793806760e+05
2.732499568158743787e+05
2.717668238661650103e+05
2.703785492242167238e+05
2.689970456275730394e+05
2.676077998661827296e+05
2.662561392875277088e+05
2.648886715949260979e+05
2.635310634325154242e+05
2.622004967811794486e+05
2.609058004426266125e+05
2.596168265743319644e+05
2.583774336906994286e+05
2.571325334087270894e+05
2.558539396221826901e+05
2.546686206157540728e+05
2.534432646885916765e+05
2.522816104688624910e+05
2.511217779502080230e+05
2.499691978938790853e+05
2.488441517773353844e+05
2.477564682015779836e+05
2.467364558805772394e+05
2.456703694647427183e+05
2.446172020183656714e+05
2.435958429521909566e+05
2.425814601957436826e+05
2.415621256609305565e+05
2.405837812122123432e+05
2.396140714646203560e+05
2.386594194484009349e+05
2.377041742339008197e+05
2.367723404042570037e+05
2.358188346915995644e+05
2.348845912999079155e+05
2.340013471850117494e+05
2.331004439252248558e+05
2.322138880174289516e+05
2.313826638651795802e+05
2.305455463246822183e+05
2.297318005882913130e+05
2.289127920418054273e+05
2.281042794499101874e+05
2.273225784150974941e+05
2.265463818495317246e+05
2.258008298358931497e+05
2.250218508158452751e+05
2.242491707065054507e+05
2.234982358040133258e+05
2.227831834800111246e+05
2.220071240447769233e+05
2.212850653284401342e+05
2.205940003399468260e+05
2.198632720778627263e+05
2.191201960936552787e+05
2.184067357969031727e+05
2.177473138297123951e+05
2.170088776930171589e+05
2.163724756280118891e+05
2.156248780085768667e+05
2.148957397664430027e+05
2.142551852875828044e+05
2.135427128297446761e+05
2.129082498497975757e+05
2.122702938425195171e+05
2.116397478536140115e+05
2.110098696903207456e+05
2.103697872033845051e+05
2.096929700792127114e+05
2.090856905872853531e+05
2.084855838660802692e+05
2.078725100006634602e+05
2.072414159910902090e+05
2.066635972912077268e+05
2.060519978313322354e+05
2.054964461028188816e+05
2.049121889515568037e+05
2.043194641587937949e+05
2.037215710228140524e+05
2.031468108833667065e+05
2.025798196945311211e+05
2.020138912699466164e+05
2.013739078327238676e+05
2.007623786534255778e+05
2.001440233774571097e+05
1.995553656876840687e+05
1.989687299595047371e+05
1.983865289983260445e+05
1.978225327882425918e+05
1.972638325868019892e+05
1.967254406860972813e+05
1.961891545609673776e+05
1.956507349579118891e+05
1.950997621408703271e+05
1.945608616667610186e+05
1.940271058113057807e+05
1.935584844819132413e+05
1.930530953044407361e+05
1.925549499399359338e+05
1.920513895973314648e+05
1.915602653163995128e+05
1.910607062503871275e+05
1.905261082114915771e+05
1.900698636418573442e+05
1.896016296829230851e+05
1.891161159372872498e+05
1.886438125150859705e+05
1.881810594445195748e+05
1.877278307639678533e+05
1.872707852376968076e+05
1.868413964928849309e+05
1.863920002045957372e+05
1.859122080296126078e+05
1.854888420805192727e+05
1.850627534350318892e+05
1.846523456844504399e+05
1.842016918322785932e+05
1.837328214697836083e+05
1.833114430481093295e+05
1.828801349721544248e+05
1.824841426736820431e+05
1.820789583919575962e+05
1.816579269141323748e+05
1.812155249018672039e+05
1.807867023779612791e+05
1.803645516087210272e+05
1.799351444915330503e+05
1.795229170251070464e+05
1.791308575321827666e+05
1.787418286617791746e+05
1.783263572193711589e+05
1.779400207501202822e+05
1.775457450955623062e+05
1.771457218187731924e+05
1.767515679774102755e+05
1.763769526608836604e+05
1.759943284953724942e+05
1.755932403085349652e+05
1.752003791567712033e+05
1.748064998884328234e+05
1.743696952314726077e+05
1.739847647836426913e+05
1.735944771267368924e+05
1.732151154671994154e+05
1.728241576175397786e+05
1.724801811383256281e+05
1.720587837777586537e+05
1.716902077177632600e+05
1.713245878980220004e+05
1.709449955970770388e+05
1.705886079011114780e+05
1.702317537858684664e+05
1.699023807146090548e+05
1.695414427190916613e+05
1.691905674696831557e+05
1.687857028524800262e+05
1.683961275504293444e+05
1.679769881431536924e+05
1.675902305490318395e+05
1.671774076905406837e+05
1.667850313250838371e+05
1.664128804484636057e+05
1.660186042611296289e+05
1.656727897867440479e+05
1.652864936156429176e+05
1.649552095336526399e+05
1.645846825412194885e+05
1.642640987817920104e+05
1.639464538082144863e+05
1.636236417485071870e+05
1.632638689503984060e+05
1.628838411112190806e+05
1.625295176322452608e+05
1.621688742001084902e+05
1.618157837506983196e+05
1.614479823080023634e+05
1.610997709755924006e+05
1.607592833107547485e+05
1.604192228141524247e+05
1.600700668206700648e+05
1.597278517463729368e+05
1.593842345636805403e+05
1.590520974232247099e+05
1.586994504309934564e+05
1.583539611431639642e+05
1.580293898211743217e+05
1.577039029957893945e+05
1.573603287241548533e+05
1.570190164409215795e+05
1.566881737487548671e+05
1.563471145683988580e+05
1.559678666937878879e+05
1.556219787565805891e+05
1.552800732165699301e+05
1.549402567568169034e+05
1.546111961030943203e+05
1.542852354940671357e+05
1.539521992602437967e+05
1.536206205599900277e+05
1.533026270255575073e+05
1.530009744887413981e+05
1.526673927550346125e+05
1.523419760332104051e+05
1.520203476374754100e+05
1.517061335175391578e+05
1.514212291006016603e+05
1.510893867180873349e+05
1.507787368435757817e+05
1.504856024397044384e+05
1.501996430950422364e+05
1.498884146478302428e+05
1.495915729107420193e+05
1.492730876324770215e+05
1.489764214873220772e+05
1.486739743930721306e+05
1.483847103632917861e+05
1.480657493705040542e+05
1.477944683691303944e+05
1.475189039025061938e+05
1.472602390165537654e+05
1.469874821909560414e+05
1.467259401205038594e+05
1.464634404793012945e+05
1.462067062285393185e+05
1.459533168081251206e+05
1.456976233176784590e+05
1.454216789725647250e+05
1.451612688706517802e+05
1.448931807167011721e+05
1.446441883793943271e+05
1.443599819641020440e+05
1.441117914814581745e+05
1.438563914362993964e+05
1.435943677749218477e+05
1.433228201299544598e+05
1.430558085140143812e+05
1.427994584480781632e+05
1.425183923061737441e+05
1.422611868582277384e+05
1.420031262626170937e+05
1.417570804145165312e+05
1.414940007606527943e+05
1.412613806705372699e+05
1.410079758780279080e+05
1.407577280409835512e+05
1.404995648074760684e+05
1.402573800296182453e+05
1.400082454496724531e+05
1.397494922442598327e+05
1.394948344678806316e+05
1.392545591002278088e+05
1.390190400314062717e+05
1.387659056025870377e+05
1.385107898237658374e+05
1.382731886554868543e+05
1.380433881381559477e+05
1.378216143627661222e+05
1.376017517736018926e+05
1.373633396528421436e+05
1.371050520068244368e+05
1.368835473838373437e+05
1.366505826451163157e+05
1.364396615941195341e+05
1.362107268716731633e+05
1.359702349540477444e+05
1.357708743165101041e+05
1.355480555339826678e+05
1.353142949531995691e+05
1.351196361097502813e+05
1.348954390092817193e+05
1.346762491085849470e+05
1.344555275488829357e+05
1.342330182967282890e+05
1.340277235278295993e+05
1.338206257644739526e+05
1.336222674919879646e+05
1.334102431601069402e+05
1.331918669420991791e+05
