1.541847055677359737e+07
1.497900383444909565e+07
1.455363426440263726e+07
1.414107231919807009e+07
1.374076285240590014e+07
1.335244741116511263e+07
1.297475510275407135e+07
1.260854790124554932e+07
1.225412199537768960e+07
1.190943297151586413e+07
1.157509165785047784e+07
1.125110570059123263e+07
1.093645158253702708e+07
1.063068000263591856e+07
1.033537787817991525e+07
1.004667013880912215e+07
9.766071655474692583e+06
9.493513314500564709e+06
9.228893703078322113e+06
8.972556760690080002e+06
8.723954443283876404e+06
8.482120084604710340e+06
8.248908173404841684e+06
8.021272047268223949e+06
7.799838138431505300e+06
7.585040905035677366e+06
7.376477559181712568e+06
7.173901295082899742e+06
6.978065233140589669e+06
6.787523119717218913e+06
6.602766814654431306e+06
6.424344008864461444e+06
6.250348710131892003e+06
6.081158191114404239e+06
5.917071899516963400e+06
5.758944238314984366e+06
5.604243780322715640e+06
5.455106736047339626e+06
5.310172977703081444e+06
5.168735432571718469e+06
5.031456799124332145e+06
4.898521764210768975e+06
4.769239637226687744e+06
4.643576332816480659e+06
4.521988199475307018e+06
4.403802096310051158e+06
4.288764320546368137e+06
4.177325676336720586e+06
4.068451316494985949e+06
3.962740601789557375e+06
3.860935924674776848e+06
3.761423432145145722e+06
3.664292129334699828e+06
3.569759623557245359e+06
3.478889761657980736e+06
3.389803925324272830e+06
3.303194806220707018e+06
3.218982799858802464e+06
3.137663921480196528e+06
3.058470676793429069e+06
2.981461649859201163e+06
2.906836224833775777e+06
2.834238529303320684e+06
2.763835996590552386e+06
2.694978879103572108e+06
2.628724299608664587e+06
2.564706910028414335e+06
2.501883413757504895e+06
2.441361399510156363e+06
2.382181107259249315e+06
2.325054065817352384e+06
2.269425301204163115e+06
2.215140584431684576e+06
2.162605147669899277e+06
2.111008943556192797e+06
2.060719085929336725e+06
2.012092231306476286e+06
1.965452618551105494e+06
1.919293463941495866e+06
1.874390552635658532e+06
1.830412467813672964e+06
1.788671800436524209e+06
1.747990725842948770e+06
1.707850674856877187e+06
1.668826254892906873e+06
1.630834907796245767e+06
1.593793640401525889e+06
1.557807613269672263e+06
1.522836867908337153e+06
1.488949295130412793e+06
1.455958052044230280e+06
1.423828448744275607e+06
1.392656007116288412e+06
1.362178275037673535e+06
1.332461081373460591e+06
1.303931577612655470e+06
1.276014697743317811e+06
1.249011232422012836e+06
1.222475139092458179e+06
1.196859480595982401e+06
1.171695381445724983e+06
1.147646546462326078e+06
1.124069879332937766e+06
1.100914930638147285e+06
1.078658220984203042e+06
1.056699491524872836e+06
1.035747323842547601e+06
1.015042441523481742e+06
9.949749034725397360e+05
9.756468597920995671e+05
9.566497454863224411e+05
9.383836576061309315e+05
9.203421682366507594e+05
9.029214864420249360e+05
8.858371068084061844e+05
8.695346601353168953e+05
8.533231792531531537e+05
8.375816407884232467e+05
8.223329283886784688e+05
8.074303530978710623e+05
7.930599629081238527e+05
7.789047962001705309e+05
7.653389612636443926e+05
7.519387557964131702e+05
7.390230130182236899e+05
7.263024865236028563e+05
7.139331500877017388e+05
7.017665805425142171e+05
6.900054388676753733e+05
6.788358460675531533e+05
6.675618658601890784e+05
6.569273907931279391e+05
6.464112567674163729e+05
6.362526653235693229e+05
6.262773877922869287e+05
6.167082006363705732e+05
6.072491783619780326e+05
5.979198321670738515e+05
5.888118027118790196e+05
5.800515573914040579e+05
5.714548983530349797e+05
5.631033741348313633e+05
5.550523232703590766e+05
5.470529964839050081e+05
5.392889834154898999e+05
5.317921967957216548e+05
5.244402291049583582e+05
5.172647210309400107e+05
5.102832986712787533e+05
5.034796732944491669e+05
4.968581130182286724e+05
4.904078765820669942e+05
4.841651472221644362e+05
4.781261865448079188e+05
4.721446339870456723e+05
4.663087191946997773e+05
4.607234842769451789e+05
4.552197434429798159e+05
4.498885048229658860e+05
4.445915669671639916e+05
4.394039824217720306e+05
4.344196465291157365e+05
4.295349430334247882e+05
4.246765555073086289e+05
4.199925860670027323e+05
4.154729387229324202e+05
4.110066735542046954e+05
4.066497222987806308e+05
4.024433595912130550e+05
3.982451210574594443e+05
3.942299561517750844e+05
3.902533384473621845e+05
3.863391180751267239e+05
3.825213566696000053e+05
3.789243580159585108e+05
3.753438404539427138e+05
3.717728564278477570e+05
3.683457999614670407e+05
3.649072959944797913e+05
3.615609015130545595e+05
3.583731403593139257e+05
3.551989517615578952e+05
3.520900538834023755e+05
3.490794914769253810e+05
3.460989461265190039e+05
3.431545513614589581e+05
3.402714493907567230e+05
3.374929900964613189e+05
3.347318730984462309e+05
3.320627029957727063e+05
3.294656550739258528e+05
3.268857931990602519e+05
3.244355211285388796e+05
3.219596485438845702e+05
3.195319850385730388e+05
3.171796146094899741e+05
3.148716865695034503e+05
3.125272601329956087e+05
3.102579858830795856e+05
3.081244343746019294e+05
3.059796533541391836e+05
3.038467405831756187e+05
3.017835326742558391e+05
2.997495573520007310e+05
2.977898305058105034e+05
2.958750282827073825e+05
2.939358843489181018e+05
2.920848724406724796e+05
2.902601398927997216e+05
2.884826233016784536e+05
2.867670808953684173e+05
2.850575771936733508e+05
2.833115887030438171e+05
2.815846850941907032e+05
2.799211108832832542e+05
2.783179182263914845e+05
2.766855993880097521e+05
2.750455341870503617e+05
2.734979614948652452e+05
2.719393488320137258e+05
2.704327265380371828e+05
2.690353158319660579e+05
2.676196895307281520e+05
2.661038322831916739e+05
2.646284767852934310e+05
2.631531363695800537e+05
2.617489817350484082e+05
2.604092025684286200e+05
2.590073494625423918e+05
2.576554049306692905e+05
2.563307656914785621e+05
2.550811588755207194e+05
2.537556839707162580e+05
2.525018644444046076e+05
2.513330384122925461e+05
2.501558891193179879e+05
2.489587904086568160e+05
2.478485721500848013e+05
2.467124142654165335e+05
2.455461695239306137e+05
2.445048201540884038e+05
2.434588530643108825e+05
2.423768193501475907e+05
2.413359923579947499e+05
2.402993553733873414e+05
2.392706759641786630e+05
2.382599434823675547e+05
2.372281561525042052e+05
2.362665382847381989e+05
2.352592846979389433e+05
2.342704176273642224e+05
2.332944986057231145e+05
2.323633282255913364e+05
2.314013184953040909e+05
2.305037640481373528e+05
2.296081813208136009e+05
2.287188819001869415e+05
2.278229621592315380e+05
2.269604983482361713e+05
2.261119534645071253e+05
2.252750806607056293e+05
2.244683791211739299e+05
2.236450037711992336e+05
2.228550938674293284e+05
2.220586062767965777e+05
2.212894783171829185e+05
2.205581894904350629e+05
2.197776440766515734e+05
2.190180667490532214e+05
2.182536051144704979e+05
2.175521528783436515e+05
2.167760296188106295e+05
2.160821151035478688e+05
2.153575957243385201e+05
2.146037235652336385e+05
2.139370244962690340e+05
2.132860292500693176e+05
2.125611646838269371e+05
2.118923635292834369e+05
2.112427296517442446e+05
2.105141937683814904e+05
2.098453122844050231e+05
2.091213029144073662e+05
2.084382279049225617e+05
2.077690177853086207e+05
2.071037361925141013e+05
2.064675459040896967e+05
2.058774976831986569e+05
2.052258308603288315e+05
2.046553653408359096e+05
2.040368562305356900e+05
2.034659115550278802e+05
2.028483501537842967e+05
2.022883829271731956e+05
2.016829636290730268e+05
2.010836751258820004e+05
2.005125763008625945e+05
1.999674146551528538e+05
1.993874895645547658e+05
1.988564265098950709e+05
1.982652299692503002e+05
1.977334105196942692e+05
1.971804578792156244e+05
1.966366653536458325e+05
1.960797360532674938e+05
1.955499327946934500e+05
1.949806090582893521e+05
1.944447866506135906e+05
1.939018262761895894e+05
1.933436017364420113e+05
1.928134265877264843e+05
1.922949195907898829e+05
1.918000907499793975e+05
1.912780424709097424e+05
1.907688952118663001e+05
1.902772466435988899e+05
1.897462067242998164e+05
1.892412154928758100e+05
1.887194695621713472e+05
1.882493664120156027e+05
1.877867984442493471e+05
1.873153238923979225e+05
1.868023579893636925e+05
1.863374594266670465e+05
1.858423776783746143e+05
1.853828248587311828e+05
1.848955681528626010e+05
1.844439807351988275e+05
1.839567387473716517e+05
1.834891744198630331e+05
1.830004810695826891e+05
1.825318620048917364e+05
1.820684815839822113e+05
1.816019418361670687e+05
1.811389795876062999e+05
1.807118416717529763e+05
1.802590951932873868e+05
1.798153492939222779e+05
1.793856472552004852e+05
1.789409496037898061e+05
1.784768048756450880e+05
1.780567010345134768e+05
1.776218929897776106e+05
1.771921330884754425e+05
1.768018596919648699e+05
1.763645520236818411e+05
1.759611965640495473e+05
1.755426934143913386e+05
1.751252238950800675e+05
1.747123104465329961e+05
1.742913388575219142e+05
1.738860297902586462e+05
1.734843251420390443e+05
1.730999848576226796e+05
1.726702713395565806e+05
1.722781839540902874e+05
1.718588589988137246e+05
1.714529460069834604e+05
1.710660219815036689e+05
1.706690209657423839e+05
1.702821465005288192e+05
1.699126828743719670e+05
1.695114626139897737e+05
1.691247968174944981e+05
1.687492396528706595e+05
1.683647701135825191e+05
1.679756442883826967e+05
1.676055224305479787e+05
1.672657131327891548e+05
1.668981855844799138e+05
1.665290353907385725e+05
1.661902279228583502e+05
1.658298137290726008e+05
1.654805266946427291e+05
1.650946569469877868e+05
1.647449029462085455e+05
1.644117522926133242e+05
1.640893037273434456e+05
1.637705895646691497e+05
1.634601253481564636e+05
1.631074613156284031e+05
1.627659104689546803e+05
1.624052851555150701e+05
1.620798864026138908e+05
1.617169076401326165e+05
1.613898389518590120e+05
1.610037617156902852e+05
1.606296676778296533e+05
1.602943456067614316e+05
1.599442167554304469e+05
1.596035520154006954e+05
1.592633239566526609e+05
1.589173476181662991e+05
1.585829995886295801e+05
1.582419613860798418e+05
1.579154988004974439e+05
1.576082920694926870e+05
1.572742521226024546e+05
1.569626677227244072e+05
1.566482849507792853e+05
1.563322142639383383e+05
1.560107671785710845e+05
1.556935888252661680e+05
1.553255022668305610e+05
1.549623756095733261e+05
1.546214333470711135e+05
1.542723051611403935e+05
1.539266002901988395e+05
1.535885614486971754e+05
1.532431961161417421e+05
1.528969263688975770e+05
1.526062091578987311e+05
1.523144321741056629e+05
1.520188993689056661e+05
1.516891307785584358e+05
1.513601388912432885e+05
1.510588148885178380e+05
1.507785191433359578e+05
1.504509465105310082e+05
1.501686712417453236e+05
1.498459032991909771e+05
1.495178475059055199e+05
1.492414827388423728e+05
1.489360542317381187e+05
1.486447820344411011e+05
1.483532133424096974e+05
1.480621995157722849e+05
1.477727739887209609e+05
1.475002724384118337e+05
1.471930743353808066e+05
1.468919693255052553e+05
1.465723319491180591e+05
1.462811652941148495e+05
1.459916755084257165e+05
1.457134536916913348e+05
1.454162958874361357e+05
1.451074343947193702e+05
1.448236321369399957e+05
1.445506683926503465e+05
1.442693122304319695e+05
1.439598715247661166e+05
1.436737279226548562e+05
1.433774704334014677e+05
1.431022992676634749e+05
1.428196615603004757e+05
1.425583978763149935e+05
1.422588789085295284e+05
1.419973973567117937e+05
1.417394407115434296e+05
1.414554097512880689e+05
1.411977254935649980e+05
1.409360761696864793e+05
1.406882286345534667e+05
1.404117559879045293e+05
1.401244848554175114e+05
1.398499125224808813e+05
1.396007644258759974e+05
1.393543976721169020e+05
1.391090380205289403e+05
1.388586101232419896e+05
1.386232472709444410e+05
1.383765988370792766e+05
1.381295622930469690e+05
1.378940589801279129e+05
1.376670877935565950e+05
1.374069087951676047e+05
1.371893299708657723e+05
1.369539806936907116e+05
1.367378660046142759e+05
1.365168616559739166e+05
1.362830469187904382e+05
1.360635028449026868e+05
1.358249279223953781e+05
1.356076622352146078e+05
1.353768819050426537e+05
1.351636877784054959e+05
1.349513241861285060e+05
1.347262336541697150e+05
1.345033066958998097e+05
1.342816744180574606e+05
1.340590492517244420e+05
1.338436640611229523e+05
1.336326959438034100e+05
1.334273515760431474e+05
1.332157402735940123e+05
1.329894524487707240e+05
1.327716894516454777e+05
1.325788986305023718e+05
1.323743352835610858e+05
1.321589970435210853e+05
1.319519743672166660e+05
1.317324674678341835e+05
1.315115188322176982e+05
1.312977876970978105e+05
1.310938053789452242e+05
1.308879327458599437e+05
1.306666589270183031e+05
1.304729661015001184e+05
1.302809218821796239e+05
1.300656281801872537e+05
