1.543103818907564692e+07
1.499247161327293888e+07
1.456661056654294021e+07
1.415280448954899050e+07
1.375168527224669419e+07
1.336201190653072856e+07
1.298426955171704292e+07
1.261766076411803812e+07
1.226155022167115472e+07
1.191679999637768418e+07
1.158216291240749508e+07
1.125702730495304987e+07
1.094139665215337649e+07
1.063578281186260283e+07
1.033826431538114510e+07
1.005024755770374835e+07
9.769849134697029367e+06
9.498103697304759175e+06
9.234104242617437616e+06
8.978670119464725256e+06
8.730194381025491282e+06
8.489734690801631659e+06
8.255677172464971431e+06
8.029490343595705926e+06
7.808409477380165830e+06
7.594994103982021101e+06
7.385848145579786971e+06
7.184570596551700495e+06
6.987693249471577816e+06
6.798220360051287338e+06
6.612653652279420756e+06
6.432659914074195549e+06
6.257691650224502198e+06
6.088223210106885061e+06
5.924991038610501215e+06
5.766196161044959910e+06
5.611088272022163495e+06
5.461542689191749319e+06
5.315124929770452902e+06
5.174208025855409913e+06
5.037548899531371891e+06
4.903630261018636636e+06
4.773712359554874711e+06
4.649014014303191565e+06
4.526931344393010251e+06
4.408082601492651738e+06
4.293113187419225462e+06
4.181356235717791598e+06
4.073029637197274715e+06
3.968642663538389839e+06
3.866710620321559720e+06
3.767066052577489987e+06
3.670462265775604174e+06
3.575898166384060867e+06
3.484438126376774162e+06
3.395662679333787411e+06
3.308907039299641270e+06
3.224742639928125311e+06
3.143103772162311245e+06
3.064028555076216813e+06
2.986966332872585859e+06
2.911498293139555492e+06
2.838981256976721808e+06
2.768449229218241759e+06
2.699793376948599704e+06
2.632210850490451790e+06
2.567197290100357030e+06
2.503546333938902244e+06
2.441968776323238388e+06
2.381972700509809889e+06
2.323859007068529725e+06
2.267341350480270106e+06
2.212454259556141216e+06
2.159079876827643253e+06
2.107289497836109251e+06
2.056991010536694201e+06
2.008188883080741391e+06
1.960720191129591083e+06
1.914470924516336992e+06
1.869402565371410223e+06
1.825709600319463527e+06
1.783191533935764339e+06
1.741830236153755104e+06
1.701953085709834239e+06
1.663021431873194873e+06
1.625079381140884012e+06
1.588124458408572711e+06
1.552404818236517254e+06
1.517412193635660922e+06
1.483489348855642369e+06
1.450640025158053963e+06
1.418307283806258347e+06
1.387226866120734252e+06
1.357131958663037047e+06
1.327475726568521932e+06
1.298843004393202020e+06
1.271026223544796929e+06
1.243822899565735133e+06
1.217405681624017190e+06
1.191772437944637379e+06
1.166850479452615604e+06
1.142581055903000757e+06
1.119059752093085321e+06
1.096122618747579399e+06
1.073834856497858651e+06
1.052205999593343586e+06
1.031302377199979732e+06
1.010681438640882843e+06
9.907982329329182394e+05
9.713509123733089073e+05
9.525004600246452028e+05
9.341982174596851692e+05
9.162132067166471388e+05
8.988717937014428899e+05
8.818115868323515169e+05
8.653104800127948401e+05
8.493002953531412641e+05
8.337932339807725511e+05
8.186540154124604305e+05
8.040012855871946085e+05
7.896853768178853206e+05
7.758151801696900511e+05
7.624051831387414131e+05
7.492663800049072597e+05
7.366118133315896848e+05
7.240854612778850133e+05
7.119226447911674622e+05
7.000880942970305914e+05
6.885789055307535455e+05
6.773943017864046851e+05
6.664421008810744388e+05
6.557531664684613934e+05
6.453429393874261295e+05
6.350583519128612243e+05
6.252869659653891576e+05
6.157439457382118562e+05
6.062492754770877073e+05
5.970994476845365716e+05
5.883670810845710803e+05
5.796611057674391195e+05
5.711852632500014734e+05
5.630323749182806350e+05
5.551052444350408623e+05
5.472039239599392749e+05
5.396889184371617157e+05
5.321097359685363481e+05
5.249071030638889642e+05
5.179041320499394205e+05
5.110983542791774380e+05
5.044860165066088084e+05
4.980545135719791288e+05
4.915514231474912958e+05
4.854161234912352520e+05
4.792697883477082942e+05
4.734498901792023680e+05
4.674816125168632134e+05
4.619341383748045773e+05
4.562562787424948765e+05
4.510086893429813790e+05
4.455974263990379986e+05
4.406227838916942710e+05
4.356427837622019579e+05
4.306092151804564637e+05
4.258175284505811869e+05
4.210205234998778906e+05
4.163539107289320673e+05
4.118213994193403050e+05
4.075955991773704300e+05
4.033590074216511566e+05
3.991406176648747060e+05
3.950753004633809905e+05
3.910548392788817291e+05
3.871552112835520529e+05
3.833409449830256635e+05
3.796646212019977975e+05
3.760112354988837615e+05
3.724650887219610158e+05
3.690705980025178287e+05
3.656814830815809546e+05
3.623316830564442207e+05
3.591161604102074052e+05
3.558307196431991761e+05
3.525853867838341394e+05
3.495844228193103336e+05
3.465145937519073486e+05
3.435036783973558922e+05
3.407092160985703813e+05
3.378588486254201271e+05
3.351863476507018204e+05
3.325121880311580608e+05
3.298356195070997928e+05
3.273335064753459883e+05
3.247526202272178489e+05
3.223442002709687804e+05
3.199019223787378287e+05
3.175655446906363941e+05
3.152345126809140202e+05
3.129794261983704637e+05
3.107869776237366023e+05
3.086459389020868693e+05
3.065127257832458708e+05
3.044376238931111293e+05
3.023140214400270488e+05
3.003623857853895170e+05
2.984059773226873949e+05
2.964240827643121011e+05
2.945212588152527460e+05
2.926996891809185618e+05
2.908494610871483455e+05
2.890720871235471568e+05
2.872991740465995390e+05
2.856007253648495534e+05
2.839031114073316567e+05
2.821774143296912080e+05
2.805511193340630271e+05
2.788889657243595575e+05
2.773387529364675866e+05
2.756819737841627211e+05
2.741185047596319928e+05
2.726319055629084469e+05
2.711153573252775241e+05
2.696807607887518825e+05
2.682484785055809771e+05
2.667430279510000837e+05
2.653678513006694266e+05
2.638735286092187744e+05
2.624878967747607967e+05
2.611575187993823201e+05
2.597653233849591343e+05
2.584087096728025354e+05
2.570603300263617712e+05
2.557487129463287129e+05
2.544896027153918694e+05
2.532145734824679967e+05
2.519737809104815242e+05
2.507704181262135389e+05
2.495473473804575624e+05
2.483490476498894568e+05
2.471661840145797469e+05
2.459764126975789550e+05
2.448677806348485465e+05
2.437377510537804628e+05
2.425735762782902166e+05
2.415221645547485386e+05
2.404535573816714168e+05
2.393914328150400834e+05
2.384094707284303440e+05
2.374127403396002483e+05
2.363889588313992426e+05
2.354392797070675879e+05
2.344758551657498756e+05
2.335218250019564875e+05
2.325149339108958666e+05
2.316142500545253279e+05
2.306995188400206971e+05
2.297901089715158450e+05
2.288836962585829897e+05
2.279880498662051978e+05
2.271105096468125121e+05
2.262521042070006952e+05
2.253830824906783528e+05
2.244704923809329630e+05
2.236179786991386500e+05
2.227698664824245789e+05
2.219041892390827998e+05
2.210487780944801052e+05
2.201744954072148539e+05
2.193238024158598855e+05
2.185151708335913136e+05
2.176760766225602711e+05
2.168806202815065335e+05
2.161045370004314464e+05
2.153086670263298147e+05
2.145362372316253313e+05
2.137678701080736646e+05
2.130139561807214632e+05
2.122631220657933445e+05
2.114930583839541941e+05
2.108016675472256320e+05
2.100622784924622101e+05
2.094012010988998227e+05
2.086848284296236234e+05
2.079574838791358634e+05
2.073180247291323030e+05
2.066392703221876873e+05
2.059361993374090816e+05
2.052943000144268153e+05
2.046605348500889959e+05
2.040243955767602893e+05
2.034056865350029548e+05
2.027537990112380648e+05
2.021263169434850861e+05
2.015127365095239657e+05
2.008629868785991857e+05
2.002717824902849970e+05
1.996469406235118513e+05
1.990192434764513164e+05
1.984362483498299262e+05
1.978234640433507448e+05
1.972256939059763681e+05
1.966451246148828650e+05
1.960970619384869642e+05
1.955297774899460783e+05
1.949426310247545771e+05
1.943894738673284010e+05
1.937883808764807472e+05
1.932311185459152039e+05
1.926750755006150575e+05
1.921206980403588095e+05
1.915570264858206501e+05
1.910368328768319916e+05
1.904855953669457231e+05
1.899695693881969491e+05
1.894148623675678973e+05
1.888842972503600176e+05
1.883697897423521499e+05
1.878521344991286460e+05
1.873449186435036827e+05
1.868012642108687724e+05
1.863135041811463889e+05
1.858061246740272036e+05
1.853354525999990583e+05
1.848660596292055561e+05
1.844048536599575600e+05
1.839476355179906532e+05
1.834600102597890655e+05
1.829535762562441814e+05
1.824540758304408810e+05
1.819533631502269127e+05
1.814724467155367602e+05
1.810376420769524411e+05
1.805733795766834519e+05
1.801091777518637246e+05
1.796236651711349550e+05
1.792167284435329202e+05
1.787719757922625577e+05
1.783751077167271869e+05
1.779021832197856565e+05
1.774659092138015549e+05
1.770249830970928597e+05
1.766482592324423313e+05
1.762235839880840213e+05
1.757876503718397580e+05
1.753606243746594409e+05
1.749486510189049004e+05
1.745295863308055559e+05
1.741384900886201067e+05
1.737104422429669357e+05
1.732450814274535223e+05
1.728337853686412273e+05
1.724224676893690194e+05
1.720020191046601103e+05
1.716096602399178664e+05
1.712609265732522181e+05
1.708364553042543412e+05
1.704238546038184431e+05
1.700717037326075078e+05
1.697114018305818900e+05
1.692981874515991076e+05
1.689011079906958912e+05
1.684804387391597556e+05
1.680997860836233885e+05
1.677295448135890183e+05
1.673417056202219101e+05
1.669371483973667782e+05
1.665858936233998684e+05
1.662010371481080947e+05
1.658239829503247165e+05
1.654248135070630233e+05
1.650602773886345385e+05
1.647208913503285439e+05
1.643838353572132764e+05
1.640183024611263536e+05
1.636813034909472917e+05
1.632687519101064827e+05
1.628816490482286899e+05
1.625606563979612838e+05
1.621224106993728492e+05
1.617365049181994691e+05
1.613149629832407518e+05
1.609419062421455455e+05
1.606154461890067614e+05
1.602552734934553155e+05
1.598969017982263758e+05
1.595420510885554540e+05
1.592087471995347587e+05
1.588754365313728922e+05
1.585455265120042313e+05
1.582243547677839524e+05
1.578711583647888328e+05
1.575523693028000998e+05
1.572308891886855126e+05
1.568470275864215801e+05
1.565296601917035296e+05
1.561673043491169228e+05
1.558087645393029961e+05
1.554350484500424645e+05
1.550564385082665540e+05
1.546776907664854079e+05
1.543049615226778551e+05
1.539717779354103259e+05
1.536054838773336669e+05
1.532656768245989224e+05
1.529282013116113958e+05
1.526009318225117750e+05
1.522805987249953032e+05
1.519111755054859968e+05
1.515430856359286699e+05
1.512402801999846997e+05
1.508836300484855019e+05
1.505692977721563657e+05
1.502530891737174243e+05
1.499362939559112128e+05
1.495945550711661926e+05
1.492622575142139103e+05
1.489651970229426515e+05
1.486441509162604052e+05
1.483263205101376516e+05
1.480208789073977678e+05
1.477087549879322469e+05
1.473940394755747402e+05
1.470794843298306805e+05
1.467711154057465319e+05
1.464619074159369047e+05
1.461835464412009751e+05
1.458742467885712977e+05
1.455714373210672638e+05
1.452751281865084602e+05
1.449891052983797272e+05
1.446808645638341841e+05
1.443976883836305351e+05
1.441337910108616343e+05
1.438379692890461592e+05
1.435556280130056548e+05
1.432672918672729575e+05
1.429763383660806867e+05
1.427091951363417029e+05
1.424329027547953301e+05
1.421615580028651457e+05
1.418822025472233072e+05
1.416193438281605486e+05
1.413292617940574710e+05
1.410732054031213920e+05
1.407797190214947332e+05
1.405103914899858646e+05
1.402403315401485306e+05
1.399686203852760664e+05
1.397104776330077148e+05
1.394426711761636543e+05
1.391684981819369714e+05
1.388959878420155146e+05
1.386335215629003651e+05
1.383704757873028575e+05
1.381183267941118102e+05
1.378667012070534402e+05
1.376210199108169181e+05
1.373642321419676300e+05
1.370855971056284907e+05
1.368442438299983332e+05
1.365839672809192853e+05
1.363429444004823745e+05
1.360925241467322921e+05
1.358258495451622875e+05
1.355508026560354338e+05
1.353201178861816588e+05
1.350584220268983627e+05
1.348106183680878312e+05
1.345703163401626225e+05
1.343186342297595984e+05
1.340853889427889662e+05
1.338313163327209477e+05
1.335884941786129493e+05
1.333554021375955781e+05
1.331133115315512114e+05
1.328965098740559188e+05
1.326688714262370486e+05
1.324290562112821499e+05
1.321907904377943196e+05
1.319652749638630194e+05
1.317361731098977907e+05
1.315066923748749541e+05
1.312805469541305793e+05
1.310490851171651884e+05
1.308233257347330800e+05
1.306188161663044884e+05
1.303791025978846883e+05
1.301490741750960442e+05
1.299048851994067663e+05
1.296892800510296365e+05
1.294718389014219138e+05
1.292376573275763221e+05
1.290197624431088334e+05
1.288237399247422873e+05
1.286032767085066298e+05
1.283830008275475266e+05
1.281686780341723061e+05
1.279730018687050469e+05
1.277602997277838003e+05
1.275686043763576599e+05
1.273696170435925014e+05
