1.022811315745591720e+01
1.001514582475357784e+01
9.809548014327491572e+00
9.612462949686255698e+00
9.420731343806323821e+00
9.239736577904169579e+00
9.060963036542680982e+00
8.890402414594801073e+00
8.724265806371237275e+00
8.564264197133542922e+00
8.411837288387193468e+00
8.263515626334189790e+00
8.119247236711229831e+00
7.980995124466548241e+00
7.846295552762722281e+00
7.716792586049569636e+00
7.591155914192048826e+00
7.469462025344985712e+00
7.352661976617874018e+00
7.240197977632933934e+00
7.131552835865758944e+00
7.025648611869672600e+00
6.923989912360778654e+00
6.826468353889854512e+00
6.731611175870651387e+00
6.640646622162877932e+00
6.550585430736918013e+00
6.465439024151470981e+00
6.381736676924483653e+00
6.300917980063570845e+00
6.223401195980002854e+00
6.145228273984293388e+00
6.070220115607825484e+00
6.000351793584584037e+00
5.930701571103747405e+00
5.863861927022944620e+00
5.799970106783387536e+00
5.737308852654624758e+00
5.674136632887980092e+00
5.615618946819522783e+00
5.557796993062586566e+00
5.503016555716232716e+00
5.447520492551936044e+00
5.396912246954973291e+00
5.345007906818105781e+00
5.296969217683297870e+00
5.249162197762117898e+00
5.204152450158235688e+00
5.158127265072716128e+00
5.113587025842616818e+00
5.070628297734423917e+00
5.029243880516635734e+00
4.989814789793097560e+00
4.950434675158827957e+00
4.912633066307931173e+00
4.876839566385585023e+00
4.840981607338374459e+00
4.805985802178040167e+00
4.772851175253461697e+00
4.740080697896250861e+00
4.708749147697854021e+00
4.677117900832043595e+00
4.647017105639543288e+00
4.619022169421959312e+00
4.591204336819672882e+00
4.564360530797491933e+00
4.537495251062940049e+00
4.512112041118839123e+00
4.487265153251711602e+00
4.462359309292284415e+00
4.438713636134467677e+00
4.416032344779796226e+00
4.392345421134851158e+00
4.369488570232349822e+00
4.347157455852268093e+00
4.326370567024159897e+00
4.305779827441702956e+00
4.285491483381466793e+00
4.266349838580830500e+00
4.247345247073866403e+00
4.228406416496881093e+00
4.209706096990061042e+00
4.192157887734380139e+00
4.174816250261016215e+00
4.156330484094406863e+00
4.138108008754020517e+00
4.121662018348945189e+00
4.105191072638903371e+00
4.088958909147087262e+00
4.073121593653850070e+00
4.058903489697885725e+00
4.044012921649683179e+00
4.028378496866559466e+00
4.014437626291224248e+00
4.000431742141667080e+00
3.986812854879282941e+00
3.972798406153064565e+00
3.960451579561473423e+00
3.947229785817056857e+00
3.934559091353660332e+00
3.921718299707609656e+00
3.909406899181874895e+00
3.897195853394314291e+00
3.885094256421948167e+00
3.873672157242000313e+00
3.862398499644272398e+00
3.850774102542131150e+00
3.839251996295655278e+00
3.828812336242508607e+00
3.818351461856210882e+00
3.808035074106435047e+00
3.797779591610404903e+00
3.787968253119392337e+00
3.777590996899166775e+00
3.767548558119367286e+00
3.757239184002837629e+00
3.747041619774966748e+00
3.736649382516773255e+00
3.727470956926727474e+00
3.718237459584920579e+00
3.708739025950231749e+00
3.699166809752007179e+00
3.691377612118570628e+00
3.682106410244007755e+00
3.675109465620640670e+00
3.666058374986159940e+00
3.658085375270994977e+00
3.649910203452944035e+00
3.642066630789932535e+00
3.634062537730270659e+00
3.626204931350431870e+00
3.618020991249449203e+00
3.610175516204579882e+00
3.602720207843866262e+00
3.595601219555502936e+00
3.588060297137878329e+00
3.580874952856076376e+00
3.573669923237714929e+00
3.565910651890835226e+00
3.558883229353218436e+00
3.552563478418750087e+00
3.545959924653103279e+00
3.539347238760222947e+00
3.533026450137798591e+00
3.526142391390066688e+00
3.519952824344771525e+00
3.513527963470566284e+00
3.507212174359430445e+00
3.501169419902465663e+00
3.494957890070626405e+00
3.488502733657826926e+00
3.482912769712341650e+00
3.475976158707267949e+00
3.470004282125916717e+00
3.463566961269679556e+00
3.457471106473851918e+00
3.451567981531610929e+00
3.446370895401492884e+00
3.440157495798449538e+00
3.434440559216030309e+00
3.429470802814603925e+00
3.424141637804649640e+00
3.418797113611670824e+00
3.413270476295540146e+00
3.408682637213950706e+00
3.403150498007103231e+00
3.398444582438129746e+00
3.393153702506024327e+00
3.387509911332661883e+00
3.382248030993882271e+00
3.376008474956410321e+00
3.370499266427267937e+00
3.364543730156410728e+00
3.359575797965782762e+00
3.353818780498212249e+00
3.348155966548819418e+00
3.342875763142592049e+00
3.337059568173109891e+00
3.332626349857457981e+00
3.328018807165280979e+00
3.322809183259732180e+00
3.318031199816428245e+00
3.314073190561510174e+00
3.309591193916995522e+00
3.306017194395801884e+00
3.301030431097852880e+00
3.297024808476250346e+00
3.292826224246159672e+00
3.288951881413541667e+00
3.284773936043526188e+00
3.280461291867403872e+00
3.275932045914992319e+00
3.270931834187372100e+00
3.267068752946221455e+00
3.262414257162050024e+00
3.259128531747401247e+00
3.254545233494075873e+00
3.250522983811626521e+00
3.246698636913930347e+00
3.241580750081188178e+00
3.237534042743265950e+00
3.233929253192867392e+00
3.230375244299264370e+00
3.227138222657783384e+00
3.223247100540005849e+00
3.219048643388159991e+00
3.214153071439012077e+00
3.210872633759286998e+00
3.206659468229371868e+00
3.202597860018784992e+00
3.198101440066887236e+00
3.193492938313479801e+00
3.189500403902410408e+00
3.184862363559225695e+00
3.180603131900833436e+00
3.177698284546783380e+00
3.173744222547842497e+00
3.169419129270921509e+00
3.164983293685087684e+00
3.162441855380356159e+00
3.158612770712340367e+00
3.154343461242742563e+00
3.151751796743697209e+00
3.147354781994650352e+00
3.144190998266560122e+00
3.140985823714276037e+00
3.138244168594011896e+00
3.134444273814851467e+00
3.131895078633913254e+00
3.127954771632892594e+00
3.123253561797189715e+00
3.119696351397810652e+00
3.116071116068457325e+00
3.112583280617021053e+00
3.109378783434806781e+00
3.106319003273759094e+00
3.102655357331992825e+00
3.099712313037644495e+00
3.095972620646768370e+00
3.092799567549431305e+00
3.089924379663463228e+00
3.086704607431217884e+00
3.083431464133376654e+00
3.079611207373546211e+00
3.076890294297546458e+00
3.072746937532774059e+00
3.069810256977199003e+00
3.065887048550719918e+00
3.062993882761245068e+00
3.059350338657440549e+00
3.056464037924824684e+00
3.053086752457141007e+00
3.050374501548136497e+00
3.046878327015310362e+00
3.044282160009491367e+00
3.041243183312204224e+00
3.038701128315238087e+00
3.035379529805256382e+00
3.032737558782808041e+00
3.029938404300796417e+00
3.027427351371506870e+00
3.025140123542327864e+00
3.022129949375748303e+00
3.019857334717920505e+00
3.017910004396717749e+00
3.015165655593502247e+00
3.012697712845075149e+00
3.010406463562780299e+00
3.007585464865113245e+00
3.005235478447983777e+00
3.003180766114098343e+00
3.000512815107386988e+00
2.998416629912227016e+00
2.995863949057648856e+00
2.992514916831367167e+00
2.990212015401283896e+00
2.987647359341167430e+00
2.985417594401730490e+00
2.983562252463323627e+00
2.980521619273588829e+00
2.977329285820698779e+00
2.975052751769079240e+00
2.972939929764568223e+00
2.971101829234159553e+00
2.969210107015411548e+00
2.965986200773546244e+00
2.964064965341435265e+00
2.961321432740207094e+00
2.959136529633101365e+00
