1.003712878368425265e+01
9.834608935010965780e+00
9.639387670289918830e+00
9.450974204481829233e+00
9.269873243264846963e+00
9.093908318168509197e+00
8.925533861998014018e+00
8.761805766429811015e+00
8.602258979318170518e+00
8.450804577726506395e+00
8.300272086120232373e+00
8.156478773635708279e+00
8.016541671522729118e+00
7.881184052872114876e+00
7.751619287226889199e+00
7.626290238180771119e+00
7.505701271641869177e+00
7.386937891957672697e+00
7.274672194635359190e+00
7.163888646217182021e+00
7.057439639443679802e+00
6.955811725516469757e+00
6.855559818924290560e+00
6.759920362337232369e+00
6.666750453692971590e+00
6.576623154901753310e+00
6.490289899551837216e+00
6.406201945566373013e+00
6.325101094096187815e+00
6.246810619678255350e+00
6.170850682653908237e+00
6.097941922523226310e+00
6.025325816406149393e+00
5.955915313381336951e+00
5.888927203244370467e+00
5.824703625157003017e+00
5.762080634400467360e+00
5.701394636005682415e+00
5.642694476938222792e+00
5.585963197975006622e+00
5.529363598264416702e+00
5.475610272692295943e+00
5.422931822270198765e+00
5.371157541419991688e+00
5.321411370947175534e+00
5.274229161732927551e+00
5.227896813954864719e+00
5.181986803951375897e+00
5.138312440438260964e+00
5.095508946652453020e+00
5.054237763860122357e+00
5.014686210694682345e+00
4.976404279104468920e+00
4.939329637175665866e+00
4.902837240981726907e+00
4.867245615208239506e+00
4.832855876497862191e+00
4.799180160915788917e+00
4.766188463644627227e+00
4.734321067431217500e+00
4.703902915700773235e+00
4.674373041304463072e+00
4.644533103961016707e+00
4.616196200767488378e+00
4.588830734840769310e+00
4.561325490857062626e+00
4.535305331838923593e+00
4.509692547506129578e+00
4.484464458938168363e+00
4.460328844353394828e+00
4.437085810772021688e+00
4.413282602412595068e+00
4.391193502028601259e+00
4.368363090715849495e+00
4.346339276058320600e+00
4.325630091219990092e+00
4.305773073294438369e+00
4.285887043430324006e+00
4.267518779308107746e+00
4.248646437513786900e+00
4.230312206406426689e+00
4.212699088406675507e+00
4.194433569120205263e+00
4.176664163327671098e+00
4.160044291740253364e+00
4.143129100175059421e+00
4.127407131622114811e+00
4.111145789426712938e+00
4.096289487383145911e+00
4.081572154081668735e+00
4.066127731107410881e+00
4.051591144295795921e+00
4.037848840402733508e+00
4.023970152002913636e+00
4.010102625666219112e+00
3.997525053434805020e+00
3.984080662178094201e+00
3.970590675103672140e+00
3.958038231440086818e+00
3.945582327470364969e+00
3.933520705862077804e+00
3.920103580714527691e+00
3.908681194906182377e+00
3.897770121355653483e+00
3.886931477066684515e+00
3.876138695963915470e+00
3.865252626790729895e+00
3.854762642914465243e+00
3.845295926857471347e+00
3.834969548282683771e+00
3.824722665363821328e+00
3.815205397727042147e+00
3.805655032684422956e+00
3.796493438132090503e+00
3.787814105087520034e+00
3.777464700798071284e+00
3.769114650415203105e+00
3.760124588771275089e+00
3.751142340263960318e+00
3.741882989836492257e+00
3.732891308512969797e+00
3.724804003173674438e+00
3.716773590069818223e+00
3.707792741619935661e+00
3.698496558074957363e+00
3.690748380010328678e+00
3.681689564670113768e+00
3.673397874395747831e+00
3.665595702854388627e+00
3.658213675610697990e+00
3.651420111437135851e+00
3.644062178839663435e+00
3.635294612503921385e+00
3.627674768618666334e+00
3.620184003175496823e+00
3.611801291899721544e+00
3.604732324492478046e+00
3.597894422383856483e+00
3.589818984399962165e+00
3.582141383250477151e+00
3.574928356457437228e+00
3.567975045300076253e+00
3.561597534762285910e+00
3.554576351896926667e+00
3.548060756018978079e+00
3.541856051338603706e+00
3.535184476881347404e+00
3.529246234845922370e+00
3.522980681391856717e+00
3.516581481582197188e+00
3.510906150779230739e+00
3.504391182042979391e+00
3.498379133608836344e+00
3.491646803405569432e+00
3.485935504985226530e+00
3.480153802081701109e+00
3.474405761534300918e+00
3.469091277259387152e+00
3.461986665718297385e+00
3.456709116122076875e+00
3.449545660559245608e+00
3.443738614189248093e+00
3.438525184074307628e+00
3.432940494646285590e+00
3.427217297953897734e+00
3.421333404860244176e+00
3.415946743216135228e+00
3.411050743985682310e+00
3.405115197822070172e+00
3.400438578690136548e+00
3.395224012159919535e+00
3.388623442317986623e+00
3.384500863936075188e+00
3.379366020775558699e+00
3.374184213541405963e+00
3.368901777355824745e+00
3.363188982814291350e+00
3.358863629274690510e+00
3.353781502278094795e+00
3.348631423173753507e+00
3.344947084929034808e+00
3.340212749389169566e+00
3.335158383214046118e+00
3.330264553530855931e+00
3.325653530338732899e+00
3.321564721572431544e+00
3.315916605041147491e+00
3.311363776514006485e+00
3.307542962486373472e+00
3.303340222323554620e+00
3.300090243697693548e+00
3.296069148292468221e+00
3.292024200068403239e+00
3.288105680144043585e+00
3.284528541115974587e+00
3.279857476381074832e+00
3.277006363370913000e+00
3.272286011987726173e+00
3.268376757433753443e+00
3.263107752396586125e+00
3.258244147832171755e+00
3.254869071312760376e+00
3.250847337406483017e+00
3.245896926671965943e+00
3.241969367586606587e+00
3.239097001994324376e+00
3.233941012601420084e+00
3.230517550608957400e+00
3.227079239898597685e+00
3.223369769883252189e+00
3.219953428996893408e+00
3.216140525872296596e+00
3.211302415560996160e+00
3.208012105050285001e+00
3.203264267909541996e+00
3.199523091050207935e+00
3.196219947190439559e+00
3.193207968194160085e+00
3.189559797508757732e+00
3.186243494824688050e+00
3.181529454594143491e+00
3.177937419654859319e+00
3.174179238482941923e+00
3.170689339040001276e+00
3.166979024832145662e+00
3.163561651012556819e+00
3.159922971738503783e+00
3.155431204500769304e+00
3.151743326665384259e+00
3.149338632451620601e+00
3.145600538519348621e+00
3.142400183207617825e+00
3.138846822330560116e+00
3.135450697515680396e+00
3.132325161776158051e+00
3.128730290642770751e+00
3.126531758553037665e+00
3.123346124638755050e+00
3.119934264270300517e+00
3.117043530469843393e+00
3.114643828469593867e+00
3.112208182490966202e+00
3.109017418262748134e+00
3.106438012626968614e+00
3.102132679505635426e+00
3.099868825458330868e+00
3.096148363267257952e+00
3.094007411367407645e+00
3.090592484151796882e+00
3.087544268511365431e+00
3.085523549115383624e+00
3.082272892727111913e+00
3.079113339041219533e+00
3.076496590388174024e+00
3.074404329766236899e+00
3.071078154788414505e+00
3.067953792547109426e+00
3.065023850203259403e+00
3.061621640173429526e+00
3.058839488875293888e+00
3.056034312216381998e+00
3.052874909827371752e+00
3.049065889250040406e+00
3.046809326648981298e+00
3.044430093028340778e+00
3.042469242714657796e+00
3.039439102376860102e+00
3.035778457071633962e+00
3.033822695903779287e+00
3.031222829161382304e+00
3.028564250038379146e+00
3.025637664324522635e+00
3.022995313805961093e+00
3.019703617644342586e+00
3.016824048519810120e+00
3.014382620224831832e+00
3.011538403522939333e+00
3.008748735653179462e+00
3.004830482151814586e+00
3.002145031810074638e+00
2.999484358015884755e+00
2.997158629171628341e+00
2.994472749146132262e+00
2.991914404948797568e+00
2.989381751247603969e+00
2.986309416036133424e+00
2.983670482266396640e+00
2.981113662960441335e+00
2.978605093218927191e+00
2.975926253235048780e+00
2.973643230551224814e+00
2.971167369339219988e+00
2.968972780846702353e+00
2.966435810211493607e+00
2.963584841222210553e+00
2.961154292781541297e+00
2.959128798454352172e+00
2.956547781277790499e+00
2.954602534158188298e+00
2.952257336026912427e+00
2.950196827351148965e+00
2.948447177725392443e+00
2.945889884455321628e+00
2.944210039532242806e+00
2.941373706180574477e+00
2.939562664879389775e+00
2.936763069633370637e+00
2.934673854787637204e+00
2.932043728828215734e+00
2.929601098323680652e+00
2.927064786441041733e+00
2.924735818801435627e+00
2.922499862767165890e+00
2.919259490341147512e+00
2.917342663479832066e+00
2.914937023790425741e+00
2.913316146464829615e+00
2.911077228254732585e+00
2.908952094847098824e+00
2.905799480890790765e+00
2.903983861651243892e+00
2.901621579856895394e+00
2.899509655873542258e+00
2.897637755327135078e+00
2.895180422446931967e+00
2.893165426448386590e+00
2.890417902133957107e+00
2.888470287595005903e+00
2.885084279373915095e+00
2.882114181309720191e+00
2.880181842513676038e+00
2.877979650422312297e+00
2.874720812736000219e+00
2.872744072800502924e+00
2.871038672616125886e+00
2.868857110528872045e+00
2.867050853688925649e+00
2.865237240856269185e+00
2.863251644524342776e+00
2.860189670694424535e+00
2.856526739177625895e+00
2.854741978196870367e+00
2.852655278544631301e+00
2.850664583597866564e+00
2.847728521649740774e+00
2.845944867043319171e+00
2.843875298651453498e+00
2.839981293041319521e+00
2.838250472721038697e+00
2.836529137288656521e+00
2.834661983207917846e+00
2.831240266916570381e+00
2.829237700075818207e+00
