1.042666873797430505e+01
1.021178171009945501e+01
1.000341615350407309e+01
9.801942757862880384e+00
9.608444993647681898e+00
9.421544548156770560e+00
9.242314098775072040e+00
9.067731320400049810e+00
8.899917158748905877e+00
8.737616474099912267e+00
8.580296320798096232e+00
8.427355858499527841e+00
8.281588162543174647e+00
8.140597277009119281e+00
8.002955088396225491e+00
7.871753256361974316e+00
7.745562765435432873e+00
7.621675516327886868e+00
7.503941047269850451e+00
7.388971927386640104e+00
7.276360247781341606e+00
7.168043297899855837e+00
7.063787565418782499e+00
6.963808983129643693e+00
6.865430805469832087e+00
6.771521235504875946e+00
6.680871089351633429e+00
6.591292649340558363e+00
6.506796214023276903e+00
6.423529871600944574e+00
6.343032168915216040e+00
6.266146865038852987e+00
6.191776216568906754e+00
6.119451926199253045e+00
6.048768260955880827e+00
5.979935818105362344e+00
5.913572900235912755e+00
5.848932459816825968e+00
5.786741183332210881e+00
5.726352109040085736e+00
5.668629130394960747e+00
5.612427837728449553e+00
5.556927613795695109e+00
5.503332501251319897e+00
5.451733358499485149e+00
5.400681354914672383e+00
5.352062149802883084e+00
5.304418158670622496e+00
5.259327510527842975e+00
5.215313646251529711e+00
5.171474021477999727e+00
5.129340381155891748e+00
5.089076634703761925e+00
5.049981837106847671e+00
5.010828770138051169e+00
4.973819433237736121e+00
4.937838723920395800e+00
4.901630600989515862e+00
4.867348203494197278e+00
4.833235908346964926e+00
4.801098376678741175e+00
4.769158121780500359e+00
4.737808456232136756e+00
4.706539050268935931e+00
4.677733622660118940e+00
4.648101702324135331e+00
4.619087582463755837e+00
4.591092673977780869e+00
4.563908507092514277e+00
4.537652573041465409e+00
4.513355492900669397e+00
4.488953526214825018e+00
4.465336668122636965e+00
4.440915181193271444e+00
4.418521385475795427e+00
4.396076232358206326e+00
4.373992094051684099e+00
4.352981396488071475e+00
4.331761665211914192e+00
4.311496118741012573e+00
4.292040198889601754e+00
4.272406395818867608e+00
4.253661185829224145e+00
4.234618830959285596e+00
4.216854870065645855e+00
4.199845777946629610e+00
4.182625115412516692e+00
4.165568223836771722e+00
4.147244999803634258e+00
4.130002162778711572e+00
4.114443642005207735e+00
4.098644531677895664e+00
4.084143070832976896e+00
4.069756896364362220e+00
4.054844132404312518e+00
4.039358736127822702e+00
4.025653209986153946e+00
4.011378988887236652e+00
3.997143538393906681e+00
3.983504754621987942e+00
3.971456442585922453e+00
3.958846908084915572e+00
3.946174583191017771e+00
3.933325640780111154e+00
3.921771815689661711e+00
3.909917241178042513e+00
3.897824680106805939e+00
3.885914244106577264e+00
3.874055387831821573e+00
3.862641888095805331e+00
3.852409994546759808e+00
3.841579592401099141e+00
3.831458203407500651e+00
3.821312151839778348e+00
3.811106332769537808e+00
3.799711843370558118e+00
3.789383809050671736e+00
3.779240511327734531e+00
3.770355445797767047e+00
3.761106357593302363e+00
3.753408115564329073e+00
3.742384606467295427e+00
3.732755996575544799e+00
3.723531353091872553e+00
3.713591714334453897e+00
3.706612677089910601e+00
3.697671892789823112e+00
3.688428985568751983e+00
3.680174617536899895e+00
3.671828685625771804e+00
3.663362150444583687e+00
3.655638352294039439e+00
3.647456608308983661e+00
3.639885099136585200e+00
3.631763746594654840e+00
3.624351390280527774e+00
3.616267629145219598e+00
3.608514557958629965e+00
3.601217133526986025e+00
3.594384160604629841e+00
3.587819517634480260e+00
3.579883051820747841e+00
3.573348611170755973e+00
3.565774091491854758e+00
3.559589404631650744e+00
3.553778249037303993e+00
3.546944485723625640e+00
3.540002831147150086e+00
3.533809120073894583e+00
3.527269177210185180e+00
3.522009660238936135e+00
3.516021055184073152e+00
3.510234016122264045e+00
3.504400913407638374e+00
3.499180700393239807e+00
3.493825570337347308e+00
3.488766323091397226e+00
3.483650362022185476e+00
3.478492143634948075e+00
3.472702885009396834e+00
3.466169749903349029e+00
3.460390925321886524e+00
3.456072142245725676e+00
3.450188673280917051e+00
3.446082419784719075e+00
3.440924183046764284e+00
3.435725618674096538e+00
3.429818235150389860e+00
3.425098831355424256e+00
3.421342937641101312e+00
3.416340034935587244e+00
3.411705512052676692e+00
3.406230411960315951e+00
3.401649914261318131e+00
3.396635928587894870e+00
3.391863919249994197e+00
3.388018336883362291e+00
3.383590054857797735e+00
3.378718905327255939e+00
3.373868190018393332e+00
3.369547633290660205e+00
3.364498225908809648e+00
3.360563254534759903e+00
3.354271204341396473e+00
3.350664847421279458e+00
3.344618725805670323e+00
3.340410523867983983e+00
3.334616471258742720e+00
3.328670812710381899e+00
3.325113642370033595e+00
3.319743217728097218e+00
3.315258151011249765e+00
3.311670916587685642e+00
3.307367287929681154e+00
3.302279353162596021e+00
3.298248174911562192e+00
3.292069793143970635e+00
3.286996775613845401e+00
3.282464675019229894e+00
3.278528369914041729e+00
3.274496689912071545e+00
3.269025262515770969e+00
3.264702160887893001e+00
3.261397299002867012e+00
3.258469574353851872e+00
3.253784534870641121e+00
3.249291780651670791e+00
3.244938504655162426e+00
3.241094722714368270e+00
3.236171552742837410e+00
3.232597186160566238e+00
3.227925287413546673e+00
3.224363638905070495e+00
3.219204300432338961e+00
3.215347647990340452e+00
3.211165458494101621e+00
3.207880529086050814e+00
3.204953749787718742e+00
3.201803472240282389e+00
3.198191709277927952e+00
3.194638946132314583e+00
3.190997131544104359e+00
3.185975959875014585e+00
3.182899927445480781e+00
3.179869960193538958e+00
3.176265682128789791e+00
3.172950551327379465e+00
3.169737881128314338e+00
3.166480735201761654e+00
3.163575587293984803e+00
3.160553672762397515e+00
3.157975491428943293e+00
3.154718607461976188e+00
3.151227595731234121e+00
3.147509316626425857e+00
3.144026775045961841e+00
3.141203084529498479e+00
3.138011916988233896e+00
3.135661167756285561e+00
3.132680997810899370e+00
3.128990588766358272e+00
3.125889096331135431e+00
3.122912911437891292e+00
3.120596657427390674e+00
3.117343635587563000e+00
3.114361396152517170e+00
3.111665217633347247e+00
3.108988761021134639e+00
3.106278630893814618e+00
3.103483680649207876e+00
3.100605124332291851e+00
3.097131214665192811e+00
3.093983493839298493e+00
3.090630685288384694e+00
3.087829392545977214e+00
3.085515844689252773e+00
3.082814142445487349e+00
3.080213061692077314e+00
3.077421870598234577e+00
3.074717688133584481e+00
3.071559953387822173e+00
3.068569118042776989e+00
3.065441201198536358e+00
3.063047615023652970e+00
3.060088972131021823e+00
3.057800476255106759e+00
3.055519433348028002e+00
3.052759171070085653e+00
3.048047481174890549e+00
3.045093412541850508e+00
3.042398558427290567e+00
3.039728210215793425e+00
3.036308153187153636e+00
3.033241715420021301e+00
