9.825702623283365966e+00
9.119755315489191716e+00
8.509054694039241085e+00
7.974343416014988861e+00
7.511533532124989421e+00
7.106768943141586803e+00
6.742058739900576469e+00
6.429402585943776671e+00
6.150389060947994757e+00
5.904888791565005235e+00
5.683112346108267765e+00
5.489712888257625600e+00
5.320302966883829754e+00
5.167449471428394503e+00
5.035351719481955257e+00
4.910114968313157746e+00
4.795864832259775667e+00
4.696709368119535100e+00
4.606581211863667313e+00
4.524897181168941351e+00
4.452724937467706923e+00
4.385541531499275614e+00
4.320895984557227898e+00
4.258461302247897429e+00
4.203291953890741617e+00
4.156200293013020186e+00
4.111298869765560582e+00
4.062216197455200017e+00
4.023213245746605438e+00
3.985229209754241442e+00
3.950674894573981355e+00
3.917454854131490638e+00
3.887068832510306216e+00
3.850641777610460892e+00
3.822920736788758767e+00
3.793708014557266583e+00
3.763427808848892386e+00
3.739920639750434095e+00
3.709193074979263649e+00
3.687417045025734197e+00
3.662203669007442208e+00
3.641727256297465409e+00
3.625032313179473054e+00
3.604507263174722365e+00
3.582024896504527600e+00
3.562990445549854890e+00
3.545619308284571503e+00
3.526054767953286539e+00
3.502174563738048807e+00
3.483858152266402275e+00
3.469099056490772437e+00
3.452296569225346001e+00
3.435527704002648619e+00
3.421370388584934474e+00
3.404530435343980255e+00
3.389568009846999797e+00
3.378531126898969283e+00
3.365347997249426903e+00
3.353134399127619680e+00
3.341001099611028202e+00
3.327145257447216675e+00
3.316555274943767895e+00
3.305018816425028927e+00
3.292511083657048587e+00
3.281795377817537496e+00
3.271904705856446327e+00
3.261541495849809902e+00
3.250789154885530774e+00
3.233666368176655315e+00
3.224465057765109055e+00
3.213284047556011824e+00
3.198417542652973289e+00
3.185973936360191328e+00
3.168043965898946990e+00
3.158714272693150082e+00
3.146620989847363603e+00
3.134316646304380338e+00
3.126864551398945924e+00
3.116815361113397298e+00
3.103405620353629768e+00
3.096304099525000630e+00
3.086390384779952534e+00
3.078248930723743282e+00
3.069276488107737677e+00
