7.138919677734375000e+02
5.029697875976562500e+02
6.127897949218750000e+02
5.539683837890625000e+02
4.975980529785156250e+02
6.493613891601562500e+02
6.408961791992187500e+02
5.541091918945312500e+02
5.442828979492187500e+02
4.746682739257812500e+02
6.566871337890625000e+02
6.214237670898437500e+02
4.987602233886718750e+02
5.327055053710937500e+02
5.070040893554687500e+02
6.480944824218750000e+02
5.758410034179687500e+02
4.613069763183593750e+02
4.543375244140625000e+02
5.885317382812500000e+02
3.800888061523437500e+02
2.823920288085937500e+02
3.818545837402343750e+02
3.093515014648437500e+02
2.715135192871093750e+02
2.763273315429687500e+02
1.929410247802734375e+02
1.284736633300781250e+02
7.777513122558593750e+01
1.676167907714843750e+02
1.508252105712890625e+02
1.570785064697265625e+02
1.755361785888671875e+02
1.895195312500000000e+02
9.385238647460937500e+01
1.369257507324218750e+02
1.099011993408203125e+02
6.319336700439453125e+01
8.623703002929687500e+01
8.127066802978515625e+01
9.651655578613281250e+01
1.153296203613281250e+02
1.234893035888671875e+02
8.776189422607421875e+01
9.081285858154296875e+01
6.184053039550781250e+01
5.436461257934570312e+01
6.485305786132812500e+01
6.091637420654296875e+01
5.916601181030273438e+01
5.759360504150390625e+01
5.035228347778320312e+01
7.705792999267578125e+01
5.383937835693359375e+01
3.497628784179687500e+01
7.618451690673828125e+01
5.568701934814453125e+01
4.345070266723632812e+01
7.209465026855468750e+01
3.234710693359375000e+01
6.316178512573242188e+01
4.163405227661132812e+01
2.594122886657714844e+01
6.427713775634765625e+01
5.435486602783203125e+01
3.419195938110351562e+01
3.232298278808593750e+01
2.732782363891601562e+01
5.412484741210937500e+01
2.701712608337402344e+01
3.566190719604492188e+01
5.383592987060546875e+01
5.856086730957031250e+01
3.992094802856445312e+01
3.041416168212890625e+01
4.240402984619140625e+01
2.543957710266113281e+01
1.944768524169921875e+01
5.577251434326171875e+01
2.045439529418945312e+01
1.831610679626464844e+01
3.146934890747070312e+01
2.938339042663574219e+01
3.327210235595703125e+01
2.297917175292968750e+01
4.581175613403320312e+01
1.562089347839355469e+01
2.227331352233886719e+01
1.975521469116210938e+01
1.783180999755859375e+01
4.423146820068359375e+01
3.129847335815429688e+01
1.886138916015625000e+01
2.023305320739746094e+01
1.878934669494628906e+01
1.705948829650878906e+01
4.497677612304687500e+01
1.429050922393798828e+01
1.452554702758789062e+01
1.590524101257324219e+01
4.702260589599609375e+01
2.085356712341308594e+01
2.865668487548828125e+01
1.497751617431640625e+01
2.967319107055664062e+01
3.425883865356445312e+01
1.872876739501953125e+01
2.494374465942382812e+01
1.686919784545898438e+01
1.535181427001953125e+01
2.447516250610351562e+01
1.954470825195312500e+01
3.988587951660156250e+01
3.025667953491210938e+01
1.763725471496582031e+01
1.685011482238769531e+01
3.834201812744140625e+01
2.460268974304199219e+01
2.564398193359375000e+01
1.596072864532470703e+01
1.464337730407714844e+01
3.210534667968750000e+01
3.762770462036132812e+01
8.850650787353515625e+00
2.432319068908691406e+01
1.734116363525390625e+01
1.877615928649902344e+01
1.426243019104003906e+01
2.163135337829589844e+01
2.101200675964355469e+01
3.905029678344726562e+01
1.279747581481933594e+01
3.017866897583007812e+01
3.381803131103515625e+01
1.658783340454101562e+01
1.330582618713378906e+01
1.875531005859375000e+01
1.148076820373535156e+01
1.564973068237304688e+01
2.945833015441894531e+01
1.348390197753906250e+01
2.205012321472167969e+01
2.273410987854003906e+01
1.178026390075683594e+01
2.357234573364257812e+01
1.293487358093261719e+01
1.163543033599853516e+01
3.540894699096679688e+01
1.220991611480712891e+01
2.288815879821777344e+01
2.976951980590820312e+01
2.745713043212890625e+01
1.681303024291992188e+01
1.707739257812500000e+01
1.295449161529541016e+01
1.050614738464355469e+01
1.664320564270019531e+01
2.469582939147949219e+01
1.248940086364746094e+01
3.547597503662109375e+01
1.067378997802734375e+01
1.130310440063476562e+01
1.176558494567871094e+01
1.737783050537109375e+01
1.971141815185546875e+01
1.530026149749755859e+01
2.300275421142578125e+01
1.328800201416015625e+01
1.947556686401367188e+01
1.857748031616210938e+01
1.181837463378906250e+01
2.401322555541992188e+01
1.184791183471679688e+01
1.657958412170410156e+01
3.303886032104492188e+01
9.429654121398925781e+00
1.550157070159912109e+01
1.018280029296875000e+01
1.060275268554687500e+01
2.300287818908691406e+01
1.286575031280517578e+01
2.183463859558105469e+01
1.095050811767578125e+01
1.159555816650390625e+01
1.955095291137695312e+01
1.772240066528320312e+01
1.270254325866699219e+01
1.631959915161132812e+01
1.442867374420166016e+01
1.019540309906005859e+01
2.844027709960937500e+01
6.774236679077148438e+00
1.635078239440917969e+01
1.128816699981689453e+01
2.432114791870117188e+01
9.123744010925292969e+00
1.533141326904296875e+01
1.658554267883300781e+01
9.016402244567871094e+00
1.306380081176757812e+01
3.089350700378417969e+01
1.312663650512695312e+01
1.188514137268066406e+01
1.048486232757568359e+01
1.168348121643066406e+01
2.148435020446777344e+01
1.690902519226074219e+01
1.071815013885498047e+01
1.320961380004882812e+01
1.508722686767578125e+01
2.887728691101074219e+01
8.632583618164062500e+00
1.006403827667236328e+01
1.085085105895996094e+01
1.618132591247558594e+01
8.959320068359375000e+00
1.880645751953125000e+01
1.164417457580566406e+01
1.040237903594970703e+01
8.784827232360839844e+00
1.046908855438232422e+01
2.463604927062988281e+01
1.093940353393554688e+01
1.915451622009277344e+01
1.217059898376464844e+01
5.950989723205566406e+00
1.820831108093261719e+01
1.533580970764160156e+01
9.167686462402343750e+00
1.426360702514648438e+01
2.328311157226562500e+01
1.212149047851562500e+01
1.223351955413818359e+01
1.118928146362304688e+01
1.559119510650634766e+01
1.239007949829101562e+01
1.387852096557617188e+01
7.715116500854492188e+00
9.375946998596191406e+00
1.016662216186523438e+01
1.753813552856445312e+01
1.333309364318847656e+01
1.059525585174560547e+01
1.107141494750976562e+01
9.726398468017578125e+00
9.112177848815917969e+00
1.270993995666503906e+01
1.179688835144042969e+01
1.230281639099121094e+01
6.499886512756347656e+00
1.439957904815673828e+01
9.527372360229492188e+00
7.837128639221191406e+00
1.867590904235839844e+01
1.499503707885742188e+01
1.946836471557617188e+01
7.543180942535400391e+00
8.224358558654785156e+00
1.660866165161132812e+01
9.870296478271484375e+00
1.445504951477050781e+01
1.338261795043945312e+01
1.023423767089843750e+01
1.041288566589355469e+01
7.658865928649902344e+00
1.642025375366210938e+01
2.185236740112304688e+01
9.063178062438964844e+00
1.122773361206054688e+01
1.095469665527343750e+01
1.649438858032226562e+01
1.106030178070068359e+01
1.138537311553955078e+01
1.006234931945800781e+01
1.278720188140869141e+01
9.200973510742187500e+00
1.009110355377197266e+01
1.132046031951904297e+01
9.627705574035644531e+00
1.975701713562011719e+01
1.021740818023681641e+01
9.163924217224121094e+00
9.415205001831054688e+00
1.188768386840820312e+01
1.216612625122070312e+01
1.602303504943847656e+01
9.262954711914062500e+00
9.646962165832519531e+00
1.363403129577636719e+01
7.101658344268798828e+00
7.175462722778320312e+00
1.406186676025390625e+01
1.606022262573242188e+01
1.105483245849609375e+01
1.530169677734375000e+01
9.400013923645019531e+00
8.956151962280273438e+00
1.117473125457763672e+01
1.430291843414306641e+01
7.179407119750976562e+00
1.053038501739501953e+01
9.924148559570312500e+00
1.831293869018554688e+01
8.430356979370117188e+00
6.676190376281738281e+00
1.007470989227294922e+01
1.638015937805175781e+01
8.650616645812988281e+00
1.313805484771728516e+01
1.047622108459472656e+01
8.834762573242187500e+00
8.601148605346679688e+00
1.533933162689208984e+01
6.188346862792968750e+00
9.685831069946289062e+00
1.049964523315429688e+01
1.134749603271484375e+01
9.615148544311523438e+00
1.632655715942382812e+01
8.504030227661132812e+00
7.977491378784179688e+00
8.482956886291503906e+00
8.202609062194824219e+00
1.042259883880615234e+01
1.023864746093750000e+01
9.321818351745605469e+00
7.479264259338378906e+00
8.183259963989257812e+00
9.973438262939453125e+00
1.286935424804687500e+01
1.038131618499755859e+01
9.833558082580566406e+00
9.547126770019531250e+00
7.707749366760253906e+00
8.261728286743164062e+00
7.039490699768066406e+00
7.461642265319824219e+00
6.575407981872558594e+00
7.408833026885986328e+00
1.156962490081787109e+01
1.010289382934570312e+01
8.764619827270507812e+00
1.170370864868164062e+01
1.547904682159423828e+01
8.014421463012695312e+00
5.962581634521484375e+00
7.679613113403320312e+00
8.768188476562500000e+00
7.431690216064453125e+00
7.231326103210449219e+00
7.938850879669189453e+00
8.807220458984375000e+00
1.222026824951171875e+01
1.145619392395019531e+01
6.412507534027099609e+00
7.889686584472656250e+00
6.982051849365234375e+00
1.084247493743896484e+01
1.399689960479736328e+01
9.801285743713378906e+00
5.524638175964355469e+00
7.869982719421386719e+00
1.238727664947509766e+01
1.104805850982666016e+01
8.733261108398437500e+00
8.604368209838867188e+00
1.040919017791748047e+01
9.993160247802734375e+00
9.122751235961914062e+00
7.761798858642578125e+00
5.643218040466308594e+00
1.238372707366943359e+01
9.347055435180664062e+00
6.156773090362548828e+00
9.344951629638671875e+00
8.419282913208007812e+00
1.457680892944335938e+01
6.521155834197998047e+00
8.504039764404296875e+00
8.834170341491699219e+00
8.053038597106933594e+00
8.505668640136718750e+00
6.775131702423095703e+00
6.199851512908935547e+00
1.318400001525878906e+01
7.225929260253906250e+00
9.713517189025878906e+00
6.152332305908203125e+00
8.682562828063964844e+00
6.390205383300781250e+00
1.038920974731445312e+01
9.070869445800781250e+00
5.646820068359375000e+00
7.310379981994628906e+00
8.078180313110351562e+00
6.587583065032958984e+00
9.349005699157714844e+00
1.002277946472167969e+01
7.110530853271484375e+00
9.116479873657226562e+00
6.994138240814208984e+00
6.273538112640380859e+00
8.583845138549804688e+00
1.196230125427246094e+01
5.027717590332031250e+00
8.432551383972167969e+00
6.531239509582519531e+00
7.855957984924316406e+00
7.501007080078125000e+00
7.285255908966064453e+00
6.850394725799560547e+00
8.650605201721191406e+00
9.988193511962890625e+00
7.768375873565673828e+00
5.799688339233398438e+00
6.459918975830078125e+00
1.058502292633056641e+01
5.341341972351074219e+00
8.596721649169921875e+00
8.145388603210449219e+00
5.657858848571777344e+00
8.026569366455078125e+00
6.140533447265625000e+00
7.090627670288085938e+00
8.613603591918945312e+00
8.104925155639648438e+00
6.799078464508056641e+00
8.206695556640625000e+00
8.482068061828613281e+00
6.387122154235839844e+00
5.843030929565429688e+00
6.996737480163574219e+00
6.703347682952880859e+00
5.714271545410156250e+00
8.680720329284667969e+00
6.557950019836425781e+00
7.644611358642578125e+00
1.002310371398925781e+01
5.933127403259277344e+00
4.788626194000244141e+00
1.171692848205566406e+01
6.978326797485351562e+00
9.763238906860351562e+00
7.530243396759033203e+00
9.090459823608398438e+00
1.045675277709960938e+01
5.864073276519775391e+00
7.422179222106933594e+00
7.523427009582519531e+00
6.142052650451660156e+00
7.143864631652832031e+00
7.980776786804199219e+00
5.609615325927734375e+00
7.869757652282714844e+00
7.358877658843994141e+00
6.592605590820312500e+00
7.212192535400390625e+00
8.819213867187500000e+00
7.141847610473632812e+00
8.304815292358398438e+00
5.070753097534179688e+00
6.778038978576660156e+00
5.250164985656738281e+00
7.993401050567626953e+00
5.326544761657714844e+00
7.680901527404785156e+00
9.439435958862304688e+00
6.320495605468750000e+00
5.676669597625732422e+00
8.778100013732910156e+00
7.554248332977294922e+00
6.577322959899902344e+00
6.652358055114746094e+00
7.193309783935546875e+00
5.731655120849609375e+00
6.771208286285400391e+00
5.161067962646484375e+00
5.429954528808593750e+00
9.464040756225585938e+00
6.937252044677734375e+00
7.411076545715332031e+00
7.498987197875976562e+00
5.071390151977539062e+00
5.102717399597167969e+00
7.962829589843750000e+00
6.334811687469482422e+00
9.452132225036621094e+00
4.817496299743652344e+00
4.609169006347656250e+00
5.230856418609619141e+00
7.713750839233398438e+00
6.397698879241943359e+00
8.149085998535156250e+00
5.925678730010986328e+00
5.382331848144531250e+00
4.531847953796386719e+00
6.602752685546875000e+00
5.936048507690429688e+00
5.636198997497558594e+00
4.464393138885498047e+00
8.377104759216308594e+00
6.343745708465576172e+00
7.275211334228515625e+00
5.904187202453613281e+00
4.651009559631347656e+00
5.209259986877441406e+00
7.707697868347167969e+00
5.828926086425781250e+00
8.139707565307617188e+00
4.721324443817138672e+00
5.997721672058105469e+00
6.078409194946289062e+00
6.075850486755371094e+00
8.459058761596679688e+00
4.530844688415527344e+00
4.788849353790283203e+00
5.121115207672119141e+00
4.766242980957031250e+00
7.162342071533203125e+00
5.661597251892089844e+00
5.907850742340087891e+00
6.435688972473144531e+00
6.079604148864746094e+00
6.847138404846191406e+00
6.272350311279296875e+00
5.520601272583007812e+00
6.143923282623291016e+00
5.793332576751708984e+00
5.969650268554687500e+00
4.912910938262939453e+00
5.830645084381103516e+00
6.304957866668701172e+00
5.346937179565429688e+00
5.268297672271728516e+00
8.529752731323242188e+00
4.319348812103271484e+00
7.057915687561035156e+00
5.720651149749755859e+00
4.508582115173339844e+00
6.428331851959228516e+00
5.806968688964843750e+00
5.585034370422363281e+00
7.414112091064453125e+00
5.733325004577636719e+00
4.630249023437500000e+00
6.145199775695800781e+00
7.538930892944335938e+00
7.071100234985351562e+00
5.775588035583496094e+00
3.951274394989013672e+00
5.921105861663818359e+00
5.659090995788574219e+00
5.231812953948974609e+00
4.558161258697509766e+00
3.877672195434570312e+00
5.219402313232421875e+00
6.089126586914062500e+00
7.729253292083740234e+00
5.418802738189697266e+00
5.667031764984130859e+00
5.415148258209228516e+00
4.332359313964843750e+00
5.076458930969238281e+00
7.778051376342773438e+00
5.022810935974121094e+00
4.937011718750000000e+00
4.873011589050292969e+00
4.705805778503417969e+00
6.115744590759277344e+00
6.669965744018554688e+00
5.994151115417480469e+00
5.148740768432617188e+00
5.537513732910156250e+00
4.625636100769042969e+00
5.119181156158447266e+00
6.593146324157714844e+00
3.396398544311523438e+00
5.417322158813476562e+00
5.866358757019042969e+00
4.792486190795898438e+00
5.395658016204833984e+00
6.599800109863281250e+00
5.080886840820312500e+00
5.480773925781250000e+00
5.936195373535156250e+00
3.913294315338134766e+00
5.649296283721923828e+00
4.964822769165039062e+00
5.021227836608886719e+00
6.409839153289794922e+00
5.487663269042968750e+00
4.732036113739013672e+00
3.688777446746826172e+00
6.848683357238769531e+00
5.838537693023681641e+00
4.655772209167480469e+00
5.705771446228027344e+00
4.614839553833007812e+00
6.157047271728515625e+00
5.072430610656738281e+00
