1.715345280000000000e+08
1.315589600000000000e+08
1.517316480000000000e+08
1.776027200000000000e+08
1.528976000000000000e+08
1.683582560000000000e+08
1.707956640000000000e+08
1.609875520000000000e+08
1.737069760000000000e+08
1.783817920000000000e+08
1.579207360000000000e+08
1.455510880000000000e+08
1.599931200000000000e+08
1.328932160000000000e+08
1.474281920000000000e+08
1.471061440000000000e+08
1.720628160000000000e+08
1.608997440000000000e+08
1.796141760000000000e+08
1.495331680000000000e+08
1.589745920000000000e+08
1.699357760000000000e+08
1.491624640000000000e+08
1.561385280000000000e+08
1.576677440000000000e+08
1.701599360000000000e+08
1.440753920000000000e+08
1.686183040000000000e+08
1.563316800000000000e+08
1.553541280000000000e+08
1.721418240000000000e+08
1.662911040000000000e+08
1.449428000000000000e+08
1.467708800000000000e+08
1.668515200000000000e+08
1.627691840000000000e+08
1.736710880000000000e+08
1.610326080000000000e+08
1.753092480000000000e+08
1.634370080000000000e+08
1.636795680000000000e+08
1.599284640000000000e+08
1.614200320000000000e+08
1.628620800000000000e+08
1.625266560000000000e+08
1.730618080000000000e+08
1.486240320000000000e+08
1.585488800000000000e+08
1.822147200000000000e+08
1.676200320000000000e+08
1.482523840000000000e+08
1.719447520000000000e+08
1.558722720000000000e+08
1.538898240000000000e+08
1.554398720000000000e+08
1.563390720000000000e+08
1.947911360000000000e+08
1.541837280000000000e+08
1.769907200000000000e+08
1.351584000000000000e+08
1.520318400000000000e+08
1.700003200000000000e+08
1.707805760000000000e+08
1.441559360000000000e+08
1.865333760000000000e+08
1.539130400000000000e+08
1.688380800000000000e+08
1.636365760000000000e+08
1.417162240000000000e+08
1.585966720000000000e+08
1.642104000000000000e+08
1.501876160000000000e+08
1.807482560000000000e+08
1.410123840000000000e+08
1.852829120000000000e+08
1.509576640000000000e+08
1.602901760000000000e+08
1.637709600000000000e+08
1.510486240000000000e+08
1.735280640000000000e+08
1.785848640000000000e+08
1.382784640000000000e+08
1.569561920000000000e+08
1.740848960000000000e+08
1.535498240000000000e+08
1.842545760000000000e+08
1.581611520000000000e+08
1.702794400000000000e+08
1.411418880000000000e+08
1.566010720000000000e+08
1.317497760000000000e+08
1.827995520000000000e+08
1.520046080000000000e+08
1.466905600000000000e+08
1.616161280000000000e+08
1.618776960000000000e+08
1.514233280000000000e+08
1.900497280000000000e+08
1.546718880000000000e+08
1.768328000000000000e+08
1.781738080000000000e+08
1.757789120000000000e+08
1.528585920000000000e+08
1.622843680000000000e+08
1.490090080000000000e+08
1.442488000000000000e+08
1.574210560000000000e+08
1.601799360000000000e+08
1.461199520000000000e+08
1.522788800000000000e+08
1.420414720000000000e+08
1.385059520000000000e+08
1.613733920000000000e+08
1.867962880000000000e+08
1.661390240000000000e+08
1.555933760000000000e+08
1.261910080000000000e+08
1.631290880000000000e+08
1.477095360000000000e+08
1.535787520000000000e+08
1.600366240000000000e+08
1.632636320000000000e+08
1.797395520000000000e+08
1.755576640000000000e+08
1.861625280000000000e+08
1.839115840000000000e+08
1.938481600000000000e+08
1.687031360000000000e+08
1.431487680000000000e+08
1.639103040000000000e+08
1.664526240000000000e+08
1.760419840000000000e+08
1.772734560000000000e+08
1.993726080000000000e+08
1.923720960000000000e+08
1.715118080000000000e+08
1.676722240000000000e+08
1.740049760000000000e+08
1.874876800000000000e+08
1.818164320000000000e+08
1.651594560000000000e+08
1.809804640000000000e+08
1.683994400000000000e+08
1.720224640000000000e+08
1.236259040000000000e+08
1.538688640000000000e+08
1.649403040000000000e+08
1.640787200000000000e+08
1.518023040000000000e+08
1.636060160000000000e+08
1.695416160000000000e+08
1.652402560000000000e+08
1.647880320000000000e+08
1.667981440000000000e+08
1.599506880000000000e+08
1.807057120000000000e+08
1.566810240000000000e+08
1.648654080000000000e+08
1.826400320000000000e+08
1.374026720000000000e+08
1.541717120000000000e+08
1.700766080000000000e+08
1.496204800000000000e+08
1.467587040000000000e+08
1.510753760000000000e+08
1.532208000000000000e+08
1.488592640000000000e+08
1.684413760000000000e+08
1.441608640000000000e+08
1.435610880000000000e+08
1.504168000000000000e+08
1.414087360000000000e+08
1.513093440000000000e+08
1.418095680000000000e+08
1.799762240000000000e+08
1.332044320000000000e+08
1.642068640000000000e+08
1.781946400000000000e+08
1.808681280000000000e+08
1.581369600000000000e+08
1.729999040000000000e+08
1.621153600000000000e+08
1.643779360000000000e+08
1.372196960000000000e+08
1.917491840000000000e+08
1.488543680000000000e+08
1.657683200000000000e+08
1.680444480000000000e+08
1.535038080000000000e+08
1.338124160000000000e+08
1.710001760000000000e+08
1.380722240000000000e+08
1.687306720000000000e+08
1.684088800000000000e+08
2.022838720000000000e+08
1.652824640000000000e+08
1.586490400000000000e+08
1.556448320000000000e+08
1.686646240000000000e+08
1.590634080000000000e+08
1.406355360000000000e+08
1.626093120000000000e+08
1.775976320000000000e+08
1.595530560000000000e+08
1.724350880000000000e+08
1.686760800000000000e+08
1.771250880000000000e+08
1.585936000000000000e+08
1.662226880000000000e+08
1.666901920000000000e+08
1.444268800000000000e+08
1.681676320000000000e+08
1.788076800000000000e+08
1.426990400000000000e+08
1.564890240000000000e+08
1.557132320000000000e+08
1.644398400000000000e+08
1.720196000000000000e+08
1.710494720000000000e+08
1.740234560000000000e+08
1.613678080000000000e+08
1.653242080000000000e+08
1.383156160000000000e+08
1.585347520000000000e+08
1.568264960000000000e+08
1.798368960000000000e+08
1.572054240000000000e+08
1.494113600000000000e+08
1.700759680000000000e+08
1.345320000000000000e+08
1.698996640000000000e+08
1.771718400000000000e+08
1.392072480000000000e+08
1.548014080000000000e+08
1.665427680000000000e+08
1.505943360000000000e+08
1.368974400000000000e+08
1.782928000000000000e+08
1.418322080000000000e+08
1.461410080000000000e+08
1.647575520000000000e+08
1.767830400000000000e+08
1.442442240000000000e+08
1.700318880000000000e+08
1.733810560000000000e+08
1.610122880000000000e+08
1.741519360000000000e+08
1.489323520000000000e+08
1.640836160000000000e+08
1.571123520000000000e+08
1.654755360000000000e+08
1.247145760000000000e+08
1.504964480000000000e+08
1.558851840000000000e+08
1.797125280000000000e+08
1.667249920000000000e+08
1.359721920000000000e+08
1.625455040000000000e+08
1.683568320000000000e+08
1.648668480000000000e+08
1.648505920000000000e+08
1.725876480000000000e+08
1.502951840000000000e+08
1.550923840000000000e+08
1.670997440000000000e+08
1.248894880000000000e+08
1.656931680000000000e+08
1.576929920000000000e+08
1.723693120000000000e+08
1.409914880000000000e+08
1.454394720000000000e+08
1.564393760000000000e+08
1.753575360000000000e+08
1.610482080000000000e+08
1.665446400000000000e+08
1.788965600000000000e+08
1.550962560000000000e+08
1.649529120000000000e+08
1.512296640000000000e+08
1.609044160000000000e+08
1.553129920000000000e+08
1.805184320000000000e+08
1.599828640000000000e+08
1.499560640000000000e+08
1.698323360000000000e+08
2.099195520000000000e+08
1.692919040000000000e+08
1.499103680000000000e+08
1.638082560000000000e+08
1.838645760000000000e+08
1.669877440000000000e+08
1.598948800000000000e+08
1.727770880000000000e+08
1.580422400000000000e+08
1.380256960000000000e+08
1.641981280000000000e+08
1.725747200000000000e+08
1.519670400000000000e+08
1.599155200000000000e+08
1.628557920000000000e+08
1.634453600000000000e+08
1.484073280000000000e+08
1.793105600000000000e+08
1.670936000000000000e+08
1.512076960000000000e+08
1.476339040000000000e+08
1.887698560000000000e+08
1.569694720000000000e+08
1.719684320000000000e+08
1.295991040000000000e+08
1.850452800000000000e+08
1.514203360000000000e+08
1.400299520000000000e+08
1.683259360000000000e+08
1.448949440000000000e+08
1.679656480000000000e+08
1.652673600000000000e+08
1.817921600000000000e+08
1.767929280000000000e+08
1.756377760000000000e+08
1.413447680000000000e+08
