1.469171680000000000e+08
1.760292320000000000e+08
1.845799360000000000e+08
1.880343840000000000e+08
1.521391360000000000e+08
1.558140480000000000e+08
1.595391200000000000e+08
1.494799680000000000e+08
1.833411040000000000e+08
1.857998400000000000e+08
1.590570400000000000e+08
1.694506560000000000e+08
1.856585920000000000e+08
1.670970880000000000e+08
1.695517440000000000e+08
1.610552960000000000e+08
1.581630560000000000e+08
1.398548800000000000e+08
1.560688480000000000e+08
1.670322080000000000e+08
1.610650720000000000e+08
1.695289600000000000e+08
1.702632640000000000e+08
1.592787200000000000e+08
1.552234240000000000e+08
1.583412960000000000e+08
1.633796800000000000e+08
1.641829760000000000e+08
1.540226080000000000e+08
1.591366720000000000e+08
1.695525920000000000e+08
1.412925120000000000e+08
1.632825600000000000e+08
1.386807360000000000e+08
1.455718560000000000e+08
1.550762080000000000e+08
1.686981120000000000e+08
1.676050560000000000e+08
1.686556800000000000e+08
1.409317760000000000e+08
1.355227680000000000e+08
1.516219840000000000e+08
1.445316800000000000e+08
1.512845440000000000e+08
1.665260800000000000e+08
1.476529280000000000e+08
1.858480320000000000e+08
1.642219040000000000e+08
1.656427520000000000e+08
1.782461440000000000e+08
1.835982080000000000e+08
1.567677120000000000e+08
1.893327040000000000e+08
1.614190560000000000e+08
1.518096480000000000e+08
1.712361920000000000e+08
1.555181760000000000e+08
1.859941440000000000e+08
1.597216800000000000e+08
1.891885120000000000e+08
1.559362880000000000e+08
1.806698560000000000e+08
1.594472320000000000e+08
1.783840000000000000e+08
1.504923840000000000e+08
1.601806400000000000e+08
1.439603040000000000e+08
1.729451840000000000e+08
1.734986240000000000e+08
1.553985600000000000e+08
1.556335200000000000e+08
1.714464000000000000e+08
1.788937760000000000e+08
1.586848160000000000e+08
1.401683840000000000e+08
1.629871840000000000e+08
1.485793600000000000e+08
1.489674720000000000e+08
1.676644640000000000e+08
1.831792160000000000e+08
1.665968000000000000e+08
1.639006080000000000e+08
1.733660000000000000e+08
1.750110080000000000e+08
1.741944320000000000e+08
1.672608160000000000e+08
1.561164480000000000e+08
1.564983520000000000e+08
1.817133600000000000e+08
1.706773600000000000e+08
1.833317760000000000e+08
1.632461120000000000e+08
1.454749760000000000e+08
1.500178880000000000e+08
1.362660320000000000e+08
1.848556480000000000e+08
1.393532480000000000e+08
1.674251840000000000e+08
1.294186160000000000e+08
1.660530720000000000e+08
1.457680000000000000e+08
1.800963680000000000e+08
1.625674720000000000e+08
1.478697920000000000e+08
1.510156160000000000e+08
1.574100320000000000e+08
1.749176000000000000e+08
1.708561280000000000e+08
1.813192640000000000e+08
1.750403200000000000e+08
1.480717920000000000e+08
1.517369600000000000e+08
1.683099200000000000e+08
1.517400000000000000e+08
1.603384960000000000e+08
1.444179200000000000e+08
1.936136640000000000e+08
1.592009440000000000e+08
1.717716160000000000e+08
1.584203680000000000e+08
1.738825600000000000e+08
1.575600960000000000e+08
1.439160000000000000e+08
1.702533760000000000e+08
1.825896640000000000e+08
1.585969920000000000e+08
1.684603040000000000e+08
1.717115200000000000e+08
1.562990400000000000e+08
1.559845280000000000e+08
1.646751360000000000e+08
1.494428800000000000e+08
1.657904320000000000e+08
1.941273440000000000e+08
1.367875040000000000e+08
1.832703360000000000e+08
1.460807360000000000e+08
1.603014400000000000e+08
1.599813440000000000e+08
1.673623680000000000e+08
1.781241920000000000e+08
1.854742720000000000e+08
1.570507520000000000e+08
1.715817760000000000e+08
1.395855040000000000e+08
1.583345600000000000e+08
1.642128640000000000e+08
1.599639040000000000e+08
1.373396160000000000e+08
1.467666560000000000e+08
1.764666560000000000e+08
1.470432480000000000e+08
1.805545920000000000e+08
1.621673440000000000e+08
1.511060960000000000e+08
1.652826400000000000e+08
1.679052800000000000e+08
1.673737280000000000e+08
1.498100640000000000e+08
1.642336480000000000e+08
1.789849280000000000e+08
1.356839680000000000e+08
1.627656000000000000e+08
1.568732000000000000e+08
2.094532480000000000e+08
1.678411840000000000e+08
1.593414080000000000e+08
1.535206720000000000e+08
1.554480480000000000e+08
1.883996160000000000e+08
1.365343360000000000e+08
1.568420160000000000e+08
1.576945920000000000e+08
1.686916480000000000e+08
1.650090560000000000e+08
1.499480960000000000e+08
1.580968960000000000e+08
1.707587840000000000e+08
1.366235520000000000e+08
1.583531520000000000e+08
1.838467840000000000e+08
1.623694080000000000e+08
1.764990400000000000e+08
1.713662720000000000e+08
1.660423520000000000e+08
1.871032640000000000e+08
1.632703680000000000e+08
1.768167360000000000e+08
1.691783040000000000e+08
1.909258560000000000e+08
1.629835200000000000e+08
1.725531680000000000e+08
1.472793920000000000e+08
1.616571360000000000e+08
1.566245440000000000e+08
1.762951360000000000e+08
1.764322400000000000e+08
1.688825920000000000e+08
1.701234720000000000e+08
1.703690720000000000e+08
1.608439520000000000e+08
1.718937440000000000e+08
1.718655040000000000e+08
1.573383680000000000e+08
1.534786240000000000e+08
1.639604960000000000e+08
1.861328160000000000e+08
1.911167520000000000e+08
1.812532480000000000e+08
1.665077120000000000e+08
1.391683840000000000e+08
1.577825920000000000e+08
1.617909920000000000e+08
1.486908320000000000e+08
1.712770720000000000e+08
1.598872960000000000e+08
1.502623680000000000e+08
1.774137600000000000e+08
1.621480800000000000e+08
1.447917760000000000e+08
1.904465600000000000e+08
1.640291840000000000e+08
1.846670560000000000e+08
1.502370880000000000e+08
1.352899200000000000e+08
1.562005280000000000e+08
1.746895200000000000e+08
1.927334080000000000e+08
1.693347840000000000e+08
1.498654880000000000e+08
1.676610720000000000e+08
1.953874880000000000e+08
1.800829440000000000e+08
1.657832480000000000e+08
1.549456640000000000e+08
1.577477120000000000e+08
1.635540480000000000e+08
1.704356800000000000e+08
1.452235200000000000e+08
1.800017600000000000e+08
1.663597600000000000e+08
1.584954560000000000e+08
1.447663520000000000e+08
1.588767040000000000e+08
1.669575200000000000e+08
1.798635840000000000e+08
1.625376480000000000e+08
1.729947840000000000e+08
1.663085760000000000e+08
1.927389760000000000e+08
1.976096640000000000e+08
1.681179680000000000e+08
1.407994240000000000e+08
1.381749120000000000e+08
1.658377440000000000e+08
1.593840640000000000e+08
1.867184320000000000e+08
1.453450400000000000e+08
1.596015040000000000e+08
1.658594880000000000e+08
1.631195520000000000e+08
1.527678720000000000e+08
1.546862560000000000e+08
1.332627760000000000e+08
1.336267440000000000e+08
1.591270400000000000e+08
1.555652640000000000e+08
1.730512480000000000e+08
1.321586400000000000e+08
1.406676000000000000e+08
1.679307520000000000e+08
1.806016960000000000e+08
1.518972160000000000e+08
1.527487680000000000e+08
1.812027200000000000e+08
1.519400640000000000e+08
1.591013440000000000e+08
1.570521920000000000e+08
1.514232320000000000e+08
1.761407200000000000e+08
1.795159360000000000e+08
1.629364160000000000e+08
1.618147360000000000e+08
1.665954880000000000e+08
1.650196800000000000e+08
1.760462080000000000e+08
1.792276800000000000e+08
1.471040640000000000e+08
1.643164800000000000e+08
1.299325440000000000e+08
1.538106080000000000e+08
1.475147360000000000e+08
1.568569920000000000e+08
1.627635360000000000e+08
1.806402560000000000e+08
1.788022400000000000e+08
1.671572960000000000e+08
1.796771680000000000e+08
1.516847680000000000e+08
1.563294080000000000e+08
1.742042080000000000e+08
1.625289920000000000e+08
1.463399680000000000e+08
1.305987520000000000e+08
1.506710720000000000e+08
1.687216320000000000e+08
1.582715520000000000e+08
1.652462880000000000e+08
1.687588480000000000e+08
1.435856000000000000e+08
1.663175040000000000e+08
1.551324160000000000e+08
1.578759840000000000e+08
1.641851360000000000e+08
1.646246400000000000e+08
1.474586240000000000e+08
1.842520800000000000e+08
1.773505120000000000e+08
1.749574720000000000e+08
1.753590720000000000e+08
1.549983040000000000e+08
