1.555212480000000000e+08
1.651281760000000000e+08
1.694455680000000000e+08
1.661539680000000000e+08
1.720854400000000000e+08
1.713793280000000000e+08
1.702183360000000000e+08
1.520302400000000000e+08
1.513823680000000000e+08
1.595041440000000000e+08
1.582833440000000000e+08
1.539146720000000000e+08
1.591826240000000000e+08
1.648751520000000000e+08
1.678397760000000000e+08
1.662875040000000000e+08
1.633625760000000000e+08
1.534846720000000000e+08
1.830996640000000000e+08
1.509123520000000000e+08
1.470003200000000000e+08
1.551459680000000000e+08
1.755973920000000000e+08
1.415399360000000000e+08
1.837031200000000000e+08
1.718985440000000000e+08
1.610260800000000000e+08
1.812846080000000000e+08
1.467619840000000000e+08
1.450655360000000000e+08
1.209262240000000000e+08
1.791834080000000000e+08
1.523996160000000000e+08
1.358084960000000000e+08
1.426748800000000000e+08
1.685552320000000000e+08
1.619923360000000000e+08
1.524745600000000000e+08
1.530055680000000000e+08
1.575760320000000000e+08
1.556145120000000000e+08
1.523964160000000000e+08
1.641268000000000000e+08
1.443230720000000000e+08
1.898799840000000000e+08
1.650868160000000000e+08
1.675277760000000000e+08
1.405000000000000000e+08
1.677749120000000000e+08
1.640442720000000000e+08
1.336883360000000000e+08
1.717955040000000000e+08
1.498503840000000000e+08
1.925049920000000000e+08
1.767377120000000000e+08
1.639674880000000000e+08
1.819080800000000000e+08
1.694035520000000000e+08
1.388341280000000000e+08
1.521226240000000000e+08
1.394176480000000000e+08
1.678184640000000000e+08
1.646326720000000000e+08
1.526248640000000000e+08
1.544395520000000000e+08
1.762693920000000000e+08
1.538978400000000000e+08
1.503032640000000000e+08
1.739712800000000000e+08
1.695873600000000000e+08
1.969486560000000000e+08
1.503722240000000000e+08
1.401696320000000000e+08
1.292806800000000000e+08
1.588394880000000000e+08
1.566682560000000000e+08
1.721776960000000000e+08
1.531858880000000000e+08
1.391026880000000000e+08
1.810751680000000000e+08
1.608170560000000000e+08
1.429927360000000000e+08
1.551621440000000000e+08
1.660800480000000000e+08
1.593531840000000000e+08
1.723708640000000000e+08
1.617789920000000000e+08
1.380713920000000000e+08
1.688100000000000000e+08
1.590047680000000000e+08
1.781432800000000000e+08
1.612678560000000000e+08
1.530380320000000000e+08
1.561346240000000000e+08
1.606530880000000000e+08
1.670840640000000000e+08
1.636565760000000000e+08
1.572898880000000000e+08
1.835803520000000000e+08
1.678610880000000000e+08
1.492060160000000000e+08
1.760345600000000000e+08
1.721794240000000000e+08
1.486516800000000000e+08
1.503153600000000000e+08
1.693252160000000000e+08
1.728475200000000000e+08
1.730037120000000000e+08
1.698866880000000000e+08
1.626780800000000000e+08
1.726807840000000000e+08
1.692203360000000000e+08
1.645045120000000000e+08
1.455936960000000000e+08
1.602254400000000000e+08
1.499493280000000000e+08
1.372546560000000000e+08
1.756031680000000000e+08
1.892749120000000000e+08
1.576788160000000000e+08
1.265829040000000000e+08
1.455453920000000000e+08
1.426012160000000000e+08
1.630965440000000000e+08
1.482887520000000000e+08
1.672892480000000000e+08
1.419597440000000000e+08
1.767855040000000000e+08
1.733174400000000000e+08
1.621712160000000000e+08
1.743780160000000000e+08
1.505817920000000000e+08
1.676531520000000000e+08
1.452714080000000000e+08
1.426494720000000000e+08
1.682560320000000000e+08
1.465681600000000000e+08
1.621700160000000000e+08
1.839584960000000000e+08
1.453775360000000000e+08
1.617902240000000000e+08
1.731722880000000000e+08
1.373991040000000000e+08
1.589608960000000000e+08
1.623629120000000000e+08
1.585331200000000000e+08
1.760927680000000000e+08
1.752805120000000000e+08
1.541997760000000000e+08
1.428812160000000000e+08
1.578193600000000000e+08
1.634237440000000000e+08
1.609270880000000000e+08
1.546906240000000000e+08
1.562134720000000000e+08
1.875550880000000000e+08
1.548791040000000000e+08
1.734091520000000000e+08
1.950057920000000000e+08
1.665141760000000000e+08
1.625860320000000000e+08
1.398713920000000000e+08
1.330963920000000000e+08
1.722592000000000000e+08
1.843333440000000000e+08
1.683971520000000000e+08
1.646186400000000000e+08
1.609831840000000000e+08
1.679650880000000000e+08
1.701196800000000000e+08
1.792833920000000000e+08
1.532096000000000000e+08
1.745086880000000000e+08
1.570097920000000000e+08
1.712462240000000000e+08
1.601176480000000000e+08
1.540170880000000000e+08
1.813348480000000000e+08
1.609425280000000000e+08
1.664270720000000000e+08
1.540622560000000000e+08
1.686579200000000000e+08
1.691926560000000000e+08
1.586674880000000000e+08
1.798261280000000000e+08
2.009670880000000000e+08
1.622251840000000000e+08
1.627150240000000000e+08
1.725679680000000000e+08
1.532207040000000000e+08
1.583735040000000000e+08
1.496595680000000000e+08
1.845748320000000000e+08
1.467722880000000000e+08
1.423288000000000000e+08
1.825414400000000000e+08
1.530750080000000000e+08
1.574527040000000000e+08
1.564967680000000000e+08
1.817042240000000000e+08
1.741844800000000000e+08
1.383204800000000000e+08
1.805580320000000000e+08
1.452303840000000000e+08
1.390669440000000000e+08
1.773730240000000000e+08
1.700940800000000000e+08
1.685950720000000000e+08
1.674897440000000000e+08
1.454698080000000000e+08
1.754789440000000000e+08
1.582584160000000000e+08
1.463551840000000000e+08
1.703876960000000000e+08
1.773141280000000000e+08
1.519773120000000000e+08
1.760955200000000000e+08
1.401883680000000000e+08
1.504734880000000000e+08
1.628432160000000000e+08
1.671033920000000000e+08
1.400509120000000000e+08
1.759856960000000000e+08
1.711299840000000000e+08
1.467689120000000000e+08
1.397820160000000000e+08
1.558453440000000000e+08
1.744673440000000000e+08
1.636407360000000000e+08
1.740589760000000000e+08
1.782700320000000000e+08
1.676920320000000000e+08
1.928574080000000000e+08
1.644493760000000000e+08
1.596610880000000000e+08
1.474824640000000000e+08
1.608014400000000000e+08
1.622972480000000000e+08
1.446846560000000000e+08
1.518744640000000000e+08
1.535003360000000000e+08
1.571155840000000000e+08
1.448290880000000000e+08
1.616609280000000000e+08
1.669218560000000000e+08
1.825610080000000000e+08
1.537691360000000000e+08
1.640624320000000000e+08
1.516681600000000000e+08
1.822953920000000000e+08
1.616850400000000000e+08
1.749628800000000000e+08
1.684520960000000000e+08
1.646670400000000000e+08
1.719377920000000000e+08
1.506344800000000000e+08
1.581385280000000000e+08
1.473551680000000000e+08
1.971669120000000000e+08
1.658572160000000000e+08
1.565705760000000000e+08
1.580420800000000000e+08
1.376638720000000000e+08
1.435136960000000000e+08
1.350183680000000000e+08
1.476458240000000000e+08
1.580538400000000000e+08
1.575641600000000000e+08
1.827411840000000000e+08
1.988687360000000000e+08
1.603826560000000000e+08
1.711385600000000000e+08
1.590782080000000000e+08
1.519974080000000000e+08
1.640233120000000000e+08
1.778478720000000000e+08
1.397754240000000000e+08
1.459548800000000000e+08
1.593669280000000000e+08
1.339127360000000000e+08
1.521725440000000000e+08
1.747296960000000000e+08
1.620491680000000000e+08
1.448001280000000000e+08
1.844702400000000000e+08
1.673001120000000000e+08
1.814104000000000000e+08
1.618349120000000000e+08
1.664941440000000000e+08
1.457397120000000000e+08
1.609646720000000000e+08
1.736981760000000000e+08
1.511622080000000000e+08
1.569377280000000000e+08
1.669403680000000000e+08
1.506618880000000000e+08
1.559157440000000000e+08
1.446535360000000000e+08
1.464010400000000000e+08
1.609919680000000000e+08
1.708496800000000000e+08
1.521031680000000000e+08
2.011836320000000000e+08
1.735599840000000000e+08
1.672147840000000000e+08
1.321560160000000000e+08
1.328066800000000000e+08
1.492608960000000000e+08
1.886901600000000000e+08
1.701610400000000000e+08
1.599496000000000000e+08
1.775522880000000000e+08
1.624699200000000000e+08
1.743383680000000000e+08
1.277529360000000000e+08
1.617666560000000000e+08
1.709429760000000000e+08
1.509994240000000000e+08
1.483333920000000000e+08
1.651017600000000000e+08
1.680760320000000000e+08
