8.229206397352286614e+06
8.058017390249581076e+06
7.893952359439441003e+06
7.735836084331694990e+06
7.584882825546722859e+06
7.439022419259719551e+06
7.299286891877243295e+06
7.164613003959596157e+06
7.035085486611187458e+06
6.909850862071600743e+06
6.789698160782149062e+06
6.674953067744065076e+06
6.563639770756836049e+06
6.456588871544379741e+06
6.354677989308339544e+06
6.255546903400717303e+06
6.160697602381343022e+06
6.069068515097062103e+06
5.980328857160337269e+06
5.895100979295949452e+06
5.813647123450147919e+06
5.734679787291824818e+06
5.659106489836513065e+06
5.585643649140832946e+06
5.514447455756030045e+06
5.445467502989303321e+06
5.379694937705172226e+06
5.315118771261064336e+06
5.253113768210100941e+06
5.193432952438805252e+06
5.135502947642848827e+06
5.078759191052192822e+06
5.024292089492376894e+06
4.972511653929163702e+06
4.921454653945057653e+06
4.872887602405980229e+06
4.825775876120583154e+06
4.778589253316313028e+06
4.733348384456654079e+06
4.690708402773601934e+06
4.648359152148273773e+06
4.607901791668097489e+06
4.567972670856814831e+06
4.528695695988311432e+06
4.492157980340614915e+06
4.455941259344400838e+06
4.420069199903720059e+06
4.385824425899756141e+06
4.352165780635176226e+06
4.320131279970373958e+06
4.288613823423644528e+06
4.257823315634033643e+06
4.228386174446128309e+06
4.199281320962805301e+06
4.171267680575538892e+06
4.143363750855191611e+06
4.116315840289647691e+06
4.090186452852969989e+06
4.064550058505203109e+06
4.039576529285039287e+06
4.015282269746345002e+06
3.991632732904930133e+06
3.968827909860705957e+06
3.946968399022189435e+06
3.925572411705859937e+06
3.904325790262527298e+06
3.883461943835063837e+06
3.863337011231710669e+06
3.842651303870094009e+06
3.823719617928440217e+06
3.804458023185081780e+06
3.785943311219052412e+06
3.767610557662141044e+06
3.749680020802717190e+06
3.732485607807114255e+06
3.715972835028522182e+06
3.699235980998009909e+06
3.683162101760618854e+06
3.667048943135542795e+06
3.651105144683965482e+06
3.634653778448334429e+06
3.619940175826435443e+06
3.604437285716152284e+06
3.589717379864381626e+06
3.575715196290029213e+06
3.560482810239106417e+06
3.546653956138779875e+06
3.533098821213108487e+06
3.518695399880239740e+06
3.505834894820360001e+06
3.492590102998040151e+06
3.479482033784088679e+06
3.466517997418875806e+06
3.453681574229832739e+06
3.441843354721756652e+06
3.429515132883368060e+06
3.417444987746909261e+06
3.405758549384955782e+06
3.394543756279451307e+06
3.383204310267454945e+06
3.372010049768300727e+06
3.360894591932615265e+06
3.350277204794398043e+06
3.340055740419987589e+06
3.329627216591076925e+06
3.319076929977021180e+06
3.309063235344242305e+06
3.298280726668293588e+06
3.288161882996359840e+06
3.278929635827085003e+06
3.268670165681115817e+06
3.259579304647566285e+06
3.250109124307993799e+06
3.240542606932238210e+06
3.231533758130776230e+06
3.222696626953619067e+06
3.213698811563733034e+06
3.204953183230370749e+06
3.196079121263323352e+06
3.187196810249892063e+06
3.179327687400710769e+06
3.170787577742784750e+06
3.162205890121967997e+06
3.154263859491738025e+06
3.145488197313501034e+06
3.136926708834649529e+06
3.128184721018065233e+06
3.119840847882465459e+06
3.111847541671392974e+06
3.103620437460738234e+06
3.095673842278573196e+06
3.087943909965657629e+06
3.080091250028230716e+06
3.071900241106847301e+06
3.064193759415002074e+06
3.056479916534604039e+06
3.049109861924632918e+06
3.041696158018478658e+06
3.034584669312282000e+06
3.027542936098941602e+06
3.020450984703628812e+06
3.013692287404428702e+06
3.006906695698113181e+06
3.000229865484131500e+06
2.993231749781843275e+06
2.986557649738811422e+06
2.979934415392421652e+06
2.973476053831918165e+06
2.966607739418623038e+06
2.959983738028561231e+06
2.953851526091960259e+06
2.947571096105234232e+06
2.941439416641825810e+06
2.934990937262522522e+06
2.928689953576395754e+06
2.922712029593196232e+06
2.916787690404862165e+06
2.910734381180521566e+06
2.904739311194825917e+06
2.899137050269332249e+06
2.893444575898671057e+06
2.887429223742002621e+06
2.882126060121157672e+06
2.876594179273007903e+06
2.870789751472104341e+06
2.865644271586003248e+06
2.860406906587173231e+06
2.854624697555641178e+06
2.849105620246241335e+06
2.844097573553516530e+06
2.838534122714729514e+06
2.833487132431627251e+06
2.828495200866247062e+06
2.823649422787812073e+06
2.818898606083031278e+06
2.814133469150931574e+06
2.809544152814672794e+06
2.804119821218821686e+06
2.799444960729215760e+06
2.794453447394555435e+06
2.789698544951138087e+06
2.784698110291313380e+06
2.779554857237897348e+06
2.774810634537210688e+06
2.769939846068604384e+06
2.765373373637529556e+06
2.760752679294077214e+06
2.755975968694064301e+06
2.751423070149441715e+06
2.746354281720903702e+06
2.742116187894951086e+06
2.737390301913719624e+06
2.732629471537827048e+06
2.728381860824591015e+06
2.723696005448409356e+06
2.719334907104301732e+06
2.714835833694024011e+06
2.709952031609389465e+06
2.705468392401724122e+06
2.700994333287436049e+06
2.696444974287106190e+06
2.692255072774251457e+06
2.687689103331842925e+06
2.683617980415560771e+06
2.679630559900175780e+06
2.675424813122156542e+06
2.671334976265311241e+06
2.666914544988253154e+06
2.662570622513162438e+06
2.658234746841564775e+06
2.654242564457290806e+06
2.650168028333548456e+06
2.646337264084243681e+06
2.642422217977638356e+06
2.638845270775543526e+06
2.634798569000347983e+06
2.631185099657388404e+06
2.627123381255665794e+06
2.623163632156759501e+06
2.619119021318127401e+06
2.615607800145425368e+06
2.611956477684861980e+06
2.608512018868069164e+06
2.604845016813557129e+06
2.600997162543823943e+06
2.597278853640754241e+06
2.593625959070323966e+06
2.590345575591238216e+06
2.586793951992089860e+06
2.583119555660038255e+06
2.579233434006784577e+06
2.575879147843281738e+06
2.572372129285936244e+06
2.568927459194720723e+06
2.565514444933252409e+06
2.562188194945896976e+06
2.558881619830065407e+06
2.555397153762668371e+06
2.552011442816101946e+06
2.548536464670613408e+06
2.545355854685366154e+06
2.542051322753366083e+06
2.538594308662622701e+06
2.535459030036928598e+06
2.532174773219941650e+06
2.528889496285522357e+06
2.525703086039161775e+06
2.522639420955126174e+06
2.519576417645127978e+06
2.516301161888468545e+06
2.513181220358639956e+06
2.510147936320988927e+06
2.506847130743916146e+06
2.503431575310554821e+06
2.500335436383493245e+06
2.497264509570668451e+06
2.494182403191701509e+06
2.491147683121474460e+06
2.488040372894883621e+06
2.484946513289409224e+06
2.482271769682714250e+06
2.479424198476791847e+06
2.476491540468588937e+06
2.473696275040908251e+06
2.470714140225914773e+06
2.467787618838630151e+06
2.464709092478083447e+06
2.461834361623546574e+06
2.458834222593619488e+06
2.456135138043076731e+06
2.453239071354000829e+06
2.450410454942779616e+06
2.447421970173910726e+06
2.444572203043567482e+06
2.441608034611409064e+06
2.438609657433503307e+06
2.435809311164837331e+06
2.433034965459830128e+06
2.430185421047361568e+06
2.427177424082771409e+06
2.424374195921510924e+06
2.421718303703473881e+06
2.418763517414336558e+06
2.416279029450433794e+06
2.413614422655058559e+06
2.411039957960892003e+06
2.408433890563735273e+06
2.405716355086512864e+06
2.403191740492266603e+06
2.400538005481049884e+06
2.397831872331965715e+06
2.395355341415483505e+06
2.392783756705727428e+06
2.390132856130063534e+06
2.387393799124820158e+06
2.384849770334895235e+06
2.382388904875899199e+06
2.379976715379448142e+06
2.377470775130748283e+06
2.374739345965606160e+06
2.372278846935612150e+06
2.369478016062087845e+06
2.366916900826143101e+06
2.364176212264501490e+06
2.361738027655033395e+06
2.359417793481044471e+06
