8.334411151956818067e+06
8.159052768481031060e+06
7.991157015732340515e+06
7.830094971464973874e+06
7.675124000124406070e+06
7.526983734301827848e+06
7.383834733876496553e+06
7.246416702087229118e+06
7.115056457379650325e+06
6.988353301164603792e+06
6.865495078834554181e+06
6.748483589725243859e+06
6.634644219358366914e+06
6.526135909528577700e+06
6.420144894899840467e+06
6.320330970436897129e+06
6.222200829649493098e+06
6.128447886245021597e+06
6.038397620860869996e+06
5.950708456335398369e+06
5.865349978254296817e+06
5.785465019496236928e+06
5.705756319557199255e+06
5.630977809969464317e+06
5.558547892178082839e+06
5.488980457064491697e+06
5.420799542281987146e+06
5.354504251005720347e+06
5.292137545451808721e+06
5.230693009991640225e+06
5.172275879619904794e+06
5.115686002829018980e+06
5.061004629637822509e+06
5.007831668708262965e+06
4.956630472066182643e+06
4.907098572768173181e+06
4.859381727147949859e+06
4.813357343890791759e+06
4.767703021963763982e+06
4.723701179473172873e+06
4.680733884168646298e+06
4.639337084109564312e+06
4.597465940807047300e+06
4.557899812639550306e+06
4.520428748591067269e+06
4.482146110330340452e+06
4.444786240607762709e+06
4.410463803950555623e+06
4.375589227384069003e+06
4.341535673245758750e+06
4.309114899196575396e+06
4.277836316171774641e+06
4.246564108533491381e+06
4.216781555603178218e+06
4.187893630433352198e+06
4.159977985037834849e+06
4.132746411013951525e+06
4.106770640350895002e+06
4.080911251914946828e+06
4.056374432834634557e+06
4.031372989796349779e+06
4.007848608938192483e+06
3.984654869130268227e+06
3.961823558755943086e+06
3.939942329150342848e+06
3.918366068167098332e+06
3.897108893772112206e+06
3.876658889871559106e+06
3.856535080245498568e+06
3.836961524648553692e+06
3.816515420829201117e+06
3.797087614318195730e+06
3.779196972864152398e+06
3.760804238474076614e+06
3.743025403428525664e+06
3.726032364687948488e+06
3.708589839887605514e+06
3.691791147762488574e+06
3.674773817154759541e+06
3.658119285920844413e+06
3.642870618399600498e+06
3.627447715111335739e+06
3.611465072904396802e+06
3.596672849215799011e+06
3.581532603432642296e+06
3.567470065649800003e+06
3.553570635161138605e+06
3.538776866295509506e+06
3.524376344533654395e+06
3.511805903420517687e+06
3.498197023262510542e+06
3.484731313855361659e+06
3.472665966042198706e+06
3.459274216467436403e+06
3.447150912866823375e+06
3.434659426798198838e+06
3.422165244926556479e+06
3.410727249535891693e+06
3.398880642671108246e+06
3.387504456280794926e+06
3.376302110626099166e+06
3.365128798918431625e+06
3.354084100445301272e+06
3.343519680542855058e+06
3.333486099709093105e+06
3.322674310773740988e+06
3.312068007911532186e+06
3.301857055429752916e+06
3.292011982941240538e+06
3.282238662384746596e+06
3.272266485308665317e+06
3.262584316708769184e+06
3.252460547514534555e+06
3.243009214435885660e+06
3.233681947351737879e+06
3.224455749931130093e+06
3.214913471322955098e+06
3.205835328608280048e+06
3.196391387189919129e+06
3.187445539580179844e+06
3.179012110352336895e+06
3.170466782767022494e+06
3.161516401564353611e+06
3.153656543361475226e+06
3.144829211330639198e+06
3.135863737642830703e+06
3.128325980216421187e+06
3.120292006177372765e+06
3.112160875699996483e+06
3.104338626176716294e+06
3.096467298975148704e+06
3.088486626296203583e+06
3.081257026168251876e+06
3.073081099452812690e+06
3.065420892248626798e+06
3.057370741666403133e+06
3.050218700213714968e+06
3.043384789675710723e+06
3.035476590793760493e+06
3.027927600882431492e+06
3.021401442025750875e+06
3.014148979838340543e+06
3.007095836114144884e+06
2.999287778926009312e+06
2.992141040735475719e+06
2.984872054838009179e+06
2.978703495306434575e+06
2.971958185676516034e+06
2.965230029863231815e+06
2.958766238535764161e+06
2.951844050368436612e+06
2.945431586638616864e+06
2.938624021141001955e+06
2.932280911886179820e+06
2.925824438240289222e+06
2.919329495431814808e+06
2.912900260969133582e+06
2.906918996331996750e+06
2.900609015650633723e+06
2.894281108902967535e+06
2.888235992618208751e+06
2.882246586125165224e+06
2.876919062667870894e+06
2.871157830299626570e+06
2.865026876315665431e+06
2.859288060804898851e+06
2.853517814894609153e+06
2.847944077892265283e+06
2.842344462636871729e+06
2.836858825369755737e+06
2.831513642571266741e+06
2.825604191702816170e+06
2.820220831006393768e+06
2.814985115577717312e+06
2.809546176929643843e+06
2.804478418714307249e+06
2.799566877037022263e+06
2.794274043195582461e+06
2.789208449063023552e+06
2.784399647859966382e+06
2.779146989709204528e+06
2.774195111884691752e+06
2.768611864350030664e+06
2.763678796276921406e+06
2.758063082770018373e+06
2.753412327594890725e+06
2.748864691710967105e+06
2.744141866917481180e+06
2.739074660432295874e+06
2.734668798666337971e+06
2.730154502753396053e+06
2.725595282255621161e+06
2.720663942586369347e+06
2.715884901566450950e+06
2.711458434680444188e+06
2.706805507184689865e+06
2.702213257380411960e+06
2.697928567018139176e+06
2.693517814339184202e+06
2.688807859454127960e+06
2.684445602141308598e+06
2.680129497728955001e+06
2.675752232661322691e+06
2.671310239189592656e+06
2.667263285007992294e+06
2.662909011751736049e+06
2.658872109160011169e+06
2.654575301699062344e+06
2.650198334140949417e+06
2.646282641920385417e+06
2.642177041854570620e+06
2.637954818888473790e+06
2.634160849364805035e+06
2.630264677546968218e+06
2.626285482371869031e+06
2.621983158347665332e+06
2.618167245659900364e+06
2.614277331989257131e+06
2.610630640034995042e+06
2.606728404559662566e+06
2.602730847083122935e+06
2.598885205804065801e+06
2.595090999997146893e+06
2.591557748487167526e+06
2.588143357376032043e+06
2.584417077401927672e+06
2.580707328730671667e+06
2.577047432874987368e+06
2.573361553182952572e+06
2.569712509291805327e+06
2.566162811091803946e+06
2.562837440434713382e+06
2.559200231540764682e+06
2.555642877391958609e+06
2.552118311321415007e+06
2.548843113712175284e+06
2.545198042520815041e+06
2.541761226585737430e+06
2.538352881880117115e+06
2.535031144502463285e+06
2.531505005972322542e+06
2.528177475961370859e+06
2.524824240052089095e+06
2.521559324080002028e+06
2.518362863217019010e+06
2.515313340739779640e+06
2.511836337045939639e+06
2.508731432442662772e+06
2.505628478886845056e+06
2.502367682243775111e+06
2.499175032357526943e+06
2.495973197674090974e+06
2.492532582193304319e+06
2.489174571455089841e+06
2.485897020690491423e+06
2.482835105683126487e+06
2.479831435382478870e+06
2.476673425087879878e+06
2.473800497212963644e+06
2.470705964795448352e+06
2.467499453341005370e+06
2.464564514297499787e+06
2.461928424659483135e+06
2.458766005229590926e+06
2.455895010111965239e+06
2.452604388652526308e+06
2.449498387913205661e+06
2.446587039743916597e+06
2.443037310135032050e+06
2.439994522902566008e+06
2.436871471220713109e+06
2.433807364018978085e+06
2.430667861003151629e+06
2.427516087332237046e+06
2.424563043912398629e+06
2.421779193194223568e+06
2.418741876296684146e+06
2.415606520615451038e+06
2.412851925640510395e+06
2.410151466749961488e+06
2.407563589618506376e+06
2.404668474521116819e+06
2.401720465199349448e+06
2.398872892974306829e+06
2.395998800482620951e+06
2.393164041259337217e+06
2.390467500891969074e+06
2.387740387086350471e+06
2.385215045023690443e+06
2.382329707527881954e+06
2.379791162402327638e+06
2.377008540707838722e+06
2.373974837075034622e+06
2.371196367891114205e+06
2.368519615490557160e+06
2.365835511833503842e+06
2.363190704445071053e+06
2.360691421990627423e+06
2.358200371864506043e+06
2.355653764469624031e+06
2.352957280692666769e+06
2.350361266381803900e+06
2.347935909285705537e+06
2.345505870934913866e+06
2.343022534624218941e+06
2.340431987217092421e+06
2.337896690881544724e+06
2.335346258759705350e+06
2.332479273679650389e+06
2.329925356104147155e+06
2.327264639244311955e+06
2.324926446270681452e+06
2.322516394055137411e+06
2.319918652070595883e+06
2.317924297733816318e+06
2.315343127188744955e+06
2.313058725781836547e+06
2.310718178492492065e+06
2.308417987671466079e+06
2.306255351856333669e+06
2.303958551555401180e+06
2.301536477088356391e+06
2.298912964043292217e+06
2.296774040141134523e+06
2.294510569808864035e+06
2.292629579743595328e+06
2.290185512608102057e+06
2.287933728282434866e+06
2.285731113246317487e+06
2.283449560058659874e+06
2.281344471831860952e+06
2.279404041493275668e+06
2.277370617412499618e+06
2.275303628680216148e+06
2.273055195300125051e+06
2.270892978344678413e+06
2.268777018266599625e+06
2.266527513476797845e+06
2.264482220849961974e+06
2.262353388722777367e+06
2.260354618343604263e+06
2.258488258024377748e+06
2.256101380596123636e+06
2.254087644703053404e+06
2.251751493565843906e+06
2.249565012213023379e+06
2.247638001976252068e+06
2.245615243103194516e+06
2.243672810706017539e+06
2.241540112620623782e+06
2.239324043462203350e+06
2.237580563482720871e+06
2.235467862739541102e+06
2.233461558067697100e+06
2.231200916156568099e+06
2.229272521404597443e+06
2.227441958484999835e+06
2.225154106440463569e+06
2.223455970059981570e+06
2.221222055678759236e+06
2.219299138049329165e+06
2.217200296437951270e+06
2.215280378440155182e+06
2.213472931676880457e+06
2.211563164441683795e+06
2.209554197120518424e+06
2.207666353964770678e+06
2.206162499522396363e+06
2.204138120896988083e+06
2.202032908996440470e+06
2.200397004069837742e+06
