7.905018287140612490e+06
7.363067879524375312e+06
6.894097409716502763e+06
6.496646946426788345e+06
6.149024709580274299e+06
5.846124648224308155e+06
5.586836379803179763e+06
5.357436333063431084e+06
5.152511294889324345e+06
4.976589570103403181e+06
4.819202907558006234e+06
4.675226953401499428e+06
4.546538014451099560e+06
4.432634618670027703e+06
4.332174494108739309e+06
4.241723778680044226e+06
4.158870535706711933e+06
4.083521005558770150e+06
4.016388107643766329e+06
3.952347261157391593e+06
3.893702075598158874e+06
3.836160589134898968e+06
3.782916903381773271e+06
3.732643355545428116e+06
3.686626840236085467e+06
3.644500767313413788e+06
3.605328936319186352e+06
3.568622500107779168e+06
3.531014312428781297e+06
3.499838500223365147e+06
3.466795847050644457e+06
3.436353398975971155e+06
3.404522561366673093e+06
3.372493065831442364e+06
3.345018727880691178e+06
3.318023080884452444e+06
3.295012639228385873e+06
3.270634347874190658e+06
3.248395229504602961e+06
3.224658488892008550e+06
3.202742777331660967e+06
3.182934785592437256e+06
3.164099711302696727e+06
3.144315943798083812e+06
3.126685103393735830e+06
3.108198133694913238e+06
3.089513323597877286e+06
3.072160744662194513e+06
3.055760262237579096e+06
3.040332743961706292e+06
3.025602870765142143e+06
3.011259219772707205e+06
2.995137830055941362e+06
2.981197708250799682e+06
2.967707652724643704e+06
2.954599908584960271e+06
2.941989005342076998e+06
2.928527042895388324e+06
2.914425627048334572e+06
2.901921662580170203e+06
2.889792304663215298e+06
2.878678565559068229e+06
2.867392292777636088e+06
2.856164129564904142e+06
2.844748081738502719e+06
2.833569203033666126e+06
2.823192491117118392e+06
2.813044778164771385e+06
2.802519185128428042e+06
2.791645506401753053e+06
2.781305539801872801e+06
2.771816067890003789e+06
2.762520111982263625e+06
2.753611596389313228e+06
2.743281233609812334e+06
2.734868023774154950e+06
2.725803521508374251e+06
2.716739105753202923e+06
2.709326171640750952e+06
2.700513806571467780e+06
2.691931321774390060e+06
2.684421955056989565e+06
2.677079292521713302e+06
2.669401671697400045e+06
2.661193048151132651e+06
2.652715072582708206e+06
2.645589440039306879e+06
2.638798134552252013e+06
2.630910118276298977e+06
2.624320781807838008e+06
2.618045202367680147e+06
2.611157878547118511e+06
2.605181912722766865e+06
2.598815813022197690e+06
2.592059828175104223e+06
2.585822800231248140e+06
2.578910846784993540e+06
2.573319757909916807e+06
2.567793435293945484e+06
2.561621886044921353e+06
