5.426356445000000349e+03
5.237487304999999651e+03
5.055437500000000000e+03
4.879850097999999889e+03
4.710603027000000111e+03
4.547521972999999889e+03
4.390109862999999677e+03
4.238603516000000127e+03
4.092444336000000021e+03
3.951590087999999923e+03
3.815579589999999826e+03
3.684809814000000188e+03
3.558667969000000085e+03
3.436760009999999966e+03
3.319602050999999847e+03
3.206212645999999950e+03
3.096989746000000196e+03
2.992171875000000000e+03
2.890929932000000008e+03
2.793230957000000217e+03
2.699395508000000063e+03
2.608797852000000148e+03
2.521507567999999992e+03
2.437447753999999804e+03
2.356508057000000008e+03
2.278534667999999783e+03
2.203422852000000148e+03
2.130973876999999902e+03
2.061236327999999958e+03
1.994273071000000073e+03
1.929683105000000069e+03
1.867529297000000042e+03
1.807720825000000104e+03
1.750283325000000104e+03
1.694957519999999931e+03
1.641788452000000007e+03
1.590613769999999931e+03
1.541565796000000091e+03
1.494194457999999941e+03
1.448754517000000078e+03
1.405049561000000040e+03
1.363141724000000067e+03
1.322748413000000028e+03
1.284044188999999960e+03
1.246873534999999947e+03
1.211206298999999944e+03
1.177010375999999951e+03
1.144306518999999980e+03
1.112771972999999889e+03
1.082568604000000050e+03
1.053661499000000049e+03
1.026002197000000024e+03
9.993710330000000113e+02
9.739181519999999637e+02
9.495521240000000489e+02
9.263092649999999821e+02
9.040162350000000515e+02
8.828400269999999637e+02
8.624511109999999690e+02
8.430122069999999894e+02
8.244714969999999994e+02
8.067445679999999584e+02
7.896481929999999920e+02
7.736511839999999438e+02
7.582515869999999722e+02
7.435922239999999874e+02
7.297294309999999768e+02
7.162809449999999742e+02
7.037389530000000377e+02
6.917528690000000324e+02
6.803579710000000205e+02
6.694346920000000409e+02
6.591272579999999834e+02
6.493762819999999465e+02
6.400874019999999973e+02
6.312229610000000548e+02
6.227849119999999630e+02
6.148773800000000165e+02
6.073919680000000199e+02
6.001089480000000549e+02
5.932544560000000047e+02
5.867967529999999670e+02
5.805069580000000542e+02
5.746652830000000449e+02
5.691066280000000006e+02
5.637564700000000357e+02
5.588875729999999749e+02
5.540444949999999835e+02
5.494793700000000172e+02
5.453216549999999643e+02
5.410090940000000046e+02
5.372402339999999867e+02
5.333652949999999464e+02
5.298653560000000198e+02
5.264247440000000324e+02
5.232955930000000535e+02
5.202218629999999848e+02
5.172026980000000549e+02
5.144624019999999973e+02
5.118160399999999868e+02
5.094632569999999987e+02
5.070948490000000106e+02
5.047202760000000126e+02
5.024565430000000106e+02
5.001564329999999927e+02
4.981598819999999819e+02
4.964920650000000251e+02
4.946456600000000208e+02
4.930879519999999729e+02
4.912515559999999937e+02
4.898215940000000046e+02
4.882470400000000268e+02
4.866923219999999901e+02
4.853886110000000258e+02
4.842679440000000000e+02
4.828584290000000010e+02
4.816399539999999888e+02
4.804122619999999984e+02
4.794560549999999921e+02
4.781891479999999888e+02
4.771980290000000196e+02
4.763989869999999769e+02
4.756372680000000059e+02
4.748155820000000062e+02
4.735334780000000023e+02
4.724989320000000248e+02
4.716143799999999828e+02
4.705298769999999990e+02
4.693990779999999745e+02
4.687269590000000221e+02
4.676296389999999974e+02
4.666470640000000003e+02
4.658578190000000063e+02
4.649627990000000182e+02
4.642247310000000198e+02
4.635854800000000182e+02
4.629070429999999874e+02
4.619444889999999759e+02
4.612271729999999934e+02
4.604234309999999937e+02
4.596006469999999808e+02
4.588325199999999882e+02
4.582694089999999960e+02
4.577019349999999918e+02
4.571185609999999997e+02
4.566803889999999910e+02
4.561820979999999963e+02
4.557971499999999878e+02
4.550642399999999839e+02
4.545565189999999802e+02
4.538858339999999885e+02
4.533260799999999904e+02
4.526873780000000238e+02
4.521106869999999844e+02
4.513842769999999973e+02
4.508040770000000066e+02
4.504023440000000278e+02
4.497241210000000251e+02
4.493931580000000281e+02
4.489652709999999729e+02
4.483582460000000083e+02
4.479973749999999768e+02
4.472254940000000261e+02
4.468600769999999898e+02
4.464807430000000181e+02
4.459383849999999825e+02
4.454588009999999940e+02
4.449758909999999901e+02
4.443193049999999857e+02
4.437296450000000050e+02
4.432347720000000209e+02
4.429442750000000046e+02
4.422903749999999832e+02
4.420598749999999768e+02
4.416965030000000070e+02
4.414874879999999848e+02
4.409918819999999755e+02
4.406560059999999908e+02
4.404135130000000231e+02
4.398036190000000261e+02
4.396085509999999772e+02
4.388909610000000043e+02
4.387123109999999997e+02
4.381790159999999901e+02
4.372501829999999927e+02
4.366237790000000132e+02
4.364222409999999854e+02
4.356947329999999852e+02
4.353993229999999812e+02
4.348386840000000007e+02
4.344739690000000110e+02
4.340296020000000112e+02
