5.405944824000000153e+03
5.229530273000000307e+03
5.059063476999999693e+03
4.894395996000000196e+03
4.735286132999999609e+03
4.581570800999999847e+03
4.432978516000000127e+03
4.289457519999999931e+03
4.150742188000000169e+03
4.016656493999999839e+03
3.886820067999999992e+03
3.761589355000000069e+03
3.640277344000000085e+03
3.523371094000000085e+03
3.410189696999999796e+03
3.300843506000000161e+03
3.195386474999999791e+03
3.093575194999999894e+03
2.995041991999999937e+03
2.900038574000000153e+03
2.808176514000000225e+03
2.719607178000000204e+03
2.633842040999999881e+03
2.551224608999999873e+03
2.471461670000000140e+03
2.394292480000000069e+03
2.319979980000000069e+03
2.248019042999999783e+03
2.178794433999999910e+03
2.111830321999999796e+03
2.047132935000000089e+03
1.984862061000000040e+03
1.924720581000000038e+03
1.866565430000000106e+03
1.810489379999999983e+03
1.756450927999999976e+03
1.704290404999999964e+03
1.653944946000000073e+03
1.605529663000000028e+03
1.558678466999999955e+03
1.513562987999999905e+03
1.470076416000000108e+03
1.428278563999999960e+03
1.388023071000000073e+03
1.349152466000000004e+03
1.311751831000000038e+03
1.275754517000000078e+03
1.241033202999999958e+03
1.207608275999999933e+03
1.175531005999999934e+03
1.144634888000000046e+03
1.114932616999999937e+03
1.086481688999999960e+03
1.059033202999999958e+03
1.032757812000000058e+03
1.007464233000000036e+03
9.832083740000000489e+02
9.600176390000000310e+02
9.377910160000000133e+02
9.163386229999999841e+02
8.956613160000000562e+02
8.758414309999999432e+02
8.569738770000000159e+02
8.388292850000000271e+02
8.214008179999999584e+02
8.048279420000000073e+02
7.888301390000000310e+02
7.736702880000000278e+02
7.589669800000000350e+02
7.451282959999999775e+02
7.317302859999999782e+02
7.187802729999999656e+02
7.067225339999999960e+02
6.952223510000000033e+02
6.840948489999999538e+02
6.734787599999999657e+02
6.631149289999999610e+02
6.533739620000000059e+02
6.442307130000000370e+02
6.354960330000000113e+02
6.269994510000000218e+02
6.191015619999999444e+02
6.116138919999999644e+02
6.044356080000000020e+02
5.976043089999999438e+02
5.909240720000000238e+02
5.845471189999999524e+02
5.786559449999999742e+02
5.731371460000000297e+02
5.676823729999999841e+02
5.625793459999999868e+02
5.574867550000000165e+02
5.528903199999999742e+02
5.483476560000000291e+02
5.439720459999999775e+02
5.398186040000000503e+02
5.360576170000000502e+02
5.322632449999999835e+02
5.288043209999999590e+02
5.254412230000000363e+02
5.223495480000000271e+02
5.195071410000000469e+02
5.165536499999999478e+02
5.136782230000000027e+02
5.112088620000000105e+02
5.086867679999999723e+02
5.060405269999999973e+02
5.036018680000000245e+02
5.015137330000000020e+02
4.995797729999999888e+02
4.977195429999999874e+02
4.955547179999999798e+02
4.937219850000000179e+02
4.919267879999999877e+02
4.900162659999999732e+02
4.884696660000000179e+02
4.870619199999999864e+02
4.854199830000000020e+02
4.838043819999999755e+02
4.823258359999999811e+02
4.811336670000000026e+02
4.800304259999999772e+02
4.787295530000000099e+02
4.774440920000000119e+02
4.763634030000000052e+02
4.752747190000000046e+02
4.743066410000000133e+02
4.733791200000000003e+02
4.724951479999999719e+02
4.715062260000000265e+02
4.705942689999999970e+02
4.695072020000000066e+02
4.685279540000000225e+02
4.677684330000000159e+02
4.670212099999999964e+02
4.663802489999999921e+02
4.653102719999999977e+02
4.644987179999999967e+02
4.637223510000000033e+02
4.629407959999999775e+02
4.623726810000000000e+02
4.616379699999999957e+02
4.608325810000000047e+02
4.600791929999999752e+02
4.592389830000000188e+02
4.587551569999999970e+02
4.581273499999999785e+02
4.574761349999999993e+02
4.568826290000000085e+02
4.562766419999999812e+02
4.556160889999999881e+02
4.550934449999999742e+02
4.546295779999999809e+02
4.540536190000000261e+02
4.535344850000000179e+02
4.530047000000000139e+02
4.525480039999999917e+02
4.521681209999999851e+02
4.516305849999999964e+02
4.510849000000000046e+02
4.505373839999999745e+02
4.499839779999999791e+02
4.494356989999999996e+02
4.489494629999999802e+02
4.485191040000000271e+02
4.482051089999999931e+02
4.477578740000000153e+02
4.474201659999999947e+02
4.469687190000000214e+02
4.464962160000000040e+02
4.459796749999999861e+02
4.455023800000000165e+02
4.450282900000000268e+02
4.443482359999999858e+02
4.439355160000000069e+02
4.433971559999999954e+02
4.428855290000000196e+02
4.425412289999999871e+02
4.420576479999999719e+02
4.417164609999999811e+02
4.412790830000000142e+02
4.408662110000000212e+02
4.403650819999999726e+02
4.399897159999999872e+02
4.396194459999999822e+02
4.392418819999999755e+02
4.390109860000000026e+02
4.386515200000000050e+02
4.384398499999999785e+02
4.380502930000000106e+02
4.378256529999999884e+02
4.374865110000000072e+02
4.370454710000000205e+02
4.368626100000000179e+02
4.364963070000000016e+02
4.363203429999999798e+02
4.359494020000000205e+02
4.355682980000000271e+02
4.348720089999999914e+02
4.343587650000000053e+02
4.339775999999999954e+02
4.335125729999999749e+02
4.333311459999999897e+02
4.329123839999999745e+02
4.320366520000000037e+02
4.316497190000000046e+02
4.311850590000000238e+02
4.309083560000000261e+02
4.304149479999999812e+02
4.302420040000000085e+02
4.298093569999999772e+02
4.293161010000000033e+02
4.289907230000000027e+02
4.286025700000000143e+02
4.277710270000000037e+02
4.275360109999999736e+02
4.272431339999999977e+02
4.265548099999999749e+02
4.260656430000000228e+02
4.257112730000000056e+02
4.255614009999999894e+02
4.253765559999999937e+02
4.249756770000000188e+02
4.246538699999999835e+02
4.241446839999999838e+02
4.240084229999999934e+02
4.237284240000000182e+02
4.234928889999999910e+02
4.232064209999999775e+02
4.224551700000000096e+02
4.216970830000000205e+02
4.212621149999999943e+02
4.206015929999999798e+02
4.203580929999999967e+02
4.200931400000000053e+02
4.199409479999999917e+02
4.196159969999999930e+02
4.193570859999999811e+02
4.186840209999999729e+02
4.183401180000000181e+02
4.177276919999999905e+02
4.173263239999999996e+02
4.168971250000000168e+02
4.166457819999999970e+02
4.164618530000000192e+02
4.160884399999999914e+02
4.158076169999999934e+02
4.153819270000000188e+02
4.149443969999999808e+02
4.142696839999999838e+02
4.137666629999999941e+02
4.135641170000000102e+02
4.132022709999999961e+02
4.127798460000000205e+02
4.125137940000000185e+02
4.122806699999999864e+02
4.117384950000000003e+02
4.114286799999999857e+02
4.109348140000000171e+02
4.105967709999999897e+02
4.103388979999999719e+02
4.101657099999999900e+02
4.099024350000000254e+02
4.095382079999999974e+02
4.094541629999999941e+02
4.091583249999999907e+02
4.089055179999999723e+02
4.086432800000000043e+02
4.083578190000000063e+02
4.080325320000000033e+02
4.075059509999999818e+02
4.072675169999999980e+02
4.067154850000000010e+02
4.064635620000000245e+02
4.061439819999999941e+02
4.059175720000000069e+02
4.058743590000000268e+02
4.056983640000000264e+02
4.052402950000000033e+02
4.049782099999999900e+02
4.047333679999999845e+02
4.041657710000000066e+02
4.038406679999999938e+02
4.034150389999999788e+02
4.033789980000000241e+02
4.033344420000000241e+02
4.030302120000000059e+02
4.027198789999999917e+02
4.023038020000000188e+02
4.018768919999999980e+02
4.017278749999999832e+02
4.016893309999999815e+02
4.015405579999999759e+02
4.012126769999999851e+02
4.009927670000000148e+02
4.008817139999999881e+02
4.008483279999999809e+02
4.007289119999999798e+02
4.006902469999999994e+02
4.004673159999999825e+02
4.000722049999999967e+02
3.998126829999999927e+02
3.996643369999999891e+02
3.996255489999999782e+02
3.993579409999999825e+02
3.989638979999999719e+02
3.986568599999999947e+02
