5.402678710999999566e+03
5.214599121000000196e+03
5.033290527000000111e+03
4.858486815999999635e+03
4.690022949000000153e+03
4.527609375000000000e+03
4.371093262000000323e+03
4.220176757999999609e+03
4.074767821999999796e+03
3.934411376999999902e+03
3.799256836000000021e+03
3.668977295000000140e+03
3.543265381000000161e+03
3.421776610999999775e+03
3.305038329999999860e+03
3.192243652000000111e+03
3.083912354000000050e+03
2.979259032999999818e+03
2.878395264000000225e+03
2.781265136999999868e+03
2.687627196999999796e+03
2.597546875000000000e+03
2.510711670000000140e+03
2.427047363000000132e+03
2.346385741999999937e+03
2.268824219000000085e+03
2.193952881000000161e+03
2.121929442999999992e+03
2.052556395999999950e+03
1.985786986999999954e+03
1.921488646999999901e+03
1.859641235000000052e+03
1.800166870000000017e+03
1.742980591000000004e+03
1.687951293999999962e+03
1.634973754999999983e+03
1.584161010999999917e+03
1.535098267000000078e+03
1.487947265999999900e+03
1.442776978000000099e+03
1.399225707999999941e+03
1.357509643999999980e+03
1.317467407000000094e+03
1.278917969000000085e+03
1.242029784999999947e+03
1.206488524999999981e+03
1.172475097999999889e+03
1.139756591999999955e+03
1.108519774999999981e+03
1.078398192999999992e+03
1.049537841999999955e+03
1.021907043000000044e+03
9.956259770000000344e+02
9.703829349999999749e+02
9.462855829999999742e+02
9.231292720000000145e+02
9.011258540000000039e+02
8.798256840000000238e+02
8.596721189999999524e+02
8.402636720000000423e+02
8.218046880000000556e+02
8.041642460000000483e+02
7.873508910000000469e+02
7.713771970000000238e+02
7.560664060000000291e+02
7.416004030000000284e+02
7.275532839999999624e+02
7.145302120000000059e+02
7.019429320000000416e+02
6.901837160000000040e+02
6.786807250000000522e+02
6.678212889999999788e+02
6.575326539999999795e+02
6.477474369999999908e+02
6.385007319999999709e+02
6.297223510000000033e+02
6.214692989999999782e+02
6.135556639999999788e+02
6.060063480000000027e+02
5.986181030000000192e+02
5.918687129999999570e+02
5.854482420000000502e+02
5.791832889999999452e+02
5.734392090000000053e+02
5.679226680000000442e+02
5.626989750000000186e+02
5.578750609999999597e+02
5.532107539999999517e+02
5.487615970000000516e+02
5.443347169999999551e+02
5.404370119999999815e+02
5.367496340000000146e+02
5.329703369999999722e+02
5.293962400000000343e+02
5.260252689999999802e+02
5.229561159999999518e+02
5.200164790000000039e+02
5.171458740000000489e+02
5.143681639999999788e+02
5.116692499999999768e+02
5.091366269999999759e+02
5.068341980000000149e+02
5.046943969999999808e+02
5.025101319999999987e+02
5.006202700000000050e+02
4.988944700000000125e+02
4.970557559999999739e+02
4.951175539999999842e+02
4.934778140000000235e+02
4.920934449999999742e+02
4.905140989999999874e+02
4.890531310000000076e+02
4.874420170000000212e+02
4.861154789999999934e+02
4.848672490000000153e+02
4.835888669999999934e+02
4.824375610000000165e+02
4.812268070000000080e+02
4.801400150000000053e+02
4.792641300000000228e+02
4.782394709999999804e+02
4.772460019999999759e+02
4.761745910000000208e+02
4.752106019999999944e+02
4.742531740000000013e+02
4.734484860000000026e+02
4.725350950000000125e+02
4.716797490000000153e+02
4.708925780000000145e+02
4.698880619999999908e+02
4.689492190000000278e+02
4.681219790000000103e+02
4.671973570000000109e+02
4.664376530000000116e+02
4.658410339999999792e+02
4.649679570000000126e+02
4.642937620000000152e+02
4.636483150000000251e+02
4.631184390000000235e+02
4.625019530000000145e+02
4.617637629999999831e+02
4.613369139999999788e+02
4.608291320000000155e+02
4.600672299999999950e+02
4.596432500000000232e+02
4.589367369999999937e+02
4.584165039999999749e+02
4.577325440000000185e+02
4.571388850000000161e+02
4.564970089999999914e+02
4.557890320000000202e+02
4.552654719999999884e+02
4.546711119999999937e+02
4.542400210000000129e+02
4.538377990000000182e+02
4.535184939999999756e+02
4.530685419999999795e+02
4.523793029999999931e+02
4.520258479999999963e+02
4.512646790000000010e+02
4.506594240000000013e+02
4.501390989999999874e+02
4.496375429999999938e+02
4.491212459999999851e+02
4.485432739999999967e+02
4.481038510000000201e+02
4.475885010000000079e+02
4.472579039999999964e+02
4.465962220000000116e+02
4.460781250000000000e+02
4.457236330000000066e+02
4.454221800000000258e+02
4.444774780000000192e+02
4.440006409999999732e+02
4.436901859999999829e+02
4.432257389999999759e+02
4.427914430000000152e+02
4.423296199999999772e+02
4.420941770000000020e+02
4.412638549999999782e+02
4.406557010000000218e+02
4.403223269999999729e+02
4.398568119999999908e+02
4.390775150000000053e+02
4.388164370000000076e+02
4.384015810000000215e+02
4.377408750000000168e+02
4.375608520000000112e+02
4.370780030000000238e+02
4.367324219999999855e+02
4.365004270000000020e+02
4.360284730000000195e+02
4.357432559999999739e+02
4.353734130000000278e+02
4.350651250000000232e+02
4.347532350000000179e+02
4.343036190000000261e+02
4.336639710000000036e+02
4.333260500000000093e+02
4.329096979999999917e+02
4.324561160000000086e+02
4.320563050000000089e+02
4.317808229999999980e+02
4.309061889999999835e+02
4.305537719999999808e+02
4.297901919999999905e+02
4.295417479999999841e+02
4.290933529999999791e+02
4.286664119999999798e+02
4.284597469999999930e+02
4.280528869999999984e+02
4.276594539999999824e+02
4.270166629999999941e+02
4.266567380000000185e+02
4.264411010000000033e+02
4.262184139999999957e+02
4.258728939999999739e+02
4.254815370000000030e+02
4.251643369999999891e+02
4.249948729999999841e+02
4.246311650000000100e+02
4.243456729999999766e+02
4.237804869999999937e+02
4.234197389999999928e+02
4.230979609999999980e+02
4.223359379999999987e+02
4.220021360000000072e+02
4.216737979999999766e+02
4.215236820000000080e+02
4.208205259999999726e+02
4.206076049999999782e+02
4.204473269999999729e+02
4.200999449999999911e+02
4.194967649999999821e+02
4.193481140000000096e+02
4.189232180000000199e+02
4.185955200000000218e+02
4.182964779999999791e+02
4.176518859999999904e+02
4.173864750000000186e+02
4.173034359999999765e+02
4.168253780000000006e+02
4.165607600000000161e+02
4.163273619999999937e+02
4.160441280000000006e+02
4.154273989999999799e+02
4.150529480000000149e+02
4.147645570000000248e+02
4.144870609999999829e+02
4.139631039999999871e+02
4.137900999999999954e+02
4.133078919999999812e+02
4.129096680000000106e+02
4.128602290000000039e+02
4.124442139999999881e+02
4.120813600000000179e+02
4.118908690000000092e+02
4.117887880000000109e+02
4.115689390000000003e+02
4.112245480000000271e+02
4.106390690000000063e+02
4.103405149999999821e+02
4.101469119999999862e+02
4.101067810000000122e+02
4.098707279999999855e+02
4.093817139999999881e+02
4.092316589999999792e+02
4.088646550000000275e+02
4.086244510000000218e+02
4.083475950000000125e+02
4.083100590000000238e+02
4.081070859999999811e+02
4.079987489999999752e+02
4.074775700000000143e+02
4.072804869999999937e+02
4.071090090000000146e+02
4.069415890000000218e+02
4.065280149999999821e+02
4.063255619999999908e+02
4.058977970000000255e+02
4.057486269999999990e+02
4.054217219999999884e+02
4.051524049999999875e+02
4.047244870000000105e+02
4.044224239999999782e+02
4.042514039999999795e+02
4.042167660000000069e+02
4.037518919999999980e+02
4.033690490000000182e+02
4.029488830000000235e+02
4.027485350000000039e+02
4.023408200000000079e+02
4.021348570000000109e+02
4.019935909999999808e+02
4.019608460000000036e+02
4.017143859999999904e+02
4.014690860000000043e+02
4.012592769999999973e+02
4.011978760000000079e+02
4.010505679999999984e+02
4.008735659999999825e+02
4.005842589999999745e+02
4.004707950000000096e+02
4.002612609999999904e+02
3.998369139999999788e+02
3.996955869999999891e+02
3.995444029999999884e+02
3.995248109999999997e+02
3.992276919999999905e+02
3.991208500000000186e+02
3.989099120000000198e+02
3.985134279999999762e+02
3.984572450000000003e+02
3.980595400000000268e+02
3.979562680000000228e+02
3.978181759999999940e+02
3.976218870000000152e+02
3.972438349999999900e+02
3.970430910000000040e+02
3.970246280000000070e+02
3.969393919999999980e+02
3.967909549999999967e+02
3.966578369999999722e+02
3.962767029999999977e+02
3.962578740000000153e+02
3.960998230000000149e+02
3.960255740000000060e+02
3.957789310000000000e+02
3.956625670000000241e+02
3.956022950000000264e+02
3.953390810000000215e+02
3.951790159999999901e+02
3.949848630000000185e+02
3.948921510000000126e+02
3.948735659999999825e+02
3.947402339999999867e+02
3.946877140000000281e+02
3.941882929999999874e+02
3.939595640000000003e+02
3.935805050000000165e+02
3.934169309999999768e+02
3.930056759999999940e+02
3.927750849999999900e+02
3.927592470000000162e+02
3.925939640000000281e+02
3.923514710000000036e+02
3.922702639999999974e+02
3.920963130000000092e+02
3.919998170000000073e+02
3.917780759999999987e+02
3.917640079999999898e+02
3.916292419999999765e+02
3.915578610000000026e+02
3.913326720000000023e+02
3.912680359999999951e+02
