5.413006347999999889e+03
5.236314940999999635e+03
5.065617675999999847e+03
4.900708007999999609e+03
4.741371094000000085e+03
4.587386230000000069e+03
4.438562987999999677e+03
4.294781250000000000e+03
4.155900878999999804e+03
4.021704834000000119e+03
3.892110595999999987e+03
3.766629639000000225e+03
3.645423584000000119e+03
3.528472167999999783e+03
3.415367188000000169e+03
3.306171143000000029e+03
3.200359618999999839e+03
3.098487792999999783e+03
2.999963623000000098e+03
2.904511474999999791e+03
2.812552979000000050e+03
2.723826904000000013e+03
2.637883057000000008e+03
2.555168944999999894e+03
2.475054688000000169e+03
2.397895508000000063e+03
2.323477782999999818e+03
2.251409912000000077e+03
2.181833983999999873e+03
2.114757079999999860e+03
2.049969970999999987e+03
1.987435058999999910e+03
1.927123413000000028e+03
1.868957153000000062e+03
1.812757689999999911e+03
1.758481811999999991e+03
1.706213257000000112e+03
1.655824706999999989e+03
1.607151489000000083e+03
1.560337279999999964e+03
1.515180908000000045e+03
1.471668578999999909e+03
1.429869629000000032e+03
1.389451172000000042e+03
1.350574828999999909e+03
1.313088623000000098e+03
1.277021729000000050e+03
1.242332642000000078e+03
1.208949951000000056e+03
1.176839721999999938e+03
1.145916382000000112e+03
1.116228270999999950e+03
1.087507080000000087e+03
1.060053466999999955e+03
1.033494018999999980e+03
1.008242554000000041e+03
9.839929809999999861e+02
9.605767210000000205e+02
9.380560910000000376e+02
9.165473019999999451e+02
8.957603149999999914e+02
8.760854490000000396e+02
8.572071529999999484e+02
8.389879760000000033e+02
8.215670169999999644e+02
8.048752439999999524e+02
7.888669429999999920e+02
7.735058589999999867e+02
7.586929320000000416e+02
7.446297610000000304e+02
7.313712160000000040e+02
7.185732420000000502e+02
7.063869019999999637e+02
6.947219850000000179e+02
6.835869139999999788e+02
6.728997799999999643e+02
6.627723389999999881e+02
6.530179440000000568e+02
6.436272579999999834e+02
6.347823489999999538e+02
6.264345090000000482e+02
6.184313349999999900e+02
6.108730470000000423e+02
6.034547119999999722e+02
5.966372069999999894e+02
5.900005489999999782e+02
5.837406620000000430e+02
5.779067989999999782e+02
5.721916499999999814e+02
5.666857909999999947e+02
5.616549069999999801e+02
5.566485599999999749e+02
5.520578000000000429e+02
5.475516360000000304e+02
5.434622190000000046e+02
5.393654169999999795e+02
5.353589480000000549e+02
5.317528079999999591e+02
5.282680659999999762e+02
5.250509640000000218e+02
5.217820430000000442e+02
5.185083009999999604e+02
5.157911990000000060e+02
5.128164060000000291e+02
5.102157290000000103e+02
5.077970280000000116e+02
5.052843629999999848e+02
5.031401979999999980e+02
5.008210450000000264e+02
4.988273619999999937e+02
4.967441099999999778e+02
4.948424679999999967e+02
4.929747009999999818e+02
4.912687990000000013e+02
4.896196289999999749e+02
4.880162050000000136e+02
4.862714839999999867e+02
4.848298649999999839e+02
4.834368289999999888e+02
4.820284419999999841e+02
4.806384889999999928e+02
4.792214660000000208e+02
4.780589289999999778e+02
4.769156489999999735e+02
4.757156979999999749e+02
4.746528630000000248e+02
4.735249939999999924e+02
4.725613099999999918e+02
4.715993040000000178e+02
4.704373170000000073e+02
4.695395199999999818e+02
4.686297910000000115e+02
4.676698610000000258e+02
4.669585569999999848e+02
4.660490110000000072e+02
4.651695250000000215e+02
4.642780460000000176e+02
4.633426820000000248e+02
4.625227659999999901e+02
4.616393429999999967e+02
4.607737119999999891e+02
4.599682010000000218e+02
4.593012079999999742e+02
4.587021179999999845e+02
4.579918819999999755e+02
4.570957950000000096e+02
4.563094790000000103e+02
4.557749019999999973e+02
4.552063600000000179e+02
4.545000309999999786e+02
4.537373349999999732e+02
4.532226559999999722e+02
4.524863589999999931e+02
4.517021480000000224e+02
4.510230099999999993e+02
4.504130250000000046e+02
4.498147280000000023e+02
4.491787719999999808e+02
4.487337340000000268e+02
4.480155639999999835e+02
4.475129999999999768e+02
4.471177979999999934e+02
4.464085999999999785e+02
4.458161620000000198e+02
4.454191280000000006e+02
4.450409849999999778e+02
4.446637569999999755e+02
4.441951900000000251e+02
4.436158140000000003e+02
4.431408390000000281e+02
4.426732789999999795e+02
4.424128420000000119e+02
4.419112850000000208e+02
4.414972530000000006e+02
4.410916439999999739e+02
4.407440490000000182e+02
4.402555239999999799e+02
4.395995790000000056e+02
4.393241879999999924e+02
4.388848879999999895e+02
4.386071779999999762e+02
4.381781619999999862e+02
4.380039370000000076e+02
4.375579829999999788e+02
4.373740839999999821e+02
4.369063419999999951e+02
4.367139589999999885e+02
4.361699830000000020e+02
4.358692930000000274e+02
4.354292909999999779e+02
4.351313480000000027e+02
4.346264340000000175e+02
4.340112920000000258e+02
4.337484130000000278e+02
4.335704650000000129e+02
4.329928590000000099e+02
4.325610050000000228e+02
4.323694459999999822e+02
4.319362790000000132e+02
4.311412050000000136e+02
4.307498469999999884e+02
4.297894900000000007e+02
4.296194150000000036e+02
4.293743590000000268e+02
4.287583010000000172e+02
4.283751530000000116e+02
4.277511600000000271e+02
4.273688660000000255e+02
4.268393859999999904e+02
4.266198120000000245e+02
4.256819459999999822e+02
4.252261349999999993e+02
4.248117369999999937e+02
4.242314450000000079e+02
4.238767399999999839e+02
4.233116150000000175e+02
4.227792049999999904e+02
4.224460139999999910e+02
4.220091249999999832e+02
4.214509279999999762e+02
4.206038510000000201e+02
4.202820740000000228e+02
4.199248049999999921e+02
4.196720890000000281e+02
4.191442260000000033e+02
4.187223210000000222e+02
4.181469730000000027e+02
4.177868349999999964e+02
4.173460690000000000e+02
4.169893490000000043e+02
4.168339230000000271e+02
4.165845949999999789e+02
4.162730099999999993e+02
4.160139159999999947e+02
4.156676640000000020e+02
4.149375610000000165e+02
4.144270629999999755e+02
4.141293029999999931e+02
4.139253850000000057e+02
4.136363529999999855e+02
4.133539430000000152e+02
4.127972110000000043e+02
4.125918580000000020e+02
4.123214419999999905e+02
4.121946720000000255e+02
4.117856750000000261e+02
4.110919190000000185e+02
4.108424989999999752e+02
