1.430859400000000000e+07
1.251418400000000000e+07
1.381260600000000000e+07
1.322305900000000000e+07
1.307314800000000000e+07
1.327217800000000000e+07
1.434659500000000000e+07
1.222398800000000000e+07
1.056768600000000000e+07
1.074201600000000000e+07
1.022033000000000000e+07
1.185758300000000000e+07
1.071181500000000000e+07
1.316787500000000000e+07
9.395958000000000000e+06
1.320897200000000000e+07
1.246159800000000000e+07
1.343013900000000000e+07
1.303359300000000000e+07
1.377462700000000000e+07
1.309938600000000000e+07
9.693322000000000000e+06
1.329212700000000000e+07
1.136174500000000000e+07
1.125848400000000000e+07
1.252949200000000000e+07
1.408798700000000000e+07
1.046316800000000000e+07
1.248990500000000000e+07
1.266807200000000000e+07
1.402496400000000000e+07
1.177917400000000000e+07
1.277305100000000000e+07
1.145423500000000000e+07
1.353020800000000000e+07
1.097148300000000000e+07
1.273630500000000000e+07
1.384259900000000000e+07
1.104291800000000000e+07
1.081988200000000000e+07
1.075204300000000000e+07
8.464627000000000000e+06
8.579802000000000000e+06
1.125156200000000000e+07
1.013650700000000000e+07
1.003338300000000000e+07
8.173678500000000000e+06
9.092564000000000000e+06
8.581243000000000000e+06
8.100019000000000000e+06
6.278889000000000000e+06
7.603604500000000000e+06
6.406313000000000000e+06
8.049792000000000000e+06
7.327757000000000000e+06
7.702365000000000000e+06
7.452968500000000000e+06
7.235270500000000000e+06
6.794889000000000000e+06
5.144131500000000000e+06
5.772356000000000000e+06
6.687504500000000000e+06
6.186821000000000000e+06
7.335317500000000000e+06
5.858348500000000000e+06
5.645854500000000000e+06
6.211389500000000000e+06
6.080797500000000000e+06
6.633060500000000000e+06
6.529210000000000000e+06
5.677778000000000000e+06
6.199796000000000000e+06
5.673337000000000000e+06
5.448883000000000000e+06
5.173572500000000000e+06
6.337702500000000000e+06
6.620447500000000000e+06
5.669065500000000000e+06
6.254722500000000000e+06
6.710371500000000000e+06
5.467003500000000000e+06
5.463872500000000000e+06
5.813735000000000000e+06
5.513294500000000000e+06
4.821909500000000000e+06
4.709844500000000000e+06
5.773886000000000000e+06
5.173191500000000000e+06
6.310625500000000000e+06
6.272955500000000000e+06
5.489642000000000000e+06
5.251794000000000000e+06
5.954824500000000000e+06
5.590280000000000000e+06
4.955884000000000000e+06
5.602261000000000000e+06
5.104582000000000000e+06
5.672408000000000000e+06
5.188209500000000000e+06
5.384736000000000000e+06
5.272228000000000000e+06
5.843747500000000000e+06
4.972712000000000000e+06
5.710541000000000000e+06
4.962586000000000000e+06
5.488743500000000000e+06
4.984619500000000000e+06
5.174235500000000000e+06
4.826457000000000000e+06
6.207367000000000000e+06
6.190542000000000000e+06
5.367010000000000000e+06
6.297859000000000000e+06
5.421536500000000000e+06
4.852743500000000000e+06
5.499964000000000000e+06
4.086736500000000000e+06
4.943269000000000000e+06
4.914629500000000000e+06
5.480214500000000000e+06
5.481223500000000000e+06
5.000095000000000000e+06
4.554466000000000000e+06
5.343815000000000000e+06
4.966184500000000000e+06
5.095335000000000000e+06
4.518754000000000000e+06
5.281347500000000000e+06
5.175662000000000000e+06
4.522917000000000000e+06
4.797589000000000000e+06
5.649250000000000000e+06
4.495284000000000000e+06
5.717757000000000000e+06
5.568734000000000000e+06
4.995253000000000000e+06
5.154313500000000000e+06
4.486000000000000000e+06
4.408881000000000000e+06
5.590144000000000000e+06
4.373588500000000000e+06
5.077750500000000000e+06
5.529137500000000000e+06
5.521411500000000000e+06
4.959894000000000000e+06
4.989477000000000000e+06
5.510929000000000000e+06
4.724658000000000000e+06
4.585660000000000000e+06
4.913383000000000000e+06
4.795413500000000000e+06
5.483040500000000000e+06
4.965531000000000000e+06
4.885277500000000000e+06
4.509757000000000000e+06
4.905133500000000000e+06
4.383362000000000000e+06
4.683765000000000000e+06
4.413280500000000000e+06
5.465128500000000000e+06
4.751851000000000000e+06
5.780609000000000000e+06
4.532510000000000000e+06
4.244661000000000000e+06
4.579682000000000000e+06
4.907901000000000000e+06
5.053337500000000000e+06
4.381414000000000000e+06
4.956405500000000000e+06
4.683570500000000000e+06
4.499101000000000000e+06
5.311612500000000000e+06
4.699420500000000000e+06
4.462378500000000000e+06
4.473891500000000000e+06
4.709482000000000000e+06
4.277873500000000000e+06
4.744956000000000000e+06
4.792252500000000000e+06
4.966725000000000000e+06
5.515412500000000000e+06
4.477788500000000000e+06
4.929260500000000000e+06
4.916885500000000000e+06
4.687721500000000000e+06
4.619577000000000000e+06
4.847199000000000000e+06
4.261139500000000000e+06
3.920852500000000000e+06
4.949413500000000000e+06
4.613718500000000000e+06
4.533705000000000000e+06
4.365514000000000000e+06
4.102728000000000000e+06
4.299046000000000000e+06
4.898337000000000000e+06
4.910891500000000000e+06
4.536884500000000000e+06
4.915029500000000000e+06
5.211144000000000000e+06
4.706862500000000000e+06
3.740899750000000000e+06
4.689546500000000000e+06
4.366066000000000000e+06
4.130111000000000000e+06
4.380574500000000000e+06
4.044274500000000000e+06
4.961830000000000000e+06
4.091213750000000000e+06
4.577948000000000000e+06
4.090566750000000000e+06
4.281815000000000000e+06
4.370564500000000000e+06
4.556757500000000000e+06
4.478348000000000000e+06
4.484290000000000000e+06
4.468488500000000000e+06
4.389335500000000000e+06
3.942416500000000000e+06
4.245655500000000000e+06
4.423877000000000000e+06
4.281511000000000000e+06
3.892923500000000000e+06
3.996167500000000000e+06
4.406928500000000000e+06
4.416395000000000000e+06
4.195042000000000000e+06
4.499145000000000000e+06
4.056539000000000000e+06
4.710620000000000000e+06
4.665854000000000000e+06
4.137182750000000000e+06
4.634445500000000000e+06
4.214274000000000000e+06
4.056380500000000000e+06
4.252503500000000000e+06
4.285637500000000000e+06
4.055710750000000000e+06
4.278709000000000000e+06
4.638907000000000000e+06
3.898588250000000000e+06
4.356875000000000000e+06
3.905058500000000000e+06
4.183424000000000000e+06
4.598112000000000000e+06
3.782226500000000000e+06
4.113687250000000000e+06
3.861388250000000000e+06
4.146605500000000000e+06
4.040491750000000000e+06
4.248768500000000000e+06
4.662324000000000000e+06
3.930418000000000000e+06
4.187123250000000000e+06
3.720731500000000000e+06
3.836037500000000000e+06
3.053984250000000000e+06
4.241197000000000000e+06
3.921030000000000000e+06
4.567475000000000000e+06
4.541938500000000000e+06
3.897574500000000000e+06
4.392705000000000000e+06
5.027291000000000000e+06
3.998643000000000000e+06
4.221191500000000000e+06
4.340029000000000000e+06
3.558946000000000000e+06
3.860768750000000000e+06
4.102370750000000000e+06
4.375604000000000000e+06
4.195852500000000000e+06
4.232281500000000000e+06
4.467905000000000000e+06
4.478774000000000000e+06
3.921391750000000000e+06
3.739479000000000000e+06
3.844960500000000000e+06
3.947243500000000000e+06
4.002006250000000000e+06
3.377818250000000000e+06
4.315366500000000000e+06
4.332880000000000000e+06
4.383073000000000000e+06
4.286218500000000000e+06
3.801231500000000000e+06
3.819351500000000000e+06
4.108990000000000000e+06
3.760957000000000000e+06
3.560008500000000000e+06
3.995348000000000000e+06
4.173007250000000000e+06
4.261716000000000000e+06
4.699109500000000000e+06
3.588498500000000000e+06
4.047082500000000000e+06
3.840369000000000000e+06
3.649580000000000000e+06
3.948889000000000000e+06
3.682296750000000000e+06
3.875156000000000000e+06
3.662441250000000000e+06
3.589908750000000000e+06
3.995627500000000000e+06
3.868866750000000000e+06
4.767742000000000000e+06
4.249156000000000000e+06
4.526025500000000000e+06
4.073234250000000000e+06
3.564924500000000000e+06
4.129165250000000000e+06
3.718933000000000000e+06
3.938713750000000000e+06
4.006925250000000000e+06
4.279482500000000000e+06
3.995103000000000000e+06
3.868789000000000000e+06
3.221550250000000000e+06
3.827850250000000000e+06
4.317465500000000000e+06
4.132880750000000000e+06
4.110807750000000000e+06
4.015137500000000000e+06
3.675292000000000000e+06
3.938248750000000000e+06
3.476209750000000000e+06
4.306853000000000000e+06
3.221332750000000000e+06
3.890564500000000000e+06
3.551613000000000000e+06
3.418862500000000000e+06
4.020876250000000000e+06
3.603761000000000000e+06
3.993372500000000000e+06
4.215188000000000000e+06
4.499434000000000000e+06
3.472110000000000000e+06
3.380577000000000000e+06
3.509144000000000000e+06
3.897545750000000000e+06
3.467869250000000000e+06
3.937577250000000000e+06
4.129072000000000000e+06
3.646439500000000000e+06
4.126978750000000000e+06
3.762798500000000000e+06
4.104379750000000000e+06
3.535095000000000000e+06
4.143296500000000000e+06
4.155684250000000000e+06
3.831430000000000000e+06
3.992754500000000000e+06
3.592918250000000000e+06
3.658244000000000000e+06
3.615821750000000000e+06
3.875772000000000000e+06
4.107196750000000000e+06
3.225102750000000000e+06
4.254214500000000000e+06
3.562982250000000000e+06
3.884013500000000000e+06
3.953416250000000000e+06
4.386099000000000000e+06
3.793300750000000000e+06
3.672052500000000000e+06
4.118039000000000000e+06
3.541582000000000000e+06
4.013157750000000000e+06
4.319091000000000000e+06
3.855773250000000000e+06
3.564145750000000000e+06
3.975199250000000000e+06
3.103124000000000000e+06
3.259403000000000000e+06
3.815895750000000000e+06
3.477361500000000000e+06
3.629150500000000000e+06
3.791691750000000000e+06
4.350108000000000000e+06
3.391851000000000000e+06
2.908619500000000000e+06
4.325584500000000000e+06
3.284500000000000000e+06
3.645020000000000000e+06
3.766275750000000000e+06
3.538880500000000000e+06
3.540841750000000000e+06
3.546831000000000000e+06
3.987302500000000000e+06
4.015658750000000000e+06
3.794532250000000000e+06
4.075181000000000000e+06
3.976056000000000000e+06
2.839148000000000000e+06
3.525704000000000000e+06
3.872309000000000000e+06
4.102836000000000000e+06
3.971095250000000000e+06
3.831973000000000000e+06
3.591357750000000000e+06
3.926936750000000000e+06
3.593012750000000000e+06
3.531557750000000000e+06
3.824910250000000000e+06
2.807741000000000000e+06
2.984554000000000000e+06
3.698900000000000000e+06
3.819160250000000000e+06
3.140727500000000000e+06
3.481534000000000000e+06
3.899573000000000000e+06
3.619927750000000000e+06
3.648791000000000000e+06
3.456562750000000000e+06
3.339323500000000000e+06
3.880432250000000000e+06
3.381686500000000000e+06
3.267816250000000000e+06
4.790792000000000000e+06
4.378742000000000000e+06
3.478106000000000000e+06
3.238149750000000000e+06
3.286221750000000000e+06
3.769418500000000000e+06
3.693631000000000000e+06
4.177569250000000000e+06
3.569419000000000000e+06
3.526360750000000000e+06
3.875832000000000000e+06
3.363627500000000000e+06
3.911041750000000000e+06
3.738537250000000000e+06
3.653863500000000000e+06
3.620619000000000000e+06
3.782633250000000000e+06
3.329280000000000000e+06
3.965805000000000000e+06
3.569685750000000000e+06
3.690208000000000000e+06
3.092851000000000000e+06
3.944326250000000000e+06
3.968494000000000000e+06
3.951125750000000000e+06
3.263231750000000000e+06
3.206577250000000000e+06
2.909794500000000000e+06
3.173264000000000000e+06
3.650167500000000000e+06
3.020163750000000000e+06
3.244975500000000000e+06
4.080879250000000000e+06
2.841512500000000000e+06
2.779756750000000000e+06
3.757643000000000000e+06
4.087331250000000000e+06
3.424163000000000000e+06
3.349990000000000000e+06
4.256114000000000000e+06
3.695533500000000000e+06
3.954422250000000000e+06
3.310447250000000000e+06
4.231993500000000000e+06
3.039286500000000000e+06
4.280875500000000000e+06
3.296352500000000000e+06
3.467512000000000000e+06
3.299035750000000000e+06
3.410860000000000000e+06
3.990625500000000000e+06
3.407743000000000000e+06
3.066962500000000000e+06
3.019732750000000000e+06
3.883445500000000000e+06
3.120747000000000000e+06
3.079567250000000000e+06
3.470562250000000000e+06
3.709720500000000000e+06
3.225289250000000000e+06
2.747225250000000000e+06
4.240494500000000000e+06
3.932153000000000000e+06
4.123140750000000000e+06
3.640303500000000000e+06
3.630481500000000000e+06
3.702769750000000000e+06
3.729375500000000000e+06
3.944017250000000000e+06
3.061711250000000000e+06
3.179266250000000000e+06
4.041263000000000000e+06
3.106376750000000000e+06
3.413219500000000000e+06
3.385451500000000000e+06
3.847367000000000000e+06
3.425926000000000000e+06
3.483899000000000000e+06
3.349199750000000000e+06
3.339708500000000000e+06
3.569788250000000000e+06
2.725536250000000000e+06
2.687808750000000000e+06
3.434143500000000000e+06
3.266617250000000000e+06
3.886607500000000000e+06
2.974667750000000000e+06
3.355236500000000000e+06
4.059266750000000000e+06
3.605862750000000000e+06
3.621589500000000000e+06
2.814037000000000000e+06
3.194727500000000000e+06
4.367939500000000000e+06
3.808777000000000000e+06
2.901247750000000000e+06
3.492764000000000000e+06
2.747150000000000000e+06
4.033274500000000000e+06
3.488396000000000000e+06
3.911767500000000000e+06
2.818994250000000000e+06
3.369683500000000000e+06
3.341842500000000000e+06
3.269169250000000000e+06
3.360856750000000000e+06
3.406486250000000000e+06
2.327463000000000000e+06
3.941673500000000000e+06
3.576060250000000000e+06
3.594344000000000000e+06
3.287712500000000000e+06
3.690395000000000000e+06
2.909439250000000000e+06
3.342084500000000000e+06
2.890265250000000000e+06
2.905872000000000000e+06
3.477105250000000000e+06
4.277358000000000000e+06
3.059053500000000000e+06
3.730235000000000000e+06
3.357213500000000000e+06
3.784198500000000000e+06
3.339250500000000000e+06
3.196840000000000000e+06
3.488434000000000000e+06
3.668437750000000000e+06
3.070452500000000000e+06
3.298180500000000000e+06
2.752246500000000000e+06
3.419474000000000000e+06
3.086911250000000000e+06
3.534280750000000000e+06
2.836651250000000000e+06
3.485082250000000000e+06
3.815409750000000000e+06
3.789519500000000000e+06
3.009364500000000000e+06
3.575112000000000000e+06
3.865827750000000000e+06
2.822926500000000000e+06
3.829332250000000000e+06
2.865116500000000000e+06
3.632362500000000000e+06
3.135566000000000000e+06
3.597421250000000000e+06
2.765641000000000000e+06
3.272933750000000000e+06
3.350916250000000000e+06
2.904639250000000000e+06
3.593153000000000000e+06
3.752868000000000000e+06
3.200200500000000000e+06
3.056731000000000000e+06
3.224679000000000000e+06
3.381466000000000000e+06
3.087587000000000000e+06
3.814560500000000000e+06
3.347270500000000000e+06
4.095573000000000000e+06
2.962340000000000000e+06
3.867695250000000000e+06
3.247327500000000000e+06
3.629547250000000000e+06
3.597188250000000000e+06
3.377732750000000000e+06
3.097661000000000000e+06
2.943756750000000000e+06
2.773611500000000000e+06
2.863945000000000000e+06
2.654290250000000000e+06
3.651044000000000000e+06
3.204839000000000000e+06
3.380086000000000000e+06
3.210257750000000000e+06
2.796414000000000000e+06
3.504365000000000000e+06
3.226139000000000000e+06
4.092231500000000000e+06
3.897250500000000000e+06
3.396369000000000000e+06
2.811586250000000000e+06
4.070652500000000000e+06
3.207974750000000000e+06
2.923412750000000000e+06
2.806071750000000000e+06
2.989805000000000000e+06
3.625302500000000000e+06
2.953195250000000000e+06
3.456599500000000000e+06
3.028548500000000000e+06
2.806889250000000000e+06
3.425685250000000000e+06
3.497037500000000000e+06
3.106611500000000000e+06
3.047205750000000000e+06
3.789972750000000000e+06
2.855404750000000000e+06
3.309461000000000000e+06
2.894602500000000000e+06
3.627660750000000000e+06
2.301135250000000000e+06
3.172780250000000000e+06
2.594992000000000000e+06
2.924959000000000000e+06
2.972087000000000000e+06
3.752925000000000000e+06
3.647845500000000000e+06
3.330497750000000000e+06
3.038838000000000000e+06
3.310811000000000000e+06
3.327199250000000000e+06
3.694430250000000000e+06
2.986125500000000000e+06
2.785114500000000000e+06
3.389229750000000000e+06
3.245553250000000000e+06
3.132414500000000000e+06
2.884058750000000000e+06
3.281678000000000000e+06
3.019411000000000000e+06
3.201492250000000000e+06
3.460835750000000000e+06
2.997811500000000000e+06
3.210301000000000000e+06
3.142942000000000000e+06
2.963784000000000000e+06
3.501879500000000000e+06
2.850860000000000000e+06
3.587069000000000000e+06
3.056436500000000000e+06
2.555245250000000000e+06
3.986933500000000000e+06
3.349399000000000000e+06
3.154029750000000000e+06
3.015113000000000000e+06
3.000274000000000000e+06
3.513635000000000000e+06
2.852260750000000000e+06
3.314162750000000000e+06
3.363208000000000000e+06
3.034128750000000000e+06
3.518603500000000000e+06
3.055509250000000000e+06
2.480211000000000000e+06
2.985620750000000000e+06
4.348924000000000000e+06
3.229116750000000000e+06
3.460006750000000000e+06
2.791766250000000000e+06
3.128921000000000000e+06
3.026888250000000000e+06
2.701908750000000000e+06
3.197292500000000000e+06
2.834657500000000000e+06
2.385096000000000000e+06
3.309189000000000000e+06
2.752718500000000000e+06
2.907292000000000000e+06
3.143449000000000000e+06
3.373997000000000000e+06
3.785699000000000000e+06
2.991584250000000000e+06
2.288739000000000000e+06
2.722813500000000000e+06
3.122529500000000000e+06
3.353019500000000000e+06
3.342578000000000000e+06
2.891560500000000000e+06
3.826692750000000000e+06
3.532108000000000000e+06
3.009153000000000000e+06
3.096256750000000000e+06
3.105733250000000000e+06
3.576819000000000000e+06
3.525049500000000000e+06
3.269292250000000000e+06
2.681753000000000000e+06
3.233782750000000000e+06
3.566848250000000000e+06
2.887126000000000000e+06
3.394933250000000000e+06
3.544769000000000000e+06
2.800383500000000000e+06
2.726275250000000000e+06
3.130458500000000000e+06
3.319498750000000000e+06
2.674490750000000000e+06
2.493227500000000000e+06
3.043054500000000000e+06
3.834836250000000000e+06
2.741931500000000000e+06
2.951112250000000000e+06
3.520104000000000000e+06
3.297778000000000000e+06
2.889675250000000000e+06
2.834286500000000000e+06
3.222751500000000000e+06
2.536730000000000000e+06
3.285755750000000000e+06
3.229496000000000000e+06
2.784913250000000000e+06
3.246659250000000000e+06
3.169251000000000000e+06
2.692701250000000000e+06
2.972003250000000000e+06
3.551384500000000000e+06
3.623280250000000000e+06
3.308739750000000000e+06
2.977667500000000000e+06
3.533862500000000000e+06
2.849330000000000000e+06
2.737094500000000000e+06
3.328663000000000000e+06
3.092803250000000000e+06
2.497251000000000000e+06
2.887855750000000000e+06
2.723099000000000000e+06
3.317909250000000000e+06
2.374465750000000000e+06
3.321105500000000000e+06
2.268518500000000000e+06
2.798633500000000000e+06
2.488916500000000000e+06
3.254978750000000000e+06
3.033639750000000000e+06
3.194962250000000000e+06
3.671786000000000000e+06
2.997656750000000000e+06
2.971972750000000000e+06
2.922720750000000000e+06
3.809233750000000000e+06
3.137545500000000000e+06
3.537164250000000000e+06
2.374604000000000000e+06
3.222119250000000000e+06
4.009887000000000000e+06
2.604643500000000000e+06
3.032833750000000000e+06
2.362395250000000000e+06
3.411337750000000000e+06
2.831070000000000000e+06
2.903477000000000000e+06
2.255610000000000000e+06
2.089274750000000000e+06
3.815300500000000000e+06
3.296253750000000000e+06
2.945857750000000000e+06
2.926086750000000000e+06
2.991390750000000000e+06
2.671444750000000000e+06
3.005437250000000000e+06
3.362812500000000000e+06
3.164335250000000000e+06
3.301240500000000000e+06
2.640603000000000000e+06
2.906221500000000000e+06
3.380074750000000000e+06
2.913149500000000000e+06
3.397302500000000000e+06
3.025351750000000000e+06
2.415171250000000000e+06
3.148690250000000000e+06
3.164209250000000000e+06
3.343171500000000000e+06
2.634873250000000000e+06
2.450728750000000000e+06
2.742306500000000000e+06
3.094537500000000000e+06
2.511785250000000000e+06
3.488925250000000000e+06
3.776410000000000000e+06
3.110953500000000000e+06
3.048005750000000000e+06
3.370735000000000000e+06
2.872322250000000000e+06
2.572968750000000000e+06
3.367604250000000000e+06
2.685041500000000000e+06
2.925810500000000000e+06
2.660966500000000000e+06
2.931368500000000000e+06
3.897076000000000000e+06
3.222058000000000000e+06
2.277574250000000000e+06
3.280568750000000000e+06
3.001015000000000000e+06
2.592950000000000000e+06
3.352535250000000000e+06
3.262496750000000000e+06
3.372197000000000000e+06
3.004397500000000000e+06
2.626371000000000000e+06
2.579828250000000000e+06
3.014269500000000000e+06
3.285744750000000000e+06
3.584550750000000000e+06
2.518915250000000000e+06
2.824509250000000000e+06
2.794943750000000000e+06
2.507332500000000000e+06
3.265828000000000000e+06
3.555275000000000000e+06
2.345288000000000000e+06
2.349470500000000000e+06
3.463632000000000000e+06
2.719601750000000000e+06
3.357780000000000000e+06
2.763838250000000000e+06
3.951268500000000000e+06
2.373562250000000000e+06
2.858783250000000000e+06
3.348804500000000000e+06
2.600779000000000000e+06
2.554689000000000000e+06
2.164033250000000000e+06
3.219795250000000000e+06
2.749753500000000000e+06
3.262105500000000000e+06
4.149477250000000000e+06
3.446061750000000000e+06
2.085001250000000000e+06
3.330078000000000000e+06
2.822924000000000000e+06
2.862331000000000000e+06
3.737176500000000000e+06
2.830359750000000000e+06
3.094896750000000000e+06
2.654392000000000000e+06
2.964798750000000000e+06
3.083942500000000000e+06
3.363698250000000000e+06
2.184695500000000000e+06
3.591086250000000000e+06
3.299941500000000000e+06
3.377877000000000000e+06
2.915387500000000000e+06
3.003553250000000000e+06
2.415316250000000000e+06
2.914483750000000000e+06
3.477380250000000000e+06
2.293147250000000000e+06
2.065951250000000000e+06
3.407516750000000000e+06
2.896362500000000000e+06
2.953729500000000000e+06
3.450005250000000000e+06
2.594719500000000000e+06
2.887276000000000000e+06
2.995347500000000000e+06
2.763883000000000000e+06
2.797183500000000000e+06
2.364598750000000000e+06
3.455574750000000000e+06
3.311877250000000000e+06
2.442787750000000000e+06
3.119640500000000000e+06
2.855872500000000000e+06
3.234300750000000000e+06
2.640121250000000000e+06
3.289332000000000000e+06
2.639963500000000000e+06
2.675511500000000000e+06
2.850823000000000000e+06
2.407307750000000000e+06
2.947464250000000000e+06
2.732499500000000000e+06
2.693367500000000000e+06
3.092200250000000000e+06
2.586872750000000000e+06
3.086507000000000000e+06
2.262384750000000000e+06
2.719770000000000000e+06
2.699358750000000000e+06
2.319200750000000000e+06
3.219946000000000000e+06
2.245621500000000000e+06
2.980965750000000000e+06
2.957361250000000000e+06
2.912320500000000000e+06
3.841888750000000000e+06
3.965333500000000000e+06
3.281111000000000000e+06
2.466141250000000000e+06
3.083648500000000000e+06
3.213090250000000000e+06
3.809489000000000000e+06
2.761691000000000000e+06
2.724030250000000000e+06
2.717571750000000000e+06
2.861165500000000000e+06
2.676480250000000000e+06
2.983460000000000000e+06
2.583708250000000000e+06
2.210030500000000000e+06
3.887930250000000000e+06
2.569537000000000000e+06
2.693757250000000000e+06
3.097597750000000000e+06
3.006149000000000000e+06
1.678159000000000000e+06
2.615440250000000000e+06
2.850201250000000000e+06
3.569618250000000000e+06
2.202833250000000000e+06
3.973025000000000000e+06
3.259430250000000000e+06
3.129273250000000000e+06
2.998322500000000000e+06
2.323546500000000000e+06
2.673028250000000000e+06
3.569173250000000000e+06
2.604809000000000000e+06
2.554988000000000000e+06
2.847945500000000000e+06
2.779214000000000000e+06
2.823379250000000000e+06
2.703680000000000000e+06
2.623556000000000000e+06
2.639112750000000000e+06
2.852278500000000000e+06
3.053449750000000000e+06
3.513600000000000000e+06
2.805524750000000000e+06
2.430894750000000000e+06
3.460238250000000000e+06
2.870546750000000000e+06
3.192244250000000000e+06
2.784028750000000000e+06
2.612331750000000000e+06
3.117434500000000000e+06
2.948071250000000000e+06
2.518519750000000000e+06
3.460881000000000000e+06
2.912488500000000000e+06
3.136830750000000000e+06
1.970881625000000000e+06
3.094263250000000000e+06
2.930392000000000000e+06
2.969081500000000000e+06
2.309218500000000000e+06
3.197704250000000000e+06
2.844855500000000000e+06
3.141591500000000000e+06
2.563648000000000000e+06
2.485367750000000000e+06
3.129170500000000000e+06
2.714410500000000000e+06
3.097991000000000000e+06
2.513784000000000000e+06
3.928463000000000000e+06
2.196153000000000000e+06
2.483395750000000000e+06
2.944056500000000000e+06
3.539607000000000000e+06
2.632921750000000000e+06
2.414531250000000000e+06
3.345703000000000000e+06
2.685812500000000000e+06
2.799283250000000000e+06
2.894854250000000000e+06
3.394918000000000000e+06
2.392087750000000000e+06
2.645264000000000000e+06
2.381041250000000000e+06
2.732088500000000000e+06
3.659194500000000000e+06
3.272238250000000000e+06
2.443540750000000000e+06
3.001259500000000000e+06
2.487918750000000000e+06
2.525550750000000000e+06
2.737773250000000000e+06
2.792300250000000000e+06
3.527137000000000000e+06
3.736348250000000000e+06
2.945399250000000000e+06
2.861586250000000000e+06
2.695351750000000000e+06
3.266024000000000000e+06
2.669657000000000000e+06
2.867128250000000000e+06
3.026438750000000000e+06
2.792079750000000000e+06
2.582677000000000000e+06
2.437823250000000000e+06
2.969308500000000000e+06
2.466785250000000000e+06
2.557682500000000000e+06
2.718419750000000000e+06
2.221138500000000000e+06
2.252018500000000000e+06
2.538989000000000000e+06
2.852132000000000000e+06
2.279406000000000000e+06
3.741276250000000000e+06
2.278910250000000000e+06
2.932124500000000000e+06
2.907679000000000000e+06
2.657557750000000000e+06
2.631221750000000000e+06
2.531629750000000000e+06
2.386112500000000000e+06
3.217428750000000000e+06
4.137937000000000000e+06
2.889609000000000000e+06
2.956087250000000000e+06
2.459025000000000000e+06
3.311478750000000000e+06
2.084374125000000000e+06
3.084419000000000000e+06
3.199015000000000000e+06
2.496316000000000000e+06
3.152400500000000000e+06
2.518666250000000000e+06
2.548948000000000000e+06
2.637471750000000000e+06
3.080300250000000000e+06
2.713917750000000000e+06
3.219098000000000000e+06
2.321044500000000000e+06
1.949921250000000000e+06
2.456216500000000000e+06
3.066504000000000000e+06
2.044651750000000000e+06
2.993182750000000000e+06
2.788077750000000000e+06
2.530429500000000000e+06
3.172371250000000000e+06
3.217173000000000000e+06
2.889011000000000000e+06
3.109842750000000000e+06
2.883288500000000000e+06
1.718956625000000000e+06
2.670028750000000000e+06
2.745180250000000000e+06
2.383518750000000000e+06
2.648963500000000000e+06
3.023104750000000000e+06
1.998559750000000000e+06
3.170633750000000000e+06
3.173778750000000000e+06
3.413439500000000000e+06
3.195427000000000000e+06
3.359422000000000000e+06
2.246329000000000000e+06
2.425850000000000000e+06
2.573099500000000000e+06
2.516712500000000000e+06
3.051968250000000000e+06
2.857004750000000000e+06
2.937405000000000000e+06
2.840962000000000000e+06
3.266204250000000000e+06
3.506021500000000000e+06
2.589872500000000000e+06
2.767549500000000000e+06
2.419865750000000000e+06
2.553456500000000000e+06
3.273499750000000000e+06
2.576919250000000000e+06
2.584032000000000000e+06
3.407794250000000000e+06
2.150942500000000000e+06
2.300911000000000000e+06
2.932544750000000000e+06
1.969178125000000000e+06
2.225402500000000000e+06
3.187043000000000000e+06
2.997392750000000000e+06
2.139042250000000000e+06
3.096903000000000000e+06
2.924085250000000000e+06
3.208003500000000000e+06
2.559142500000000000e+06
2.627357000000000000e+06
3.151057750000000000e+06
2.995368500000000000e+06
3.600387500000000000e+06
2.595453000000000000e+06
2.450451000000000000e+06
3.377975000000000000e+06
2.221835000000000000e+06
2.627342250000000000e+06
2.920316750000000000e+06
2.691231250000000000e+06
1.879832000000000000e+06
2.962535000000000000e+06
3.047759500000000000e+06
1.767196250000000000e+06
3.427853500000000000e+06
2.683821750000000000e+06
2.519824500000000000e+06
3.488477000000000000e+06
1.888655250000000000e+06
2.867453750000000000e+06
2.464656000000000000e+06
2.996017750000000000e+06
2.705307750000000000e+06
2.879027500000000000e+06
2.428096000000000000e+06
2.541609000000000000e+06
2.962629250000000000e+06
2.539457250000000000e+06
2.573437750000000000e+06
3.002685000000000000e+06
3.411394000000000000e+06
2.228046000000000000e+06
2.594683500000000000e+06
2.285571250000000000e+06
2.608037000000000000e+06
2.930697000000000000e+06
2.825635500000000000e+06
3.518265000000000000e+06
2.367797500000000000e+06
2.687388000000000000e+06
3.611166750000000000e+06
2.373018250000000000e+06
2.706285000000000000e+06
2.752697250000000000e+06
3.334280500000000000e+06
1.908372375000000000e+06
2.455511000000000000e+06
2.632859000000000000e+06
3.159679000000000000e+06
2.702112000000000000e+06
2.005813875000000000e+06
2.364807250000000000e+06
2.894753500000000000e+06
3.045268750000000000e+06
2.938455000000000000e+06
2.714596500000000000e+06
2.794655500000000000e+06
3.364982000000000000e+06
2.527179500000000000e+06
2.262699000000000000e+06
2.523592250000000000e+06
2.463647250000000000e+06
2.912980750000000000e+06
2.484810250000000000e+06
2.714212500000000000e+06
2.398475500000000000e+06
2.432887500000000000e+06
1.901959875000000000e+06
2.741857500000000000e+06
2.864119000000000000e+06
2.530935000000000000e+06
3.361819000000000000e+06
2.573853250000000000e+06
3.059343750000000000e+06
2.636063250000000000e+06
2.911804500000000000e+06
2.651160500000000000e+06
2.487397250000000000e+06
2.724480250000000000e+06
2.662292750000000000e+06
2.336893250000000000e+06
3.712597500000000000e+06
2.653145750000000000e+06
3.469702000000000000e+06
2.984689000000000000e+06
2.655596000000000000e+06
3.009878250000000000e+06
2.414671500000000000e+06
2.196291500000000000e+06
3.177332000000000000e+06
2.962906000000000000e+06
3.381872500000000000e+06
2.330877500000000000e+06
2.202229250000000000e+06
2.625567250000000000e+06
2.751474500000000000e+06
2.509573500000000000e+06
2.887775000000000000e+06
2.400507750000000000e+06
2.918334250000000000e+06
2.134314500000000000e+06
1.872554250000000000e+06
2.361457500000000000e+06
2.121019000000000000e+06
3.507366000000000000e+06
3.513510000000000000e+06
2.598987250000000000e+06
2.477402000000000000e+06
2.071108375000000000e+06
3.041899750000000000e+06
3.512758750000000000e+06
2.539306000000000000e+06
2.548969000000000000e+06
3.650885000000000000e+06
1.866391125000000000e+06
2.301566250000000000e+06
2.608968000000000000e+06
2.435986750000000000e+06
2.824959000000000000e+06
2.176697000000000000e+06
2.649160250000000000e+06
2.293037750000000000e+06
2.459148750000000000e+06
2.998387500000000000e+06
2.710143000000000000e+06
2.634748500000000000e+06
2.296996750000000000e+06
2.295044250000000000e+06
2.401113000000000000e+06
3.622011250000000000e+06
1.964232375000000000e+06
2.263177000000000000e+06
2.421804500000000000e+06
2.802892000000000000e+06
3.451323750000000000e+06
2.783008750000000000e+06
2.888158750000000000e+06
3.358838500000000000e+06
2.819935250000000000e+06
1.753440000000000000e+06
2.359581250000000000e+06
2.429302750000000000e+06
1.889784500000000000e+06
3.156927500000000000e+06
3.348213750000000000e+06
2.896685000000000000e+06
2.538566250000000000e+06
2.863251500000000000e+06
2.711202750000000000e+06
2.293594500000000000e+06
2.247918500000000000e+06
1.798734125000000000e+06
2.121632500000000000e+06
3.246953000000000000e+06
2.405804000000000000e+06
3.064126250000000000e+06
1.983925750000000000e+06
2.310380250000000000e+06
2.910423500000000000e+06
2.466242000000000000e+06
2.640596750000000000e+06
2.845451500000000000e+06
2.638511000000000000e+06
2.889151750000000000e+06
2.874470000000000000e+06
2.612270250000000000e+06
2.787122000000000000e+06
2.715417750000000000e+06
2.572886750000000000e+06
3.806906000000000000e+06
2.273338250000000000e+06
2.552545500000000000e+06
3.037213500000000000e+06
2.116827000000000000e+06
2.737964500000000000e+06
2.605994250000000000e+06
2.224983500000000000e+06
2.688638500000000000e+06
1.473109250000000000e+06
2.326115500000000000e+06
2.307944250000000000e+06
2.910954750000000000e+06
2.675951500000000000e+06
1.935387750000000000e+06
2.862753000000000000e+06
2.772396250000000000e+06
3.306566000000000000e+06
3.019998750000000000e+06
2.280357000000000000e+06
2.403806000000000000e+06
2.004863625000000000e+06
2.524963500000000000e+06
2.772077500000000000e+06
2.035450250000000000e+06
2.046741500000000000e+06
2.328457250000000000e+06
3.734273000000000000e+06
1.772836000000000000e+06
2.616531000000000000e+06
1.863060625000000000e+06
3.236567500000000000e+06
3.272811750000000000e+06
2.613367000000000000e+06
1.916712375000000000e+06
2.746970250000000000e+06
2.858683500000000000e+06
2.296526250000000000e+06
3.438007250000000000e+06
2.628970750000000000e+06
1.476360750000000000e+06
3.013509000000000000e+06
2.311793250000000000e+06
4.116610750000000000e+06
2.979970000000000000e+06
2.532792000000000000e+06
1.670513750000000000e+06
2.512832500000000000e+06
2.749625000000000000e+06
2.916976250000000000e+06
2.533941250000000000e+06
2.719614250000000000e+06
2.685772500000000000e+06
2.563705750000000000e+06
2.342659250000000000e+06
2.970872000000000000e+06
2.617602750000000000e+06
2.114381750000000000e+06
2.110082500000000000e+06
1.958878750000000000e+06
2.483426500000000000e+06
2.327163750000000000e+06
2.965571000000000000e+06
2.181665750000000000e+06
2.201262500000000000e+06
2.074728250000000000e+06
2.197127500000000000e+06
3.118064500000000000e+06
2.620162500000000000e+06
3.369036750000000000e+06
3.167084750000000000e+06
2.652908750000000000e+06
2.913182250000000000e+06
2.382541500000000000e+06
2.940446500000000000e+06
2.250005250000000000e+06
2.278541500000000000e+06
2.138079750000000000e+06
2.185716000000000000e+06
1.841440875000000000e+06
2.271863250000000000e+06
2.491544500000000000e+06
2.445053000000000000e+06
2.787022500000000000e+06
2.990544750000000000e+06
2.520845250000000000e+06
2.287030250000000000e+06
3.447264750000000000e+06
1.991442875000000000e+06
2.850502000000000000e+06
2.132008500000000000e+06
3.022975750000000000e+06
2.105729750000000000e+06
2.810506000000000000e+06
2.633871250000000000e+06
3.155984250000000000e+06
3.035903500000000000e+06
2.504499000000000000e+06
2.405204000000000000e+06
2.304293000000000000e+06
2.018485750000000000e+06
2.213920750000000000e+06
1.536234375000000000e+06
2.285156500000000000e+06
2.512033000000000000e+06
2.140020000000000000e+06
2.984711750000000000e+06
2.782082500000000000e+06
3.457450500000000000e+06
1.720492875000000000e+06
2.392940000000000000e+06
2.624181250000000000e+06
1.413162500000000000e+06
2.898925000000000000e+06
2.541278250000000000e+06
2.426225750000000000e+06
2.371199000000000000e+06
2.935591250000000000e+06
1.871376500000000000e+06
2.575220250000000000e+06
2.053969375000000000e+06
3.424367750000000000e+06
2.632427250000000000e+06
2.293945500000000000e+06
1.839022875000000000e+06
3.180570250000000000e+06
2.354533750000000000e+06
2.592902250000000000e+06
2.414708500000000000e+06
2.317320250000000000e+06
1.849686375000000000e+06
2.739429750000000000e+06
2.594470750000000000e+06
1.483924000000000000e+06
2.442072500000000000e+06
2.025164000000000000e+06
2.531774250000000000e+06
2.650536000000000000e+06
2.916194250000000000e+06
2.592517250000000000e+06
2.360236000000000000e+06
3.949374250000000000e+06
2.951827250000000000e+06
2.251386500000000000e+06
2.319171500000000000e+06
2.142785250000000000e+06
2.559772000000000000e+06
2.460993000000000000e+06
2.189570750000000000e+06
3.362424750000000000e+06
2.726134000000000000e+06
2.905619500000000000e+06
1.803029000000000000e+06
2.876972250000000000e+06
2.265779500000000000e+06
2.971583750000000000e+06
2.542290750000000000e+06
2.743050000000000000e+06
2.334460750000000000e+06
3.056089250000000000e+06
2.381533250000000000e+06
1.776465250000000000e+06
2.354042750000000000e+06
2.127351750000000000e+06
1.691747750000000000e+06
2.253993500000000000e+06
3.190180500000000000e+06
2.561292750000000000e+06
2.634046000000000000e+06
2.312706500000000000e+06
2.096527875000000000e+06
1.304378000000000000e+06
3.001133250000000000e+06
2.243089000000000000e+06
2.455901750000000000e+06
2.542789000000000000e+06
2.146261000000000000e+06
2.324702250000000000e+06
2.591732500000000000e+06
2.578292500000000000e+06
2.128021250000000000e+06
1.798167375000000000e+06
3.700987500000000000e+06
2.545710500000000000e+06
2.126247250000000000e+06
2.467661000000000000e+06
2.448705750000000000e+06
1.664460625000000000e+06
2.474008500000000000e+06
2.789695500000000000e+06
2.259049250000000000e+06
2.623785000000000000e+06
1.969686250000000000e+06
3.545578000000000000e+06
2.650025000000000000e+06
2.801005250000000000e+06
1.694316125000000000e+06
2.548149750000000000e+06
3.113055000000000000e+06
2.527469500000000000e+06
1.902279750000000000e+06
2.709564000000000000e+06
2.184585500000000000e+06
2.108077500000000000e+06
3.714152750000000000e+06
1.984405500000000000e+06
3.545076250000000000e+06
2.451462250000000000e+06
2.559126500000000000e+06
2.510704750000000000e+06
2.051103500000000000e+06
2.554725000000000000e+06
2.233870000000000000e+06
1.689786375000000000e+06
1.915365000000000000e+06
2.753272000000000000e+06
2.400275000000000000e+06
2.474395000000000000e+06
2.379475250000000000e+06
2.629370250000000000e+06
2.756048750000000000e+06
2.595328750000000000e+06
2.161321250000000000e+06
2.705223500000000000e+06
2.193228750000000000e+06
2.277693000000000000e+06
1.760368625000000000e+06
3.274696750000000000e+06
1.541074125000000000e+06
2.330152250000000000e+06
2.231205000000000000e+06
3.373999750000000000e+06
2.408332500000000000e+06
2.592204500000000000e+06
3.227254000000000000e+06
1.575130875000000000e+06
2.106533500000000000e+06
2.795959250000000000e+06
2.072648375000000000e+06
3.001148750000000000e+06
2.252408500000000000e+06
3.034524750000000000e+06
2.331074000000000000e+06
2.315843000000000000e+06
1.377314250000000000e+06
2.202894500000000000e+06
2.543299750000000000e+06
2.188591000000000000e+06
2.795481750000000000e+06
1.891245750000000000e+06
3.316747000000000000e+06
2.933464250000000000e+06
2.562504500000000000e+06
2.683192000000000000e+06
1.536113625000000000e+06
2.025573375000000000e+06
2.470469000000000000e+06
2.859899500000000000e+06
2.297077000000000000e+06
2.389277250000000000e+06
2.360854250000000000e+06
2.336055250000000000e+06
2.480110000000000000e+06
2.205871500000000000e+06
2.192198750000000000e+06
1.863214125000000000e+06
1.885686250000000000e+06
2.777308250000000000e+06
2.272274250000000000e+06
2.409760250000000000e+06
1.800639875000000000e+06
2.476838500000000000e+06
1.553962875000000000e+06
1.514466000000000000e+06
2.364056250000000000e+06
2.679044000000000000e+06
1.557872625000000000e+06
2.957838750000000000e+06
2.204654750000000000e+06
3.621644750000000000e+06
2.146597500000000000e+06
2.419711750000000000e+06
2.787974500000000000e+06
1.738385250000000000e+06
2.656101250000000000e+06
1.931704125000000000e+06
2.962114500000000000e+06
2.934251000000000000e+06
2.695559500000000000e+06
2.409452250000000000e+06
2.738938500000000000e+06
2.758428750000000000e+06
2.693734750000000000e+06
2.212251000000000000e+06
2.359712750000000000e+06
2.602562750000000000e+06
1.637208125000000000e+06
2.411954500000000000e+06
1.577647625000000000e+06
1.455946750000000000e+06
2.868207000000000000e+06
1.603003125000000000e+06
2.718880250000000000e+06
1.683177750000000000e+06
2.701673500000000000e+06
2.010719500000000000e+06
2.691509000000000000e+06
2.998900000000000000e+06
2.983202500000000000e+06
2.470576500000000000e+06
1.638571500000000000e+06
2.679007500000000000e+06
1.688115750000000000e+06
2.149307750000000000e+06
2.649624750000000000e+06
2.244634750000000000e+06
1.995058125000000000e+06
1.907997375000000000e+06
2.694450250000000000e+06
2.525932250000000000e+06
2.533146250000000000e+06
2.847052250000000000e+06
1.856373875000000000e+06
2.887867250000000000e+06
2.168581000000000000e+06
2.437857750000000000e+06
2.476895500000000000e+06
2.174659500000000000e+06
2.339669000000000000e+06
1.744250750000000000e+06
1.990308375000000000e+06
2.467793250000000000e+06
2.359571250000000000e+06
1.472394375000000000e+06
2.606599500000000000e+06
2.625243500000000000e+06
2.500144000000000000e+06
2.020279125000000000e+06
2.968632250000000000e+06
2.230298250000000000e+06
2.186685250000000000e+06
2.648784000000000000e+06
2.295659250000000000e+06
1.784316375000000000e+06
2.699413500000000000e+06
2.612886250000000000e+06
2.225409250000000000e+06
2.277709000000000000e+06
2.425689500000000000e+06
1.855215875000000000e+06
2.314832000000000000e+06
2.262113250000000000e+06
1.729724000000000000e+06
2.118075750000000000e+06
2.105479250000000000e+06
2.813178000000000000e+06
1.874207375000000000e+06
2.127641500000000000e+06
2.423938750000000000e+06
3.195510250000000000e+06
2.520258750000000000e+06
1.753180750000000000e+06
1.439835375000000000e+06
1.962897875000000000e+06
2.554952500000000000e+06
3.450101000000000000e+06
2.195249000000000000e+06
2.893328000000000000e+06
3.148324500000000000e+06
1.863358125000000000e+06
2.316134250000000000e+06
2.320414000000000000e+06
2.666080500000000000e+06
2.614845500000000000e+06
1.976330375000000000e+06
2.134692500000000000e+06
1.380047750000000000e+06
2.405537500000000000e+06
2.444510000000000000e+06
2.229167500000000000e+06
1.887140000000000000e+06
1.267520250000000000e+06
2.586259500000000000e+06
3.682838750000000000e+06
2.389485000000000000e+06
2.073871500000000000e+06
1.350289500000000000e+06
3.009605000000000000e+06
3.245722500000000000e+06
2.098070250000000000e+06
2.238447750000000000e+06
2.117186500000000000e+06
1.858097875000000000e+06
2.147925750000000000e+06
2.924910500000000000e+06
1.971038125000000000e+06
2.374648750000000000e+06
1.754288625000000000e+06
2.733745000000000000e+06
2.060846500000000000e+06
2.772551500000000000e+06
2.552678500000000000e+06
1.800972750000000000e+06
2.138105500000000000e+06
2.348803750000000000e+06
2.287526500000000000e+06
1.562271000000000000e+06
2.061950000000000000e+06
1.938577250000000000e+06
1.098559250000000000e+06
2.479915000000000000e+06
2.163389500000000000e+06
2.534310750000000000e+06
1.949635375000000000e+06
2.788305000000000000e+06
2.170987750000000000e+06
2.678410000000000000e+06
2.094070000000000000e+06
2.424381000000000000e+06
1.632510750000000000e+06
2.049495250000000000e+06
2.193225750000000000e+06
1.843252000000000000e+06
2.409244250000000000e+06
1.970070500000000000e+06
3.027935000000000000e+06
2.372887000000000000e+06
2.374718750000000000e+06
2.352189250000000000e+06
1.885645625000000000e+06
2.625206750000000000e+06
2.206038000000000000e+06
2.289557000000000000e+06
2.671591000000000000e+06
3.955083000000000000e+06
2.070764250000000000e+06
7.505418750000000000e+05
1.991012875000000000e+06
1.870724875000000000e+06
2.091434875000000000e+06
1.819957625000000000e+06
2.624229500000000000e+06
1.947333125000000000e+06
2.127783000000000000e+06
1.611673875000000000e+06
2.342452000000000000e+06
1.228020750000000000e+06
2.751475000000000000e+06
2.578701750000000000e+06
1.825804375000000000e+06
1.894129125000000000e+06
2.086115125000000000e+06
2.369955500000000000e+06
1.982865500000000000e+06
2.297476500000000000e+06
2.404433250000000000e+06
2.797159750000000000e+06
2.666489000000000000e+06
2.403872250000000000e+06
2.361166000000000000e+06
2.084369000000000000e+06
2.977295250000000000e+06
3.230474500000000000e+06
2.042398000000000000e+06
1.879215375000000000e+06
2.116867250000000000e+06
2.764650000000000000e+06
2.736036000000000000e+06
1.710997875000000000e+06
3.088989250000000000e+06
2.557387000000000000e+06
2.183327500000000000e+06
2.024328250000000000e+06
2.341900250000000000e+06
2.327876750000000000e+06
2.773370500000000000e+06
2.114274500000000000e+06
2.429982250000000000e+06
2.963855000000000000e+06
1.991820750000000000e+06
1.781111375000000000e+06
1.962893250000000000e+06
1.783545750000000000e+06
2.450491250000000000e+06
2.016547250000000000e+06
2.309998500000000000e+06
2.541084000000000000e+06
2.200958500000000000e+06
2.428908500000000000e+06
1.729370875000000000e+06
2.068381875000000000e+06
1.765407875000000000e+06
2.926041000000000000e+06
1.814543125000000000e+06
1.780972625000000000e+06
1.836525875000000000e+06
2.534170250000000000e+06
1.533006000000000000e+06
3.035296500000000000e+06
1.749325500000000000e+06
2.985507500000000000e+06
2.377916500000000000e+06
1.506215875000000000e+06
2.015534375000000000e+06
2.385640500000000000e+06
2.473468750000000000e+06
1.453392875000000000e+06
2.576435500000000000e+06
2.165831500000000000e+06
1.470044875000000000e+06
2.306751000000000000e+06
2.020283500000000000e+06
2.066851500000000000e+06
2.345547750000000000e+06
2.420248000000000000e+06
2.327163500000000000e+06
1.800098625000000000e+06
2.220616750000000000e+06
2.191689750000000000e+06
1.720834625000000000e+06
1.604452750000000000e+06
2.058693500000000000e+06
1.403912375000000000e+06
2.630188250000000000e+06
1.953985625000000000e+06
2.277001250000000000e+06
2.291929250000000000e+06
1.567513750000000000e+06
1.710529750000000000e+06
2.038028500000000000e+06
2.842669000000000000e+06
3.121982250000000000e+06
2.232051000000000000e+06
1.888597375000000000e+06
1.667373000000000000e+06
1.776415625000000000e+06
2.329756000000000000e+06
1.892520625000000000e+06
2.531535500000000000e+06
2.760005750000000000e+06
1.968278875000000000e+06
1.613772875000000000e+06
1.866483625000000000e+06
2.219956000000000000e+06
2.646925750000000000e+06
1.661660375000000000e+06
1.521931250000000000e+06
1.853242500000000000e+06
3.031099000000000000e+06
1.777965875000000000e+06
2.281518250000000000e+06
1.536107625000000000e+06
1.999530000000000000e+06
1.641113000000000000e+06
2.019551375000000000e+06
1.417041375000000000e+06
2.627177250000000000e+06
1.829489125000000000e+06
2.128897000000000000e+06
2.655863250000000000e+06
1.881501750000000000e+06
1.936932500000000000e+06
2.684142000000000000e+06
2.157713000000000000e+06
1.824370500000000000e+06
2.192122500000000000e+06
1.813686125000000000e+06
1.615969125000000000e+06
2.016174625000000000e+06
2.483107250000000000e+06
1.283239000000000000e+06
1.912968250000000000e+06
1.842713875000000000e+06
2.228872250000000000e+06
2.786370500000000000e+06
2.312978000000000000e+06
1.705362625000000000e+06
1.890548500000000000e+06
2.062102500000000000e+06
1.866600750000000000e+06
1.641865625000000000e+06
1.845867000000000000e+06
2.420426750000000000e+06
2.134235000000000000e+06
2.630303750000000000e+06
1.933354625000000000e+06
1.520733375000000000e+06
1.571150000000000000e+06
1.576190250000000000e+06
1.874886500000000000e+06
2.407488250000000000e+06
2.078205250000000000e+06
2.136830000000000000e+06
2.690404500000000000e+06
1.744625875000000000e+06
1.707530875000000000e+06
2.029453375000000000e+06
2.258513250000000000e+06
1.632821750000000000e+06
2.010443125000000000e+06
1.609523625000000000e+06
2.324009500000000000e+06
1.296757250000000000e+06
2.164060500000000000e+06
3.324748750000000000e+06
2.316306000000000000e+06
1.690385125000000000e+06
1.457275375000000000e+06
1.937771125000000000e+06
2.415570750000000000e+06
2.887123750000000000e+06
2.409039250000000000e+06
2.798823500000000000e+06
2.757156000000000000e+06
1.760159125000000000e+06
2.161165000000000000e+06
2.089002750000000000e+06
1.645799500000000000e+06
1.863300000000000000e+06
2.243768000000000000e+06
1.603186875000000000e+06
1.315661000000000000e+06
2.041136625000000000e+06
1.724037125000000000e+06
2.085137500000000000e+06
2.024905250000000000e+06
1.944313500000000000e+06
2.408074500000000000e+06
2.175525500000000000e+06
1.966116000000000000e+06
2.487027750000000000e+06
2.579361750000000000e+06
2.500681750000000000e+06
1.858999625000000000e+06
1.362209500000000000e+06
1.447855625000000000e+06
2.037043750000000000e+06
2.007106500000000000e+06
2.542454500000000000e+06
2.192937750000000000e+06
1.477915625000000000e+06
1.843404375000000000e+06
2.515527250000000000e+06
2.216882750000000000e+06
1.741927000000000000e+06
1.710991875000000000e+06
1.565483250000000000e+06
1.704342625000000000e+06
1.384581250000000000e+06
2.090553750000000000e+06
2.540658000000000000e+06
1.239631500000000000e+06
2.783781000000000000e+06
1.566656250000000000e+06
3.296320000000000000e+06
1.631612625000000000e+06
1.876301375000000000e+06
1.656658625000000000e+06
1.628728625000000000e+06
1.850245625000000000e+06
1.792639250000000000e+06
1.569948125000000000e+06
1.823041875000000000e+06
2.160959500000000000e+06
1.808067250000000000e+06
2.603291000000000000e+06
2.917873000000000000e+06
1.472371750000000000e+06
1.772009000000000000e+06
2.539016500000000000e+06
1.970946000000000000e+06
2.000537625000000000e+06
2.349968000000000000e+06
1.817227625000000000e+06
1.412392625000000000e+06
1.362785125000000000e+06
2.369957000000000000e+06
2.190403750000000000e+06
2.997178000000000000e+06
2.032059000000000000e+06
1.622280250000000000e+06
1.929529125000000000e+06
1.670129125000000000e+06
1.437857250000000000e+06
1.733633000000000000e+06
1.850984125000000000e+06
1.852382750000000000e+06
1.816562875000000000e+06
1.759813000000000000e+06
2.393777500000000000e+06
1.862891250000000000e+06
1.661099250000000000e+06
2.536367750000000000e+06
1.742287000000000000e+06
2.331156750000000000e+06
2.104408250000000000e+06
1.715390500000000000e+06
2.312118500000000000e+06
2.257834750000000000e+06
2.509334000000000000e+06
2.048832375000000000e+06
2.004999000000000000e+06
1.785347250000000000e+06
1.471328625000000000e+06
1.560974750000000000e+06
2.278719750000000000e+06
1.455753750000000000e+06
1.349993750000000000e+06
2.265434000000000000e+06
1.807583125000000000e+06
1.751851125000000000e+06
2.053198125000000000e+06
1.185562375000000000e+06
1.737298500000000000e+06
1.682523875000000000e+06
1.494701750000000000e+06
1.772526000000000000e+06
1.603439000000000000e+06
1.839363000000000000e+06
1.567856250000000000e+06
1.546962125000000000e+06
1.253017375000000000e+06
1.630993000000000000e+06
2.566485000000000000e+06
2.306865250000000000e+06
1.577873000000000000e+06
2.120421750000000000e+06
2.352853000000000000e+06
1.993016250000000000e+06
1.990500875000000000e+06
2.029734500000000000e+06
2.653623500000000000e+06
1.707452625000000000e+06
2.309320250000000000e+06
2.140896250000000000e+06
2.290753250000000000e+06
2.077677250000000000e+06
2.204888500000000000e+06
2.029380250000000000e+06
2.228330750000000000e+06
1.766220500000000000e+06
1.865642500000000000e+06
2.332485750000000000e+06
1.481560875000000000e+06
2.037097750000000000e+06
1.955062750000000000e+06
1.912066125000000000e+06
1.129801250000000000e+06
1.374495750000000000e+06
2.302484250000000000e+06
1.676950125000000000e+06
3.001612000000000000e+06
1.299385500000000000e+06
1.706284875000000000e+06
1.595736125000000000e+06
1.309845750000000000e+06
2.172005750000000000e+06
2.153652500000000000e+06
1.546026375000000000e+06
2.267328750000000000e+06
1.573322250000000000e+06
2.613816000000000000e+06
1.956894000000000000e+06
2.410574000000000000e+06
2.023543500000000000e+06
1.611991625000000000e+06
1.835615875000000000e+06
1.615370000000000000e+06
1.710645000000000000e+06
2.205184500000000000e+06
1.356317625000000000e+06
1.334506250000000000e+06
1.913658250000000000e+06
1.713048250000000000e+06
1.266229250000000000e+06
1.729847000000000000e+06
1.936989250000000000e+06
1.414122375000000000e+06
1.669974375000000000e+06
1.829978000000000000e+06
1.835403750000000000e+06
1.921161750000000000e+06
2.425918000000000000e+06
1.906789750000000000e+06
2.444243000000000000e+06
1.576909625000000000e+06
1.613321875000000000e+06
1.644863250000000000e+06
2.445095000000000000e+06
1.460031875000000000e+06
1.224350500000000000e+06
1.682297750000000000e+06
2.214943750000000000e+06
1.509927250000000000e+06
1.414058875000000000e+06
1.183413625000000000e+06
1.329660250000000000e+06
2.417618250000000000e+06
1.634491625000000000e+06
2.161184500000000000e+06
1.778358000000000000e+06
1.931305125000000000e+06
2.075097125000000000e+06
1.497197875000000000e+06
1.197939875000000000e+06
2.095742250000000000e+06
1.707058500000000000e+06
1.653050250000000000e+06
1.473773625000000000e+06
1.309585500000000000e+06
1.755208750000000000e+06
1.624860500000000000e+06
2.293151500000000000e+06
2.396332500000000000e+06
2.126019750000000000e+06
1.256285375000000000e+06
1.707442375000000000e+06
1.932245500000000000e+06
1.703000375000000000e+06
1.511379750000000000e+06
1.126471875000000000e+06
1.187953750000000000e+06
1.430078750000000000e+06
1.428531500000000000e+06
2.081401625000000000e+06
2.813754250000000000e+06
2.297377500000000000e+06
2.031410125000000000e+06
2.146404500000000000e+06
1.489467750000000000e+06
1.717562250000000000e+06
1.739654375000000000e+06
2.006359750000000000e+06
1.117750000000000000e+06
1.425733375000000000e+06
1.697435750000000000e+06
1.740567500000000000e+06
