1.339362700000000000e+07
1.342450600000000000e+07
1.518861200000000000e+07
1.273453800000000000e+07
1.262860400000000000e+07
1.265896400000000000e+07
1.226292300000000000e+07
1.690718800000000000e+07
1.407603600000000000e+07
1.143993600000000000e+07
1.040553100000000000e+07
9.714986000000000000e+06
1.093611800000000000e+07
1.298905400000000000e+07
1.266017200000000000e+07
1.433134500000000000e+07
1.348935400000000000e+07
1.349609600000000000e+07
1.176793700000000000e+07
1.160333000000000000e+07
1.163412700000000000e+07
1.330931900000000000e+07
1.280341300000000000e+07
1.287863600000000000e+07
1.215747400000000000e+07
1.086342500000000000e+07
1.062593500000000000e+07
1.442308000000000000e+07
1.169175100000000000e+07
9.698888000000000000e+06
1.170046400000000000e+07
1.449597500000000000e+07
1.330209100000000000e+07
1.155004900000000000e+07
1.385551700000000000e+07
1.243471700000000000e+07
1.138560500000000000e+07
1.032051700000000000e+07
8.856462000000000000e+06
1.074879200000000000e+07
1.112579400000000000e+07
9.904736000000000000e+06
8.320402000000000000e+06
8.538045000000000000e+06
9.435822000000000000e+06
7.338208000000000000e+06
7.358013500000000000e+06
6.018199500000000000e+06
5.611017500000000000e+06
6.690957000000000000e+06
8.435234000000000000e+06
6.313500500000000000e+06
5.817082500000000000e+06
6.731705000000000000e+06
5.924438500000000000e+06
6.246790500000000000e+06
6.211476000000000000e+06
5.776645000000000000e+06
5.096802000000000000e+06
5.098797500000000000e+06
6.531786500000000000e+06
5.607835500000000000e+06
5.291850500000000000e+06
5.341269000000000000e+06
5.864293000000000000e+06
4.724266500000000000e+06
5.669601000000000000e+06
5.021744000000000000e+06
5.182615000000000000e+06
6.453724500000000000e+06
5.392130500000000000e+06
4.898764500000000000e+06
5.488664000000000000e+06
5.566846500000000000e+06
5.961109000000000000e+06
5.424429500000000000e+06
5.606780000000000000e+06
5.162583000000000000e+06
6.132893000000000000e+06
4.990420500000000000e+06
4.705324500000000000e+06
4.696314000000000000e+06
4.901315000000000000e+06
5.010960000000000000e+06
5.152656000000000000e+06
5.788878500000000000e+06
5.488687000000000000e+06
4.289336000000000000e+06
5.560103500000000000e+06
4.918477000000000000e+06
5.506861500000000000e+06
4.631715000000000000e+06
4.369604000000000000e+06
5.262181000000000000e+06
5.768307500000000000e+06
5.287617500000000000e+06
4.681188000000000000e+06
5.911867000000000000e+06
4.818018000000000000e+06
4.431614500000000000e+06
5.445638500000000000e+06
4.800004500000000000e+06
4.558921500000000000e+06
4.585081500000000000e+06
4.695713000000000000e+06
4.457289500000000000e+06
4.157694000000000000e+06
4.705451000000000000e+06
4.996353000000000000e+06
4.628783000000000000e+06
5.018337500000000000e+06
5.424315500000000000e+06
4.821075500000000000e+06
5.229923000000000000e+06
4.599096000000000000e+06
5.188782500000000000e+06
4.925971000000000000e+06
4.685936500000000000e+06
5.333056000000000000e+06
5.214469000000000000e+06
5.274282000000000000e+06
4.714097000000000000e+06
4.864323000000000000e+06
4.298524500000000000e+06
4.658533000000000000e+06
4.777887000000000000e+06
4.188273250000000000e+06
4.279803500000000000e+06
4.209602500000000000e+06
4.289809000000000000e+06
4.836557500000000000e+06
5.052176000000000000e+06
4.209885000000000000e+06
4.943670000000000000e+06
4.643201000000000000e+06
5.018280500000000000e+06
5.288395500000000000e+06
4.549082500000000000e+06
4.440502500000000000e+06
4.394842000000000000e+06
4.603538000000000000e+06
4.855288000000000000e+06
4.789836000000000000e+06
4.707886000000000000e+06
4.602468500000000000e+06
4.869140500000000000e+06
4.798642500000000000e+06
5.104936500000000000e+06
4.466855000000000000e+06
4.576909500000000000e+06
4.621375000000000000e+06
5.416888500000000000e+06
4.474037000000000000e+06
4.182503500000000000e+06
4.617594000000000000e+06
4.239809500000000000e+06
4.768847500000000000e+06
4.877481000000000000e+06
4.799411500000000000e+06
3.807188250000000000e+06
4.322634500000000000e+06
4.196149000000000000e+06
4.578035500000000000e+06
3.977240500000000000e+06
4.241711000000000000e+06
3.999358000000000000e+06
4.777391000000000000e+06
5.110119500000000000e+06
4.558175000000000000e+06
3.566897750000000000e+06
4.799070000000000000e+06
4.148421500000000000e+06
4.813019000000000000e+06
3.757928250000000000e+06
4.501118000000000000e+06
4.358297000000000000e+06
4.640077500000000000e+06
4.523052000000000000e+06
4.531854000000000000e+06
3.869061250000000000e+06
4.460525500000000000e+06
3.927586250000000000e+06
4.146400750000000000e+06
4.101850500000000000e+06
4.336461000000000000e+06
4.853162000000000000e+06
3.700662000000000000e+06
4.895168500000000000e+06
4.268153000000000000e+06
4.627607000000000000e+06
3.828401750000000000e+06
4.158578000000000000e+06
4.117347000000000000e+06
3.786003000000000000e+06
3.854618500000000000e+06
4.105199750000000000e+06
4.432841500000000000e+06
4.698551500000000000e+06
4.529383000000000000e+06
3.930232250000000000e+06
4.506892000000000000e+06
4.083614000000000000e+06
4.558331500000000000e+06
3.757045000000000000e+06
4.256828000000000000e+06
4.562173000000000000e+06
3.623499500000000000e+06
3.981293750000000000e+06
4.681851500000000000e+06
4.395937500000000000e+06
4.311785500000000000e+06
4.055502250000000000e+06
4.403319000000000000e+06
4.533809500000000000e+06
3.713758500000000000e+06
4.188035000000000000e+06
4.215536000000000000e+06
4.350129000000000000e+06
4.162013000000000000e+06
4.076986500000000000e+06
3.430002250000000000e+06
3.772123750000000000e+06
4.129859500000000000e+06
3.945619750000000000e+06
4.725388000000000000e+06
4.063904500000000000e+06
3.915189500000000000e+06
4.796833000000000000e+06
3.920053750000000000e+06
3.734342250000000000e+06
4.209741500000000000e+06
3.574026500000000000e+06
4.088804750000000000e+06
3.547956000000000000e+06
3.885954500000000000e+06
3.959879750000000000e+06
4.446904000000000000e+06
4.132072500000000000e+06
4.275346000000000000e+06
3.949335250000000000e+06
4.655322500000000000e+06
3.500060250000000000e+06
4.385972500000000000e+06
4.343760500000000000e+06
4.141068500000000000e+06
3.752743000000000000e+06
3.990207000000000000e+06
4.292892000000000000e+06
3.550813500000000000e+06
4.431021000000000000e+06
3.873368500000000000e+06
3.851454250000000000e+06
4.368004500000000000e+06
3.966520500000000000e+06
4.079403500000000000e+06
4.629853000000000000e+06
3.706225750000000000e+06
3.630579250000000000e+06
3.525368250000000000e+06
3.819926000000000000e+06
4.215838000000000000e+06
4.002193250000000000e+06
4.355952000000000000e+06
3.513832500000000000e+06
3.406135500000000000e+06
3.731990250000000000e+06
3.608004500000000000e+06
3.858053000000000000e+06
4.647333500000000000e+06
4.089721750000000000e+06
3.493298250000000000e+06
3.917358500000000000e+06
4.022314750000000000e+06
4.017726500000000000e+06
3.910791000000000000e+06
3.680918500000000000e+06
4.386481000000000000e+06
3.478548250000000000e+06
3.657481500000000000e+06
3.637208500000000000e+06
4.590440500000000000e+06
3.908921750000000000e+06
3.444633750000000000e+06
3.342360000000000000e+06
3.969292750000000000e+06
3.898726250000000000e+06
3.823705500000000000e+06
4.193380750000000000e+06
4.123173000000000000e+06
3.503755500000000000e+06
3.611426750000000000e+06
4.072313500000000000e+06
3.780366250000000000e+06
3.815814750000000000e+06
3.534209000000000000e+06
3.845552250000000000e+06
3.424362750000000000e+06
4.020115250000000000e+06
3.739190250000000000e+06
4.220057000000000000e+06
3.976097000000000000e+06
3.997622250000000000e+06
3.978279500000000000e+06
3.712906000000000000e+06
3.245100500000000000e+06
3.996003500000000000e+06
3.955557000000000000e+06
3.785960500000000000e+06
3.732197750000000000e+06
3.536166750000000000e+06
3.969777750000000000e+06
4.034394000000000000e+06
3.295527750000000000e+06
4.288783000000000000e+06
3.848402500000000000e+06
3.539353000000000000e+06
2.992928000000000000e+06
3.396405500000000000e+06
3.559214750000000000e+06
3.828554750000000000e+06
3.774939250000000000e+06
3.874535500000000000e+06
3.591080500000000000e+06
3.557802250000000000e+06
3.516361500000000000e+06
3.688370750000000000e+06
3.658059250000000000e+06
3.241774500000000000e+06
4.750416500000000000e+06
3.502264750000000000e+06
3.853185750000000000e+06
3.917117500000000000e+06
4.210921000000000000e+06
3.945842500000000000e+06
3.312479250000000000e+06
4.102061000000000000e+06
3.252973750000000000e+06
3.543282250000000000e+06
3.805356750000000000e+06
4.103709000000000000e+06
3.525666000000000000e+06
3.823615000000000000e+06
3.733438500000000000e+06
3.207240250000000000e+06
3.769309250000000000e+06
3.464289000000000000e+06
4.192503750000000000e+06
3.499243750000000000e+06
3.534334000000000000e+06
3.689785000000000000e+06
3.294190250000000000e+06
3.538010750000000000e+06
3.528418000000000000e+06
3.750373500000000000e+06
3.999123000000000000e+06
3.372920250000000000e+06
4.038696750000000000e+06
3.595970500000000000e+06
3.487387750000000000e+06
3.536228250000000000e+06
3.764205250000000000e+06
3.076669250000000000e+06
3.400822750000000000e+06
3.366719500000000000e+06
3.650655500000000000e+06
3.715011500000000000e+06
3.331351250000000000e+06
3.389272500000000000e+06
3.675867250000000000e+06
3.694494250000000000e+06
3.769177750000000000e+06
3.929813250000000000e+06
4.049469250000000000e+06
3.482425500000000000e+06
3.551176000000000000e+06
3.834102750000000000e+06
4.001831000000000000e+06
3.327709000000000000e+06
3.414541000000000000e+06
2.729136500000000000e+06
3.350181750000000000e+06
3.245177250000000000e+06
3.825445000000000000e+06
3.817199250000000000e+06
3.916543500000000000e+06
3.876676500000000000e+06
4.117291500000000000e+06
3.830354000000000000e+06
3.584541000000000000e+06
3.412387500000000000e+06
2.994316750000000000e+06
3.448154750000000000e+06
4.040800500000000000e+06
3.782282250000000000e+06
2.928835250000000000e+06
3.030851000000000000e+06
3.649158000000000000e+06
3.351171500000000000e+06
3.274619500000000000e+06
3.396656250000000000e+06
3.477858500000000000e+06
3.485768750000000000e+06
2.799417500000000000e+06
3.582182750000000000e+06
3.036596000000000000e+06
2.962914750000000000e+06
3.407853250000000000e+06
3.523116000000000000e+06
2.949857000000000000e+06
3.283009500000000000e+06
3.444480250000000000e+06
4.293740500000000000e+06
4.381042500000000000e+06
3.337149750000000000e+06
4.056893500000000000e+06
3.501997250000000000e+06
3.392600750000000000e+06
3.743126000000000000e+06
3.406000500000000000e+06
3.576893500000000000e+06
3.511688500000000000e+06
2.405660500000000000e+06
3.215571750000000000e+06
3.685693000000000000e+06
3.033841500000000000e+06
3.378303000000000000e+06
3.220782500000000000e+06
3.634201000000000000e+06
3.016706000000000000e+06
3.361661500000000000e+06
3.441304750000000000e+06
3.092663250000000000e+06
4.061976250000000000e+06
3.176597500000000000e+06
4.283290000000000000e+06
3.738935250000000000e+06
3.408615250000000000e+06
3.415542500000000000e+06
3.831005500000000000e+06
3.589828500000000000e+06
3.477693000000000000e+06
3.314719000000000000e+06
3.406860500000000000e+06
3.702042500000000000e+06
3.289164500000000000e+06
3.510798750000000000e+06
3.658702000000000000e+06
3.242435250000000000e+06
3.232676500000000000e+06
3.446706750000000000e+06
3.101415000000000000e+06
3.280789000000000000e+06
3.349407250000000000e+06
3.130786000000000000e+06
3.294247750000000000e+06
4.103901000000000000e+06
3.479287500000000000e+06
3.351431000000000000e+06
3.742548000000000000e+06
3.837887000000000000e+06
3.585299750000000000e+06
3.299728500000000000e+06
3.041520250000000000e+06
4.111009000000000000e+06
2.764237750000000000e+06
3.702502250000000000e+06
3.433266500000000000e+06
3.585085500000000000e+06
3.567135000000000000e+06
3.126466750000000000e+06
3.511824500000000000e+06
3.463214000000000000e+06
3.681253500000000000e+06
2.997731000000000000e+06
3.406877000000000000e+06
2.569634750000000000e+06
3.233075000000000000e+06
3.869281250000000000e+06
3.087720250000000000e+06
4.007031000000000000e+06
3.498037000000000000e+06
2.848514250000000000e+06
3.821372500000000000e+06
3.409493250000000000e+06
2.905981250000000000e+06
3.375283500000000000e+06
3.860769250000000000e+06
2.822591500000000000e+06
3.445972000000000000e+06
2.942240500000000000e+06
3.616869500000000000e+06
3.300365000000000000e+06
2.466724500000000000e+06
2.761477250000000000e+06
3.710015750000000000e+06
3.798112500000000000e+06
2.954675500000000000e+06
3.901148000000000000e+06
2.666528500000000000e+06
3.136790250000000000e+06
3.948301750000000000e+06
3.057814250000000000e+06
4.279863000000000000e+06
2.672617000000000000e+06
3.294817500000000000e+06
3.330260500000000000e+06
3.305507500000000000e+06
3.303835000000000000e+06
3.169784000000000000e+06
2.834698000000000000e+06
2.640706500000000000e+06
3.023587750000000000e+06
3.774017000000000000e+06
3.492857250000000000e+06
2.863875500000000000e+06
3.128835250000000000e+06
3.450791250000000000e+06
3.103049000000000000e+06
2.989360750000000000e+06
3.122028250000000000e+06
3.483181500000000000e+06
3.691664750000000000e+06
2.982015000000000000e+06
3.360284750000000000e+06
3.562617750000000000e+06
3.463208750000000000e+06
3.932764000000000000e+06
3.159340500000000000e+06
3.270951750000000000e+06
2.992601750000000000e+06
3.021965750000000000e+06
3.089817000000000000e+06
2.593062000000000000e+06
3.135756750000000000e+06
3.251227750000000000e+06
2.787942750000000000e+06
3.427748500000000000e+06
3.418047500000000000e+06
2.684821250000000000e+06
3.688508000000000000e+06
4.257887000000000000e+06
2.923195250000000000e+06
3.090133000000000000e+06
3.039943000000000000e+06
3.692880000000000000e+06
2.771979000000000000e+06
3.536631500000000000e+06
3.463262000000000000e+06
2.965078000000000000e+06
3.164916250000000000e+06
2.764039500000000000e+06
3.166357500000000000e+06
3.020066250000000000e+06
3.068341500000000000e+06
2.642279750000000000e+06
3.040272500000000000e+06
3.242982500000000000e+06
3.408557000000000000e+06
3.559955000000000000e+06
2.782964750000000000e+06
3.909526500000000000e+06
3.531361000000000000e+06
3.112363250000000000e+06
2.927464000000000000e+06
3.227188500000000000e+06
3.454984000000000000e+06
2.885325500000000000e+06
2.703663500000000000e+06
3.870931250000000000e+06
3.016574750000000000e+06
2.814798000000000000e+06
2.782286000000000000e+06
3.066865250000000000e+06
2.943290000000000000e+06
3.211743500000000000e+06
2.989175000000000000e+06
3.205192000000000000e+06
3.040149000000000000e+06
2.607496500000000000e+06
3.615594500000000000e+06
3.165043000000000000e+06
3.440533250000000000e+06
3.241995250000000000e+06
3.205327750000000000e+06
3.629804250000000000e+06
3.379371750000000000e+06
2.887060750000000000e+06
3.294761250000000000e+06
3.712455000000000000e+06
3.415278250000000000e+06
2.635216000000000000e+06
2.609374250000000000e+06
3.085999250000000000e+06
2.949381250000000000e+06
2.931801000000000000e+06
3.368078500000000000e+06
3.477387250000000000e+06
2.870597750000000000e+06
2.575590500000000000e+06
3.295390500000000000e+06
3.295238500000000000e+06
2.854330250000000000e+06
3.441414500000000000e+06
3.485211250000000000e+06
3.446559250000000000e+06
2.263342250000000000e+06
4.188864250000000000e+06
2.449111750000000000e+06
2.753703750000000000e+06
3.042109250000000000e+06
2.556257250000000000e+06
3.644540250000000000e+06
3.698655500000000000e+06
2.892769500000000000e+06
2.849605000000000000e+06
3.192094250000000000e+06
4.105504750000000000e+06
2.992010000000000000e+06
2.591731000000000000e+06
3.751285000000000000e+06
2.190503750000000000e+06
3.245132000000000000e+06
4.102574500000000000e+06
3.367068250000000000e+06
3.222911750000000000e+06
2.639982500000000000e+06
2.714319750000000000e+06
2.568714000000000000e+06
2.949872750000000000e+06
2.615398500000000000e+06
2.587638500000000000e+06
2.242930500000000000e+06
3.054551250000000000e+06
2.852334750000000000e+06
3.880521750000000000e+06
3.186657750000000000e+06
2.649116750000000000e+06
3.330722250000000000e+06
3.130517000000000000e+06
3.626927000000000000e+06
3.292285500000000000e+06
3.089958750000000000e+06
2.784263000000000000e+06
2.729077750000000000e+06
3.173386750000000000e+06
3.306664000000000000e+06
3.135439500000000000e+06
2.897569000000000000e+06
2.914667250000000000e+06
2.738822250000000000e+06
3.778099750000000000e+06
3.755600250000000000e+06
2.237395500000000000e+06
2.567874500000000000e+06
2.905600000000000000e+06
3.126827000000000000e+06
3.051344750000000000e+06
2.946729250000000000e+06
2.420784000000000000e+06
2.678319250000000000e+06
2.798132000000000000e+06
3.278621500000000000e+06
3.423703000000000000e+06
3.400240000000000000e+06
3.519963000000000000e+06
3.819476250000000000e+06
2.795250750000000000e+06
3.510629500000000000e+06
2.376916500000000000e+06
3.398008500000000000e+06
2.568726500000000000e+06
3.314417250000000000e+06
2.855156250000000000e+06
2.875758500000000000e+06
2.734236750000000000e+06
3.170449750000000000e+06
3.071661750000000000e+06
3.210519000000000000e+06
3.158470250000000000e+06
3.344069500000000000e+06
2.731813750000000000e+06
3.304326750000000000e+06
2.165786000000000000e+06
2.711835750000000000e+06
3.797554500000000000e+06
2.866284250000000000e+06
3.652412250000000000e+06
3.222639500000000000e+06
3.219506750000000000e+06
3.144406000000000000e+06
3.391978250000000000e+06
2.927856250000000000e+06
2.987577750000000000e+06
3.253841000000000000e+06
2.704474000000000000e+06
2.543949250000000000e+06
2.820314250000000000e+06
3.035302500000000000e+06
2.784992750000000000e+06
3.268608250000000000e+06
2.454282000000000000e+06
2.461792000000000000e+06
2.379139250000000000e+06
2.702142500000000000e+06
3.105113000000000000e+06
2.739739000000000000e+06
3.045239250000000000e+06
3.219613500000000000e+06
3.436540500000000000e+06
3.702548000000000000e+06
3.514218000000000000e+06
2.963401750000000000e+06
2.761583500000000000e+06
3.409626500000000000e+06
3.215492500000000000e+06
2.843290000000000000e+06
2.738569500000000000e+06
2.853869000000000000e+06
2.703602500000000000e+06
2.550904750000000000e+06
2.392887000000000000e+06
2.674544500000000000e+06
3.931057750000000000e+06
3.506049750000000000e+06
3.355284250000000000e+06
2.670445000000000000e+06
2.725896500000000000e+06
3.146430250000000000e+06
2.491571250000000000e+06
3.295612000000000000e+06
3.333503500000000000e+06
3.450011000000000000e+06
2.393056250000000000e+06
3.080161500000000000e+06
2.805208250000000000e+06
3.093301500000000000e+06
2.309817250000000000e+06
2.948293500000000000e+06
2.812484500000000000e+06
3.425767250000000000e+06
2.612397750000000000e+06
2.401751000000000000e+06
3.327618750000000000e+06
3.558352250000000000e+06
2.994614000000000000e+06
3.024350750000000000e+06
3.189578750000000000e+06
2.459651500000000000e+06
3.065734250000000000e+06
2.130397000000000000e+06
2.907607000000000000e+06
2.981333500000000000e+06
3.457153000000000000e+06
3.177598500000000000e+06
2.604008750000000000e+06
2.690578250000000000e+06
2.925645000000000000e+06
3.530870500000000000e+06
2.673322250000000000e+06
2.541986500000000000e+06
3.298563500000000000e+06
2.639730250000000000e+06
2.695994000000000000e+06
3.519868750000000000e+06
2.987755250000000000e+06
2.848752250000000000e+06
2.893888000000000000e+06
2.304263500000000000e+06
2.849599000000000000e+06
3.419510000000000000e+06
2.925524750000000000e+06
2.930714500000000000e+06
3.006114750000000000e+06
2.564896000000000000e+06
3.015024750000000000e+06
1.914243000000000000e+06
3.173557500000000000e+06
2.433002250000000000e+06
3.400613500000000000e+06
2.868528500000000000e+06
2.624420500000000000e+06
2.921550000000000000e+06
2.509814750000000000e+06
2.612608250000000000e+06
3.259821250000000000e+06
2.780337750000000000e+06
2.687087000000000000e+06
3.618765250000000000e+06
2.836747000000000000e+06
3.029024500000000000e+06
2.756265000000000000e+06
3.031786500000000000e+06
2.618211000000000000e+06
2.717786500000000000e+06
3.056095000000000000e+06
2.755413500000000000e+06
2.835420500000000000e+06
3.048722250000000000e+06
3.272727000000000000e+06
2.413274000000000000e+06
2.993812250000000000e+06
2.330209250000000000e+06
2.546976750000000000e+06
2.779663250000000000e+06
3.110554750000000000e+06
2.433201750000000000e+06
2.554902500000000000e+06
2.057874000000000000e+06
3.298817500000000000e+06
2.536682500000000000e+06
3.090737250000000000e+06
3.140192000000000000e+06
2.708021500000000000e+06
3.096911750000000000e+06
3.119550250000000000e+06
3.049170000000000000e+06
3.353154000000000000e+06
3.439352500000000000e+06
2.625642000000000000e+06
3.243495500000000000e+06
3.289758500000000000e+06
3.375764250000000000e+06
3.066396750000000000e+06
2.517095250000000000e+06
2.200938250000000000e+06
2.365781750000000000e+06
2.661189750000000000e+06
3.128341500000000000e+06
2.201499500000000000e+06
2.645503250000000000e+06
3.205993250000000000e+06
2.545649500000000000e+06
2.875324500000000000e+06
2.826003000000000000e+06
2.483495500000000000e+06
3.785196250000000000e+06
2.897150000000000000e+06
2.647250000000000000e+06
2.787800750000000000e+06
2.549865750000000000e+06
3.196277750000000000e+06
2.939625500000000000e+06
2.936846000000000000e+06
3.341684250000000000e+06
2.628495500000000000e+06
2.778825000000000000e+06
2.581405000000000000e+06
2.442135500000000000e+06
2.536311250000000000e+06
3.137752750000000000e+06
2.826490500000000000e+06
3.042972000000000000e+06
2.829991250000000000e+06
3.260372250000000000e+06
2.659541500000000000e+06
3.106318750000000000e+06
1.914664000000000000e+06
3.451264750000000000e+06
2.612110500000000000e+06
3.445654000000000000e+06
2.211249000000000000e+06
4.197521000000000000e+06
2.190211500000000000e+06
2.318872500000000000e+06
2.937009250000000000e+06
3.086288500000000000e+06
2.551727750000000000e+06
2.253507250000000000e+06
2.927269000000000000e+06
2.958933750000000000e+06
2.602902500000000000e+06
2.386854500000000000e+06
3.028906750000000000e+06
2.301786250000000000e+06
3.523802000000000000e+06
2.706723750000000000e+06
2.755131000000000000e+06
3.317070750000000000e+06
3.161910750000000000e+06
2.764560500000000000e+06
2.907508000000000000e+06
2.006834750000000000e+06
2.339223750000000000e+06
2.254510750000000000e+06
3.336433500000000000e+06
3.255778250000000000e+06
2.876575250000000000e+06
2.901641500000000000e+06
2.956335750000000000e+06
2.530443250000000000e+06
2.572595250000000000e+06
3.281658000000000000e+06
2.758688000000000000e+06
2.900159750000000000e+06
2.967652750000000000e+06
2.624104750000000000e+06
2.068371500000000000e+06
2.439395250000000000e+06
3.032309000000000000e+06
2.661582250000000000e+06
2.840487000000000000e+06
2.388621750000000000e+06
2.884278000000000000e+06
3.333022500000000000e+06
2.334593500000000000e+06
2.874836000000000000e+06
3.552088500000000000e+06
2.431288000000000000e+06
2.392154000000000000e+06
2.588971500000000000e+06
2.734531500000000000e+06
2.074139125000000000e+06
3.012988500000000000e+06
3.559706500000000000e+06
2.735428500000000000e+06
2.458630500000000000e+06
3.247147750000000000e+06
2.726447000000000000e+06
2.320764250000000000e+06
3.419795000000000000e+06
2.960330500000000000e+06
3.357771750000000000e+06
2.463697750000000000e+06
1.715511750000000000e+06
3.234826750000000000e+06
2.876002250000000000e+06
2.866893250000000000e+06
2.721355000000000000e+06
2.512844500000000000e+06
3.578908250000000000e+06
2.938053250000000000e+06
2.694762500000000000e+06
2.978533250000000000e+06
2.840970000000000000e+06
3.190018250000000000e+06
2.225836000000000000e+06
1.932746000000000000e+06
2.464959000000000000e+06
2.836886750000000000e+06
2.238660750000000000e+06
2.620518500000000000e+06
2.637860000000000000e+06
2.448817750000000000e+06
2.321645500000000000e+06
3.390414500000000000e+06
2.865486500000000000e+06
2.317553750000000000e+06
2.430949250000000000e+06
2.805210250000000000e+06
3.199393750000000000e+06
3.071163000000000000e+06
1.693083625000000000e+06
2.540200000000000000e+06
2.042733250000000000e+06
2.448077000000000000e+06
2.905995750000000000e+06
2.678962250000000000e+06
2.310825500000000000e+06
2.993088500000000000e+06
3.813367250000000000e+06
2.225486500000000000e+06
3.349767500000000000e+06
2.393359250000000000e+06
2.672010500000000000e+06
3.226278750000000000e+06
2.255590000000000000e+06
3.102231750000000000e+06
3.009793000000000000e+06
1.976592375000000000e+06
2.512920750000000000e+06
2.575627250000000000e+06
3.633776000000000000e+06
2.164632000000000000e+06
1.952421125000000000e+06
2.839895750000000000e+06
2.914560750000000000e+06
2.546120250000000000e+06
2.630818750000000000e+06
2.828357000000000000e+06
2.441345500000000000e+06
2.947143000000000000e+06
2.926803750000000000e+06
3.013639250000000000e+06
2.486224000000000000e+06
2.710941750000000000e+06
3.059228250000000000e+06
2.016659250000000000e+06
2.568285250000000000e+06
3.190779750000000000e+06
2.547937000000000000e+06
2.792540500000000000e+06
2.798796500000000000e+06
2.573879500000000000e+06
2.241481250000000000e+06
2.598336750000000000e+06
2.352019750000000000e+06
3.114599250000000000e+06
2.792039500000000000e+06
2.235800250000000000e+06
2.665754500000000000e+06
2.872715250000000000e+06
2.937890500000000000e+06
3.751911000000000000e+06
2.506319750000000000e+06
2.444097500000000000e+06
2.398172750000000000e+06
2.263941500000000000e+06
2.358157000000000000e+06
2.722152750000000000e+06
2.329177500000000000e+06
3.804332250000000000e+06
2.425945000000000000e+06
3.059572000000000000e+06
2.249715250000000000e+06
2.950880750000000000e+06
1.890513000000000000e+06
2.642165750000000000e+06
3.132631750000000000e+06
2.411840000000000000e+06
2.748588500000000000e+06
2.649101750000000000e+06
2.996017000000000000e+06
2.114361500000000000e+06
2.869707000000000000e+06
2.461675500000000000e+06
2.734390500000000000e+06
2.369504000000000000e+06
2.584036750000000000e+06
2.406741000000000000e+06
2.386348500000000000e+06
3.087715250000000000e+06
3.312281500000000000e+06
1.812212250000000000e+06
2.212399750000000000e+06
1.877648625000000000e+06
2.942493500000000000e+06
2.396334500000000000e+06
2.661046000000000000e+06
2.983002750000000000e+06
2.087658125000000000e+06
2.765768250000000000e+06
1.883007500000000000e+06
2.790657000000000000e+06
2.351060500000000000e+06
2.806485750000000000e+06
2.627884000000000000e+06
2.716823000000000000e+06
2.462336500000000000e+06
2.848479750000000000e+06
3.286117750000000000e+06
2.414352000000000000e+06
2.686366250000000000e+06
2.667458250000000000e+06
2.615315500000000000e+06
2.177232000000000000e+06
2.516278500000000000e+06
3.024340500000000000e+06
3.023004500000000000e+06
2.272981000000000000e+06
2.893694500000000000e+06
2.307079250000000000e+06
2.646285250000000000e+06
2.690905000000000000e+06
2.790269750000000000e+06
2.323323750000000000e+06
3.193408750000000000e+06
2.604879000000000000e+06
2.353985000000000000e+06
2.388563500000000000e+06
2.321697750000000000e+06
2.485789750000000000e+06
2.654509000000000000e+06
2.360281500000000000e+06
2.449872000000000000e+06
1.973613625000000000e+06
2.519235500000000000e+06
2.659566000000000000e+06
2.042076000000000000e+06
2.188026000000000000e+06
2.693955000000000000e+06
2.773280750000000000e+06
2.242502500000000000e+06
2.328603500000000000e+06
3.082814750000000000e+06
2.889498500000000000e+06
2.524043250000000000e+06
3.146355500000000000e+06
3.057708500000000000e+06
2.649456000000000000e+06
1.954992250000000000e+06
2.577570500000000000e+06
2.679059500000000000e+06
2.696665750000000000e+06
1.616045125000000000e+06
2.162383750000000000e+06
1.960596875000000000e+06
2.737095000000000000e+06
2.127722750000000000e+06
2.644598000000000000e+06
3.323577500000000000e+06
2.246886500000000000e+06
2.960506250000000000e+06
2.232527000000000000e+06
3.724611250000000000e+06
3.054106000000000000e+06
2.547029500000000000e+06
2.346583750000000000e+06
2.862634000000000000e+06
2.425376000000000000e+06
2.994970500000000000e+06
2.286685750000000000e+06
2.826078500000000000e+06
2.502970500000000000e+06
2.764740500000000000e+06
2.717072250000000000e+06
2.655024250000000000e+06
2.512673250000000000e+06
2.382273750000000000e+06
2.398167000000000000e+06
2.229391500000000000e+06
2.650613750000000000e+06
2.587565500000000000e+06
2.555448000000000000e+06
2.168488750000000000e+06
2.301890750000000000e+06
2.333309250000000000e+06
2.791417500000000000e+06
2.996678500000000000e+06
2.656424000000000000e+06
2.130558000000000000e+06
3.075107750000000000e+06
2.213817000000000000e+06
2.586244000000000000e+06
2.676148250000000000e+06
3.051331500000000000e+06
2.248765000000000000e+06
2.756797750000000000e+06
2.709729500000000000e+06
2.544178750000000000e+06
2.163885250000000000e+06
2.947357500000000000e+06
2.173818000000000000e+06
2.489260000000000000e+06
1.718418500000000000e+06
3.204082000000000000e+06
2.900712500000000000e+06
2.775912750000000000e+06
1.781960000000000000e+06
2.376052250000000000e+06
3.098523000000000000e+06
2.790985750000000000e+06
2.089392750000000000e+06
2.372657500000000000e+06
2.826513500000000000e+06
2.138689500000000000e+06
2.144203250000000000e+06
2.481217000000000000e+06
2.842013000000000000e+06
2.827656000000000000e+06
2.269182000000000000e+06
2.584499500000000000e+06
2.510183000000000000e+06
2.846823250000000000e+06
2.321950000000000000e+06
2.698585000000000000e+06
2.060081375000000000e+06
2.340977500000000000e+06
2.000230500000000000e+06
2.958773750000000000e+06
3.436833500000000000e+06
1.981872375000000000e+06
2.593722750000000000e+06
2.477813000000000000e+06
2.816967250000000000e+06
2.618339500000000000e+06
2.736183750000000000e+06
1.916010250000000000e+06
2.695570000000000000e+06
3.048602750000000000e+06
2.328781750000000000e+06
2.931588750000000000e+06
1.940512000000000000e+06
1.663776250000000000e+06
2.850347500000000000e+06
2.723256250000000000e+06
2.384302750000000000e+06
2.067919625000000000e+06
2.621477500000000000e+06
2.729241000000000000e+06
2.672286500000000000e+06
2.853985250000000000e+06
2.973932250000000000e+06
2.339080500000000000e+06
2.857270000000000000e+06
2.893185500000000000e+06
1.736284500000000000e+06
2.328254750000000000e+06
2.589781250000000000e+06
1.595139000000000000e+06
2.213378250000000000e+06
2.948339250000000000e+06
2.574233750000000000e+06
2.099430500000000000e+06
3.362011000000000000e+06
2.192401000000000000e+06
2.024264750000000000e+06
2.776788000000000000e+06
2.409974250000000000e+06
2.273943250000000000e+06
2.257184250000000000e+06
2.956863750000000000e+06
2.097067750000000000e+06
2.787118500000000000e+06
2.315308250000000000e+06
3.125522000000000000e+06
2.442093750000000000e+06
2.353433250000000000e+06
3.016854250000000000e+06
2.057479750000000000e+06
2.605917750000000000e+06
2.068976500000000000e+06
2.280439500000000000e+06
2.499380000000000000e+06
2.565150500000000000e+06
2.544871750000000000e+06
1.651768250000000000e+06
1.928610625000000000e+06
2.383261750000000000e+06
3.472799000000000000e+06
2.598439500000000000e+06
2.652457500000000000e+06
2.897525750000000000e+06
2.138265000000000000e+06
2.915601000000000000e+06
2.459220000000000000e+06
2.700724750000000000e+06
2.390368000000000000e+06
2.165497500000000000e+06
2.316243750000000000e+06
2.519345750000000000e+06
2.357909250000000000e+06
1.839884250000000000e+06
2.442313750000000000e+06
2.335783500000000000e+06
2.352767500000000000e+06
2.153210000000000000e+06
2.383968500000000000e+06
2.798326500000000000e+06
3.148104250000000000e+06
1.927822000000000000e+06
2.566017000000000000e+06
2.756265250000000000e+06
2.078428625000000000e+06
2.246105500000000000e+06
3.080688000000000000e+06
3.624241750000000000e+06
2.221846500000000000e+06
2.442338500000000000e+06
2.502467750000000000e+06
2.301605250000000000e+06
2.830290250000000000e+06
1.782692375000000000e+06
3.164430500000000000e+06
2.917879000000000000e+06
2.086077000000000000e+06
2.404287750000000000e+06
2.392656250000000000e+06
2.302900250000000000e+06
1.946028375000000000e+06
2.129472750000000000e+06
2.295241750000000000e+06
2.889570500000000000e+06
2.277211500000000000e+06
1.850707625000000000e+06
2.874079750000000000e+06
2.680799250000000000e+06
2.785350250000000000e+06
2.274094750000000000e+06
2.583126500000000000e+06
2.705570000000000000e+06
2.473990000000000000e+06
2.979721500000000000e+06
1.790947625000000000e+06
3.023853000000000000e+06
1.718189750000000000e+06
2.118266000000000000e+06
2.422459000000000000e+06
2.857682750000000000e+06
2.504964500000000000e+06
2.158524500000000000e+06
2.241060000000000000e+06
3.125059250000000000e+06
2.993949000000000000e+06
2.646775750000000000e+06
3.484789250000000000e+06
2.234417500000000000e+06
1.873538875000000000e+06
2.004850875000000000e+06
2.486586250000000000e+06
1.805669875000000000e+06
2.311894000000000000e+06
1.980837375000000000e+06
2.031496500000000000e+06
1.847119250000000000e+06
2.217102750000000000e+06
2.294324500000000000e+06
2.240165500000000000e+06
3.281700250000000000e+06
2.931264000000000000e+06
2.110649250000000000e+06
2.779055000000000000e+06
2.018961000000000000e+06
2.961023000000000000e+06
2.257147000000000000e+06
1.763320625000000000e+06
2.289035250000000000e+06
2.383368750000000000e+06
2.908228750000000000e+06
1.864022625000000000e+06
2.621151000000000000e+06
1.951762250000000000e+06
3.341905500000000000e+06
1.897312250000000000e+06
1.622610750000000000e+06
2.635155500000000000e+06
2.240468750000000000e+06
2.064901375000000000e+06
2.417229750000000000e+06
1.575528500000000000e+06
2.111248250000000000e+06
2.281528250000000000e+06
2.095560625000000000e+06
2.275059500000000000e+06
1.830476750000000000e+06
2.122649750000000000e+06
2.288840000000000000e+06
2.585216500000000000e+06
3.542711250000000000e+06
2.450681500000000000e+06
2.551523500000000000e+06
2.506214750000000000e+06
2.863991000000000000e+06
2.375782750000000000e+06
2.098213000000000000e+06
2.919111750000000000e+06
1.948877750000000000e+06
2.292113000000000000e+06
1.945888125000000000e+06
1.452696375000000000e+06
2.372298500000000000e+06
2.071543500000000000e+06
2.198913000000000000e+06
2.093289750000000000e+06
1.955431250000000000e+06
2.538424750000000000e+06
2.984736000000000000e+06
1.628568500000000000e+06
2.302750500000000000e+06
2.511497750000000000e+06
2.980584500000000000e+06
2.542907500000000000e+06
2.228109500000000000e+06
1.941354125000000000e+06
2.067490625000000000e+06
3.361176500000000000e+06
3.075460250000000000e+06
1.492067125000000000e+06
1.856332000000000000e+06
2.145497000000000000e+06
1.539888125000000000e+06
2.504371250000000000e+06
2.996043500000000000e+06
2.400206500000000000e+06
2.264547750000000000e+06
3.023870000000000000e+06
1.954664500000000000e+06
3.144824250000000000e+06
2.087505750000000000e+06
2.501974000000000000e+06
2.099987250000000000e+06
2.115608000000000000e+06
2.287695500000000000e+06
2.313425500000000000e+06
1.757349000000000000e+06
2.429289500000000000e+06
2.227361500000000000e+06
1.473833500000000000e+06
2.992439750000000000e+06
1.610732375000000000e+06
2.050157500000000000e+06
3.290430750000000000e+06
2.646906500000000000e+06
2.434669500000000000e+06
2.762429000000000000e+06
2.431536750000000000e+06
1.873614750000000000e+06
1.774973625000000000e+06
1.982650250000000000e+06
2.588871250000000000e+06
3.199218500000000000e+06
2.604810000000000000e+06
1.785190500000000000e+06
1.973701250000000000e+06
2.214180750000000000e+06
3.793345750000000000e+06
2.047479750000000000e+06
1.238927125000000000e+06
1.778105750000000000e+06
2.326088750000000000e+06
2.840672500000000000e+06
1.952415500000000000e+06
2.274242250000000000e+06
2.253013000000000000e+06
2.745147500000000000e+06
2.070650250000000000e+06
1.983828250000000000e+06
2.871854500000000000e+06
1.856129250000000000e+06
2.036173250000000000e+06
2.297114500000000000e+06
2.427891250000000000e+06
2.594321750000000000e+06
2.077562375000000000e+06
1.643760000000000000e+06
1.899278625000000000e+06
2.631070000000000000e+06
2.953424250000000000e+06
2.176810000000000000e+06
2.755809000000000000e+06
2.331055500000000000e+06
1.997623750000000000e+06
2.513493500000000000e+06
2.697084250000000000e+06
1.777870875000000000e+06
2.590024250000000000e+06
2.160118000000000000e+06
1.919750750000000000e+06
1.825652750000000000e+06
2.499811250000000000e+06
2.272479000000000000e+06
2.768391750000000000e+06
2.122396000000000000e+06
1.918443625000000000e+06
1.927610375000000000e+06
1.844298250000000000e+06
1.797539625000000000e+06
2.954985750000000000e+06
2.192850750000000000e+06
2.085654250000000000e+06
1.863058250000000000e+06
2.081922250000000000e+06
2.378782000000000000e+06
3.032048750000000000e+06
1.997617500000000000e+06
3.181391000000000000e+06
1.713105750000000000e+06
2.022248000000000000e+06
2.751802750000000000e+06
2.074174500000000000e+06
2.351905750000000000e+06
2.050220750000000000e+06
1.960352625000000000e+06
2.257128500000000000e+06
1.701619250000000000e+06
2.865805500000000000e+06
3.036803750000000000e+06
2.574936250000000000e+06
1.569495750000000000e+06
2.193405750000000000e+06
1.544123375000000000e+06
2.661754250000000000e+06
2.902380250000000000e+06
1.598251000000000000e+06
3.021172500000000000e+06
1.827359750000000000e+06
2.408635250000000000e+06
1.700485750000000000e+06
2.667904500000000000e+06
2.488549750000000000e+06
2.034728000000000000e+06
2.918656750000000000e+06
1.336621750000000000e+06
2.037406875000000000e+06
2.510355750000000000e+06
1.757045000000000000e+06
2.389427000000000000e+06
2.492291000000000000e+06
1.906672875000000000e+06
2.142686500000000000e+06
2.731370250000000000e+06
1.786300625000000000e+06
2.587710750000000000e+06
1.581720250000000000e+06
2.342951250000000000e+06
2.613224750000000000e+06
1.907453125000000000e+06
1.954826750000000000e+06
1.648676875000000000e+06
3.242533000000000000e+06
2.011978375000000000e+06
2.378252250000000000e+06
2.599151500000000000e+06
2.347870500000000000e+06
2.671746500000000000e+06
1.890686000000000000e+06
2.286806500000000000e+06
1.768923500000000000e+06
1.481581000000000000e+06
2.971384750000000000e+06
1.923071000000000000e+06
2.061414875000000000e+06
2.280978000000000000e+06
2.832414250000000000e+06
1.890898750000000000e+06
2.719573250000000000e+06
2.249892000000000000e+06
2.331414750000000000e+06
2.569856750000000000e+06
1.562355000000000000e+06
2.061909875000000000e+06
2.108292250000000000e+06
1.405932875000000000e+06
1.566814000000000000e+06
2.170837000000000000e+06
2.223934750000000000e+06
2.212691000000000000e+06
2.146446500000000000e+06
2.360290500000000000e+06
2.101581250000000000e+06
2.161907000000000000e+06
1.853528250000000000e+06
2.081430125000000000e+06
2.601010500000000000e+06
1.914471750000000000e+06
2.093160750000000000e+06
2.136888000000000000e+06
3.630758250000000000e+06
1.905612375000000000e+06
2.293770500000000000e+06
1.940813250000000000e+06
1.728773875000000000e+06
1.501916625000000000e+06
2.135046500000000000e+06
2.258204000000000000e+06
2.094253750000000000e+06
1.909099125000000000e+06
1.409994875000000000e+06
1.799605000000000000e+06
2.673559750000000000e+06
2.873618500000000000e+06
2.214366750000000000e+06
2.274577250000000000e+06
1.656532500000000000e+06
2.114652500000000000e+06
2.410483250000000000e+06
2.155913500000000000e+06
1.822161250000000000e+06
1.542975875000000000e+06
2.064281375000000000e+06
1.767075250000000000e+06
2.616512250000000000e+06
2.700555750000000000e+06
2.170048000000000000e+06
2.990956000000000000e+06
2.003368375000000000e+06
2.378144500000000000e+06
1.697645875000000000e+06
2.215877250000000000e+06
2.532838000000000000e+06
2.404746500000000000e+06
2.327398000000000000e+06
2.111796750000000000e+06
2.336296500000000000e+06
2.522208000000000000e+06
2.409144500000000000e+06
2.294491000000000000e+06
2.679107500000000000e+06
1.763495750000000000e+06
1.928760500000000000e+06
1.517196500000000000e+06
2.106200000000000000e+06
2.450281500000000000e+06
2.180071500000000000e+06
2.394609250000000000e+06
1.827290500000000000e+06
2.369551500000000000e+06
2.520993500000000000e+06
2.473383750000000000e+06
2.180269250000000000e+06
2.973836250000000000e+06
2.136370500000000000e+06
1.730737375000000000e+06
2.238773500000000000e+06
2.107513500000000000e+06
2.220520000000000000e+06
1.892908250000000000e+06
2.053030375000000000e+06
2.718119750000000000e+06
2.001023500000000000e+06
2.283843250000000000e+06
2.501562500000000000e+06
1.924835375000000000e+06
1.878742500000000000e+06
2.061322625000000000e+06
1.887677000000000000e+06
2.334331000000000000e+06
2.377798500000000000e+06
2.057423000000000000e+06
1.285160000000000000e+06
2.343090750000000000e+06
2.143521500000000000e+06
1.810650250000000000e+06
2.279941000000000000e+06
2.145233250000000000e+06
2.067802875000000000e+06
2.000117125000000000e+06
1.319425000000000000e+06
1.780116375000000000e+06
1.979903000000000000e+06
1.522433250000000000e+06
2.062655750000000000e+06
2.372777500000000000e+06
2.196451000000000000e+06
1.908288250000000000e+06
3.239891000000000000e+06
2.285573500000000000e+06
1.370439375000000000e+06
1.988470000000000000e+06
2.067403375000000000e+06
1.181932375000000000e+06
2.013981750000000000e+06
2.141201250000000000e+06
1.804348250000000000e+06
2.026269250000000000e+06
1.681625250000000000e+06
3.455904000000000000e+06
9.244106250000000000e+05
2.361031500000000000e+06
1.947545625000000000e+06
1.829282125000000000e+06
1.890742250000000000e+06
1.362947250000000000e+06
1.349219250000000000e+06
2.722408500000000000e+06
2.231655750000000000e+06
2.386135000000000000e+06
2.205089750000000000e+06
1.672385375000000000e+06
1.847753500000000000e+06
2.432872500000000000e+06
2.657046000000000000e+06
2.227659000000000000e+06
2.450940750000000000e+06
2.359798250000000000e+06
2.348780750000000000e+06
1.676192625000000000e+06
2.193040500000000000e+06
2.102376500000000000e+06
1.812808125000000000e+06
1.933166625000000000e+06
2.183625000000000000e+06
1.845952750000000000e+06
2.328904000000000000e+06
2.304910000000000000e+06
1.985568000000000000e+06
1.824172875000000000e+06
1.509491000000000000e+06
2.522888250000000000e+06
1.963127125000000000e+06
1.873717625000000000e+06
1.904332500000000000e+06
1.826669500000000000e+06
2.162474500000000000e+06
1.609480125000000000e+06
1.377897125000000000e+06
2.200842500000000000e+06
2.731600500000000000e+06
1.450396125000000000e+06
1.554043250000000000e+06
2.156466750000000000e+06
2.062291375000000000e+06
2.002227250000000000e+06
2.179521000000000000e+06
1.610904375000000000e+06
1.965422375000000000e+06
2.290482000000000000e+06
2.131033000000000000e+06
1.612232000000000000e+06
1.620661000000000000e+06
2.198683000000000000e+06
1.788383375000000000e+06
2.011739125000000000e+06
2.169343250000000000e+06
1.791072875000000000e+06
2.653044250000000000e+06
1.550651000000000000e+06
2.519099500000000000e+06
2.596481250000000000e+06
1.427953000000000000e+06
1.726593875000000000e+06
2.109954000000000000e+06
2.852465750000000000e+06
1.553574750000000000e+06
1.688576750000000000e+06
2.109311000000000000e+06
1.785532000000000000e+06
2.562136500000000000e+06
2.193779000000000000e+06
1.532399125000000000e+06
1.130275375000000000e+06
2.344008750000000000e+06
1.485167250000000000e+06
9.917773125000000000e+05
1.850686875000000000e+06
1.680424000000000000e+06
2.319371750000000000e+06
2.551420250000000000e+06
1.577866125000000000e+06
2.138474500000000000e+06
2.117665750000000000e+06
2.202887000000000000e+06
3.015453250000000000e+06
1.937214125000000000e+06
1.620369375000000000e+06
1.714337750000000000e+06
1.738424250000000000e+06
2.286214000000000000e+06
2.502238500000000000e+06
1.719670750000000000e+06
1.549909500000000000e+06
3.188053500000000000e+06
2.044455000000000000e+06
2.085780500000000000e+06
1.776662250000000000e+06
1.776751875000000000e+06
1.197748500000000000e+06
1.596092625000000000e+06
1.442522000000000000e+06
2.170036500000000000e+06
2.878225750000000000e+06
2.278244500000000000e+06
2.038237125000000000e+06
2.440390500000000000e+06
1.716131500000000000e+06
1.844712500000000000e+06
1.694823375000000000e+06
1.958874250000000000e+06
1.576206375000000000e+06
2.766144500000000000e+06
2.399925250000000000e+06
1.504521750000000000e+06
1.761524000000000000e+06
2.215276250000000000e+06
1.588283000000000000e+06
2.119738750000000000e+06
1.573363250000000000e+06
1.971123500000000000e+06
1.916361125000000000e+06
1.698309125000000000e+06
2.768743000000000000e+06
2.883133750000000000e+06
2.041441875000000000e+06
2.744469750000000000e+06
1.930436875000000000e+06
1.817972875000000000e+06
1.966625125000000000e+06
1.164459125000000000e+06
1.955050500000000000e+06
2.090646000000000000e+06
2.485444750000000000e+06
1.700683375000000000e+06
1.417448500000000000e+06
1.718001625000000000e+06
1.945670750000000000e+06
2.093599000000000000e+06
2.555538000000000000e+06
1.711813375000000000e+06
1.560135250000000000e+06
1.764382125000000000e+06
2.703259750000000000e+06
2.082099000000000000e+06
2.114689500000000000e+06
2.506026500000000000e+06
1.492291875000000000e+06
2.007362875000000000e+06
2.249993500000000000e+06
1.660009875000000000e+06
9.609150000000000000e+05
1.965538625000000000e+06
1.378617125000000000e+06
2.609001250000000000e+06
1.895587625000000000e+06
2.263761000000000000e+06
2.600652500000000000e+06
1.915362875000000000e+06
2.434874000000000000e+06
1.528720875000000000e+06
2.057256125000000000e+06
2.080849625000000000e+06
1.768774000000000000e+06
1.952418500000000000e+06
1.803721875000000000e+06
1.578044375000000000e+06
1.596079625000000000e+06
2.346260500000000000e+06
2.013395000000000000e+06
2.158485000000000000e+06
1.846081250000000000e+06
1.232327000000000000e+06
1.460562375000000000e+06
1.941593875000000000e+06
1.467086000000000000e+06
1.752349250000000000e+06
2.496117250000000000e+06
1.716059625000000000e+06
1.914895625000000000e+06
1.803375000000000000e+06
1.751605250000000000e+06
1.870009125000000000e+06
1.632172500000000000e+06
1.757444375000000000e+06
1.813357125000000000e+06
1.645396000000000000e+06
1.594300875000000000e+06
2.520655000000000000e+06
1.944597375000000000e+06
1.815498875000000000e+06
2.108112750000000000e+06
1.684577500000000000e+06
1.902753375000000000e+06
2.664965000000000000e+06
1.449479125000000000e+06
1.582787375000000000e+06
1.588246750000000000e+06
1.761049125000000000e+06
1.271257250000000000e+06
1.160045375000000000e+06
1.896588875000000000e+06
1.015354687500000000e+06
2.310837750000000000e+06
3.017409000000000000e+06
1.533091625000000000e+06
2.078598250000000000e+06
1.488083500000000000e+06
1.703215250000000000e+06
1.866921250000000000e+06
2.760070000000000000e+06
2.446635500000000000e+06
1.926499000000000000e+06
1.817165500000000000e+06
1.777032500000000000e+06
1.160599125000000000e+06
2.413079250000000000e+06
1.623761625000000000e+06
1.754833250000000000e+06
1.983202250000000000e+06
1.756737125000000000e+06
2.449486500000000000e+06
1.783564250000000000e+06
1.350886625000000000e+06
1.633373750000000000e+06
1.650173000000000000e+06
2.047128000000000000e+06
1.707263000000000000e+06
2.138461250000000000e+06
2.076356000000000000e+06
1.383095500000000000e+06
1.460178500000000000e+06
1.230345625000000000e+06
1.823309625000000000e+06
1.323523000000000000e+06
1.402156875000000000e+06
1.270448000000000000e+06
9.995731875000000000e+05
1.794780750000000000e+06
1.350078625000000000e+06
1.299499375000000000e+06
1.687247000000000000e+06
1.053091125000000000e+06
2.044723875000000000e+06
1.912602500000000000e+06
2.519964000000000000e+06
2.376375000000000000e+06
3.174751750000000000e+06
2.430994000000000000e+06
1.739631125000000000e+06
1.969376750000000000e+06
2.305308750000000000e+06
1.316006500000000000e+06
1.575669500000000000e+06
1.368975750000000000e+06
1.603688375000000000e+06
1.442168625000000000e+06
1.650041750000000000e+06
1.427793375000000000e+06
1.986489250000000000e+06
1.736555250000000000e+06
1.923272875000000000e+06
1.305584625000000000e+06
1.788565875000000000e+06
1.526735125000000000e+06
2.267993000000000000e+06
1.503236625000000000e+06
1.837056625000000000e+06
2.008619625000000000e+06
2.199682000000000000e+06
1.788834250000000000e+06
2.163668250000000000e+06
1.648188375000000000e+06
1.531144750000000000e+06
1.744270500000000000e+06
1.823337250000000000e+06
1.544274625000000000e+06
1.594127250000000000e+06
1.672045500000000000e+06
1.690631125000000000e+06
2.040270500000000000e+06
1.457897500000000000e+06
2.493785500000000000e+06
2.469916500000000000e+06
1.647428000000000000e+06
1.689589875000000000e+06
1.534992125000000000e+06
1.787627125000000000e+06
1.879162625000000000e+06
1.494393875000000000e+06
1.734859125000000000e+06
1.973765125000000000e+06
1.216106750000000000e+06
1.719614875000000000e+06
2.793609750000000000e+06
1.871997500000000000e+06
1.287513875000000000e+06
6.253485000000000000e+05
2.034830125000000000e+06
1.843332500000000000e+06
1.200397500000000000e+06
1.927575375000000000e+06
2.151802250000000000e+06
1.883880875000000000e+06
1.864651250000000000e+06
2.017630375000000000e+06
1.503019000000000000e+06
2.183958750000000000e+06
2.027427375000000000e+06
1.953821500000000000e+06
1.603587250000000000e+06
1.812595250000000000e+06
1.132601125000000000e+06
1.717059750000000000e+06
9.869153750000000000e+05
1.297912250000000000e+06
1.757753250000000000e+06
1.605896750000000000e+06
1.829702375000000000e+06
1.269158750000000000e+06
2.315246000000000000e+06
1.494857375000000000e+06
1.654726750000000000e+06
2.004536875000000000e+06
1.920166000000000000e+06
1.424170500000000000e+06
2.240222750000000000e+06
1.875013500000000000e+06
1.312142500000000000e+06
1.397004000000000000e+06
1.376353125000000000e+06
1.534906500000000000e+06
1.022998687500000000e+06
1.792620250000000000e+06
1.079118500000000000e+06
1.731921875000000000e+06
1.409757500000000000e+06
1.954409875000000000e+06
1.406405500000000000e+06
1.420835625000000000e+06
1.480764875000000000e+06
1.716349375000000000e+06
9.541273750000000000e+05
1.281711250000000000e+06
1.915829375000000000e+06
1.347415250000000000e+06
1.543476625000000000e+06
1.346477125000000000e+06
1.629792000000000000e+06
1.501158500000000000e+06
1.276915750000000000e+06
2.203984000000000000e+06
1.669012000000000000e+06
1.735598750000000000e+06
1.802463875000000000e+06
1.949643125000000000e+06
1.865372375000000000e+06
1.985257875000000000e+06
1.425659000000000000e+06
1.358952250000000000e+06
1.901276375000000000e+06
1.623692000000000000e+06
1.460950500000000000e+06
1.561861750000000000e+06
1.197198000000000000e+06
2.089415500000000000e+06
1.718493625000000000e+06
1.173651125000000000e+06
2.163746250000000000e+06
1.518685500000000000e+06
1.482757625000000000e+06
1.455646625000000000e+06
2.220049750000000000e+06
1.697883000000000000e+06
1.888629250000000000e+06
1.681632250000000000e+06
1.296303375000000000e+06
1.183636625000000000e+06
1.332453375000000000e+06
1.274573250000000000e+06
1.614681750000000000e+06
2.020554750000000000e+06
1.592488000000000000e+06
2.075585000000000000e+06
1.954761250000000000e+06
2.029920000000000000e+06
1.505962750000000000e+06
2.034869750000000000e+06
1.283364000000000000e+06
1.079791875000000000e+06
1.723522875000000000e+06
1.935077250000000000e+06
1.998517375000000000e+06
1.558718000000000000e+06
1.425799500000000000e+06
1.780103500000000000e+06
1.096563875000000000e+06
1.564891125000000000e+06
1.852877125000000000e+06
1.400438250000000000e+06
1.355375375000000000e+06
1.348545750000000000e+06
1.951673000000000000e+06
2.223318000000000000e+06
1.552391500000000000e+06
1.338506375000000000e+06
1.243483125000000000e+06
2.419487250000000000e+06
1.449678000000000000e+06
1.715120000000000000e+06
1.882528000000000000e+06
1.857323500000000000e+06
1.562767500000000000e+06
1.388039000000000000e+06
1.914582875000000000e+06
2.020435125000000000e+06
1.532981000000000000e+06
1.151036375000000000e+06
2.112636750000000000e+06
1.643361875000000000e+06
1.508965625000000000e+06
1.096253375000000000e+06
1.422030750000000000e+06
1.376179625000000000e+06
1.575666125000000000e+06
1.162592375000000000e+06
1.475106125000000000e+06
1.046170375000000000e+06
1.790914750000000000e+06
1.299988250000000000e+06
2.251053500000000000e+06
1.235432750000000000e+06
2.234288750000000000e+06
1.447981125000000000e+06
2.306276750000000000e+06
1.563849250000000000e+06
1.692830875000000000e+06
8.994069375000000000e+05
1.196206125000000000e+06
1.672713000000000000e+06
1.476467625000000000e+06
1.537124250000000000e+06
2.104178750000000000e+06
1.285119125000000000e+06
1.839612750000000000e+06
1.786342750000000000e+06
1.395320875000000000e+06
2.337372750000000000e+06
1.177617500000000000e+06
1.666911750000000000e+06
1.813659000000000000e+06
2.759529000000000000e+06
1.838329125000000000e+06
1.487260375000000000e+06
1.514806875000000000e+06
1.112030375000000000e+06
1.195950875000000000e+06
1.517802250000000000e+06
1.417632000000000000e+06
1.547648375000000000e+06
1.624213125000000000e+06
1.446481500000000000e+06
1.316260875000000000e+06
1.538229125000000000e+06
