1.169202880859375000e+03
2.304521972656250000e+03
2.205754394531250000e+03
2.909376464843750000e+03
1.264322021484375000e+03
3.767310546875000000e+03
3.029838378906250000e+03
1.972327758789062500e+03
1.067543334960937500e+03
1.803405395507812500e+03
1.400734008789062500e+03
8.127521362304687500e+02
2.176609863281250000e+03
3.574956542968750000e+03
2.167642822265625000e+03
6.451256103515625000e+02
2.498082275390625000e+03
8.821296386718750000e+02
6.412438964843750000e+02
2.036193603515625000e+03
2.655914062500000000e+03
1.616821899414062500e+02
5.912437988281250000e+03
1.248171264648437500e+03
2.663176025390625000e+03
1.232632080078125000e+03
3.693839111328125000e+03
2.806143066406250000e+03
2.862108398437500000e+03
4.564533203125000000e+03
7.545887451171875000e+02
1.094016235351562500e+03
2.658837890625000000e+03
2.579442626953125000e+03
7.834744873046875000e+02
1.571364257812500000e+03
1.630525268554687500e+03
2.142654785156250000e+03
9.513336181640625000e+02
1.003583129882812500e+03
2.168927246093750000e+03
3.861875000000000000e+02
2.910951416015625000e+03
9.415676269531250000e+02
5.649583740234375000e+02
9.415988159179687500e+02
3.828366088867187500e+02
2.254370361328125000e+03
1.634545776367187500e+03
2.394660644531250000e+03
7.833619384765625000e+02
9.986547241210937500e+02
2.370343261718750000e+03
2.930613525390625000e+03
4.995454406738281250e+02
1.335813720703125000e+03
1.052337524414062500e+03
6.396771240234375000e+02
4.435034484863281250e+02
7.986095581054687500e+02
4.569072265625000000e+02
9.543743896484375000e+02
5.083649291992187500e+02
1.385160522460937500e+03
1.225106079101562500e+03
9.668826904296875000e+02
2.059911376953125000e+03
1.495949584960937500e+03
3.408109741210937500e+02
1.499195800781250000e+03
3.382069702148437500e+02
2.512182006835937500e+02
1.300638427734375000e+03
2.088709472656250000e+03
1.119780639648437500e+03
8.339735107421875000e+02
9.742142333984375000e+02
1.066244018554687500e+03
4.845090942382812500e+02
7.077669677734375000e+02
1.832176818847656250e+02
9.064817504882812500e+02
6.044600830078125000e+02
6.110896606445312500e+02
7.803428955078125000e+02
2.339603576660156250e+02
1.628227172851562500e+03
6.216437377929687500e+02
9.619440307617187500e+02
1.798814697265625000e+03
4.108165283203125000e+02
6.986348266601562500e+02
5.611088867187500000e+02
5.472767944335937500e+02
5.242636718750000000e+02
1.003036682128906250e+03
1.940783203125000000e+03
2.812357177734375000e+02
8.366488647460937500e+02
1.891597656250000000e+03
4.748656616210937500e+02
1.268426635742187500e+03
6.299279174804687500e+02
8.421291503906250000e+02
1.028351562500000000e+03
1.751399688720703125e+02
1.237970214843750000e+03
4.589664306640625000e+02
5.890025634765625000e+02
2.364035034179687500e+02
1.987773925781250000e+03
4.262235412597656250e+02
2.509279174804687500e+02
1.080508544921875000e+03
6.144749755859375000e+02
3.589271850585937500e+02
1.286504272460937500e+03
6.356416625976562500e+02
8.908609619140625000e+02
1.181140625000000000e+03
2.831813964843750000e+02
3.586361083984375000e+02
6.477225341796875000e+02
2.163293945312500000e+03
6.669483642578125000e+02
9.536276855468750000e+02
7.416990966796875000e+02
6.914905395507812500e+02
3.038188476562500000e+02
1.840935180664062500e+03
6.972351684570312500e+02
1.685673828125000000e+03
6.187430419921875000e+02
6.871491699218750000e+02
6.792921752929687500e+02
1.335776367187500000e+03
5.794957885742187500e+02
9.678460083007812500e+02
2.190168762207031250e+02
3.896561279296875000e+02
7.004442749023437500e+02
1.731448730468750000e+03
3.949258422851562500e+02
7.211239013671875000e+02
1.866696777343750000e+03
5.859547729492187500e+02
1.132341430664062500e+03
6.660035400390625000e+02
2.881678161621093750e+02
2.211889953613281250e+02
6.598656005859375000e+02
1.374199218750000000e+03
3.713806457519531250e+02
9.475100708007812500e+02
9.306176757812500000e+02
9.395758666992187500e+02
8.619533691406250000e+02
5.954609375000000000e+02
3.128052368164062500e+02
6.419998779296875000e+02
2.362114746093750000e+03
3.945949707031250000e+02
4.070695495605468750e+02
1.673075927734375000e+03
8.956699218750000000e+02
3.815304565429687500e+02
1.442946014404296875e+02
6.786840820312500000e+02
7.633753051757812500e+02
3.205375976562500000e+02
7.068484497070312500e+02
1.074431152343750000e+03
1.325652160644531250e+02
2.130930633544921875e+02
1.375929443359375000e+03
4.739570922851562500e+02
2.401625518798828125e+02
1.573554443359375000e+03
9.620045166015625000e+02
9.490727539062500000e+02
1.366331420898437500e+03
3.918567504882812500e+02
4.688295593261718750e+02
8.752508544921875000e+01
1.528398071289062500e+03
5.265056152343750000e+02
1.625701660156250000e+03
1.671406738281250000e+03
2.682350463867187500e+02
3.893981933593750000e+02
8.799711303710937500e+02
7.625462036132812500e+02
6.208422851562500000e+02
1.255043701171875000e+03
3.411472778320312500e+02
4.970557556152343750e+02
2.627376708984375000e+02
4.441528320312500000e+02
2.245568847656250000e+03
1.356591796875000000e+03
4.756541748046875000e+02
4.715170898437500000e+02
1.371534301757812500e+03
2.447462158203125000e+02
3.492730712890625000e+02
6.512730712890625000e+02
8.751931762695312500e+02
1.902192687988281250e+02
9.758212280273437500e+02
3.870952453613281250e+02
1.121439208984375000e+03
2.506942443847656250e+02
8.793442382812500000e+02
5.413026123046875000e+02
1.116684814453125000e+03
8.124161376953125000e+02
6.258101806640625000e+02
2.139395507812500000e+03
1.539453430175781250e+02
2.281049499511718750e+02
4.090487060546875000e+02
2.826362609863281250e+02
9.582891235351562500e+02
4.916259460449218750e+02
4.421322937011718750e+02
1.788628387451171875e+02
4.046426086425781250e+02
6.289164428710937500e+02
2.150199737548828125e+02
7.663351440429687500e+02
1.012669067382812500e+03
9.991566772460937500e+02
1.133224365234375000e+03
3.540972900390625000e+02
3.985321044921875000e+02
8.123348999023437500e+02
7.906966552734375000e+02
9.213536376953125000e+02
4.237955932617187500e+02
5.816607666015625000e+02
3.614229736328125000e+02
3.330277404785156250e+02
7.973960571289062500e+02
2.510178070068359375e+02
2.174309082031250000e+02
4.300388793945312500e+02
1.410160827636718750e+02
1.105512695312500000e+03
1.258168212890625000e+03
8.630745239257812500e+02
1.857121826171875000e+03
7.477487792968750000e+02
3.941187744140625000e+02
7.189876708984375000e+02
6.352921142578125000e+02
6.479963989257812500e+02
7.452004394531250000e+02
3.683009338378906250e+02
6.976237792968750000e+02
9.545999755859375000e+02
3.669473571777343750e+02
5.589726562500000000e+02
9.572623291015625000e+02
5.662551269531250000e+02
7.504732055664062500e+02
3.744887390136718750e+02
4.161958312988281250e+02
2.441485595703125000e+02
3.768417663574218750e+02
1.294232788085937500e+02
1.089810714721679688e+02
5.968648681640625000e+02
8.247166748046875000e+02
8.958216552734375000e+02
1.394416259765625000e+03
5.722626953125000000e+02
1.111390991210937500e+03
6.228331298828125000e+02
8.034243164062500000e+02
1.902089538574218750e+02
1.839477844238281250e+02
2.401631927490234375e+02
5.249108886718750000e+02
6.949608764648437500e+02
1.142052246093750000e+03
1.369069824218750000e+02
1.167836425781250000e+03
2.118579406738281250e+02
7.156155395507812500e+02
5.857042236328125000e+02
3.755556945800781250e+02
9.036126708984375000e+02
4.923807983398437500e+02
5.391502685546875000e+02
6.601415405273437500e+02
4.914441528320312500e+02
3.051752929687500000e+02
1.487933105468750000e+03
9.247015380859375000e+02
8.769494628906250000e+02
7.227764129638671875e+01
5.599833374023437500e+02
2.017549896240234375e+02
6.040305175781250000e+02
5.284718627929687500e+02
2.412194671630859375e+02
1.010469238281250000e+03
4.553242187500000000e+02
4.689705810546875000e+02
2.133803558349609375e+02
2.945317687988281250e+02
4.083854980468750000e+02
7.663606567382812500e+02
3.791027832031250000e+02
1.228952880859375000e+03
4.414603576660156250e+02
5.223776855468750000e+02
4.305711059570312500e+02
3.853878479003906250e+02
3.313401184082031250e+02
1.732207031250000000e+02
7.663936157226562500e+02
5.658542480468750000e+02
1.084891845703125000e+03
1.435463256835937500e+02
1.548746032714843750e+02
2.761879272460937500e+02
3.652968750000000000e+02
5.802082519531250000e+02
3.541234741210937500e+02
5.505896606445312500e+02
1.749855804443359375e+02
1.046505737304687500e+03
3.183370971679687500e+02
7.459763793945312500e+02
8.631047973632812500e+02
2.810043640136718750e+02
1.280578369140625000e+03
4.052734375000000000e+02
5.619666748046875000e+02
9.336131591796875000e+02
2.512498474121093750e+02
3.282897644042968750e+02
2.260920257568359375e+02
2.130618286132812500e+02
4.045247497558593750e+02
1.780319976806640625e+02
1.663095703125000000e+03
9.083985595703125000e+02
3.022677001953125000e+02
5.273470458984375000e+02
2.763811645507812500e+02
3.626421813964843750e+02
3.764248352050781250e+02
6.048696899414062500e+02
4.496403808593750000e+02
7.853069458007812500e+02
3.042850036621093750e+02
1.549604034423828125e+02
4.712609863281250000e+02
8.277826538085937500e+02
4.311630859375000000e+02
2.376888275146484375e+02
2.206108093261718750e+02
5.918975830078125000e+02
1.014165039062500000e+02
4.876196594238281250e+02
5.084529418945312500e+02
6.910476684570312500e+02
5.457219238281250000e+02
4.388369140625000000e+02
2.309361572265625000e+02
3.198105468750000000e+02
1.828214263916015625e+02
8.793451538085937500e+02
1.267498016357421875e+02
2.563341979980468750e+02
6.395297241210937500e+02
4.255755004882812500e+02
6.973508911132812500e+02
5.529923095703125000e+02
1.162963180541992188e+02
3.518046875000000000e+02
2.014629974365234375e+02
5.861436157226562500e+02
9.772467651367187500e+02
3.158849792480468750e+02
4.604655151367187500e+02
4.150957031250000000e+02
2.773603210449218750e+02
1.211246490478515625e+02
4.432978820800781250e+02
6.302247314453125000e+02
3.689179687500000000e+02
1.775770263671875000e+02
3.571583862304687500e+02
5.794985961914062500e+02
1.824528961181640625e+02
1.000607452392578125e+02
6.654575195312500000e+02
3.445485229492187500e+02
8.118027954101562500e+02
1.134638519287109375e+02
5.037668457031250000e+02
2.362628021240234375e+02
9.470631408691406250e+01
2.028115844726562500e+02
3.296588134765625000e+02
2.341067810058593750e+02
3.346498107910156250e+02
5.642043457031250000e+02
2.423373413085937500e+02
1.377143096923828125e+02
2.459850616455078125e+02
4.239300842285156250e+02
2.205802001953125000e+02
8.902236328125000000e+02
3.475814208984375000e+02
3.711597290039062500e+02
5.129227905273437500e+02
8.366798095703125000e+02
1.667964324951171875e+02
4.591655883789062500e+02
8.177444458007812500e+01
5.336456298828125000e+02
4.365129394531250000e+02
3.594012145996093750e+02
8.254091796875000000e+02
3.136640319824218750e+02
7.307795410156250000e+02
2.515399169921875000e+02
2.883384399414062500e+02
1.823612823486328125e+02
3.116342773437500000e+02
4.354245910644531250e+02
2.859482421875000000e+02
1.814445953369140625e+02
1.282262268066406250e+02
2.067962646484375000e+02
5.997329101562500000e+02
4.933300170898437500e+02
7.994257202148437500e+02
5.043548583984375000e+02
4.068518676757812500e+02
1.968593139648437500e+02
4.417651367187500000e+02
4.651073608398437500e+02
3.612309875488281250e+02
3.285469970703125000e+02
1.552699279785156250e+02
2.452323303222656250e+02
3.125200500488281250e+02
4.902615661621093750e+02
2.162439422607421875e+02
3.828092346191406250e+02
2.393748168945312500e+02
3.129787597656250000e+02
3.933256225585937500e+02
2.941648559570312500e+02
2.136788940429687500e+02
5.886918945312500000e+02
6.209895019531250000e+02
1.148349914550781250e+02
4.686535644531250000e+02
2.458773498535156250e+02
8.773405456542968750e+01
5.468298339843750000e+02
3.119422607421875000e+02
5.100367126464843750e+02
2.256483764648437500e+02
1.789280242919921875e+02
4.364308471679687500e+02
3.414292297363281250e+02
1.443561706542968750e+02
2.272710266113281250e+02
2.916311340332031250e+02
2.462500762939453125e+02
5.340618286132812500e+02
1.796842041015625000e+02
3.408796997070312500e+02
3.321596679687500000e+02
3.646260681152343750e+02
2.508477172851562500e+02
4.893391113281250000e+02
2.530963592529296875e+02
2.187247772216796875e+02
2.838918151855468750e+02
3.640769653320312500e+02
2.109788360595703125e+02
1.561165008544921875e+02
6.628013610839843750e+01
1.637388916015625000e+02
1.466496887207031250e+02
5.249328613281250000e+02
5.008102722167968750e+02
1.726825408935546875e+02
2.599495544433593750e+02
3.456110839843750000e+02
1.978614501953125000e+02
6.790166625976562500e+02
9.560180664062500000e+02
3.243389282226562500e+02
1.718479003906250000e+02
2.381298370361328125e+02
3.995084838867187500e+02
3.956100463867187500e+02
3.352746582031250000e+02
5.496364746093750000e+02
4.154667968750000000e+02
3.927418212890625000e+02
3.224584350585937500e+02
1.774659576416015625e+02
4.187320556640625000e+02
3.343832092285156250e+02
3.303946533203125000e+02
1.194647064208984375e+02
2.477076721191406250e+02
5.887625732421875000e+02
4.124675292968750000e+02
1.646283874511718750e+02
3.726607360839843750e+02
3.637209167480468750e+02
5.071217956542968750e+02
2.261387634277343750e+02
1.594000701904296875e+02
1.484577789306640625e+02
2.191823577880859375e+02
1.469416656494140625e+02
6.671793212890625000e+02
1.358453216552734375e+02
2.028055725097656250e+02
4.700227661132812500e+02
2.155725402832031250e+02
1.136747283935546875e+02
5.235872192382812500e+02
1.208004531860351562e+02
4.310111694335937500e+02
1.392166900634765625e+02
2.531040039062500000e+02
4.872810058593750000e+02
1.855990905761718750e+02
4.154170837402343750e+02
2.584480590820312500e+02
8.395474853515625000e+02
3.586901245117187500e+02
1.078016891479492188e+02
1.801386871337890625e+02
2.414951477050781250e+02
3.454783935546875000e+02
1.812487335205078125e+02
1.862312316894531250e+02
1.739284057617187500e+02
1.619684143066406250e+02
7.095208740234375000e+02
2.824585266113281250e+02
2.733235168457031250e+02
3.410888671875000000e+02
2.682248840332031250e+02
1.474670257568359375e+02
6.150976562500000000e+02
1.918385925292968750e+02
3.059234619140625000e+02
2.498857727050781250e+02
1.432827606201171875e+02
4.969678955078125000e+02
2.196382293701171875e+02
1.024906997680664062e+02
3.543161010742187500e+02
3.214200439453125000e+02
3.085914916992187500e+02
3.082895507812500000e+02
1.701028900146484375e+02
1.345928955078125000e+02
3.975292358398437500e+02
1.854757995605468750e+02
5.130665283203125000e+02
1.289040679931640625e+02
2.720209350585937500e+02
2.900071411132812500e+02
3.273431701660156250e+02
1.374115447998046875e+02
1.717851409912109375e+02
1.318967132568359375e+02
2.098417510986328125e+02
2.947480468750000000e+02
3.377538146972656250e+02
4.235209960937500000e+02
1.447425384521484375e+02
3.868682861328125000e+02
2.478664245605468750e+02
4.345162963867187500e+02
2.031069335937500000e+02
3.422266235351562500e+02
8.056724548339843750e+01
3.827484130859375000e+02
1.072848968505859375e+02
2.372105407714843750e+02
1.239095611572265625e+02
1.349264678955078125e+02
1.368388366699218750e+02
1.567826843261718750e+02
5.357915649414062500e+02
2.110237426757812500e+02
3.095415649414062500e+02
3.344275512695312500e+02
4.179560546875000000e+02
1.395923004150390625e+02
7.247985839843750000e+01
2.384289398193359375e+02
5.505671997070312500e+02
1.956385803222656250e+02
2.980649108886718750e+02
3.002503662109375000e+02
3.546006164550781250e+02
5.333802490234375000e+02
5.040598754882812500e+02
1.316127929687500000e+02
5.805726318359375000e+02
4.534250793457031250e+02
2.247267761230468750e+02
3.234038085937500000e+02
3.382426147460937500e+02
3.647655334472656250e+02
4.199415283203125000e+02
1.951901397705078125e+02
3.849848022460937500e+02
2.131670379638671875e+02
2.029686737060546875e+02
1.219573822021484375e+02
1.799926147460937500e+02
5.649665527343750000e+02
3.904407348632812500e+02
2.142337036132812500e+02
2.568093872070312500e+02
3.891299438476562500e+02
1.266013183593750000e+02
1.090549087524414062e+02
4.567911376953125000e+02
3.377971496582031250e+02
3.390018615722656250e+02
1.948544311523437500e+02
2.111514434814453125e+02
4.455266723632812500e+02
1.414671936035156250e+02
1.701764373779296875e+02
1.766668853759765625e+02
1.462357788085937500e+02
2.163445281982421875e+02
4.681365356445312500e+02
1.273151245117187500e+02
3.071323852539062500e+02
3.978225402832031250e+02
4.428215332031250000e+02
2.392476348876953125e+02
4.022948303222656250e+02
2.410087890625000000e+02
2.212423400878906250e+02
1.910886840820312500e+02
1.769028625488281250e+02
1.409600982666015625e+02
3.049970397949218750e+02
3.247239990234375000e+02
1.838853454589843750e+02
5.293553466796875000e+02
4.886357421875000000e+02
3.007500610351562500e+02
9.611502075195312500e+01
8.089299774169921875e+01
3.672526245117187500e+02
1.862281188964843750e+02
2.532102813720703125e+02
1.653860321044921875e+02
1.078697662353515625e+02
3.818774414062500000e+02
2.626743469238281250e+02
2.325054016113281250e+02
2.522586212158203125e+02
1.725281372070312500e+02
1.322582702636718750e+02
1.724517578125000000e+03
5.930946044921875000e+02
2.849297485351562500e+02
4.980952758789062500e+02
1.695067749023437500e+02
8.537931518554687500e+02
4.938557128906250000e+02
1.041447631835937500e+03
1.199890594482421875e+02
7.406594238281250000e+02
3.059954833984375000e+02
2.450585479736328125e+02
1.076053466796875000e+03
1.329666870117187500e+03
4.440418701171875000e+02
2.246634368896484375e+02
2.445514068603515625e+02
2.212244873046875000e+02
4.933243408203125000e+02
5.955551757812500000e+02
3.689916687011718750e+02
3.896897583007812500e+02
2.479033966064453125e+02
1.540481872558593750e+02
1.578447875976562500e+02
3.750951843261718750e+02
9.875407409667968750e+01
1.956737518310546875e+02
7.663066406250000000e+02
5.042984313964843750e+02
5.968953857421875000e+02
3.794677124023437500e+02
6.962806396484375000e+02
5.381574707031250000e+02
2.491950836181640625e+02
3.496494750976562500e+02
2.548973388671875000e+02
2.109305419921875000e+02
8.094166870117187500e+02
2.691835021972656250e+02
1.909023590087890625e+02
2.332382507324218750e+02
1.774262084960937500e+02
4.223539428710937500e+02
1.086926803588867188e+02
3.187213134765625000e+02
2.710414428710937500e+02
4.360031127929687500e+02
2.584040527343750000e+02
3.029295654296875000e+02
3.417688293457031250e+02
2.445329895019531250e+02
2.033565063476562500e+02
4.239177246093750000e+02
2.077846679687500000e+02
1.223244018554687500e+02
1.846397705078125000e+02
1.396412353515625000e+02
1.979160614013671875e+02
2.299493713378906250e+02
1.473305664062500000e+02
2.154800262451171875e+02
2.442135314941406250e+02
3.565220642089843750e+02
1.691922454833984375e+02
1.288082580566406250e+02
1.164033813476562500e+02
4.422937622070312500e+02
1.135490264892578125e+02
2.571030273437500000e+02
1.621516418457031250e+02
1.702832794189453125e+02
8.780782318115234375e+01
3.474267578125000000e+02
2.365815582275390625e+02
5.636151733398437500e+02
2.243229675292968750e+02
1.929733123779296875e+02
2.128292999267578125e+02
3.926575927734375000e+02
1.761445007324218750e+02
9.742463684082031250e+01
1.296436920166015625e+02
3.978314208984375000e+02
1.735413360595703125e+02
1.573262786865234375e+02
1.859685668945312500e+02
2.178576202392578125e+02
3.366102600097656250e+02
3.813787231445312500e+02
2.917904357910156250e+02
1.138465881347656250e+02
3.560771179199218750e+02
1.614277496337890625e+02
2.749341735839843750e+02
1.701241760253906250e+02
2.119953308105468750e+02
1.668253479003906250e+02
2.081665191650390625e+02
1.606918334960937500e+02
2.478538818359375000e+02
3.059841003417968750e+02
1.785411987304687500e+02
1.379964599609375000e+02
3.075462646484375000e+02
1.227308578491210938e+02
1.587712097167968750e+02
1.417596130371093750e+02
2.312784118652343750e+02
1.720962677001953125e+02
2.231280517578125000e+02
9.575601196289062500e+01
2.381107482910156250e+02
1.371657409667968750e+02
3.711135864257812500e+02
3.890849304199218750e+02
1.271500091552734375e+02
8.696842956542968750e+01
1.350906524658203125e+02
4.204638366699218750e+02
2.401373901367187500e+02
1.311431884765625000e+02
2.972404785156250000e+02
3.790758666992187500e+02
8.949127197265625000e+01
1.262818450927734375e+02
1.150079498291015625e+02
1.596003875732421875e+02
2.515644378662109375e+02
2.536907196044921875e+02
2.130027770996093750e+02
6.991905975341796875e+01
1.166986999511718750e+02
3.464414062500000000e+02
1.660846557617187500e+02
3.468626708984375000e+02
1.414741210937500000e+02
2.049265136718750000e+02
1.322306213378906250e+02
1.131348114013671875e+02
1.787794189453125000e+02
1.927375946044921875e+02
2.140509948730468750e+02
1.327566833496093750e+02
2.795917968750000000e+02
1.514494628906250000e+02
4.573563232421875000e+02
2.247152404785156250e+02
1.567108306884765625e+02
2.046315002441406250e+02
1.551914978027343750e+02
1.350515747070312500e+02
9.532891082763671875e+01
1.661171264648437500e+02
2.048320312500000000e+02
3.414774475097656250e+02
1.067880020141601562e+02
1.442721252441406250e+02
1.553007812500000000e+02
2.386278686523437500e+02
1.931178283691406250e+02
1.580347900390625000e+02
4.008344726562500000e+02
2.204332427978515625e+02
8.618211364746093750e+01
1.593927307128906250e+02
2.056572570800781250e+02
1.248621749877929688e+02
1.478977050781250000e+02
1.892815704345703125e+02
1.664494934082031250e+02
1.587918090820312500e+02
3.226513671875000000e+02
6.780486297607421875e+01
1.048788909912109375e+02
2.351526336669921875e+02
3.478726501464843750e+02
3.081380920410156250e+02
5.631466674804687500e+01
2.212376708984375000e+02
1.845070953369140625e+02
3.072846069335937500e+02
2.043841247558593750e+02
1.469796142578125000e+02
2.486004028320312500e+02
5.334229736328125000e+02
1.648561706542968750e+02
1.716433105468750000e+02
1.307973327636718750e+02
4.325217590332031250e+02
3.402247009277343750e+02
3.041036682128906250e+02
1.914483795166015625e+02
2.926892089843750000e+02
1.906854553222656250e+02
8.317601013183593750e+01
1.248722076416015625e+02
8.257418823242187500e+01
3.207509155273437500e+02
2.376140747070312500e+02
1.025481643676757812e+02
1.714326782226562500e+02
9.561198425292968750e+01
1.322086486816406250e+02
6.888712310791015625e+01
1.233480834960937500e+02
2.013162384033203125e+02
2.428408813476562500e+02
9.905928039550781250e+01
1.616753082275390625e+02
7.200157928466796875e+01
1.999686126708984375e+02
1.462909240722656250e+02
2.897270507812500000e+02
1.746920013427734375e+02
2.565621032714843750e+02
1.502994995117187500e+02
1.776370697021484375e+02
2.565386657714843750e+02
1.288590393066406250e+02
1.247836227416992188e+02
2.246802062988281250e+02
2.573566894531250000e+02
1.584181671142578125e+02
3.187229614257812500e+02
1.569998626708984375e+02
1.262675704956054688e+02
1.499559936523437500e+02
1.470582275390625000e+02
1.858717956542968750e+02
1.965637512207031250e+02
1.856663208007812500e+02
1.405491943359375000e+02
1.457781066894531250e+02
9.988143920898437500e+01
4.220738983154296875e+01
1.708548126220703125e+02
2.760112915039062500e+02
1.100693130493164062e+02
3.074719238281250000e+02
1.336296997070312500e+02
1.356638793945312500e+02
2.408783264160156250e+02
1.350301361083984375e+02
2.219466247558593750e+02
1.833367614746093750e+02
1.486409912109375000e+02
1.355613708496093750e+02
2.102139282226562500e+02
3.942296752929687500e+02
1.096371536254882812e+02
1.720881500244140625e+02
2.263497924804687500e+02
2.373377838134765625e+02
1.428819885253906250e+02
8.836877441406250000e+01
4.012701110839843750e+02
1.158462677001953125e+02
1.711965637207031250e+02
1.436651916503906250e+02
1.964945983886718750e+02
1.448166503906250000e+02
1.669024810791015625e+02
2.812438659667968750e+02
2.733953857421875000e+02
2.238237915039062500e+02
2.425515441894531250e+02
1.678885040283203125e+02
1.732476501464843750e+02
1.530304870605468750e+02
1.231221618652343750e+02
1.145690917968750000e+02
2.379084930419921875e+02
1.837318115234375000e+02
1.157572555541992188e+02
1.445133819580078125e+02
9.158895874023437500e+01
9.513150787353515625e+01
1.077393951416015625e+02
1.787997894287109375e+02
2.132294616699218750e+02
2.289814910888671875e+02
1.516807098388671875e+02
7.569155120849609375e+01
1.246060180664062500e+02
7.223156738281250000e+02
3.711952514648437500e+02
