5.653723144531250000e+02
4.750458007812500000e+03
1.392174316406250000e+03
1.212755859375000000e+03
8.036191406250000000e+02
4.959986816406250000e+03
1.440443847656250000e+03
1.557872680664062500e+03
9.033930053710937500e+02
1.354043945312500000e+03
2.002527954101562500e+03
3.393303955078125000e+03
7.924969482421875000e+02
1.071457153320312500e+03
1.102768798828125000e+03
6.057667236328125000e+02
1.567968261718750000e+03
4.598515136718750000e+03
1.005901611328125000e+03
1.991998291015625000e+03
3.370900268554687500e+02
7.199062500000000000e+02
4.286171875000000000e+03
1.847150512695312500e+03
8.672758789062500000e+02
8.927476806640625000e+02
2.430217041015625000e+03
1.916237792968750000e+03
4.515464172363281250e+02
1.187978393554687500e+03
9.481020507812500000e+02
1.483793212890625000e+03
3.583719726562500000e+03
2.027548339843750000e+03
1.735128173828125000e+03
1.811749023437500000e+03
9.437186279296875000e+02
1.905750122070312500e+03
5.136091308593750000e+02
6.829657592773437500e+02
7.786895141601562500e+02
1.173443359375000000e+03
2.065919342041015625e+02
1.005354553222656250e+03
5.920559692382812500e+02
2.709302246093750000e+03
1.476630004882812500e+03
8.986638793945312500e+02
8.451645507812500000e+02
2.837489013671875000e+03
5.610976562500000000e+02
3.119849548339843750e+02
1.043312011718750000e+03
7.326942749023437500e+02
2.094347656250000000e+03
1.291116210937500000e+03
6.537893676757812500e+02
1.195862182617187500e+03
2.318942871093750000e+02
1.868209838867187500e+03
2.078766845703125000e+03
6.946022949218750000e+02
7.236158447265625000e+02
4.986135253906250000e+02
1.868847045898437500e+02
3.217240295410156250e+02
1.163067749023437500e+03
9.256093139648437500e+02
8.299696655273437500e+02
2.247941162109375000e+03
1.335327636718750000e+03
3.170096191406250000e+03
8.221532592773437500e+02
9.715670776367187500e+02
1.912262329101562500e+03
3.297946166992187500e+02
1.952307495117187500e+03
5.299412231445312500e+02
4.376339721679687500e+02
3.673154602050781250e+02
2.324761505126953125e+02
3.329581909179687500e+02
2.426968383789062500e+02
3.848440246582031250e+02
8.940383300781250000e+02
8.062480468750000000e+02
5.033258972167968750e+02
1.705510559082031250e+02
2.875837707519531250e+02
9.781289062500000000e+02
3.677308959960937500e+02
1.092414184570312500e+03
1.227793945312500000e+03
4.875769042968750000e+02
8.271340332031250000e+02
3.709913818359375000e+03
1.431485595703125000e+03
5.872768554687500000e+02
1.434769439697265625e+02
1.096462097167968750e+02
6.281647949218750000e+02
4.370939025878906250e+02
9.078069305419921875e+01
4.041067199707031250e+02
7.056575317382812500e+02
1.528675537109375000e+03
2.337941650390625000e+03
1.451042236328125000e+03
4.702929687500000000e+02
7.816961669921875000e+02
7.137155761718750000e+02
3.516411621093750000e+03
3.947449340820312500e+02
9.669479980468750000e+02
1.362087768554687500e+03
6.550906372070312500e+02
4.615238647460937500e+02
4.413039855957031250e+02
3.072920837402343750e+02
1.062546630859375000e+03
1.888594970703125000e+03
8.376044311523437500e+02
1.994510803222656250e+02
1.294702514648437500e+03
5.981814575195312500e+02
1.131197631835937500e+03
8.644433593750000000e+02
4.283588256835937500e+02
1.528198974609375000e+03
1.918606201171875000e+03
2.400783081054687500e+02
2.275974365234375000e+03
6.758047485351562500e+02
9.963109741210937500e+02
4.583774108886718750e+02
3.286122131347656250e+02
1.021396484375000000e+03
8.874935302734375000e+02
1.588670043945312500e+02
3.281497497558593750e+02
1.098338012695312500e+03
1.239226684570312500e+03
3.034317138671875000e+03
6.187070922851562500e+02
3.817282409667968750e+02
5.839335937500000000e+02
1.722879791259765625e+02
8.662415161132812500e+02
2.579220886230468750e+02
3.704914550781250000e+02
8.005861816406250000e+02
4.860258178710937500e+02
9.816550292968750000e+02
1.615751831054687500e+03
9.710733032226562500e+02
8.490241088867187500e+02
2.651485900878906250e+02
1.637772949218750000e+03
8.744261474609375000e+02
2.960213623046875000e+02
2.344020507812500000e+03
6.201013793945312500e+02
2.201480102539062500e+02
7.777896728515625000e+02
5.053800659179687500e+02
1.310106567382812500e+03
7.341718750000000000e+02
1.036631469726562500e+03
1.490135620117187500e+03
5.168251342773437500e+02
4.040211791992187500e+02
5.703645019531250000e+02
1.650750488281250000e+03
4.575726318359375000e+02
5.960023193359375000e+02
2.208021240234375000e+02
1.244306884765625000e+03
2.209562255859375000e+03
1.104832885742187500e+03
7.158998413085937500e+02
3.838671569824218750e+02
3.484722900390625000e+02
9.140621948242187500e+02
2.167403717041015625e+02
3.919860229492187500e+02
9.319283447265625000e+02
3.395819702148437500e+02
2.184535827636718750e+02
1.462633666992187500e+03
3.921125488281250000e+02
1.296586425781250000e+03
6.613500976562500000e+02
1.733709716796875000e+03
4.093001403808593750e+02
3.369850463867187500e+02
1.698496582031250000e+03
6.918337402343750000e+02
1.100113754272460938e+02
1.007255065917968750e+03
1.397457763671875000e+03
3.364460449218750000e+02
7.288276367187500000e+02
3.177401123046875000e+02
3.804182128906250000e+02
2.091534423828125000e+02
2.024502197265625000e+03
2.460320556640625000e+03
5.007771911621093750e+02
4.595577392578125000e+02
4.874506835937500000e+02
7.035153198242187500e+02
2.933063659667968750e+02
1.596054321289062500e+03
1.054409912109375000e+03
5.850303344726562500e+02
1.078251098632812500e+03
8.017958984375000000e+02
1.334720458984375000e+03
1.722913208007812500e+03
4.317468872070312500e+02
3.070311279296875000e+02
5.507583007812500000e+02
4.262680969238281250e+02
2.207061767578125000e+02
1.162155517578125000e+03
3.349706420898437500e+02
5.468608398437500000e+02
1.567722900390625000e+03
1.533443359375000000e+03
4.102306823730468750e+02
2.200088500976562500e+02
3.493554382324218750e+02
1.016548278808593750e+03
3.165072021484375000e+02
2.249329528808593750e+02
1.002629150390625000e+03
1.394549316406250000e+03
6.422647705078125000e+02
9.937127685546875000e+02
3.975643920898437500e+02
6.517761230468750000e+02
1.684125976562500000e+03
6.036480712890625000e+02
5.413851928710937500e+02
4.488244323730468750e+02
5.372700195312500000e+02
3.156090698242187500e+02
3.559477233886718750e+02
6.311209106445312500e+02
1.164462890625000000e+03
6.169615478515625000e+02
1.817156494140625000e+03
7.037542724609375000e+02
9.335122680664062500e+02
2.181804046630859375e+02
1.368648193359375000e+03
3.365513000488281250e+02
2.995078125000000000e+02
1.823919921875000000e+03
1.117197753906250000e+03
6.490208129882812500e+02
1.018805725097656250e+03
1.215781738281250000e+03
2.628627624511718750e+02
2.492219238281250000e+02
2.197281036376953125e+02
3.040997924804687500e+02
4.711086120605468750e+02
2.595751342773437500e+02
3.809270935058593750e+02
1.630706542968750000e+03
1.409843750000000000e+03
2.989411315917968750e+02
9.482523193359375000e+02
3.871256713867187500e+02
1.611356689453125000e+03
8.169085693359375000e+02
4.782045288085937500e+02
4.146988525390625000e+02
5.080562133789062500e+02
4.302464599609375000e+02
3.500233154296875000e+02
7.361517944335937500e+02
1.626225097656250000e+03
5.879594116210937500e+02
3.800245666503906250e+02
1.030461547851562500e+03
1.355799255371093750e+02
2.547858886718750000e+02
3.685825195312500000e+02
9.974060058593750000e+02
1.615333007812500000e+03
3.949586181640625000e+02
5.259459228515625000e+02
2.757864990234375000e+02
6.350313720703125000e+02
1.307373504638671875e+02
6.812915039062500000e+02
9.074530639648437500e+02
9.460069580078125000e+02
3.537519226074218750e+02
3.728299865722656250e+02
4.458242797851562500e+02
3.002985229492187500e+02
1.132625244140625000e+03
6.931658325195312500e+02
9.714892578125000000e+01
2.008889648437500000e+03
7.885026245117187500e+02
8.022745971679687500e+02
9.414925537109375000e+02
4.116835327148437500e+02
6.448738403320312500e+02
7.765234985351562500e+02
1.770435943603515625e+02
9.008827209472656250e+01
6.013089599609375000e+02
2.311378479003906250e+02
1.393845214843750000e+03
6.988873291015625000e+02
3.049004516601562500e+02
7.250353393554687500e+02
1.549797210693359375e+02
5.232629394531250000e+02
1.479757385253906250e+02
1.571409301757812500e+02
5.316960449218750000e+02
1.253136962890625000e+03
9.511959228515625000e+02
8.401663818359375000e+02
5.000689086914062500e+02
2.022793121337890625e+02
8.370074462890625000e+02
3.738225097656250000e+02
1.455023681640625000e+03
7.813050537109375000e+02
2.701074829101562500e+02
4.026022644042968750e+02
1.281972167968750000e+03
9.940639495849609375e+01
3.408348693847656250e+02
3.036184692382812500e+02
5.093327636718750000e+02
3.504295349121093750e+02
1.118622436523437500e+03
1.703778442382812500e+03
4.123980102539062500e+02
1.508612670898437500e+02
5.907351074218750000e+02
6.895183715820312500e+02
4.982939758300781250e+02
5.430051269531250000e+02
3.089070129394531250e+02
2.775650024414062500e+02
2.545780029296875000e+02
6.220053100585937500e+02
1.272518188476562500e+03
1.266304321289062500e+02
9.300631713867187500e+01
7.237158813476562500e+02
4.719471130371093750e+02
1.500639770507812500e+03
3.685011596679687500e+02
1.317752929687500000e+03
4.800795593261718750e+02
6.499163818359375000e+02
6.661473388671875000e+02
7.150648803710937500e+02
8.248785400390625000e+02
8.780485839843750000e+02
1.728650817871093750e+02
5.795236816406250000e+02
1.119260864257812500e+03
3.015298461914062500e+02
8.671701049804687500e+02
3.900842285156250000e+02
1.561956329345703125e+02
2.488827819824218750e+02
9.615631103515625000e+02
4.435069580078125000e+02
5.158907470703125000e+02
2.907075500488281250e+02
7.895944824218750000e+02
2.344974975585937500e+02
3.596781005859375000e+02
2.527006835937500000e+02
9.852103271484375000e+02
5.636538085937500000e+02
7.893543701171875000e+02
1.777229919433593750e+02
1.310047760009765625e+02
7.519984130859375000e+02
3.488461914062500000e+02
5.948434448242187500e+02
1.662968139648437500e+02
3.721283569335937500e+02
4.298244934082031250e+02
7.455520019531250000e+02
5.527088012695312500e+02
5.630700073242187500e+02
8.530998535156250000e+02
4.878719482421875000e+02
5.865964965820312500e+02
5.509088745117187500e+02
1.680782623291015625e+02
1.812015838623046875e+02
9.943752441406250000e+02
5.356649780273437500e+02
3.846280517578125000e+02
2.523433227539062500e+02
3.418461303710937500e+02
6.762971191406250000e+02
1.927095031738281250e+02
1.028712646484375000e+03
2.636454467773437500e+02
3.748850097656250000e+02
3.177582702636718750e+02
3.238939514160156250e+02
3.922492675781250000e+02
1.221039428710937500e+02
2.365056762695312500e+02
3.036693115234375000e+02
2.879270019531250000e+02
3.434405822753906250e+02
5.296870117187500000e+02
3.138881530761718750e+02
8.153872070312500000e+02
5.212314453125000000e+02
7.300147705078125000e+02
2.528217773437500000e+02
1.636660919189453125e+02
4.597657775878906250e+02
9.023194580078125000e+02
5.299121704101562500e+02
2.090407104492187500e+02
5.134903564453125000e+02
1.368273925781250000e+02
2.740623168945312500e+02
1.788471527099609375e+02
1.650348205566406250e+02
1.034074340820312500e+03
4.823975524902343750e+02
2.227669982910156250e+02
3.228143920898437500e+02
1.159071350097656250e+02
1.140992553710937500e+03
4.980263366699218750e+02
9.013666992187500000e+02
9.457761230468750000e+02
3.613548889160156250e+02
6.830141601562500000e+02
1.053493728637695312e+02
1.036652099609375000e+03
7.318791503906250000e+02
5.100681152343750000e+02
2.742155761718750000e+02
2.217615814208984375e+02
4.573155212402343750e+02
3.021018676757812500e+02
2.598129272460937500e+02
3.065795288085937500e+02
2.708289794921875000e+02
3.594887390136718750e+02
6.087880249023437500e+02
7.456295166015625000e+02
3.792559204101562500e+02
3.190841979980468750e+02
3.351217041015625000e+02
6.688416748046875000e+02
3.832904663085937500e+02
3.096661071777343750e+02
3.682379455566406250e+02
2.919925842285156250e+02
4.162552490234375000e+02
3.674987487792968750e+02
3.241950073242187500e+02
4.623515014648437500e+02
9.812393188476562500e+01
6.854254760742187500e+02
5.059598083496093750e+02
5.225385131835937500e+02
2.941739807128906250e+02
5.705426635742187500e+02
4.746451416015625000e+02
4.105625000000000000e+02
3.134689941406250000e+02
3.217495117187500000e+02
3.597809143066406250e+02
4.191138000488281250e+02
1.430146179199218750e+02
4.893608703613281250e+02
7.347276000976562500e+02
1.680405273437500000e+02
2.756056518554687500e+02
1.481778259277343750e+02
5.140957641601562500e+02
4.991678466796875000e+02
1.350970001220703125e+02
5.074859619140625000e+02
4.917561035156250000e+02
1.007529449462890625e+02
4.533612060546875000e+02
7.155538940429687500e+02
5.667753295898437500e+02
2.512974243164062500e+02
1.333805847167968750e+02
3.932893981933593750e+02
7.800603027343750000e+02
5.363039550781250000e+02
1.931654968261718750e+02
1.564620666503906250e+02
5.242646484375000000e+02
5.441112670898437500e+02
3.025780639648437500e+02
1.523764953613281250e+02
4.554300231933593750e+02
1.928749389648437500e+02
5.776212768554687500e+02
3.896119689941406250e+02
3.678562927246093750e+02
8.852466583251953125e+01
1.523149719238281250e+02
5.542118530273437500e+02
1.487116394042968750e+02
5.525222167968750000e+02
5.235203247070312500e+02
3.489228820800781250e+02
4.030245971679687500e+02
8.069051513671875000e+02
4.170872192382812500e+02
2.600174865722656250e+02
3.961116027832031250e+02
1.571235961914062500e+02
2.643450317382812500e+02
4.125811767578125000e+02
8.943034667968750000e+02
4.558115844726562500e+02
1.179750610351562500e+03
1.622634735107421875e+02
3.652040710449218750e+02
3.406227416992187500e+02
6.962727050781250000e+02
4.978786621093750000e+02
5.087617797851562500e+02
2.547276000976562500e+02
6.610182495117187500e+02
2.882662658691406250e+02
1.205639343261718750e+02
1.134686965942382812e+02
6.605657348632812500e+02
1.105082885742187500e+03
1.916186370849609375e+02
2.148139190673828125e+02
2.913586120605468750e+02
4.107799072265625000e+02
5.884125366210937500e+02
1.825720520019531250e+02
2.564927978515625000e+02
5.655533447265625000e+02
5.582889404296875000e+02
3.196030883789062500e+02
1.794108581542968750e+02
3.343654785156250000e+02
1.079876708984375000e+02
8.653532714843750000e+02
8.469552001953125000e+02
4.765060424804687500e+02
4.867164916992187500e+02
2.225819396972656250e+02
3.959898071289062500e+02
1.395771789550781250e+02
2.789045715332031250e+02
2.663856506347656250e+02
1.110577392578125000e+02
3.613891296386718750e+02
4.382718200683593750e+02
3.638072204589843750e+02
4.264124755859375000e+02
3.820214233398437500e+02
1.428091125488281250e+02
4.708609008789062500e+02
2.452373657226562500e+02
3.615292968750000000e+02
2.040600280761718750e+02
5.139094238281250000e+02
1.726788330078125000e+02
4.682137451171875000e+02
2.282842407226562500e+02
3.857511291503906250e+02
4.427529907226562500e+02
1.051140747070312500e+02
4.186610717773437500e+02
1.328543090820312500e+02
4.387830505371093750e+02
3.806909790039062500e+02
2.682686157226562500e+02
2.777871093750000000e+02
4.497246093750000000e+02
4.541027832031250000e+02
2.663450317382812500e+02
6.360255737304687500e+02
5.254301147460937500e+02
7.096545410156250000e+02
5.824788208007812500e+02
3.180909423828125000e+02
1.658107604980468750e+02
4.646756591796875000e+02
4.413400878906250000e+02
6.736185302734375000e+02
4.601305236816406250e+02
2.628615417480468750e+02
2.233708801269531250e+02
2.502400512695312500e+02
3.709872436523437500e+02
1.727861022949218750e+02
4.491163635253906250e+02
1.076617187500000000e+03
2.641217651367187500e+02
4.081979370117187500e+02
2.537854766845703125e+02
5.118720092773437500e+02
1.750182495117187500e+02
5.123064575195312500e+02
2.265442199707031250e+02
2.941478881835937500e+02
2.873564758300781250e+02
2.589083251953125000e+02
5.328916625976562500e+02
2.326756896972656250e+02
2.656585083007812500e+02
1.223845291137695312e+02
3.571366577148437500e+02
4.688593139648437500e+02
5.863399047851562500e+02
9.135462951660156250e+01
1.620434265136718750e+02
2.633553771972656250e+02
5.665635986328125000e+02
6.527863769531250000e+02
3.010944213867187500e+02
1.612830810546875000e+02
3.299946594238281250e+02
2.625784912109375000e+02
1.929429016113281250e+02
5.347178344726562500e+02
1.058542022705078125e+02
3.088127441406250000e+02
4.061676330566406250e+02
2.831055297851562500e+02
1.336504058837890625e+02
1.692753143310546875e+02
6.363246459960937500e+02
3.381925048828125000e+02
5.754219055175781250e+01
9.221189880371093750e+01
4.989965820312500000e+02
4.135909423828125000e+02
2.808105773925781250e+02
1.786278686523437500e+02
1.268144683837890625e+02
3.368710327148437500e+02
1.882359619140625000e+02
1.378421478271484375e+02
5.153298339843750000e+02
2.614985961914062500e+02
2.834550781250000000e+02
5.823873901367187500e+02
2.726095275878906250e+02
3.703992309570312500e+02
5.911470947265625000e+02
3.515487976074218750e+02
2.041563415527343750e+02
1.850314636230468750e+02
5.986749877929687500e+02
2.430423278808593750e+02
3.205421752929687500e+02
3.126028747558593750e+02
2.151346130371093750e+02
4.256495361328125000e+02
1.824771575927734375e+02
2.775009155273437500e+02
3.338896789550781250e+02
2.158396911621093750e+02
4.585784912109375000e+02
3.849377746582031250e+02
8.290372924804687500e+02
3.370054321289062500e+02
2.850296325683593750e+02
5.020332336425781250e+01
1.047786621093750000e+03
4.282574768066406250e+02
1.470712432861328125e+02
4.635013427734375000e+02
3.637063903808593750e+02
4.603364868164062500e+02
2.582826232910156250e+02
3.800841674804687500e+02
3.042691345214843750e+02
3.547123107910156250e+02
2.642613830566406250e+02
5.027829589843750000e+02
1.511073608398437500e+02
2.485395202636718750e+02
4.264264831542968750e+02
1.540050506591796875e+02
7.708013916015625000e+02
5.624906005859375000e+02
1.723618164062500000e+02
3.043627319335937500e+02
2.802340087890625000e+02
1.420063476562500000e+02
3.128665161132812500e+02
3.951934204101562500e+02
3.353707885742187500e+02
2.269321899414062500e+02
2.410213928222656250e+02
6.451999511718750000e+02
3.130989990234375000e+02
1.632683563232421875e+02
6.568516235351562500e+02
1.324952087402343750e+02
3.147963562011718750e+02
5.673095092773437500e+02
4.009315185546875000e+02
1.418736114501953125e+02
1.326714630126953125e+02
1.327671661376953125e+02
1.568233032226562500e+02
2.918911743164062500e+02
5.773583984375000000e+02
2.674523925781250000e+02
4.120771179199218750e+02
8.092736053466796875e+01
9.473307800292968750e+01
3.022873229980468750e+02
4.608732910156250000e+02
2.171554107666015625e+02
2.975776367187500000e+02
4.883450317382812500e+02
4.637111206054687500e+02
3.318094482421875000e+02
1.986428833007812500e+02
7.968351745605468750e+01
5.995860595703125000e+02
1.795621032714843750e+02
2.269915466308593750e+02
4.447824859619140625e+01
2.164353637695312500e+02
9.101029968261718750e+01
9.652500915527343750e+01
5.295408325195312500e+02
2.338785552978515625e+02
7.224553222656250000e+02
2.406646728515625000e+02
6.025539550781250000e+02
8.153164062500000000e+02
1.747577209472656250e+02
3.060839843750000000e+02
9.420349884033203125e+01
2.110438232421875000e+02
5.853176269531250000e+02
4.654525146484375000e+02
4.429011230468750000e+02
1.921077117919921875e+02
2.751854553222656250e+02
1.903108520507812500e+02
3.821028747558593750e+02
1.173502349853515625e+02
6.889011840820312500e+02
3.316932067871093750e+02
1.836993255615234375e+02
2.683042907714843750e+02
4.283948364257812500e+02
3.988708496093750000e+02
6.601108398437500000e+02
3.235551757812500000e+02
2.486733398437500000e+02
1.936999206542968750e+02
3.305730285644531250e+02
8.083790283203125000e+02
7.876761474609375000e+02
3.771222534179687500e+02
2.282258911132812500e+02
2.513933105468750000e+02
1.161498107910156250e+02
3.755168457031250000e+02
2.549540405273437500e+02
6.516267089843750000e+02
5.177924804687500000e+02
4.150352172851562500e+02
2.397789916992187500e+02
2.531061859130859375e+02
4.397773742675781250e+02
7.376435546875000000e+02
1.875470581054687500e+02
9.602079010009765625e+01
9.926016998291015625e+01
2.551806640625000000e+02
3.503847656250000000e+02
3.560890197753906250e+02
2.350905303955078125e+02
3.353000183105468750e+02
2.141987609863281250e+02
2.650091247558593750e+02
1.076779785156250000e+02
1.478612670898437500e+02
3.715674438476562500e+02
2.539315643310546875e+02
6.325952148437500000e+02
3.299012451171875000e+02
5.704970092773437500e+02
3.549753112792968750e+02
1.280716247558593750e+02
2.287174835205078125e+02
3.628126220703125000e+02
1.977892761230468750e+02
4.767060241699218750e+02
3.341682739257812500e+02
6.188239746093750000e+02
4.593036193847656250e+02
1.229199829101562500e+02
2.097931060791015625e+02
5.686336669921875000e+02
7.094840698242187500e+02
1.637170654296875000e+03
5.298442382812500000e+02
3.000125122070312500e+02
1.896950378417968750e+02
6.016522827148437500e+02
5.908748779296875000e+02
7.905261230468750000e+02
3.409622192382812500e+02
2.976612548828125000e+02
3.700899047851562500e+02
3.238770141601562500e+02
5.063113098144531250e+02
4.957605590820312500e+02
4.672041625976562500e+02
8.915007781982421875e+01
4.887539978027343750e+02
1.863586120605468750e+02
2.454565582275390625e+02
3.223984069824218750e+02
2.029601440429687500e+02
2.727856750488281250e+02
2.323078460693359375e+02
1.313518524169921875e+02
1.994447937011718750e+02
3.315665893554687500e+02
6.246550903320312500e+02
5.113630371093750000e+02
1.300107727050781250e+02
2.123602600097656250e+02
5.380809936523437500e+02
1.246905670166015625e+02
2.695203857421875000e+02
1.283567962646484375e+02
3.965182800292968750e+02
3.323619079589843750e+02
1.555897064208984375e+02
7.932498168945312500e+02
1.849986267089843750e+02
3.307151794433593750e+02
1.460196075439453125e+02
4.289110107421875000e+02
3.453895568847656250e+02
1.928169860839843750e+02
3.928655395507812500e+02
1.251438751220703125e+02
1.539863891601562500e+02
5.075100708007812500e+02
2.997351074218750000e+02
4.261237487792968750e+02
1.192268676757812500e+02
3.690538330078125000e+02
1.537885131835937500e+02
4.797084350585937500e+02
3.374188232421875000e+02
4.314383239746093750e+02
3.113502807617187500e+02
1.584000549316406250e+02
2.515576171875000000e+02
2.722983093261718750e+02
4.642960510253906250e+02
4.120253295898437500e+02
1.733924102783203125e+02
3.150988769531250000e+02
1.732592468261718750e+02
1.818228912353515625e+02
4.812491149902343750e+02
1.191007614135742188e+02
1.402221069335937500e+02
6.067277832031250000e+02
3.625488891601562500e+02
2.964241943359375000e+02
1.270176391601562500e+02
3.468596801757812500e+02
8.074774169921875000e+01
1.185662918090820312e+02
3.178471374511718750e+02
2.364781799316406250e+02
2.217788238525390625e+02
3.890318603515625000e+02
3.044783935546875000e+02
3.413196105957031250e+02
1.072539520263671875e+02
3.768009338378906250e+02
3.882841796875000000e+02
1.793928833007812500e+02
1.828165283203125000e+02
3.429940185546875000e+02
2.336362152099609375e+02
3.061546630859375000e+02
2.685657653808593750e+02
9.108161163330078125e+01
9.785101318359375000e+01
3.592681884765625000e+02
2.008761291503906250e+02
1.584503021240234375e+02
3.734863281250000000e+02
2.875530395507812500e+02
3.569879760742187500e+02
2.790898437500000000e+02
4.854697570800781250e+02
3.098337402343750000e+02
3.869160766601562500e+02
2.294156799316406250e+02
2.171248779296875000e+02
1.619550933837890625e+02
2.023173522949218750e+02
5.912088012695312500e+02
7.036384582519531250e+01
1.049423751831054688e+02
3.630151977539062500e+02
2.505954589843750000e+02
2.330810089111328125e+02
3.871131591796875000e+02
2.660080566406250000e+02
1.496414489746093750e+02
3.405988769531250000e+02
1.238167419433593750e+02
1.355263519287109375e+02
2.282248229980468750e+02
4.623618774414062500e+02
2.067786407470703125e+02
6.490988922119140625e+01
2.401641082763671875e+02
2.905300903320312500e+02
2.940326538085937500e+02
3.916650390625000000e+02
3.227245483398437500e+02
2.863479614257812500e+02
4.184906005859375000e+02
2.543205566406250000e+02
2.430546569824218750e+02
1.974176635742187500e+02
2.095036315917968750e+02
1.209954528808593750e+02
3.507900085449218750e+02
2.896035766601562500e+02
2.020052795410156250e+02
1.398117218017578125e+02
2.963633422851562500e+02
3.886592712402343750e+02
3.736891174316406250e+02
8.350247192382812500e+01
9.166976165771484375e+01
3.406804809570312500e+02
3.200913085937500000e+02
2.619332275390625000e+02
1.498001861572265625e+02
2.073536682128906250e+02
4.296161499023437500e+02
2.819732666015625000e+02
4.109318237304687500e+02
4.069095458984375000e+02
7.071928405761718750e+01
3.455428771972656250e+02
8.158845520019531250e+01
3.265079040527343750e+02
3.866181640625000000e+02
3.362209167480468750e+02
7.636212158203125000e+01
2.019519653320312500e+02
2.341125183105468750e+02
2.959877929687500000e+02
2.878340454101562500e+02
2.463949279785156250e+02
2.202132568359375000e+02
1.926469573974609375e+02
3.844114074707031250e+02
1.931437225341796875e+02
1.626828308105468750e+02
3.744588012695312500e+02
2.913752136230468750e+02
1.748422698974609375e+02
1.061690444946289062e+02
7.724887084960937500e+01
3.474649963378906250e+02
1.696844635009765625e+02
1.914493408203125000e+02
2.720340576171875000e+02
3.975420532226562500e+02
3.208931274414062500e+02
1.912064208984375000e+02
1.532172851562500000e+02
3.389141235351562500e+02
2.592669372558593750e+02
2.651601562500000000e+02
3.158441772460937500e+02
1.912963562011718750e+02
2.550299224853515625e+02
8.037125854492187500e+02
1.259566192626953125e+02
2.555598449707031250e+02
3.450455322265625000e+02
3.710347290039062500e+02
1.021250534057617188e+02
1.981599121093750000e+02
6.755062866210937500e+01
2.664433898925781250e+02
1.763815002441406250e+02
3.199951171875000000e+02
2.970788574218750000e+02
1.069097290039062500e+02
6.594389343261718750e+01
1.452603759765625000e+02
2.546394805908203125e+02
2.610049438476562500e+02
1.405960235595703125e+02
2.055892486572265625e+02
3.195503845214843750e+02
3.207831420898437500e+02
1.812479400634765625e+02
2.943930664062500000e+02
2.255888671875000000e+02
2.036482238769531250e+02
1.875771789550781250e+02
2.353434295654296875e+02
1.982324523925781250e+02
2.705188598632812500e+02
2.642810058593750000e+02
4.114693603515625000e+02
2.282979736328125000e+02
2.394609985351562500e+02
2.196281433105468750e+02
2.554761199951171875e+02
1.743081970214843750e+02
2.079106903076171875e+02
4.932086791992187500e+02
2.710497436523437500e+02
2.951808471679687500e+02
1.961909790039062500e+02
2.969679565429687500e+02
4.065897216796875000e+02
1.251799316406250000e+02
3.500716857910156250e+02
2.900007934570312500e+02
2.477552947998046875e+02
1.227018127441406250e+02
1.649095458984375000e+02
3.122795715332031250e+02
2.109248046875000000e+02
3.360710449218750000e+02
1.634076538085937500e+02
3.382112121582031250e+02
4.975863647460937500e+02
7.942325592041015625e+01
3.313726196289062500e+02
1.933687438964843750e+02
1.231825637817382812e+02
3.426476440429687500e+02
1.736750488281250000e+02
1.159699859619140625e+02
3.073847961425781250e+02
3.123281860351562500e+02
9.277602386474609375e+01
2.496833038330078125e+02
6.554623413085937500e+01
1.435048370361328125e+02
2.663028869628906250e+02
1.870771789550781250e+02
5.675435180664062500e+02
1.541396331787109375e+02
2.889631347656250000e+02
4.319110717773437500e+02
1.978571319580078125e+02
7.721812438964843750e+01
1.381979980468750000e+02
2.357258911132812500e+02
4.086145629882812500e+02
1.908045349121093750e+02
2.554000854492187500e+02
3.102188720703125000e+02
3.691291503906250000e+02
1.861720581054687500e+02
9.778843688964843750e+01
5.553892898559570312e+01
3.536318054199218750e+02
1.261364517211914062e+02
3.129640197753906250e+02
8.993170928955078125e+01
8.450460205078125000e+02
2.068596343994140625e+02
5.531597900390625000e+02
4.004682312011718750e+02
4.797047729492187500e+02
3.000493774414062500e+02
8.797640991210937500e+01
1.824515533447265625e+02
2.544373931884765625e+02
2.348403625488281250e+02
2.219803466796875000e+02
1.827217102050781250e+02
3.389421997070312500e+02
3.215454406738281250e+02
1.682873535156250000e+02
3.227837524414062500e+02
4.226150207519531250e+02
2.684858703613281250e+02
1.922035827636718750e+02
3.036413574218750000e+02
9.192475128173828125e+01
1.511830291748046875e+02
6.992870330810546875e+01
1.317840576171875000e+02
2.136703643798828125e+02
2.174479675292968750e+02
6.734769287109375000e+02
3.035256347656250000e+02
3.385848388671875000e+02
2.052087860107421875e+02
1.664761657714843750e+02
2.856170043945312500e+02
2.381687927246093750e+02
1.992752075195312500e+02
2.851206665039062500e+02
3.670524291992187500e+02
4.576146240234375000e+02
2.590269165039062500e+02
7.425653839111328125e+01
5.255721282958984375e+01
1.564899597167968750e+02
1.862777709960937500e+02
2.532770385742187500e+02
1.626812438964843750e+02
2.966885681152343750e+02
1.557145843505859375e+02
2.228006896972656250e+02
2.219176788330078125e+02
2.510670776367187500e+02
3.275732116699218750e+02
1.567194519042968750e+02
1.893495788574218750e+02
1.126424713134765625e+02
1.185610885620117188e+02
1.079006805419921875e+02
1.541407775878906250e+02
2.732080078125000000e+02
1.853614196777343750e+02
1.525206604003906250e+02
5.161048583984375000e+02
1.842626647949218750e+02
3.216081542968750000e+02
1.454690246582031250e+02
1.813451995849609375e+02
1.930997314453125000e+02
1.109739837646484375e+02
3.650467529296875000e+02
2.029196777343750000e+02
1.028350067138671875e+02
3.165867309570312500e+02
3.546421508789062500e+02
1.706312103271484375e+02
1.334463806152343750e+02
2.845737915039062500e+02
4.860398101806640625e+01
2.492647705078125000e+02
3.791996154785156250e+02
1.325582580566406250e+02
1.932732849121093750e+02
3.696772766113281250e+02
1.061698760986328125e+02
1.131851577758789062e+02
3.480376586914062500e+02
2.908829956054687500e+02
2.911855163574218750e+02
1.974836425781250000e+02
2.730631713867187500e+02
2.539423217773437500e+02
1.999211273193359375e+02
1.053822021484375000e+02
2.965667114257812500e+02
1.596716308593750000e+02
1.517928466796875000e+02
2.902522277832031250e+02
2.961987609863281250e+02
1.901790008544921875e+02
1.342796783447265625e+02
2.313575744628906250e+02
3.057654418945312500e+02
2.311985168457031250e+02
3.067647094726562500e+02
2.375342102050781250e+02
3.075462646484375000e+02
2.488067016601562500e+02
1.903560485839843750e+02
2.730954589843750000e+02
1.185870513916015625e+02
1.800111541748046875e+02
8.277238464355468750e+01
1.020015563964843750e+02
1.289079742431640625e+02
1.462538452148437500e+02
4.607813720703125000e+02
2.397955932617187500e+02
3.152915039062500000e+02
1.907424011230468750e+02
1.319426879882812500e+02
1.984089660644531250e+02
1.902115783691406250e+02
2.860924682617187500e+02
2.061801147460937500e+02
2.313712005615234375e+02
1.035883483886718750e+02
6.013551330566406250e+01
1.615307922363281250e+02
3.056600646972656250e+02
1.018032913208007812e+02
2.104825592041015625e+02
2.018924560546875000e+02
3.052172241210937500e+02
3.817675170898437500e+02
3.092983398437500000e+02
2.436869812011718750e+02
1.550150451660156250e+02
4.435794067382812500e+02
2.122297058105468750e+02
1.852944946289062500e+02
1.011231231689453125e+02
5.050139770507812500e+02
5.216339111328125000e+02
1.803740692138671875e+02
1.441062469482421875e+02
2.989279785156250000e+02
2.129654541015625000e+02
2.893160705566406250e+02
1.709975585937500000e+02
1.626160888671875000e+02
3.392391357421875000e+02
8.835403442382812500e+01
7.121440887451171875e+01
3.117552490234375000e+02
1.970395812988281250e+02
2.045866088867187500e+02
1.985734558105468750e+02
5.629448852539062500e+02
1.903355560302734375e+02
2.045267028808593750e+02
1.921128234863281250e+02
2.282530364990234375e+02
1.602414398193359375e+02
3.555386962890625000e+02
8.118162536621093750e+01
3.320279541015625000e+02
2.471770019531250000e+02
1.885659484863281250e+02
3.274166870117187500e+02
1.981982574462890625e+02
1.511530151367187500e+02
1.776109313964843750e+02
2.269032592773437500e+02
7.101451873779296875e+01
3.183557434082031250e+02
1.359358673095703125e+02
5.356793823242187500e+02
2.180792236328125000e+02
1.265508651733398438e+02
8.526779937744140625e+01
6.022282104492187500e+02
1.566982727050781250e+02
1.493219604492187500e+02
5.566715087890625000e+02
2.291579742431640625e+02
9.541676330566406250e+01
9.949770355224609375e+01
2.512135620117187500e+02
3.878925170898437500e+02
2.792467956542968750e+02
1.352014312744140625e+02
5.308339691162109375e+01
1.750243530273437500e+02
2.971817016601562500e+02
2.166373596191406250e+02
1.966352539062500000e+02
1.947370300292968750e+02
2.760765075683593750e+02
4.807949218750000000e+02
7.181535339355468750e+01
1.424160461425781250e+02
2.016167144775390625e+02
2.699697570800781250e+02
2.677434082031250000e+02
4.579731140136718750e+02
1.603867340087890625e+02
1.668681640625000000e+02
2.846820068359375000e+02
1.733550720214843750e+02
3.058195495605468750e+02
2.083175964355468750e+02
1.534171142578125000e+02
8.852293395996093750e+01
1.545911254882812500e+02
2.715201110839843750e+02
1.046687316894531250e+02
8.951304626464843750e+01
1.289493103027343750e+02
7.433956909179687500e+01
7.291767120361328125e+01
2.842896118164062500e+02
2.441767883300781250e+02
2.005316009521484375e+02
1.722225952148437500e+02
1.760452880859375000e+02
3.850028381347656250e+02
2.866326904296875000e+02
1.674893646240234375e+02
3.834689331054687500e+02
1.382537384033203125e+02
1.206869049072265625e+02
1.084387664794921875e+02
2.399366455078125000e+02
1.562054901123046875e+02
2.263528442382812500e+02
1.297450256347656250e+02
2.103647918701171875e+02
1.571455993652343750e+02
9.841196441650390625e+01
2.920444946289062500e+02
1.544517211914062500e+02
2.487070922851562500e+02
1.396675567626953125e+02
3.213269653320312500e+02
1.242548751831054688e+02
1.797572631835937500e+02
1.392264404296875000e+02
1.585271301269531250e+02
3.065505981445312500e+02
7.802326965332031250e+01
1.252280426025390625e+02
3.022966308593750000e+02
1.956793975830078125e+02
8.064144897460937500e+01
1.139255371093750000e+02
1.041806945800781250e+02
2.556731567382812500e+02
4.514616699218750000e+02
1.290292205810546875e+02
3.361314697265625000e+02
2.957785034179687500e+02
1.318800354003906250e+02
2.498073730468750000e+02
2.789827880859375000e+02
2.212823791503906250e+02
1.578157501220703125e+02
2.217604827880859375e+02
6.657992553710937500e+01
8.538623046875000000e+01
1.710094299316406250e+02
7.686953735351562500e+01
2.071737976074218750e+02
1.044426727294921875e+02
3.147212524414062500e+02
1.242250137329101562e+02
7.810025787353515625e+01
2.351581268310546875e+02
2.551679687500000000e+02
2.178175201416015625e+02
1.567323608398437500e+02
1.721399230957031250e+02
7.730489349365234375e+01
9.940444183349609375e+01
3.480159301757812500e+02
9.996488952636718750e+01
1.692878723144531250e+02
2.863165283203125000e+02
1.205900878906250000e+02
2.247238159179687500e+02
1.035079803466796875e+02
1.894978179931640625e+02
1.806885070800781250e+02
1.784871826171875000e+02
3.505905761718750000e+02
3.822996215820312500e+02
9.896269989013671875e+01
3.552207031250000000e+02
3.191526489257812500e+02
2.661451416015625000e+02
8.837785339355468750e+01
6.930156707763671875e+01
