3.909889157369374146e+01
3.864947235549391991e+01
3.820631194260530350e+01
3.776928885035175654e+01
3.733835397788193688e+01
3.691343753314517073e+01
3.649438101908343413e+01
3.608114507663115234e+01
3.567365995702304815e+01
3.527188346321364065e+01
3.487570214503254817e+01
3.448502143112049367e+01
3.409981278184238818e+01
3.371995068472332946e+01
3.334470157130800771e+01
3.297471357510185186e+01
3.260991333027260453e+01
3.225002233892755754e+01
3.189514317992906101e+01
3.154532270152472861e+01
3.120037342634004673e+01
3.085826459669955923e+01
3.052007154856761417e+01
3.018716762324578440e+01
2.985879464891555912e+01
2.953411614800844021e+01
2.921450165175607339e+01
2.889916638442615948e+01
2.858733653794278595e+01
2.828045635965390403e+01
2.797764141306107888e+01
2.767826266798240553e+01
2.738353507840517409e+01
2.709217613056640417e+01
2.680540061388782291e+01
2.652258821909708786e+01
2.624039993177483510e+01
2.596246325123102494e+01
2.568828705335172913e+01
2.541727174897130226e+01
2.515037124627487586e+01
2.488661979889630516e+01
2.462690725578376316e+01
2.437071704355411583e+01
2.411734330331646348e+01
2.386769518789003897e+01
2.362029004534958432e+01
2.337671281930341038e+01
2.313580462216303957e+01
2.289759215952680904e+01
2.266241382879238131e+01
2.242999186076485074e+01
2.220076204998244052e+01
2.197418632461941002e+01
2.175081785967321935e+01
2.153019663347844315e+01
2.131181182592006351e+01
2.109665985124605569e+01
2.088098511406348834e+01
2.067127707729137853e+01
2.046092471236007171e+01
2.025605523395494956e+01
2.005030359967346243e+01
1.984988529463102580e+01
1.964917623643973243e+01
1.945365894647918381e+01
1.925785799679848864e+01
1.906665960266428428e+01
1.887565125229467711e+01
1.868726670169809978e+01
1.850145281520158491e+01
1.831747002635376731e+01
1.813481983636685868e+01
1.795498196699389126e+01
1.777759085354529489e+01
1.760254249399857329e+01
1.742938274411048027e+01
1.725459132215654279e+01
1.708572747248440749e+01
1.691532311766096441e+01
1.675026800913533265e+01
1.658404152492967398e+01
1.642060041352659638e+01
1.626155759211178520e+01
1.610424197646847944e+01
1.594904652636620135e+01
1.579288456186479550e+01
1.564112998591592962e+01
1.548846644608925338e+01
1.534050516910133588e+01
1.519251836629621977e+01
1.504835467109051450e+01
1.490292694706803722e+01
1.476194886802033857e+01
1.461994515375730863e+01
1.448103261651661100e+01
1.434365705746799158e+01
1.420797185749088065e+01
1.407145295969639243e+01
1.393899543245028205e+01
1.380891063857586509e+01
1.368019966799974263e+01
1.355224500968593127e+01
1.342409684383162904e+01
1.329866879478459296e+01
1.317607637845761737e+01
1.305514976321799203e+01
1.293449050359246755e+01
1.281452294894039845e+01
1.269699152322800195e+01
1.257984913148813710e+01
1.246457090250204125e+01
1.234970502332292419e+01
1.223694458383382155e+01
1.212562744351324717e+01
1.201551433128988400e+01
1.190707530965128313e+01
1.180098929609030023e+01
1.169348503065203282e+01
1.158786583645628454e+01
1.148410913007166556e+01
1.138140172127593353e+01
1.128043940034008941e+01
1.118036392083052988e+01
1.108080188850956382e+01
1.098307915199233520e+01
1.088697173157797415e+01
1.079082361850711891e+01
1.069774276042073247e+01
1.060439694598666804e+01
1.051177010275548618e+01
1.041764646251774273e+01
1.032428903983195312e+01
1.023190812435962549e+01
1.014118430370741386e+01
1.005132380778616330e+01
9.962238173951291742e+00
9.873973491085131116e+00
9.787563348319746837e+00
9.702015035477002058e+00
9.617464222467448920e+00
9.533717319823930225e+00
9.450248676321027830e+00
9.370401297792906092e+00
9.291698412096739190e+00
9.213780369985641983e+00
9.134830020285670926e+00
9.058874413878289289e+00
8.983661008498332379e+00
8.909361548457319202e+00
8.835857731633348422e+00
8.761307975981262430e+00
8.688343849339663194e+00
8.618153591228937316e+00
8.546899801703702337e+00
8.478285077572367712e+00
8.410133594528398149e+00
8.341908564954723104e+00
8.274564645686568909e+00
8.206262144997992891e+00
8.140466743482571488e+00
8.075427873202052353e+00
8.007892016133299151e+00
7.941149262824707122e+00
7.874961792583324183e+00
7.810040467433877254e+00
7.746534337517614333e+00
7.685051061551049223e+00
7.621847592161246077e+00
7.559621906008487713e+00
7.498117988412071888e+00
7.435075697135540729e+00
7.372514243738047313e+00
7.310475776476742737e+00
7.253176355380932527e+00
7.192529410496007358e+00
7.132662601682732806e+00
7.073580640204528258e+00
7.015241472570366454e+00
6.957225771916824897e+00
6.904267930926952346e+00
6.847509031981268812e+00
6.791791415812970634e+00
6.736233212373416102e+00
6.680837844231031220e+00
6.625893545407012475e+00
6.572094385173808284e+00
6.521595056843441540e+00
6.469035117467665685e+00
6.416981649897214091e+00
6.365732108675450363e+00
6.317021463883794041e+00
6.266925326723360890e+00
6.216857721850103324e+00
6.167364635665070871e+00
6.118408560812182095e+00
6.072239170791636553e+00
6.025231847070305236e+00
5.980285190646811522e+00
5.933288146515774741e+00
5.888958256626071197e+00
5.845251974882459400e+00
5.800661915286098314e+00
5.757474526769981615e+00
5.712795757615948489e+00
5.668314978546344030e+00
5.627172747085381843e+00
5.583614472648529059e+00
5.540593066444613690e+00
5.500371431975253245e+00
5.458698451314865530e+00
5.419681287089837873e+00
5.378539313142214340e+00
5.340085214379240774e+00
5.299839182758721456e+00
5.260085735575009913e+00
5.222926843595484314e+00
5.184146004256504625e+00
5.147751977453519423e+00
5.109854156202948694e+00
5.074552530810063189e+00
5.037651756482247833e+00
5.000580728879835846e+00
4.966376436653475501e+00
4.931591570747364095e+00
4.897641929497822844e+00
4.863614288543738340e+00
4.830395974175022644e+00
4.797734160843337037e+00
4.765316857320289756e+00
4.733423597292040874e+00
4.701345966488318595e+00
4.670510102352151804e+00
4.639440571564001914e+00
4.609201831014340556e+00
4.579334691664262991e+00
4.549192106298388438e+00
4.518824086006973495e+00
4.489459124471715690e+00
4.459832373106534575e+00
4.431349910382883728e+00
4.402600229855474723e+00
4.374764577464607562e+00
4.346454956348228649e+00
4.318459263078802124e+00
4.291361779440602930e+00
4.264381176381426108e+00
4.237547727609910275e+00
4.210739622553252737e+00
4.184419806740426573e+00
4.158560351897149232e+00
4.132831312629603460e+00
4.107542024543369585e+00
4.082514842482050099e+00
4.057598462555676022e+00
4.032539552462900190e+00
4.008299949007180452e+00
3.983827794917236709e+00
3.958294013463273586e+00
3.933638644321402200e+00
3.908964475226147872e+00
3.885000453423397726e+00
3.862210994782173223e+00
3.839290547414036414e+00
3.815596360571821943e+00
3.792625737766370353e+00
3.770766316730515211e+00
3.749203741203595008e+00
3.726385235271428620e+00
3.704329396215463088e+00
3.682826739014717354e+00
3.662076965350795188e+00
3.639240819479184541e+00
3.618154129167327149e+00
3.597445386194203731e+00
3.577148824160997442e+00
3.557092386351922375e+00
3.536758745773478818e+00
3.517162485917485704e+00
3.497452825877886085e+00
3.476973722448430948e+00
3.456762207205442916e+00
3.438007125631009853e+00
3.418188868843648809e+00
3.399604441579046288e+00
3.380896391695395131e+00
3.362823722738025989e+00
3.343822636958012851e+00
3.325070060375880043e+00
3.307409622167151397e+00
3.290007312506223247e+00
3.271858154754601511e+00
3.253518451132293432e+00
3.236455178141047995e+00
3.219215352002578800e+00
3.202365559010860174e+00
3.182904818623256471e+00
3.165515185550002109e+00
3.148370602280757602e+00
3.129064596884021388e+00
3.110365935115976477e+00
3.091493282078942251e+00
3.075046843054332069e+00
3.056951146462544067e+00
3.038621374898443417e+00
3.020326306463138710e+00
3.002814329697776952e+00
2.985550167490269580e+00
2.968620231071620097e+00
2.951827395808253929e+00
2.934463926413549029e+00
2.917239996124858958e+00
2.902154593584507669e+00
2.885638352569636300e+00
2.869884325651896440e+00
2.853527525538196219e+00
2.836765095962532346e+00
2.822573969115059977e+00
2.806009371626129845e+00
2.790331141114551716e+00
2.773637096908575295e+00
2.759789371057084217e+00
2.743805297916758423e+00
2.730285727074774460e+00
2.714116090313229535e+00
2.699918076819824542e+00
2.684497072492911141e+00
2.668537051771752822e+00
2.655738574377652927e+00
2.641703044868684458e+00
2.626827239655171287e+00
2.612748913903616188e+00
2.597966242726592601e+00
2.585027252630478944e+00
2.570051190547500752e+00
2.555273019918485655e+00
2.541929027000116914e+00
2.529644402195969644e+00
2.516508444430863634e+00
2.502229819456398996e+00
2.489210457384062991e+00
2.477092253085358298e+00
2.464473038122746651e+00
2.451107459423063961e+00
2.437467406477941356e+00
2.425915560674440918e+00
2.413983063576911281e+00
2.401886777455753741e+00
2.390044437965077595e+00
2.377381744685522769e+00
2.366246499998427399e+00
2.353893769080584786e+00
2.342482458883555552e+00
2.331648324861228971e+00
2.319851739266187263e+00
2.308800247840933739e+00
2.298424829525626212e+00
2.287125379796810076e+00
2.276598604740803999e+00
2.265280943831534000e+00
2.255229885735658080e+00
2.245871557569031118e+00
2.235888104430995504e+00
2.225879000076329106e+00
2.215707439107425181e+00
2.206194566563796755e+00
2.195575549911314983e+00
2.185128059883782115e+00
2.175675567529083310e+00
2.166278329860495955e+00
2.156556719779935349e+00
2.146444968103720541e+00
2.137370895972642071e+00
2.128362367979617531e+00
2.119503597146053853e+00
2.109512403032993699e+00
2.101051861603357107e+00
2.092715648524664740e+00
2.082913758570969609e+00
2.074988707639480623e+00
2.065841838595325441e+00
2.058021617691053073e+00
2.049575949560263233e+00
2.041382147503663091e+00
2.032463462820691014e+00
2.024246423847894771e+00
2.015509716139771257e+00
2.008142056163797040e+00
1.999348075586951046e+00
1.991647145966259469e+00
1.982397180528470582e+00
1.975608933178970350e+00
1.968854322300063187e+00
1.960689671587253047e+00
1.954094996674893503e+00
1.947275497231860442e+00
1.939347969631640467e+00
1.931850001296500086e+00
1.925111887436326885e+00
1.917772766132672224e+00
1.911128747954186968e+00
1.903099112818855909e+00
1.895429656598798696e+00
1.887617543975226297e+00
1.880161896893588036e+00
1.872716100041368348e+00
1.865843507182071592e+00
1.857742398509052206e+00
1.851593205944466192e+00
1.843626688354145893e+00
1.836227578641594471e+00
1.828945263325750803e+00
1.821963066444872270e+00
1.814906341092332731e+00
1.808118504392020265e+00
1.801796576743657896e+00
1.795119558719117325e+00
1.788885202250089623e+00
1.782052709912606225e+00
1.775653659286537289e+00
1.769942499599216346e+00
1.764336063143476796e+00
1.757732108296285567e+00
1.751234310038686459e+00
1.744987351805363351e+00
1.739713350433866879e+00
1.734324113443033610e+00
1.728290347031381513e+00
1.722183971750606668e+00
1.716234107035680800e+00
1.711242449424998258e+00
1.706359538544251819e+00
1.700620311692185416e+00
1.695849036250851150e+00
1.690313358833591684e+00
1.684880635745375166e+00
1.680272551667276515e+00
1.674965797106744647e+00
1.670630365920274807e+00
1.666195443040563884e+00
1.661620587869724552e+00
1.657005887606939121e+00
1.652751050822009793e+00
1.648602319998726529e+00
1.643412895007146712e+00
1.638299096381550246e+00
1.633099422502932274e+00
1.627601275857369245e+00
1.622475858741040611e+00
1.618192949019394478e+00
1.613327512755934778e+00
1.608542603270823657e+00
1.604344376602229394e+00
1.600155298639742929e+00
1.596108064213969335e+00
1.592234103467449868e+00
1.587099744523095213e+00
1.583042789116847926e+00
1.579301758839479319e+00
1.575283723308276596e+00
1.570659696794150628e+00
1.567027419585822701e+00
1.562986432299366735e+00
1.558850634536378621e+00
1.554598692695146056e+00
1.550421408528522171e+00
1.546795026255458394e+00
1.543206992106806563e+00
1.538063803296578769e+00
1.533879442913469227e+00
1.530159550903802845e+00
1.525173467605046129e+00
1.521489447377377902e+00
1.517701754576266104e+00
1.513283301996092955e+00
1.509849416625065999e+00
1.505016123768322833e+00
1.500484909304445669e+00
1.497313095275372374e+00
1.492891569983285649e+00
1.488923261927309394e+00
1.485723363471961322e+00
1.481215505147492673e+00
1.476892447897021565e+00
1.473601793186384068e+00
1.469530619720611053e+00
1.465278558346118531e+00
1.461838775022676007e+00
1.457976934947636583e+00
1.454885620929635470e+00
1.450825377164017382e+00
1.446822104206086257e+00
1.442863914087880728e+00
1.439914664488053608e+00
1.435827457315367095e+00
1.432353932451572831e+00
1.429249962988480727e+00
1.424979879033290153e+00
1.422027526508067075e+00
1.418903117798565150e+00
