4.388575699999999813e+01
4.345135499999999951e+01
4.302213700000000074e+01
4.258984399999999937e+01
4.216198299999999932e+01
4.173926900000000018e+01
4.132171199999999800e+01
4.090925599999999918e+01
4.050246800000000036e+01
4.010067699999999746e+01
3.970157199999999875e+01
3.930949400000000082e+01
3.892006299999999896e+01
3.853756299999999868e+01
3.815637600000000162e+01
3.778304700000000338e+01
3.741435200000000094e+01
3.704642100000000227e+01
3.668656500000000165e+01
3.632737699999999847e+01
3.597617000000000331e+01
3.562552300000000116e+01
3.528265400000000085e+01
3.494873799999999875e+01
3.461396799999999985e+01
3.428104799999999841e+01
3.395855300000000199e+01
3.363518499999999989e+01
3.331125999999999721e+01
3.299124900000000338e+01
3.267509499999999889e+01
3.237089900000000142e+01
3.206192399999999765e+01
3.175668900000000150e+01
3.146701200000000043e+01
3.117656300000000158e+01
3.088105200000000039e+01
3.060159300000000115e+01
3.032114599999999882e+01
3.003498300000000043e+01
2.975227200000000138e+01
2.947304000000000102e+01
2.919724100000000178e+01
2.892512500000000131e+01
2.865602700000000169e+01
2.838922900000000027e+01
2.813388600000000039e+01
2.788159599999999827e+01
2.762330599999999947e+01
2.737287299999999846e+01
2.711857399999999885e+01
2.686675800000000081e+01
2.662013400000000019e+01
2.637349100000000135e+01
2.613770099999999985e+01
2.589835000000000065e+01
2.566178299999999979e+01
2.542862699999999876e+01
2.520315899999999942e+01
2.497204400000000035e+01
2.474335299999999904e+01
2.451795399999999958e+01
2.430178300000000036e+01
2.408004999999999995e+01
2.386094299999999890e+01
2.365136100000000141e+01
2.343680799999999920e+01
2.323180199999999829e+01
2.302154499999999970e+01
2.281372599999999906e+01
2.261352899999999977e+01
2.241008799999999823e+01
2.221437099999999987e+01
2.201984399999999908e+01
2.182821699999999865e+01
2.163907999999999987e+01
2.144616699999999909e+01
2.125985700000000023e+01
2.107538399999999967e+01
2.089350299999999905e+01
2.070766599999999968e+01
2.052385500000000107e+01
2.034691000000000116e+01
2.017240100000000069e+01
1.999981700000000018e+01
1.982780599999999893e+01
1.965362700000000018e+01
1.948136699999999877e+01
1.931378000000000128e+01
1.914436500000000052e+01
1.898094000000000037e+01
1.881866099999999875e+01
1.865899999999999892e+01
1.849613400000000141e+01
1.833952299999999980e+01
1.818003300000000166e+01
1.802607700000000079e+01
1.787463599999999886e+01
1.771983300000000128e+01
1.757098200000000077e+01
1.742412600000000111e+01
1.727341300000000146e+01
1.712981800000000021e+01
1.698778899999999936e+01
1.684226400000000012e+01
1.670269599999999954e+01
1.655968700000000027e+01
1.642337799999999959e+01
1.628837800000000158e+01
1.615448999999999913e+01
1.601698700000000031e+01
1.588611700000000049e+01
1.575265100000000018e+01
1.562469899999999967e+01
1.549812400000000068e+01
1.536755499999999941e+01
1.524375299999999989e+01
1.512105200000000060e+01
1.499472399999999972e+01
1.487476200000000048e+01
1.475594199999999923e+01
1.463883399999999924e+01
1.451680700000000002e+01
1.440212200000000031e+01
1.428847099999999948e+01
1.417007000000000083e+01
1.405875100000000089e+01
1.394779499999999928e+01
1.383880899999999947e+01
1.372556499999999957e+01
1.361791999999999980e+01
1.351194399999999973e+01
1.340710900000000017e+01
1.329826899999999945e+01
1.319515299999999947e+01
1.309332000000000029e+01
1.299242699999999928e+01
1.288768899999999995e+01
1.278903999999999996e+01
1.269074799999999925e+01
1.259402299999999997e+01
1.249820799999999998e+01
1.239780700000000024e+01
1.230410499999999985e+01
1.221167600000000064e+01
1.211980999999999931e+01
1.202311199999999936e+01
1.193338400000000021e+01
1.183790600000000026e+01
1.175017199999999917e+01
1.165721399999999974e+01
1.157119600000000048e+01
1.148007800000000067e+01
1.139566600000000030e+01
1.130579099999999926e+01
1.122364699999999971e+01
1.113628600000000013e+01
1.105705500000000008e+01
1.097145800000000015e+01
1.088598400000000055e+01
1.080914100000000033e+01
1.072618899999999975e+01
1.064927400000000013e+01
1.056795800000000085e+01
1.048748100000000072e+01
1.041323099999999968e+01
1.033479999999999954e+01
1.025682499999999919e+01
1.017948999999999948e+01
1.010907599999999995e+01
1.003364700000000020e+01
9.958985000000000198e+00
9.884707999999999828e+00
9.811355000000000715e+00
9.744598999999999123e+00
9.672271000000000285e+00
9.602218999999999838e+00
9.534743999999999886e+00
9.464498000000000744e+00
9.398412999999999684e+00
9.333106000000000790e+00
9.266641999999999157e+00
9.202332000000000178e+00
9.138424000000000547e+00
9.073121999999999687e+00
9.009994999999999976e+00
8.947509000000000157e+00
8.885967000000000837e+00
8.824823999999999558e+00
8.762294999999999945e+00
8.702351000000000170e+00
8.640940000000000509e+00
8.580102000000000118e+00
8.521962999999999511e+00
8.462198000000000775e+00
8.402525999999999939e+00
8.343897999999999371e+00
8.285277999999999921e+00
8.230344000000000548e+00
8.173273999999999262e+00
8.116879000000000843e+00
8.060460000000000846e+00
8.004049999999999443e+00
7.948529999999999873e+00
7.893049999999999677e+00
7.838481999999999950e+00
7.784454000000000207e+00
7.730411000000000143e+00
7.677300999999999931e+00
7.624238000000000071e+00
7.572127000000000052e+00
7.520512000000000086e+00
7.468931000000000431e+00
7.418002999999999680e+00
7.367198000000000135e+00
7.317378999999999856e+00
7.267399000000000164e+00
7.218229000000000006e+00
7.168690999999999924e+00
7.121080000000000076e+00
7.073250999999999955e+00
7.026068999999999676e+00
6.979751000000000261e+00
6.933641999999999861e+00
6.888112999999999708e+00
6.842768999999999657e+00
6.797912000000000177e+00
6.753847999999999629e+00
6.710058000000000078e+00
6.666228000000000264e+00
6.623238999999999876e+00
6.580551999999999957e+00
6.537990999999999886e+00
6.496203999999999645e+00
6.454686999999999841e+00
6.413070000000000270e+00
6.372567000000000093e+00
6.331635999999999598e+00
6.291777999999999871e+00
6.251877999999999602e+00
6.211946000000000190e+00
6.172927999999999749e+00
6.133726000000000234e+00
6.095528999999999975e+00
6.057207000000000008e+00
6.018964000000000425e+00
5.981587000000000209e+00
5.944520999999999944e+00
5.907371999999999623e+00
5.870411999999999964e+00
5.834229999999999805e+00
5.797848000000000113e+00
5.761796999999999613e+00
5.726335999999999871e+00
5.690863000000000227e+00
5.655242999999999576e+00
5.620015000000000427e+00
5.584956000000000031e+00
5.551234000000000002e+00
5.517210000000000392e+00
5.482476000000000127e+00
5.448859999999999815e+00
5.415180999999999578e+00
5.382052999999999976e+00
5.349419000000000146e+00
5.316885000000000083e+00
5.284189999999999721e+00
5.250942000000000220e+00
5.219197000000000308e+00
5.187191000000000329e+00
5.155714999999999826e+00
5.124747000000000163e+00
5.094096999999999653e+00
5.063652000000000264e+00
5.032385999999999804e+00
5.002360999999999613e+00
4.972579999999999778e+00
4.943121999999999794e+00
4.913897000000000403e+00
4.884668999999999706e+00
