3.812770478335291102e+01
3.769766528118001503e+01
3.727368975688447250e+01
3.685568359821588302e+01
3.644370501251479766e+01
3.603744151783775607e+01
3.563736368370175711e+01
3.524064814585901217e+01
3.484974092217879615e+01
3.446458392057198239e+01
3.408476697042705439e+01
3.371075897491200379e+01
3.334199255420613639e+01
3.297886691945212334e+01
3.262043750961908017e+01
3.226659561934862808e+01
3.191768354811894781e+01
3.157341266452065298e+01
3.123244305437136248e+01
3.089740981154347566e+01
3.056615055247610613e+01
3.024042521906543612e+01
2.991805708726537816e+01
2.959922070613357548e+01
2.928341318739177979e+01
2.897166991076638709e+01
2.866252675388848203e+01
2.835871267014792707e+01
2.805740676755706176e+01
2.776138725843260957e+01
2.747306850660603672e+01
2.718415152131396084e+01
2.689249951638834801e+01
2.661029970801183708e+01
2.632586870412464464e+01
2.604519663992235934e+01
2.577436678322422026e+01
2.550968546761661671e+01
2.524441634284893254e+01
2.498278557303410707e+01
2.472518628041423838e+01
2.447108846036762486e+01
2.421249913950819987e+01
2.396462591040581458e+01
2.371254842226508686e+01
2.347050254922731938e+01
2.322462844546095084e+01
2.298870277925196248e+01
2.275209373197044727e+01
2.251505895035906946e+01
2.228472832371576828e+01
2.205674128755030594e+01
2.182901327211945741e+01
2.160403632711996380e+01
2.138451453829244286e+01
2.116522628388299054e+01
2.094880167165788620e+01
2.073751325140930390e+01
2.052637708028165164e+01
2.032110146841955256e+01
2.011126337168734324e+01
1.990877430569825535e+01
1.970588539222291757e+01
1.950675750802751196e+01
1.931025865298853716e+01
1.911315701344142326e+01
1.891962898297639128e+01
1.873026551005516538e+01
1.854705211185016367e+01
1.835471362612335966e+01
1.816970806549938189e+01
1.798908239205324477e+01
1.780883173321865698e+01
1.763147771888211679e+01
1.744973810087315158e+01
1.727678078838488673e+01
1.711133092986180060e+01
1.693569779262189456e+01
1.676904608752105119e+01
1.659779333174098070e+01
1.643680509976842075e+01
1.627627191896880987e+01
1.611151912307701650e+01
1.595496099621545838e+01
1.580176247623404606e+01
1.564915910376348762e+01
1.549978168211113783e+01
1.535207340172046209e+01
1.520503934999189255e+01
1.505064263793660295e+01
1.490738791143732911e+01
1.476690586083343959e+01
1.461883994894573569e+01
1.448083259355061614e+01
1.434574602310624947e+01
1.420300707734602241e+01
1.407018236409207290e+01
1.393167029222974840e+01
1.380515400585857577e+01
1.367073419329052264e+01
1.354741836295949398e+01
1.342195035465091735e+01
1.329533230652483589e+01
1.317081311631520890e+01
1.304673823637793539e+01
1.292446509231889529e+01
1.280612542684376720e+01
1.268641944813821709e+01
1.256643942810404369e+01
1.244957062383011603e+01
1.233709556624914505e+01
1.222115769806788244e+01
1.210852272157981524e+01
1.199536713806252664e+01
1.188794856950711498e+01
1.177936173979387213e+01
1.167025035391194798e+01
1.156678372463442983e+01
1.146024530760541538e+01
1.135486316632945325e+01
1.125496971836437154e+01
1.115371102138354686e+01
1.105812068315227847e+01
1.095800948859399959e+01
1.086004294869614561e+01
1.076776140755629818e+01
1.067020606132967053e+01
1.057393017294110571e+01
1.048447413564448993e+01
1.039038981574333143e+01
1.030333957352518581e+01
1.021145964201850909e+01
1.012608438082772722e+01
1.003627257190998279e+01
9.952920086409321243e+00
9.865277850108830293e+00
9.784268378031148572e+00
9.698596197062180124e+00
9.619578494578885142e+00
9.535916331322727757e+00
9.456199519107240548e+00
9.374547719108793586e+00
9.298165629358983608e+00
9.218767872030445787e+00
9.142702974824342022e+00
9.067554421174374824e+00
8.993317632421835128e+00
8.920408204724667556e+00
8.848232347228986328e+00
8.776457749195865077e+00
8.706158551257381362e+00
8.631506833695425485e+00
8.562468270406013104e+00
8.489675178175662751e+00
8.417727014410557373e+00
8.346849127727079320e+00
8.276484269990826093e+00
8.207454805759150318e+00
8.139352864504486362e+00
8.076265682945818369e+00
8.013885484707287787e+00
7.948156659482880748e+00
7.887029297561039876e+00
7.822785993290921169e+00
7.759399835082766650e+00
7.697040060044479937e+00
7.635717826456569490e+00
7.575809231285020040e+00
7.515886985712707968e+00
7.456612938956632242e+00
7.399150259618962444e+00
7.341067411622931971e+00
7.285704477787607658e+00
7.231785095111468387e+00
7.176494834000043177e+00
7.123197176330203995e+00
7.069784249562069967e+00
7.016382584030100844e+00
6.964815767937801105e+00
6.913260626313482149e+00
6.863026748792943721e+00
6.811577709452047102e+00
6.760892846853772120e+00
6.712640556013739435e+00
6.663883713038712742e+00
6.614336628893145331e+00
6.567593490603010231e+00
6.521139276154182873e+00
6.475168526980933592e+00
6.427626381403502620e+00
6.382625165196706085e+00
6.337788044926432107e+00
6.291322662015856437e+00
6.247465301654272274e+00
6.204186989131246222e+00
6.159862196326299610e+00
6.117098287560565062e+00
6.074361477547960853e+00
6.031696930147630198e+00
5.989128069774474206e+00
5.948216956670495215e+00
5.907837852991466576e+00
5.867858926227357941e+00
5.827096116430774408e+00
5.786826313785236486e+00
5.747127639321061743e+00
5.707844679590453829e+00
5.668072942225862221e+00
5.630201576090131610e+00
5.592229950658918369e+00
5.553780418776350203e+00
5.517590053787081672e+00
5.481229244015012547e+00
5.444759541608146236e+00
5.408131237464738561e+00
5.372878804552967402e+00
5.338177679676489262e+00
5.303267772860841056e+00
5.266002638106039413e+00
5.229347365715527829e+00
5.194621097956685141e+00
5.160861924630679276e+00
5.125365560019260691e+00
5.092863570601680934e+00
5.060558711350125805e+00
5.026503512929865636e+00
4.992673036771831718e+00
4.959251211621198863e+00
4.926655348863715034e+00
4.896023854379957463e+00
4.865620669683944577e+00
4.835498674007099318e+00
4.803670817008264038e+00
4.773710365779136211e+00
4.742857665655788146e+00
4.713774880201718531e+00
4.683569747476051148e+00
4.653783211987559731e+00
4.623967711000601000e+00
4.593925865014871768e+00
4.565067724628761425e+00
4.536342738757447535e+00
4.508273652244501939e+00
4.480417773324664843e+00
4.452932623562412040e+00
4.425608550223412152e+00
4.398635890514455582e+00
4.372292194494158402e+00
4.346357372831818999e+00
4.319745119461262384e+00
4.293674614127415801e+00
4.267664457546682222e+00
4.241368011052800924e+00
4.216043472066044906e+00
4.191419378442923893e+00
4.166648790572464733e+00
4.141929073269042583e+00
4.118632602622040118e+00
4.094304941634145933e+00
4.071403616037209794e+00
4.047618505050537330e+00
4.024378848802809827e+00
4.002239008426738742e+00
3.978602886611960709e+00
3.956522468577302831e+00
3.933005293075092723e+00
3.911625822519294360e+00
3.888616170990871534e+00
3.867652594526046705e+00
3.845897470934236395e+00
3.823613382906743574e+00
3.803321740471453882e+00
3.781213424292356962e+00
3.758653326319590704e+00
3.737328635518704090e+00
3.717736451074478587e+00
3.696083041557441273e+00
3.677023006574489994e+00
3.656482121487344195e+00
3.636197095913136668e+00
3.615425068047412704e+00
3.595907627875927659e+00
3.575873065421504293e+00
3.556412594720556264e+00
3.537411441222797936e+00
3.517011029099931907e+00
3.498403513746603632e+00
3.480946444726168210e+00
3.462589066208358268e+00
3.445472472462149049e+00
3.427806487628020538e+00
3.408044026281157990e+00
3.390644663054075636e+00
3.373502820177773476e+00
3.356387940439710782e+00
3.339476021004043726e+00
3.322882924338628641e+00
3.306023546607596675e+00
3.289640753736240875e+00
3.273163567302923571e+00
3.257153436577471251e+00
3.239593621031649828e+00
3.220893402344737755e+00
3.203986712798540637e+00
3.186857890791744197e+00
3.171542517445853360e+00
3.154886113841545825e+00
3.139638102849505064e+00
3.123361123050843347e+00
3.106048140418735670e+00
3.090898847920665382e+00
3.076114368854969694e+00
3.059206077230516740e+00
3.043031302027292995e+00
3.028791039698012000e+00
3.011674490560047435e+00
2.995051050209384780e+00
2.981078585120486846e+00
2.967458274305057486e+00
2.952468912509847776e+00
2.936683346198003530e+00
2.922140155499012515e+00
2.908323364064309580e+00
2.893484808506604722e+00
2.878919513452936840e+00
2.863843001823136447e+00
2.849598677166115923e+00
2.835546525575538546e+00
2.821083682392357517e+00
2.807385087186686334e+00
2.792975421825750537e+00
2.779249497307128447e+00
2.766262264919993275e+00
2.752389023746558028e+00
2.738346000535774483e+00
2.724858911656004246e+00
2.711195222348832701e+00
2.698060103578061142e+00
2.684745416446717048e+00
2.672442473061268586e+00
2.659544090760995516e+00
2.647041036041223094e+00
2.635505415225356973e+00
2.623337769259766805e+00
2.612106760062652633e+00
2.600742374526464840e+00
2.589506589815210535e+00
2.578318503205625056e+00
2.567055338393640529e+00
2.555981979934024650e+00
2.545061680330698461e+00
2.534291131808503739e+00
2.523933042941970850e+00
2.513059027756764152e+00
2.502353163941831049e+00
2.491712660561694381e+00
2.481472909912088021e+00
2.471133193565413499e+00
2.460949895158738965e+00
2.450823954834991270e+00
2.440885261959958807e+00
2.430460345818008516e+00
2.420754613673126165e+00
2.411180538495211856e+00
2.400164475000544417e+00
2.390371057422212342e+00
2.379603266363070624e+00
2.369794101633522221e+00
2.360513561869706400e+00
2.351450905868091024e+00
2.342419576389856761e+00
2.332240217485131328e+00
2.323363908934101385e+00
2.314719088895756283e+00
2.306087056707104122e+00
2.297622528376779716e+00
2.287831941333360763e+00
2.279364238138281262e+00
2.271034961865779689e+00
2.261926914368168617e+00
2.253731567067605468e+00
2.245234447760809715e+00
2.237223532389167602e+00
2.228376538177018418e+00
2.220427971097401088e+00
2.212372802949231776e+00
2.204606763753262477e+00
2.196971565008535077e+00
2.189024166776117220e+00
2.181486848690749714e+00
2.174100145080123614e+00
2.166669572828156198e+00
2.156989077147082323e+00
2.147478328388912505e+00
2.139555222057893946e+00
2.130241424706442732e+00
2.121048495902804198e+00
2.111993285528170450e+00
2.103055640157724060e+00
2.093925023329914037e+00
2.085231712755721389e+00
2.076629395082303375e+00
2.068450225992735536e+00
2.060201646650592355e+00
2.051898771258377607e+00
2.045549441339431063e+00
2.037566426085377191e+00
2.028904770178701078e+00
2.020375954621468129e+00
2.014348003669608200e+00
2.006821906915390308e+00
1.999303709385411132e+00
1.993448956038560649e+00
1.986164007241503215e+00
1.979579319470627263e+00
1.971686461289551939e+00
1.964582856467420591e+00
1.958231199986595339e+00
1.950541832555847011e+00
1.943710294183342624e+00
1.937375130103315746e+00
1.930592920977871607e+00
1.923802944622102995e+00
1.916466488152298808e+00
1.910112769597967164e+00
1.902928061177845187e+00
1.896486292493992698e+00
1.890004092997675356e+00
1.884533478775861415e+00
1.878249716873635844e+00
1.872901435120644109e+00
1.866803341563294305e+00
1.861405642659591075e+00
1.855337569654044616e+00
1.849121080059656030e+00
1.842373312274208974e+00
1.835172600864081627e+00
1.829404404446355104e+00
1.824269036142980305e+00
1.819158580760855459e+00
1.813782654746023182e+00
1.808330299988125223e+00
1.802043961455965126e+00
1.796324632252189524e+00
1.791376974889547835e+00
1.786387550147513048e+00
1.780997285307092559e+00
1.776273922338940325e+00
1.769919866239764605e+00
1.765091611761229196e+00
1.760166617226645691e+00
1.755473186257017426e+00
1.750680511804887596e+00
1.745611586749626021e+00
1.740432146070650443e+00
1.735309955402780213e+00
1.730651511524927466e+00
1.725254740556505295e+00
1.720590056960384917e+00
1.715433520417994906e+00
1.711417283645534138e+00
1.707381808212584895e+00
1.702858177444092735e+00
1.698872510982211592e+00
1.694448726255368465e+00
1.689745658293490882e+00
1.685899415674133150e+00
1.682061752668924770e+00
1.677838603356305747e+00
1.673270088285448765e+00
1.669108347607869414e+00
1.665467884746576255e+00
1.661395896934491523e+00
1.656772026299457856e+00
1.652471480080584643e+00
1.648331407572394713e+00
1.643785426026276753e+00
1.639775588623043179e+00
1.635971204257000489e+00
1.631898380091202805e+00
1.627782307694293218e+00
1.623887792056498025e+00
1.620237049966834819e+00
1.616650133826832869e+00
1.613411243692276065e+00
1.610224697323125342e+00
1.606495907830376879e+00
1.602855773715318177e+00
1.599585784057477200e+00
1.596369977572131837e+00
1.593087206094188524e+00
1.590127759750423087e+00
1.587209002007133662e+00
1.583604130922216191e+00
1.580675820959591915e+00
1.577541777439928961e+00
1.573893181963736509e+00
1.570731474263497907e+00
1.567266462418430484e+00
1.564461029014388549e+00
