4.610176100000000332e+01
4.563474699999999729e+01
4.517333599999999905e+01
4.471748000000000189e+01
4.426711300000000193e+01
4.382229600000000147e+01
4.338227499999999992e+01
4.294767399999999924e+01
4.251798200000000350e+01
4.209333399999999870e+01
4.167370199999999869e+01
4.125901000000000352e+01
4.084929999999999950e+01
4.044424399999999764e+01
4.004396400000000256e+01
3.964840300000000184e+01
3.925742000000000331e+01
3.887137200000000092e+01
3.848998999999999882e+01
3.811394899999999808e+01
3.774235900000000044e+01
3.737549599999999828e+01
3.701287500000000108e+01
3.665462899999999991e+01
3.630091099999999926e+01
3.595118300000000033e+01
3.560499999999999687e+01
3.526366399999999857e+01
3.492567400000000077e+01
3.459224700000000041e+01
3.426197100000000262e+01
3.393623000000000189e+01
3.361344900000000280e+01
3.329493699999999734e+01
3.297999999999999687e+01
3.266903299999999888e+01
3.236142699999999905e+01
3.205701100000000281e+01
3.175586699999999851e+01
3.145462399999999903e+01
3.116113100000000102e+01
3.086689399999999850e+01
3.057608000000000104e+01
3.028873300000000057e+01
3.000457000000000107e+01
2.972393999999999892e+01
2.944627600000000101e+01
2.917198000000000135e+01
2.890053599999999889e+01
2.863281200000000126e+01
2.836718400000000173e+01
2.810473599999999905e+01
2.784574500000000086e+01
2.758943599999999918e+01
2.733584799999999859e+01
2.708578100000000077e+01
2.682976899999999887e+01
2.657707399999999964e+01
2.632757199999999997e+01
2.608887299999999954e+01
2.584545100000000062e+01
2.560464500000000143e+01
2.537303899999999857e+01
2.513780600000000121e+01
2.491151999999999944e+01
2.468774799999999914e+01
2.446016499999999994e+01
2.423505199999999959e+01
2.401742600000000039e+01
2.380457099999999926e+01
2.358684699999999879e+01
2.337796799999999919e+01
2.316467499999999902e+01
2.295988499999999988e+01
2.275133699999999948e+01
2.255068800000000095e+01
2.234673499999999891e+01
2.215050300000000050e+01
2.195682499999999848e+01
2.176541500000000084e+01
2.157629199999999869e+01
2.138255699999999848e+01
2.119733400000000145e+01
2.101096000000000075e+01
2.082756600000000091e+01
2.064666899999999927e+01
2.046794900000000084e+01
2.028961800000000082e+01
2.011494599999999977e+01
1.994206199999999995e+01
1.977033199999999979e+01
1.960037200000000013e+01
1.943176800000000171e+01
1.926564799999999877e+01
1.909168999999999983e+01
1.892914199999999880e+01
1.876851800000000026e+01
1.859939800000000076e+01
1.844186200000000042e+01
1.827638100000000065e+01
1.812091799999999964e+01
1.796913699999999992e+01
1.780875599999999892e+01
1.766005300000000133e+01
1.750521099999999919e+01
1.735931400000000124e+01
1.719999699999999976e+01
1.705792399999999986e+01
1.691704199999999858e+01
1.677774399999999844e+01
1.662480000000000047e+01
1.647382199999999841e+01
1.632475099999999912e+01
1.617756500000000131e+01
1.603224900000000019e+01
1.589324200000000076e+01
1.575133100000000042e+01
1.561869000000000085e+01
1.548659900000000000e+01
1.535668599999999984e+01
1.522860999999999976e+01
1.509385699999999986e+01
1.496809700000000021e+01
1.484768500000000024e+01
1.471710900000000066e+01
1.458809399999999989e+01
1.446115400000000051e+01
1.434186799999999984e+01
1.422400999999999982e+01
1.410752699999999926e+01
1.398574100000000087e+01
1.387169500000000077e+01
1.375534000000000034e+01
1.363973700000000022e+01
1.352576000000000001e+01
1.341281299999999987e+01
1.329760600000000004e+01
1.319199700000000064e+01
1.308735899999999930e+01
1.298435500000000076e+01
1.288047500000000056e+01
1.277937400000000068e+01
1.267931500000000078e+01
1.258020299999999914e+01
1.248275499999999916e+01
1.238443600000000089e+01
1.228872100000000067e+01
1.219374000000000002e+01
1.210022200000000048e+01
1.200742499999999957e+01
1.191526600000000080e+01
1.182309899999999914e+01
1.173359199999999980e+01
1.163927400000000034e+01
1.154670400000000008e+01
1.145527900000000088e+01
1.136496999999999957e+01
1.127484300000000061e+01
1.118635199999999941e+01
1.109883600000000037e+01
1.101179699999999961e+01
1.092632900000000085e+01
1.084178799999999931e+01
1.075806399999999918e+01
1.067558299999999960e+01
1.059411700000000067e+01
1.051301999999999914e+01
1.043322700000000047e+01
1.035446600000000039e+01
1.027655099999999955e+01
1.019953600000000016e+01
1.012326000000000015e+01
1.004951200000000000e+01
9.974565999999999377e+00
9.902514999999999290e+00
9.829136000000000095e+00
9.756524999999999892e+00
9.686443999999999832e+00
9.614876999999999896e+00
9.545569000000000415e+00
9.476471999999999341e+00
9.408314000000000732e+00
9.340206000000000230e+00
9.274715000000000487e+00
9.208282000000000522e+00
9.142386000000000124e+00
9.077545999999999893e+00
9.013590999999999909e+00
8.949415999999999372e+00
8.886290000000000688e+00
8.824930000000000163e+00
8.763075000000000614e+00
8.701739999999999142e+00
8.641788000000000025e+00
8.582577000000000567e+00
8.523277000000000214e+00
8.464812999999999477e+00
8.406237000000000847e+00
8.348122000000000043e+00
8.290976999999999819e+00
8.234159000000000006e+00
8.178264000000000422e+00
8.123058999999999585e+00
8.068374000000000379e+00
8.014264000000000721e+00
7.960719000000000101e+00
7.907847000000000293e+00
7.855170000000000208e+00
7.803367999999999860e+00
7.752174000000000120e+00
7.701456000000000301e+00
7.651182000000000372e+00
7.601234999999999964e+00
7.551835999999999771e+00
7.503161999999999665e+00
7.454737999999999865e+00
7.407009000000000398e+00
7.359449999999999825e+00
7.312692000000000192e+00
7.266549000000000369e+00
7.220927999999999791e+00
7.175370000000000026e+00
7.129934999999999690e+00
7.084920999999999580e+00
7.040070000000000050e+00
6.996285999999999561e+00
6.952244000000000312e+00
6.909330999999999889e+00
6.862229000000000134e+00
6.819874999999999687e+00
6.774888999999999939e+00
6.733629999999999782e+00
6.692609000000000030e+00
6.651997999999999855e+00
