4.616532099999999872e+01
4.569116199999999850e+01
4.522296500000000208e+01
4.476069999999999993e+01
4.430416100000000057e+01
4.385335200000000100e+01
4.340827900000000028e+01
4.296869300000000180e+01
4.253477099999999922e+01
4.210621600000000342e+01
4.168307899999999933e+01
4.126543800000000317e+01
4.085274499999999875e+01
4.044542299999999813e+01
4.004294199999999648e+01
3.964533600000000035e+01
3.925284599999999813e+01
3.886511600000000044e+01
3.848205899999999957e+01
3.810362599999999844e+01
3.772980100000000192e+01
3.736049299999999818e+01
3.699561700000000286e+01
3.663502900000000295e+01
3.627880499999999842e+01
3.592672699999999963e+01
3.557906299999999788e+01
3.523527899999999846e+01
3.489510700000000298e+01
3.455856299999999948e+01
3.422658200000000051e+01
3.389764399999999966e+01
3.357192200000000071e+01
3.324904999999999688e+01
3.293123200000000139e+01
3.261572300000000268e+01
3.230452300000000321e+01
3.199757800000000074e+01
3.169192299999999918e+01
3.139004900000000120e+01
3.109348699999999965e+01
3.079907400000000095e+01
3.050689500000000010e+01
3.021926099999999948e+01
2.993598599999999976e+01
2.965401500000000112e+01
2.937491599999999892e+01
2.910026200000000074e+01
2.882907700000000162e+01
2.856160399999999910e+01
2.829511799999999866e+01
2.803192299999999904e+01
2.777246500000000040e+01
2.751615100000000069e+01
2.726333599999999890e+01
2.701153599999999955e+01
2.676270299999999835e+01
2.651807200000000009e+01
2.627636700000000047e+01
2.603495399999999904e+01
2.579769299999999888e+01
2.556341600000000014e+01
2.533081100000000063e+01
2.510162400000000105e+01
2.487489700000000070e+01
2.464944600000000108e+01
2.442854099999999917e+01
2.420789699999999911e+01
2.399156800000000089e+01
2.377624499999999941e+01
2.356474499999999850e+01
2.335505900000000068e+01
2.314817999999999998e+01
2.294213299999999833e+01
2.273852300000000071e+01
2.253887599999999836e+01
2.233964900000000142e+01
2.214436099999999996e+01
2.194985199999999992e+01
2.175866500000000059e+01
2.156932600000000022e+01
2.138243699999999947e+01
2.119772299999999987e+01
2.100437900000000013e+01
2.081321300000000107e+01
2.063382100000000108e+01
2.044712799999999930e+01
2.026256199999999907e+01
2.008917599999999837e+01
1.990885199999999955e+01
1.973937799999999854e+01
1.956310099999999963e+01
1.938870199999999855e+01
1.921875400000000056e+01
1.905053699999999850e+01
1.888456000000000046e+01
1.871981800000000007e+01
1.855790700000000015e+01
1.839762500000000145e+01
1.823889000000000138e+01
1.808226200000000006e+01
1.792728599999999872e+01
1.777453799999999973e+01
1.762269399999999919e+01
1.747289999999999921e+01
1.732463100000000011e+01
1.717832200000000142e+01
1.703710900000000095e+01
1.689723400000000098e+01
1.675891700000000029e+01
1.661799800000000005e+01
1.647873699999999886e+01
1.634110499999999888e+01
1.620748899999999892e+01
1.607280000000000086e+01
1.593987899999999946e+01
1.580876600000000032e+01
1.567880199999999924e+01
1.555248399999999975e+01
1.542555300000000074e+01
1.529987700000000039e+01
1.517526100000000078e+01
1.505185499999999976e+01
1.493000900000000009e+01
1.480949599999999933e+01
1.469045000000000023e+01
1.457274800000000070e+01
1.444923799999999936e+01
1.432680399999999921e+01
1.420630599999999966e+01
1.408748899999999971e+01
1.396979299999999924e+01
1.385402599999999929e+01
1.373977600000000088e+01
1.362827200000000083e+01
1.351764499999999991e+01
1.340870199999999990e+01
1.330110400000000048e+01
1.319475599999999993e+01
1.308986299999999936e+01
1.298569700000000005e+01
1.288316000000000017e+01
1.278165500000000065e+01
1.268160499999999935e+01
1.258257500000000029e+01
1.248492500000000049e+01
1.238831000000000060e+01
1.229298499999999983e+01
1.219899799999999956e+01
1.210546300000000031e+01
1.201393900000000059e+01
1.192298800000000014e+01
1.183350800000000014e+01
1.174452900000000000e+01
