1.659010580853368938e+08
1.569738840102240741e+08
1.525601152233390212e+08
1.503795556291491985e+08
1.489739689372815490e+08
1.479408867668086290e+08
1.474267786112440825e+08
1.447374901738380790e+08
1.423362255465190113e+08
1.413088935386785269e+08
1.366389684020254910e+08
1.360951865013112724e+08
1.358158741544720531e+08
1.353792660545385182e+08
1.349160217512103617e+08
1.329912004695108831e+08
1.309246345213470906e+08
1.260665988432700485e+08
1.254206210779526979e+08
1.249905401238600314e+08
1.246773301972322911e+08
1.208352581957448125e+08
1.204061929201695770e+08
1.201370766896995008e+08
1.195499407337856740e+08
1.174003453600818366e+08
1.171702159125936329e+08
1.131471227835466564e+08
1.125863173323601335e+08
1.121276283535616547e+08
1.118031439658360630e+08
1.114171605700888783e+08
1.081334164948530197e+08
1.078264997976730615e+08
1.076652044675552696e+08
1.073438860993925035e+08
1.066086327990293205e+08
1.054135980380414575e+08
1.022797509130407572e+08
1.017563045566904545e+08
1.015454559541287869e+08
1.012327231002306640e+08
9.867929646373483539e+07
9.837113141765488684e+07
9.812797118950793147e+07
9.764321022366435826e+07
9.495345160864241421e+07
9.453660177984075248e+07
9.432588875619983673e+07
9.405619411058947444e+07
9.393304501639658213e+07
9.160674526326029003e+07
9.137643371661892533e+07
9.104745160279518366e+07
9.081247118672206998e+07
9.050583928922934830e+07
9.007666997649061680e+07
8.729551307097133994e+07
8.702530950992015004e+07
8.689159142988209426e+07
8.486767664829367399e+07
8.447733986487098038e+07
8.429945489280329645e+07
8.414269109156458080e+07
8.318710139667619765e+07
8.305111622493451834e+07
8.280489156320089102e+07
8.044496207219231129e+07
8.015962668615239859e+07
8.001667268952016532e+07
7.838240426760055125e+07
7.811638709036214650e+07
7.780546684570531547e+07
7.760816250273926556e+07
7.729354570589120686e+07
7.704436427993579209e+07
7.530935744262394309e+07
7.515425032295285165e+07
7.492587734660603106e+07
7.480069109834860265e+07
7.332975119701148570e+07
7.289035267932452261e+07
7.267217247823645175e+07
7.057273449609613419e+07
7.037946242641396821e+07
7.002787879344701767e+07
6.840834643155467510e+07
6.804713767107124627e+07
6.767897367715629935e+07
6.751817330808068812e+07
6.717284054763501883e+07
6.545550082834379375e+07
6.521868015096625686e+07
6.498367263100867718e+07
6.378998838859041780e+07
6.357538996492115408e+07
6.344731759513104707e+07
6.327184428793174028e+07
6.307599923869106919e+07
6.295816751251557469e+07
