6.253790274204858690e+01
4.905709249497686386e+01
3.967596721386320269e+01
3.260018571065523219e+01
2.688881099769021787e+01
2.290774226938913216e+01
2.022622065664825897e+01
1.778198870743497295e+01
1.618718512672306531e+01
1.469252564547358908e+01
1.363553247292628079e+01
1.248309908646286104e+01
1.161180046070658989e+01
1.081538585893408744e+01
1.032577295734273015e+01
9.797550006417427682e+00
9.343616497408094190e+00
9.033058164847348692e+00
8.779576130156794278e+00
8.463578538405943874e+00
8.225428728489900365e+00
8.060945506222859436e+00
7.898046315667785144e+00
7.674216625612530152e+00
7.539836018992986055e+00
7.373749740475546766e+00
7.247133035859627093e+00
7.121031920705718221e+00
7.022463790613291401e+00
6.901738690932268661e+00
6.779251445177216340e+00
6.677915800839758553e+00
6.505801727611290275e+00
6.386443019801317789e+00
6.306072330151848426e+00
6.132292647410374720e+00
6.044329935453026437e+00
5.920643369088815611e+00
5.854133825651196332e+00
5.773740266487191519e+00
5.703331650581541012e+00
5.620011708932949546e+00
5.512097420432263029e+00
5.454160367923296171e+00
5.383472035046051651e+00
5.328971148934631863e+00
5.251110598544023844e+00
5.151205934651057916e+00
5.069488613717048509e+00
5.024792768298393497e+00
4.955204048622458224e+00
4.895095546488909655e+00
4.853904570861487855e+00
4.809609099434802637e+00
4.739165491758901894e+00
4.673759202033812343e+00
4.603928751177239320e+00
4.534349187018664296e+00
4.481585775268158933e+00
4.412425887816964654e+00
4.374045238207949993e+00
4.329379984152088134e+00
4.281540318810902690e+00
4.248608103149980941e+00
4.211187397979969660e+00
4.161108077917512915e+00
4.126939178988007662e+00
4.074593408936526551e+00
4.039134116897332483e+00
4.010256087786746804e+00
3.971458165245032479e+00
3.922288945750460609e+00
3.869658943728189193e+00
3.834681334577177747e+00
3.798179692523887319e+00
3.757750994307382797e+00
3.720688510775314484e+00
3.684658870118459273e+00
3.643090260015579229e+00
3.613019622364549210e+00
3.576451093722019525e+00
3.552395294167439932e+00
3.522404648940388405e+00
3.505300365149540909e+00
3.469489279321818831e+00
3.434968690379379019e+00
3.374101169135966583e+00
3.351260024673591076e+00
3.330173786395120406e+00
3.287571334693230263e+00
