6.613227175137437541e+01
5.183383781382645594e+01
4.120262982048023304e+01
3.337198775867260281e+01
2.787833356546186891e+01
2.342800420417043838e+01
2.040237127343728574e+01
1.794904144374155663e+01
1.603038564399654575e+01
1.462553302227585661e+01
1.353721239647576269e+01
1.264386170114406127e+01
1.163598208333928063e+01
1.111522047051401607e+01
1.064848926029155329e+01
1.001136586987966837e+01
9.712581348993927222e+00
9.274737326685995598e+00
9.014125245001713083e+00
8.679797148989150557e+00
8.437224140625454893e+00
8.283775301505528432e+00
8.034150327542363357e+00
7.872397144173882921e+00
7.629776518017294507e+00
7.458855531468863376e+00
7.341784961270866994e+00
7.209982290193950760e+00
7.093917891776593265e+00
6.956419835811907149e+00
6.801996662766109480e+00
6.679041911038406276e+00
6.608675056783406276e+00
6.458776442222195158e+00
6.369020608003671313e+00
6.224272474523067977e+00
6.142987762795478979e+00
6.039374670991465521e+00
5.958112764108026482e+00
5.899096220117034939e+00
5.826796157378399954e+00
5.758204505553322861e+00
5.694608973932016482e+00
5.628652325922505639e+00
5.582687222622991108e+00
5.536894674880052492e+00
5.465987994714846643e+00
5.380028037019942033e+00
5.324905496187025911e+00
5.278487231334827001e+00
5.235579077979827467e+00
5.155644898147873079e+00
5.118355812726424148e+00
5.073386621794206519e+00
5.033196010524120467e+00
5.004372137517185237e+00
4.949278135336340867e+00
4.919892641403560418e+00
4.881814628037787429e+00
4.830726142347653074e+00
4.772552375776194289e+00
4.722851195267796953e+00
4.674522821151637864e+00
4.643171945241608256e+00
4.605213065903573266e+00
4.556905634724105703e+00
4.528361892427563262e+00
4.500436223601860242e+00
4.449632538947025040e+00
4.377340420659216136e+00
4.337092589100826956e+00
4.312813694666320252e+00
4.289711614655401739e+00
4.230525082832591544e+00
4.191704750618753472e+00
4.165550627776696047e+00
4.137051225696692036e+00
4.095155472738469804e+00
4.064791816811065495e+00
4.028955728514426404e+00
3.988276915547188661e+00
3.960486054002498868e+00
3.913437303961720737e+00
3.854267499356397231e+00
3.828691070054787371e+00
3.811168582288571915e+00
3.783349304816415515e+00
3.752146164608118895e+00
3.712489404757104428e+00
3.681094267914564622e+00
3.648525622168894422e+00
3.629718656237173491e+00
3.602012195911421966e+00
3.582273588817858290e+00
3.556253634747538417e+00
3.541157265783801744e+00
3.509507094495964541e+00
3.485644464507663631e+00
3.469692572596052571e+00
3.444283150853722830e+00
3.420562035802375167e+00
3.391043089923746479e+00
3.373427266548874925e+00
3.352387658216321231e+00
3.335153063211445446e+00
3.313049517283135792e+00
3.283772300109984332e+00
3.262749345214349450e+00
3.244191654232245092e+00
3.228754487280729002e+00
3.207952418251954541e+00
3.192775043318291317e+00
3.175905797398141495e+00
3.152147887455698072e+00
3.106369484805652892e+00
3.093126135256186071e+00
3.076187754279386510e+00
3.057387550446420299e+00
3.042914873621613836e+00
3.021484229232878516e+00
3.006232834294517708e+00
2.996613750340996862e+00
2.968894140997409892e+00
2.950930039419675133e+00
2.932356447679235423e+00
2.914040240096199330e+00
2.885435910097147172e+00
2.866735863406608242e+00
2.853873780728051202e+00
2.831663653325125374e+00
2.804446750140780154e+00
2.794249970073298339e+00
2.781510569508315101e+00
2.761728213356565043e+00
2.725207132453435044e+00
2.708923074958049959e+00
2.697725382137461381e+00
2.682556555204244741e+00
2.672779766418523995e+00
2.657471650109589412e+00
2.644787550741587001e+00
2.621131043841752550e+00
2.605900260157934412e+00
2.587073572695647528e+00
2.559936188248720157e+00
2.544526050072759116e+00
2.530059160327137846e+00
2.512283158411845907e+00
2.499597338641188937e+00
2.472722287933597052e+00
2.457297170677872344e+00
2.445159591173446056e+00
2.430633528909086571e+00
2.416377084461219571e+00
2.407185838507452047e+00
2.397120913034621381e+00
2.382976590705435438e+00
2.370107255715665051e+00
2.358503520106958184e+00
2.344209787272485634e+00
2.324190855382117782e+00
2.311995960803672201e+00
2.297549600052595675e+00
2.288159729721817914e+00
2.267783125718746629e+00
2.255067627678742692e+00
2.243449755939340484e+00
2.227973475678272752e+00
2.219673403744134355e+00
2.200937102808214973e+00
2.189268827862347777e+00
2.172556660287384034e+00
2.157835037213754248e+00
2.137622984487530076e+00
2.129107815650060243e+00
2.119509200547057937e+00
2.100543068370472444e+00
2.093743715061815003e+00
2.085537019483505894e+00
2.076395036249153669e+00
2.060169914364774701e+00
2.049735949145053304e+00
2.041526121524148696e+00
2.031011781891022938e+00
2.018121289715673505e+00
2.006720211154974010e+00
1.994661652854179623e+00
1.983698057268977077e+00
1.974638870849629857e+00
1.967050681856613359e+00
1.958154171462193061e+00
1.946370687472990468e+00
1.936473226863230090e+00
1.927705127212999914e+00
1.912284329537477179e+00
1.900209517055936992e+00
1.891521628527997212e+00
1.878177711479531053e+00
1.868228804906459262e+00
1.858740438840920994e+00
1.842551847127345876e+00
1.828489979959038170e+00
1.821778268219830021e+00
1.811634876505734626e+00
1.803905358284212834e+00
1.795663821227567958e+00
1.786173651716912669e+00
1.779441510202129928e+00
1.770550358229240784e+00
1.763038537179138388e+00
1.752247966106653676e+00
1.743394254232693896e+00
1.733292937230131781e+00
1.725873521281222844e+00
1.719670554475782209e+00
1.712343742918394085e+00
1.704174831895088449e+00
1.692017812954201172e+00
1.683182395776726237e+00
1.677736329803488635e+00
1.671636887950112671e+00
1.663548155097687165e+00
1.654585396673166064e+00
1.647867673497511287e+00
1.639826483350609765e+00
1.632363168264874931e+00
1.623952559897664738e+00
1.610187445938532136e+00
1.604041590461598110e+00
1.597037772792341936e+00
1.588388967865795198e+00
1.580826566399085475e+00
1.572889567823532397e+00
1.564570817347556542e+00
1.557932506316632271e+00
1.551485663541974258e+00
1.544697037624383817e+00
1.539281352745079712e+00
1.531191265468542673e+00
1.523974718326967404e+00
1.509808821760079134e+00
1.503953607084011823e+00
1.493537971337688397e+00
1.484263698006163867e+00
1.478968491238318528e+00
1.473485375355980009e+00
1.467903242859276647e+00
1.457075810732404886e+00
1.451145106170677712e+00
1.441196046755342630e+00
1.432220415171521433e+00
1.422029405165389671e+00
1.414160122772779582e+00
1.404639964617928172e+00
1.399384133629946847e+00
1.393294736781992782e+00
1.387043626398259955e+00
1.376991283752716955e+00
1.370214423065146958e+00
1.364433865712223248e+00
1.358727254662355888e+00
1.354331557222114624e+00
1.344827036024026867e+00
1.338625846630203231e+00
1.333995791723163515e+00
1.329326352910997766e+00
1.326122764142207311e+00
1.321672264915261463e+00
1.316763903922250067e+00
1.311258315126532015e+00
1.305758718250810801e+00
1.302465172544522876e+00
1.296129960274351678e+00
1.288954504939054946e+00
1.279218530493480221e+00
1.274387180406493902e+00
1.270195347006962461e+00
1.262394877469518839e+00
1.255792006501710079e+00
1.247550273008652066e+00
1.237735719933410028e+00
1.230881458591703836e+00
1.228349927039400491e+00
1.223832869649547961e+00
1.219614481472272249e+00
1.211033091121978655e+00
1.207445817197309257e+00
1.201393261822790270e+00
1.197202266755660993e+00
1.194372384039584567e+00
1.189298285728808136e+00
1.183565848867259795e+00
1.178701034078027954e+00
1.172789674764355583e+00
1.167059915042363949e+00
1.162238000851463671e+00
1.158441913269195656e+00
1.151596995812217195e+00
1.147318442733809007e+00
1.143467843537159911e+00
1.137019574884605033e+00
1.133123461622846051e+00
1.127509043047153270e+00
1.121292410690551078e+00
1.117729386304125550e+00
1.115618454108593172e+00
1.111758752365188840e+00
1.107633980835035503e+00
1.104276229095507267e+00
1.097178729162003874e+00
1.094285689052923338e+00
1.089039008012780751e+00
1.085243970160026938e+00
1.082589360192729444e+00
1.078566331316775040e+00
1.073649972646852246e+00
1.068885662267152981e+00
1.065359871936414793e+00
1.061643865952252019e+00
1.054901326488894453e+00
1.048744954469142066e+00
1.045274553855364719e+00
1.040771840115108926e+00
1.037336877083581133e+00
1.032226424370110474e+00
1.027165150063409360e+00
1.023285031114226973e+00
1.017893003837822663e+00
1.013596728867534269e+00
1.008250360641001375e+00
1.005012081160054693e+00
1.001167422162386966e+00
9.989505358988467476e-01
9.937056225316381886e-01
9.888804698166165918e-01
9.838175714816405071e-01
9.803843842280641763e-01
9.775695993509313508e-01
9.744038163991961543e-01
9.706344804531559234e-01
9.640929998314188287e-01
9.598900111833433835e-01
9.560280767843011285e-01
9.492353660912909996e-01
9.456015950937267656e-01
9.433867721895915492e-01
9.404169911757778166e-01
9.379901466358009365e-01
9.338106468672688898e-01
9.309573781417863625e-01
9.255879437396565823e-01
9.232142418342310641e-01
9.186509022885489539e-01
9.147465889891885915e-01
