6.323974017864567543e+01
4.849641376783755220e+01
3.848677918207797433e+01
3.119857060827289885e+01
2.621702260460623179e+01
2.220563380903684703e+01
1.937608250730912829e+01
1.729649498384828732e+01
1.573990653400201722e+01
1.456917739922644195e+01
1.339022477606947525e+01
1.256122881960141946e+01
1.186075091032352447e+01
1.113679688603208717e+01
1.050992085299005474e+01
1.015519913761444393e+01
9.729674052210214086e+00
9.453762645747861626e+00
9.027986698270867194e+00
8.837064781443585204e+00
8.593427329133175974e+00
8.200458810749974958e+00
7.953684585173879107e+00
7.694854233144122091e+00
7.501739024612832374e+00
7.322946992294193436e+00
7.153920178368863958e+00
6.946334087022782988e+00
6.820866867713442971e+00
6.707952380955036986e+00
6.515880328057733095e+00
6.419747055601249031e+00
6.310783874174260788e+00
6.209750462905109458e+00
6.122393942489298801e+00
6.030877011637566731e+00
5.892015900273529283e+00
5.779959540549830521e+00
5.665914832958813818e+00
5.572178644104077705e+00
5.464522232372942767e+00
5.397107136447606202e+00
5.345163106984035295e+00
5.252160148573462806e+00
5.133952750289512146e+00
5.072555732644508986e+00
5.014101157419527333e+00
