1.579544420569949943e+04
1.389679600861725339e+04
1.222467668008700639e+04
1.080830513773702296e+04
9.517480935887155283e+03
8.416212946398767599e+03
7.457499484456795471e+03
6.625728829590294481e+03
5.875865875650744783e+03
5.244057210601067709e+03
4.636846709362494039e+03
4.064946347613736634e+03
3.626954986315832684e+03
3.215833635540765044e+03
2.877817456848224083e+03
2.545339550833846261e+03
2.276772799418733939e+03
2.032574123713341351e+03
1.825811880803249778e+03
1.640560730340962209e+03
1.478765070660725087e+03
1.327342941925890045e+03
1.211270869959111678e+03
1.121249258191336367e+03
1.020771740853661640e+03
9.393569174088429463e+02
8.634765948114830962e+02
7.964998389537533967e+02
7.522367960520014094e+02
7.004780865126033405e+02
6.556583677904847036e+02
6.201139403701421315e+02
