1.121028027300000031e+04
9.921680663999999524e+03
8.818988280999999915e+03
7.878761230000000069e+03
7.082378905999999915e+03
6.411281250000000000e+03
5.850226561999999831e+03
5.384103027000000111e+03
4.999923827999999958e+03
4.685553222999999889e+03
4.430770019999999931e+03
4.225983398000000307e+03
4.063238769999999931e+03
3.934289550999999847e+03
3.833484375000000000e+03
3.753912597999999889e+03
3.689533935999999812e+03
3.641388672000000042e+03
3.603021729000000050e+03
3.573450928000000204e+03
3.549912842000000182e+03
3.530673827999999958e+03
3.516266113000000132e+03
3.504330566000000090e+03
3.493959229000000050e+03
3.485509032999999818e+03
3.479627441000000090e+03
3.472840576000000056e+03
3.468565185999999812e+03
3.462216308999999910e+03
3.459314696999999796e+03
3.454712645999999950e+03
3.453093506000000161e+03
3.449000000000000000e+03
3.447681152000000111e+03
3.445173827999999958e+03
3.440250977000000148e+03
3.439173339999999826e+03
3.438285644999999931e+03
3.437206542999999783e+03
3.435215087999999923e+03
3.433402344000000085e+03
3.430687988000000132e+03
3.428873779000000013e+03
3.427164550999999847e+03
3.426320800999999847e+03
3.424777344000000085e+03
3.422580810999999812e+03
3.421980469000000085e+03
3.420410400000000209e+03
3.418634277000000111e+03
3.415692626999999902e+03
3.415185547000000042e+03
3.413480957000000217e+03
3.411429688000000169e+03
3.408883057000000008e+03
3.408487548999999944e+03
3.406763672000000042e+03
3.405250000000000000e+03
3.404550780999999915e+03
3.402501464999999826e+03
3.401838623000000098e+03
3.400890625000000000e+03
3.400421386999999868e+03
3.398459717000000182e+03
3.397508300999999847e+03
3.395123290999999881e+03
3.394308349999999791e+03
3.393376709000000119e+03
3.390662842000000182e+03
3.389829834000000119e+03
3.388178711000000021e+03
3.386753662000000077e+03
3.384663574000000153e+03
3.383745605000000069e+03
3.382263672000000042e+03
3.381028076000000056e+03
3.380778076000000056e+03
3.378534423999999944e+03
3.378159667999999783e+03
3.376911865000000034e+03
3.376246826000000056e+03
3.374812256000000161e+03
3.374500000000000000e+03
3.372179442999999992e+03
3.370748535000000174e+03
3.368176025000000209e+03
3.366999756000000161e+03
3.365605957000000217e+03
3.364860595999999987e+03
3.364319579999999860e+03
3.363074462999999923e+03
3.362844481999999971e+03
3.362413329999999860e+03
3.361190917999999783e+03
3.360907714999999826e+03
3.360441405999999915e+03
3.359509277000000111e+03
3.358373779000000013e+03
3.357895996000000196e+03
3.354987792999999783e+03
3.352594481999999971e+03
3.350998535000000174e+03
3.350583496000000196e+03
3.348724365000000034e+03
3.347003662000000077e+03
3.345968506000000161e+03
3.344853759999999966e+03
3.343710938000000169e+03
3.342026366999999937e+03
3.341154785000000174e+03
3.338005371000000196e+03
3.335566162000000077e+03
3.334491454999999860e+03
3.334172118999999839e+03
3.333956298999999944e+03
3.332771240000000034e+03
3.332608397999999852e+03
3.331796875000000000e+03
3.331665282999999818e+03
3.331494628999999804e+03
3.330145996000000196e+03
3.330026610999999775e+03
3.328761962999999923e+03
3.327916503999999804e+03
3.327657470999999987e+03
3.326890625000000000e+03
3.325750488000000132e+03
3.325139160000000174e+03
3.324279785000000174e+03
3.323672606999999971e+03
3.322731201000000056e+03
3.321852050999999847e+03
3.321624756000000161e+03
3.320958740000000034e+03
3.319932128999999804e+03
3.319373779000000013e+03
3.318689209000000119e+03
3.316997803000000204e+03
3.316230957000000217e+03
3.315462157999999818e+03
3.313627441000000090e+03
3.311833740000000034e+03
3.310030761999999868e+03
3.307349121000000196e+03
3.306304199000000153e+03
3.305018798999999944e+03
3.303244141000000127e+03
3.301780272999999852e+03
3.300323974999999791e+03
3.298383300999999847e+03
3.297022949000000153e+03
3.295547363000000132e+03
3.293732422000000042e+03
3.292525391000000127e+03
3.291551269999999931e+03
3.291105957000000217e+03
3.290806641000000127e+03
3.290219238000000132e+03
3.289459717000000182e+03
3.288870849999999791e+03
3.288260253999999804e+03
3.287825683999999910e+03
3.286749268000000029e+03
3.286533446999999796e+03
3.285909423999999944e+03
3.284132567999999992e+03
3.282759277000000111e+03
3.281265381000000161e+03
3.280454102000000148e+03
3.278713134999999966e+03
3.277577636999999868e+03
3.276581055000000106e+03
3.275593750000000000e+03
3.274014893000000029e+03
3.272782227000000148e+03
3.271641356999999971e+03
3.270231689000000188e+03
3.269672363000000132e+03
3.268834472999999889e+03
3.267860595999999987e+03
3.267430175999999847e+03
3.265816162000000077e+03
3.264294678000000204e+03
3.263015136999999868e+03
3.262626709000000119e+03
3.262333251999999902e+03
3.261127930000000106e+03
3.260393798999999944e+03
3.260012451000000056e+03
3.259549316000000090e+03
3.258785155999999915e+03
3.257666991999999937e+03
3.256655272999999852e+03
3.256063477000000148e+03
3.254898192999999992e+03
3.254225829999999860e+03
3.253187988000000132e+03
3.252436522999999852e+03
3.251156250000000000e+03
3.250161621000000196e+03
3.249470214999999826e+03
3.248452636999999868e+03
3.248173095999999987e+03
3.247187988000000132e+03
3.245999756000000161e+03
3.245437011999999868e+03
3.244687011999999868e+03
3.244529297000000042e+03
3.243498535000000174e+03
3.242425292999999783e+03
3.241337645999999950e+03
3.240514893000000029e+03
3.239618163999999979e+03
3.238476561999999831e+03
3.237117188000000169e+03
3.236027587999999923e+03
3.235419678000000204e+03
3.234645508000000063e+03
3.233812988000000132e+03
3.232658691000000090e+03
3.232077147999999852e+03
3.231778076000000056e+03
3.230933594000000085e+03
3.230018798999999944e+03
3.229645751999999902e+03
3.229401610999999775e+03
3.229192383000000063e+03
3.228594727000000148e+03
3.228198485999999775e+03
3.227742675999999847e+03
3.227553222999999889e+03
3.227112305000000106e+03
3.226767821999999796e+03
3.226523438000000169e+03
3.225771729000000050e+03
3.225369628999999804e+03
3.224990479000000050e+03
3.224691405999999915e+03
3.223607422000000042e+03
3.222549316000000090e+03
3.221809814000000188e+03
3.221204834000000119e+03
