1.121688378899999952e+04
9.928030273000000307e+03
8.824991211000000476e+03
7.885723144999999931e+03
7.089755371000000196e+03
6.417600097999999889e+03
5.856751952999999958e+03
5.391111815999999635e+03
5.007535644999999931e+03
4.692687500000000000e+03
4.437946289000000434e+03
4.235158202999999958e+03
4.072838866999999937e+03
3.942844727000000148e+03
3.841952147999999852e+03
3.761151366999999937e+03
3.697851561999999831e+03
3.649095459000000119e+03
3.610166016000000127e+03
3.580576172000000042e+03
3.555192383000000063e+03
3.536635009999999966e+03
3.521913817999999992e+03
3.509365233999999873e+03
3.500392334000000119e+03
3.491256836000000021e+03
3.485451172000000042e+03
3.478899413999999979e+03
3.474000000000000000e+03
3.470098389000000225e+03
3.464983397999999852e+03
3.461776123000000098e+03
3.457039550999999847e+03
3.453610839999999826e+03
3.451746337999999923e+03
3.448960938000000169e+03
3.444902587999999923e+03
3.443767334000000119e+03
3.442922852000000148e+03
3.439886719000000085e+03
3.436911621000000196e+03
3.436383057000000008e+03
3.432685058999999910e+03
3.432034912000000077e+03
3.429567139000000225e+03
3.428054932000000008e+03
3.426730712999999923e+03
3.424995849999999791e+03
3.423175780999999915e+03
3.422367920000000140e+03
3.421047118999999839e+03
3.420174805000000106e+03
3.417523925999999847e+03
3.417166503999999804e+03
3.413347412000000077e+03
3.412135741999999937e+03
3.411514404000000013e+03
3.409410155999999915e+03
3.408579589999999826e+03
3.407494141000000127e+03
3.406742432000000008e+03
3.406112060999999812e+03
3.403505615000000034e+03
3.401222900000000209e+03
3.399738525000000209e+03
3.399425292999999783e+03
3.396751464999999826e+03
3.393804442999999992e+03
3.391775878999999804e+03
3.389276123000000098e+03
3.387994628999999804e+03
3.386644775000000209e+03
3.384608643000000029e+03
3.383224608999999873e+03
3.381417969000000085e+03
3.380512694999999894e+03
3.378603270999999950e+03
3.378151610999999775e+03
3.377410889000000225e+03
3.375000243999999839e+03
3.374824219000000085e+03
3.372783446999999796e+03
3.371039795000000140e+03
3.369966553000000204e+03
3.369369141000000127e+03
3.368673339999999826e+03
3.366886474999999791e+03
3.366016602000000148e+03
3.363018310999999812e+03
3.361482665999999881e+03
3.360122558999999910e+03
3.358907470999999987e+03
3.356528319999999894e+03
3.355848876999999902e+03
3.355335204999999860e+03
3.354154297000000042e+03
3.352841553000000204e+03
3.350659667999999783e+03
3.349831787000000077e+03
3.347362792999999783e+03
3.346239501999999902e+03
3.345335938000000169e+03
3.344468993999999839e+03
3.343908691000000090e+03
3.343186522999999852e+03
3.342689452999999958e+03
3.341464110999999775e+03
3.340968750000000000e+03
3.339360352000000148e+03
3.336881592000000182e+03
3.334338623000000098e+03
3.332642334000000119e+03
3.331440917999999783e+03
3.329930175999999847e+03
3.329220214999999826e+03
3.328391113000000132e+03
3.327270019999999931e+03
3.325551514000000225e+03
3.324489501999999902e+03
3.321559326000000056e+03
3.320013915999999881e+03
3.318811768000000029e+03
3.317426025000000209e+03
3.316835938000000169e+03
3.315837645999999950e+03
3.314934814000000188e+03
3.313372069999999894e+03
3.312909180000000106e+03
3.312093261999999868e+03
3.311531006000000161e+03
3.310105957000000217e+03
3.308857910000000174e+03
3.307741942999999992e+03
3.307613280999999915e+03
3.306904785000000174e+03
3.305663086000000021e+03
3.305029540999999881e+03
3.304002685999999812e+03
3.303098633000000063e+03
3.302176025000000209e+03
3.301817383000000063e+03
3.300828125000000000e+03
3.299368652000000111e+03
3.297676269999999931e+03
3.296877930000000106e+03
3.296120360999999775e+03
3.295544922000000042e+03
3.295214355000000069e+03
3.293919189000000188e+03
3.293028319999999894e+03
3.292430175999999847e+03
3.291755615000000034e+03
3.291143555000000106e+03
3.290269042999999783e+03
3.289560790999999881e+03
3.288862305000000106e+03
3.287654053000000204e+03
3.286923095999999987e+03
3.285923827999999958e+03
3.285565673999999944e+03
3.284411865000000034e+03
3.283620360999999775e+03
3.282769042999999783e+03
3.282097412000000077e+03
3.280912597999999889e+03
3.280405518000000029e+03
3.280010741999999937e+03
3.279148438000000169e+03
3.278374511999999868e+03
3.278184082000000217e+03
3.277455077999999958e+03
3.276906981999999971e+03
3.276610839999999826e+03
3.275878662000000077e+03
3.275607178000000204e+03
3.274971923999999944e+03
3.273552001999999902e+03
3.272769042999999783e+03
3.271578613000000132e+03
3.271004150000000209e+03
3.270180663999999979e+03
3.269368407999999818e+03
3.268369628999999804e+03
3.268053711000000021e+03
3.267392577999999958e+03
3.267167724999999791e+03
3.266776610999999775e+03
3.266013428000000204e+03
3.265395751999999902e+03
3.264708983999999873e+03
3.263469238000000132e+03
3.262328125000000000e+03
3.261833496000000196e+03
