1.121668750000000000e+04
9.927432617000000391e+03
8.824194336000000476e+03
7.883600097999999889e+03
7.085926269999999931e+03
6.414887695000000349e+03
5.852460449000000153e+03
5.385928710999999566e+03
5.001566405999999915e+03
4.687380858999999873e+03
4.433031737999999677e+03
4.229784668000000238e+03
4.066391602000000148e+03
3.937672606999999971e+03
3.835310303000000204e+03
3.754865233999999873e+03
3.693546386999999868e+03
3.645125488000000132e+03
3.607734863000000132e+03
3.576781738000000132e+03
3.553299805000000106e+03
3.533310303000000204e+03
3.518421875000000000e+03
3.506347900000000209e+03
3.495652099999999791e+03
3.488153808999999910e+03
3.481223389000000225e+03
3.476069579999999860e+03
3.470362548999999944e+03
3.466291991999999937e+03
3.459946532999999818e+03
3.457272949000000153e+03
3.452437500000000000e+03
3.450671875000000000e+03
3.448438964999999826e+03
3.446430420000000140e+03
3.444013915999999881e+03
3.442917724999999791e+03
3.441726317999999992e+03
3.438535889000000225e+03
3.437541503999999804e+03
3.435875488000000132e+03
3.433434569999999894e+03
3.431306884999999966e+03
3.430409667999999783e+03
3.428724365000000034e+03
3.426654297000000042e+03
3.424225829999999860e+03
3.423394287000000077e+03
3.421975097999999889e+03
3.419905761999999868e+03
3.419460938000000169e+03
3.415799071999999796e+03
3.415026366999999937e+03
3.414769530999999915e+03
3.412501220999999987e+03
3.412066650000000209e+03
3.411446532999999818e+03
3.407267577999999958e+03
3.405322266000000127e+03
3.402147704999999860e+03
3.401467529000000013e+03
3.400609618999999839e+03
3.398988280999999915e+03
3.395013672000000042e+03
3.392940185999999812e+03
3.390612548999999944e+03
3.389932860999999775e+03
3.389400878999999804e+03
3.387087402000000111e+03
3.386598633000000063e+03
3.385455810999999812e+03
3.382933594000000085e+03
3.382367432000000008e+03
3.381602295000000140e+03
3.379627441000000090e+03
3.377682128999999804e+03
3.376991454999999860e+03
3.375976317999999992e+03
3.374925292999999783e+03
3.374478516000000127e+03
3.373918701000000056e+03
3.372108643000000029e+03
3.370971435999999812e+03
3.369710938000000169e+03
3.369004883000000063e+03
3.367776123000000098e+03
3.365973144999999931e+03
3.364713623000000098e+03
3.362966308999999910e+03
3.362128662000000077e+03
3.361307860999999775e+03
3.360050048999999944e+03
3.357553222999999889e+03
3.356791503999999804e+03
3.356247069999999894e+03
3.355196532999999818e+03
3.353614258000000063e+03
3.352732422000000042e+03
3.350892334000000119e+03
3.349745360999999775e+03
3.349484131000000161e+03
3.348833496000000196e+03
3.347566650000000209e+03
3.347000000000000000e+03
3.346244384999999966e+03
3.343800292999999783e+03
3.343505858999999873e+03
3.343193847999999889e+03
3.341213134999999966e+03
3.340589844000000085e+03
3.339315430000000106e+03
3.338662354000000050e+03
3.338259277000000111e+03
3.335241454999999860e+03
3.333970946999999796e+03
3.331762451000000056e+03
3.330906493999999839e+03
3.329849608999999873e+03
3.329177001999999902e+03
3.328929442999999992e+03
3.327236571999999796e+03
3.325552979000000050e+03
3.324379394999999931e+03
3.322341308999999910e+03
3.320529053000000204e+03
3.320183594000000085e+03
3.317942626999999902e+03
3.316818604000000050e+03
3.315599854000000050e+03
3.315199219000000085e+03
3.314952393000000029e+03
3.314577393000000029e+03
3.313609863000000132e+03
3.313325928000000204e+03
3.313101074000000153e+03
3.312839355000000069e+03
3.311065917999999783e+03
3.310281981999999971e+03
3.309318847999999889e+03
3.308730957000000217e+03
3.306958008000000063e+03
3.305798584000000119e+03
3.304114258000000063e+03
3.302393310999999812e+03
3.301189696999999796e+03
3.300970702999999958e+03
3.299416503999999804e+03
3.298727782999999818e+03
3.297786865000000034e+03
3.296573485999999775e+03
3.294643798999999944e+03
3.293376220999999987e+03
3.291106689000000188e+03
3.290182128999999804e+03
3.289197509999999966e+03
3.288904297000000042e+03
3.286691405999999915e+03
3.285803954999999860e+03
3.285458983999999873e+03
3.284295165999999881e+03
3.283742432000000008e+03
3.283064696999999796e+03
3.282908446999999796e+03
3.282494384999999966e+03
3.281343993999999839e+03
3.280084229000000050e+03
3.279089110999999775e+03
3.277976561999999831e+03
3.277165282999999818e+03
3.276468750000000000e+03
3.276140625000000000e+03
3.275772461000000021e+03
3.274899657999999818e+03
3.273329345999999987e+03
3.272241211000000021e+03
3.271077881000000161e+03
3.270165770999999950e+03
3.269805175999999847e+03
3.269429199000000153e+03
3.269089355000000069e+03
3.268398438000000169e+03
3.267740233999999873e+03
3.267346191000000090e+03
3.266875977000000148e+03
3.264749268000000029e+03
3.263342040999999881e+03
3.262687500000000000e+03
3.261228027000000111e+03
3.259826172000000042e+03
3.258593750000000000e+03
3.257575439000000188e+03
3.256585449000000153e+03
3.255762939000000188e+03
3.255274170000000140e+03
3.254955321999999796e+03
3.254257567999999992e+03
3.254114014000000225e+03
3.254050537000000077e+03
3.253187743999999839e+03
3.252067626999999902e+03
3.250666016000000127e+03
3.249951172000000042e+03
3.249329589999999826e+03
3.248260498000000098e+03
3.246523925999999847e+03
3.245802246000000196e+03
3.244671875000000000e+03
3.243176514000000225e+03
3.241550780999999915e+03
3.240403808999999910e+03
3.239333008000000063e+03
3.237980224999999791e+03
3.236901610999999775e+03
3.236206787000000077e+03
3.235754150000000209e+03
3.234865479000000050e+03
3.234260253999999804e+03
3.233971191000000090e+03
3.232991699000000153e+03
3.232261962999999923e+03
3.231567626999999902e+03
3.231173584000000119e+03
3.230989746000000196e+03
3.230503173999999944e+03
3.229624511999999868e+03
3.228699462999999923e+03
3.227874756000000161e+03
3.227334717000000182e+03
3.227145751999999902e+03
3.226411376999999902e+03
3.225312500000000000e+03
3.224500977000000148e+03
3.223904540999999881e+03
