1.121080078099999992e+04
9.921814453000000867e+03
8.818855469000000085e+03
7.878558105000000069e+03
7.082065918000000238e+03
6.411054688000000169e+03
5.849212402000000111e+03
5.382999512000000323e+03
4.999285155999999915e+03
4.684662108999999873e+03
4.429960449000000153e+03
4.223718262000000323e+03
4.061562988000000132e+03
3.932437500000000000e+03
3.829509032999999818e+03
3.749207030999999915e+03
3.687476074000000153e+03
3.639215332000000217e+03
3.600317383000000063e+03
3.569716553000000204e+03
3.545338623000000098e+03
3.526515868999999839e+03
3.511601074000000153e+03
3.500141113000000132e+03
3.490421631000000161e+03
3.482553711000000021e+03
3.476354003999999804e+03
3.471269775000000209e+03
3.465523438000000169e+03
3.461235839999999826e+03
3.455551514000000225e+03
3.453475097999999889e+03
3.447862305000000106e+03
3.445969481999999971e+03
3.444172606999999971e+03
3.442028076000000056e+03
3.439165038999999979e+03
3.438159180000000106e+03
3.433930175999999847e+03
3.433114990000000034e+03
3.431372803000000204e+03
3.428220946999999796e+03
3.427216308999999910e+03
3.425826415999999881e+03
3.423473389000000225e+03
3.422539795000000140e+03
3.419136719000000085e+03
3.417715087999999923e+03
3.416782470999999987e+03
3.415024170000000140e+03
3.413763428000000204e+03
3.412214599999999791e+03
3.410378173999999944e+03
3.409543212999999923e+03
3.408092040999999881e+03
3.406233154000000013e+03
3.404592285000000174e+03
3.403618407999999818e+03
3.402596191000000090e+03
3.400302979000000050e+03
3.398851317999999992e+03
3.396991699000000153e+03
3.396018310999999812e+03
3.395549805000000106e+03
3.393185058999999910e+03
3.391601561999999831e+03
3.389298095999999987e+03
3.386801025000000209e+03
3.385914550999999847e+03
3.384717772999999852e+03
3.384341064000000188e+03
3.382901366999999937e+03
3.382496337999999923e+03
3.381233886999999868e+03
3.380646483999999873e+03
3.378421875000000000e+03
3.377747558999999910e+03
3.375855224999999791e+03
3.374107178000000204e+03
3.373206055000000106e+03
3.371680420000000140e+03
3.371425537000000077e+03
3.370166748000000098e+03
3.369813720999999987e+03
3.368919189000000188e+03
3.367032714999999826e+03
3.365286376999999902e+03
3.363910155999999915e+03
3.363349121000000196e+03
3.362354003999999804e+03
3.361839844000000085e+03
3.360206787000000077e+03
3.359589599999999791e+03
3.359024657999999818e+03
3.358777099999999791e+03
3.357582275000000209e+03
3.356639160000000174e+03
3.356137939000000188e+03
3.354605469000000085e+03
3.353535889000000225e+03
3.352424560999999812e+03
3.349621582000000217e+03
3.348841797000000042e+03
3.346948974999999791e+03
3.346525145999999950e+03
3.345528319999999894e+03
3.343804199000000153e+03
3.342734863000000132e+03
3.341337402000000111e+03
3.340715819999999894e+03
3.339639404000000013e+03
3.338730712999999923e+03
3.337562500000000000e+03
3.336787108999999873e+03
3.335010009999999966e+03
3.334260498000000098e+03
3.333233643000000029e+03
3.332687011999999868e+03
3.332060547000000042e+03
3.329763183999999910e+03
3.328346680000000106e+03
3.326500977000000148e+03
3.325220702999999958e+03
3.323314209000000119e+03
3.322306395999999950e+03
3.320488037000000077e+03
3.319335692999999992e+03
3.318070557000000008e+03
3.315923339999999826e+03
3.315138672000000042e+03
3.314560547000000042e+03
3.313557860999999775e+03
3.313244873000000098e+03
3.311580077999999958e+03
3.311137694999999894e+03
3.309493407999999818e+03
3.306822266000000127e+03
3.304929932000000008e+03
3.303362548999999944e+03
3.301125977000000148e+03
3.299934814000000188e+03
3.297616454999999860e+03
3.296728516000000127e+03
3.295577636999999868e+03
3.293874511999999868e+03
3.293162354000000050e+03
3.292129394999999931e+03
3.290972412000000077e+03
3.290035155999999915e+03
3.288675537000000077e+03
3.287830321999999796e+03
3.287418701000000056e+03
3.287273192999999992e+03
3.285989258000000063e+03
3.285669678000000204e+03
3.284859618999999839e+03
3.283602782999999818e+03
3.280743407999999818e+03
3.279411865000000034e+03
3.277730469000000085e+03
3.276885498000000098e+03
3.276631836000000021e+03
3.275213134999999966e+03
3.274098144999999931e+03
3.273216797000000042e+03
3.271845459000000119e+03
3.270904053000000204e+03
3.270072020999999950e+03
3.269236571999999796e+03
3.268333983999999873e+03
3.267013428000000204e+03
3.266177001999999902e+03
3.265163329999999860e+03
3.264536621000000196e+03
3.263989746000000196e+03
3.263285155999999915e+03
3.263021972999999889e+03
3.262691405999999915e+03
3.261268066000000090e+03
3.261075683999999910e+03
3.260270019999999931e+03
3.259919189000000188e+03
3.259456298999999944e+03
