8.935705600000000000e+08
1.016482432000000000e+09
1.136363648000000000e+09
1.014529728000000000e+09
1.056082240000000000e+09
1.058658688000000000e+09
8.129420160000000000e+08
1.058673664000000000e+09
9.344588800000000000e+08
1.136485632000000000e+09
1.139923200000000000e+09
1.095235328000000000e+09
1.301820800000000000e+09
1.095620736000000000e+09
8.118056960000000000e+08
1.055616768000000000e+09
9.349664000000000000e+08
1.016690176000000000e+09
7.726026240000000000e+08
8.928584960000000000e+08
1.261127424000000000e+09
9.744721280000000000e+08
9.330353920000000000e+08
1.096861952000000000e+09
1.054359360000000000e+09
1.177946880000000000e+09
1.054662080000000000e+09
1.095724416000000000e+09
1.420512128000000000e+09
4.891704000000000000e+08
1.012797696000000000e+09
1.216874880000000000e+09
8.911287680000000000e+08
6.884663040000000000e+08
1.013501184000000000e+09
1.291521920000000000e+09
8.909934720000000000e+08
1.124816128000000000e+09
1.166851200000000000e+09
1.204788608000000000e+09
8.382414720000000000e+08
9.997136000000000000e+08
9.963530880000000000e+08
1.116580864000000000e+09
9.909551360000000000e+08
7.527089280000000000e+08
9.849811200000000000e+08
1.171444480000000000e+09
9.570689920000000000e+08
1.034699392000000000e+09
6.191310720000000000e+08
1.314678784000000000e+09
9.961923840000000000e+08
9.175608960000000000e+08
1.100561408000000000e+09
8.699980160000000000e+08
8.177274240000000000e+08
8.355335680000000000e+08
1.097584000000000000e+09
8.463476480000000000e+08
8.877975040000000000e+08
7.314124160000000000e+08
1.065617728000000000e+09
1.040724864000000000e+09
6.304406400000000000e+08
7.668796160000000000e+08
7.072728960000000000e+08
9.148712320000000000e+08
7.231532160000000000e+08
9.460471680000000000e+08
8.074474240000000000e+08
1.042393856000000000e+09
7.891941120000000000e+08
9.718743680000000000e+08
7.477829120000000000e+08
7.160430080000000000e+08
8.834990720000000000e+08
9.092620160000000000e+08
7.477557760000000000e+08
7.845556480000000000e+08
8.721203840000000000e+08
7.190597760000000000e+08
9.162991360000000000e+08
8.040554880000000000e+08
7.925540480000000000e+08
8.022105600000000000e+08
8.769794560000000000e+08
8.283323520000000000e+08
8.390120960000000000e+08
8.364997120000000000e+08
8.402696960000000000e+08
9.638022400000000000e+08
8.449166720000000000e+08
7.049626880000000000e+08
6.246893440000000000e+08
8.029514240000000000e+08
8.049806080000000000e+08
6.783811200000000000e+08
9.221618560000000000e+08
8.494572160000000000e+08
7.744264320000000000e+08
6.902798720000000000e+08
7.726308480000000000e+08
7.128588800000000000e+08
8.584253440000000000e+08
8.549200640000000000e+08
8.334478080000000000e+08
8.156789120000000000e+08
9.110566400000000000e+08
9.370696960000000000e+08
7.316193280000000000e+08
7.551391360000000000e+08
7.384503040000000000e+08
6.816698880000000000e+08
7.399774720000000000e+08
7.455385600000000000e+08
6.809213440000000000e+08
8.011656960000000000e+08
8.032665600000000000e+08
7.870560640000000000e+08
7.625278080000000000e+08
9.764170240000000000e+08
8.316101760000000000e+08
6.949841920000000000e+08
8.827053440000000000e+08
6.151399040000000000e+08
8.059227520000000000e+08
7.776885120000000000e+08
6.851595520000000000e+08
7.555708800000000000e+08
6.893433600000000000e+08
8.359176320000000000e+08
7.139281280000000000e+08
7.116232320000000000e+08
7.065357440000000000e+08
9.056576000000000000e+08
6.888954240000000000e+08
7.413290880000000000e+08
7.745079680000000000e+08
6.805815040000000000e+08
6.177661440000000000e+08
8.677224960000000000e+08
7.283934720000000000e+08
7.364119040000000000e+08
7.249848960000000000e+08
6.151193600000000000e+08
6.901861120000000000e+08
6.711480960000000000e+08
9.257653760000000000e+08
6.905617920000000000e+08
6.351016960000000000e+08
6.383059840000000000e+08
7.691584640000000000e+08
8.288975360000000000e+08
7.263637760000000000e+08
6.635309440000000000e+08
6.879699200000000000e+08
7.426740480000000000e+08
7.375576960000000000e+08
7.712053760000000000e+08
6.611659520000000000e+08
7.268622080000000000e+08
7.813448960000000000e+08
6.914196480000000000e+08
5.830892160000000000e+08
5.887809920000000000e+08
6.316587520000000000e+08
6.599461760000000000e+08
6.159112320000000000e+08
6.761066880000000000e+08
7.674122880000000000e+08
5.379602560000000000e+08
6.006554240000000000e+08
7.764049280000000000e+08
6.781051520000000000e+08
7.946881280000000000e+08
6.206406400000000000e+08
5.323394240000000000e+08
5.170520320000000000e+08
7.054371840000000000e+08
5.516305920000000000e+08
6.460384640000000000e+08
4.787011840000000000e+08
7.150406400000000000e+08
5.820377600000000000e+08
6.747185920000000000e+08
4.666900480000000000e+08
6.059959680000000000e+08
5.878094720000000000e+08
5.299676480000000000e+08
6.406824320000000000e+08
5.927938560000000000e+08
5.990846720000000000e+08
6.264341760000000000e+08
5.017021760000000000e+08
5.526705280000000000e+08
5.660332800000000000e+08
5.004531840000000000e+08
6.385639040000000000e+08
5.538355200000000000e+08
4.979154240000000000e+08
5.484678400000000000e+08
4.300429120000000000e+08
4.846599040000000000e+08
6.350331520000000000e+08
4.535715200000000000e+08
5.458710400000000000e+08
4.874438080000000000e+08
4.755107520000000000e+08
4.816740160000000000e+08
5.684625280000000000e+08
4.951119360000000000e+08
4.379372480000000000e+08
3.582933760000000000e+08
5.567489920000000000e+08
4.314437120000000000e+08
4.618704000000000000e+08
4.678548800000000000e+08
5.691850880000000000e+08
4.708966400000000000e+08
4.019136960000000000e+08
3.251152640000000000e+08
3.131172480000000000e+08
3.920394240000000000e+08
4.316799680000000000e+08
4.721049920000000000e+08
4.354503680000000000e+08
4.012203520000000000e+08
3.624118720000000000e+08
4.289990080000000000e+08
3.726822720000000000e+08
3.918443200000000000e+08
4.430512000000000000e+08
4.021973440000000000e+08
3.696394240000000000e+08
3.304900480000000000e+08
4.005472320000000000e+08
4.403628800000000000e+08
3.602416000000000000e+08
2.769142080000000000e+08
3.827709760000000000e+08
3.528890560000000000e+08
3.773078080000000000e+08
2.898579520000000000e+08
2.466330240000000000e+08
3.640540800000000000e+08
2.850040000000000000e+08
2.771298880000000000e+08
2.155985920000000000e+08
3.731132480000000000e+08
3.185228800000000000e+08
2.537391200000000000e+08
3.111074560000000000e+08
2.277339360000000000e+08
2.386947840000000000e+08
2.316962240000000000e+08
2.577240320000000000e+08
3.454450240000000000e+08
2.340697120000000000e+08
2.775271680000000000e+08
1.803955200000000000e+08
2.438466240000000000e+08
2.353425920000000000e+08
2.785594240000000000e+08
1.790514400000000000e+08
2.068283040000000000e+08
2.501822720000000000e+08
2.692071040000000000e+08
1.856811200000000000e+08
2.011522240000000000e+08
1.656520480000000000e+08
2.441593280000000000e+08
1.883960000000000000e+08
1.903815680000000000e+08
2.297222080000000000e+08
1.455357120000000000e+08
1.469709760000000000e+08
1.535111360000000000e+08
1.738892480000000000e+08
2.226172160000000000e+08
1.868858560000000000e+08
1.996730080000000000e+08
1.837971680000000000e+08
1.275958400000000000e+08
1.422693440000000000e+08
1.823370560000000000e+08
1.716130880000000000e+08
1.524192640000000000e+08
1.241887040000000000e+08
1.796659680000000000e+08
1.417245600000000000e+08
1.671808000000000000e+08
1.353541760000000000e+08
1.303604240000000000e+08
1.048882080000000000e+08
1.414221280000000000e+08
1.463913600000000000e+08
1.103112320000000000e+08
1.838435200000000000e+08
1.424406240000000000e+08
1.819024320000000000e+08
1.294095440000000000e+08
1.041040960000000000e+08
1.043881760000000000e+08
2.184330240000000000e+08
9.805262400000000000e+07
1.130406080000000000e+08
1.492337920000000000e+08
1.419480160000000000e+08
8.903856000000000000e+07
1.721928320000000000e+08
1.405320960000000000e+08
1.336802000000000000e+08
1.206008960000000000e+08
1.099071520000000000e+08
1.031360000000000000e+08
1.399548800000000000e+08
1.148320640000000000e+08
1.439381120000000000e+08
9.287366400000000000e+07
6.689907600000000000e+07
1.166481120000000000e+08
1.621401120000000000e+08
1.251357680000000000e+08
1.158147040000000000e+08
1.030087360000000000e+08
1.170615680000000000e+08
1.029255520000000000e+08
9.887318400000000000e+07
1.402999360000000000e+08
1.282271360000000000e+08
1.076944240000000000e+08
8.812848000000000000e+07
9.743736000000000000e+07
1.067193360000000000e+08
1.096971520000000000e+08
1.064803040000000000e+08
1.564230720000000000e+08
1.267476640000000000e+08
1.159475360000000000e+08
8.445848800000000000e+07
6.994952000000000000e+07
8.925729600000000000e+07
1.071805120000000000e+08
7.373880000000000000e+07
7.453301600000000000e+07
1.418295840000000000e+08
1.533785600000000000e+08
4.684950000000000000e+07
9.004821600000000000e+07
1.304201040000000000e+08
1.125236960000000000e+08
9.203513600000000000e+07
1.387868000000000000e+08
8.526891200000000000e+07
1.242788320000000000e+08
9.041232000000000000e+07
1.029039520000000000e+08
7.150876800000000000e+07
9.629156000000000000e+07
6.376278400000000000e+07
1.288004320000000000e+08
1.145294240000000000e+08
8.645056000000000000e+07
6.336904000000000000e+07
9.237737600000000000e+07
8.930841600000000000e+07
8.844200000000000000e+07
7.076126400000000000e+07
1.310832640000000000e+08
8.921840000000000000e+07
6.567152800000000000e+07
1.271849920000000000e+08
9.194097600000000000e+07
8.045241600000000000e+07
5.599684800000000000e+07
7.130177600000000000e+07
9.797774400000000000e+07
1.041752320000000000e+08
6.363503200000000000e+07
1.024304800000000000e+08
8.257275200000000000e+07
8.321241600000000000e+07
6.461513600000000000e+07
6.935615200000000000e+07
4.414568800000000000e+07
1.004315440000000000e+08
1.034468320000000000e+08
7.653883200000000000e+07
1.109515840000000000e+08
1.002470480000000000e+08
7.727487200000000000e+07
6.433380000000000000e+07
8.210580000000000000e+07
9.729222400000000000e+07
7.964137600000000000e+07
5.404207200000000000e+07
1.198010000000000000e+08
9.315942400000000000e+07
7.748152000000000000e+07
9.269062400000000000e+07
1.054838720000000000e+08
6.504526800000000000e+07
9.151824000000000000e+07
8.381120000000000000e+07
8.164187200000000000e+07
8.827444800000000000e+07
1.053268960000000000e+08
1.348293760000000000e+08
7.352603200000000000e+07
1.150207200000000000e+08
5.778872800000000000e+07
6.219004400000000000e+07
4.772605600000000000e+07
1.278761840000000000e+08
8.835968800000000000e+07
5.150185200000000000e+07
1.058429680000000000e+08
5.125118000000000000e+07
6.025998400000000000e+07
7.288635200000000000e+07
9.151809600000000000e+07
8.835763200000000000e+07
7.007680800000000000e+07
1.041835200000000000e+08
5.612998400000000000e+07
8.088760000000000000e+07
9.236379200000000000e+07
5.571348800000000000e+07
7.289848000000000000e+07
8.387272000000000000e+07
6.343064000000000000e+07
7.420161600000000000e+07
6.179981200000000000e+07
7.701996800000000000e+07
4.549173600000000000e+07
8.495656000000000000e+07
1.214038080000000000e+08
7.794019200000000000e+07
8.821514400000000000e+07
4.368588400000000000e+07
6.624676800000000000e+07
7.863945600000000000e+07
9.665523200000000000e+07
6.507574000000000000e+07
4.545603600000000000e+07
5.949086400000000000e+07
9.527308000000000000e+07
5.933641200000000000e+07
1.098838240000000000e+08
9.070494400000000000e+07
4.482476400000000000e+07
6.052060400000000000e+07
9.356169600000000000e+07
7.043328800000000000e+07
5.149698400000000000e+07
6.508396800000000000e+07
9.781948800000000000e+07
6.334750400000000000e+07
7.327366400000000000e+07
5.272590400000000000e+07
7.003969600000000000e+07
6.383607200000000000e+07
7.030784000000000000e+07
5.286012800000000000e+07
4.679314400000000000e+07
5.551344800000000000e+07
8.055393600000000000e+07
6.304123200000000000e+07
4.691110000000000000e+07
6.712876000000000000e+07
7.218906400000000000e+07
7.433268000000000000e+07
9.895166400000000000e+07
5.838089200000000000e+07
6.292156400000000000e+07
4.612855200000000000e+07
1.015079200000000000e+08
8.322543200000000000e+07
9.122645600000000000e+07
8.027139200000000000e+07
6.766475200000000000e+07
8.515606400000000000e+07
5.895854400000000000e+07
4.954118800000000000e+07
5.875441200000000000e+07
9.693512000000000000e+07
6.074409600000000000e+07
6.365925600000000000e+07
7.401590400000000000e+07
5.599285600000000000e+07
6.117208000000000000e+07
8.933898400000000000e+07
5.977325600000000000e+07
5.881980000000000000e+07
9.367126400000000000e+07
5.977154800000000000e+07
4.066557600000000000e+07
6.902859200000000000e+07
5.825297600000000000e+07
5.291273200000000000e+07
5.790757600000000000e+07
6.148642000000000000e+07
6.892612800000000000e+07
6.935835200000000000e+07
7.420013600000000000e+07
7.441410400000000000e+07
9.135881600000000000e+07
6.712655200000000000e+07
4.399498400000000000e+07
5.146538400000000000e+07
4.926105600000000000e+07
9.361315200000000000e+07
5.356817600000000000e+07
5.108590000000000000e+07
8.111389600000000000e+07
8.070785600000000000e+07
4.469344800000000000e+07
8.618512800000000000e+07
6.092333600000000000e+07
3.499825200000000000e+07
6.068400400000000000e+07
6.195915200000000000e+07
6.067740800000000000e+07
6.131315600000000000e+07
7.874712000000000000e+07
5.181876000000000000e+07
5.425527600000000000e+07
5.607212800000000000e+07
5.528174400000000000e+07
5.744380000000000000e+07
7.029612800000000000e+07
7.471585600000000000e+07
5.462721600000000000e+07
5.358587200000000000e+07
7.744064000000000000e+07
6.137858400000000000e+07
6.105391600000000000e+07
5.564821600000000000e+07
6.050728000000000000e+07
8.313047200000000000e+07
5.348111200000000000e+07
6.027958400000000000e+07
8.025392000000000000e+07
4.808849600000000000e+07
5.666651200000000000e+07
1.157251680000000000e+08
5.759045200000000000e+07
5.074717600000000000e+07
4.997104000000000000e+07
6.976300800000000000e+07
3.936498800000000000e+07
5.594205200000000000e+07
4.771602400000000000e+07
5.395150400000000000e+07
9.715572800000000000e+07
7.203268000000000000e+07
5.615017200000000000e+07
8.706425600000000000e+07
4.751278400000000000e+07
5.879542000000000000e+07
7.270308000000000000e+07
4.122371600000000000e+07
5.486900400000000000e+07
4.622015200000000000e+07
4.331641600000000000e+07
4.186342400000000000e+07
7.339957600000000000e+07
7.435773600000000000e+07
8.025780800000000000e+07
5.733136400000000000e+07
4.969308000000000000e+07
5.380948000000000000e+07
6.858160800000000000e+07
4.146763200000000000e+07
6.467468000000000000e+07
4.924728000000000000e+07
6.755346400000000000e+07
7.456788800000000000e+07
6.943634400000000000e+07
5.071497600000000000e+07
6.890840000000000000e+07
4.849670000000000000e+07
6.376329200000000000e+07
3.009211000000000000e+07
3.832416000000000000e+07
6.932771200000000000e+07
6.419378800000000000e+07
5.156541600000000000e+07
4.156802800000000000e+07
6.620432000000000000e+07
3.200601200000000000e+07
5.281197200000000000e+07
7.316084800000000000e+07
5.717541200000000000e+07
8.343014400000000000e+07
7.494357600000000000e+07
4.984281600000000000e+07
5.863615200000000000e+07
3.409502400000000000e+07
