1.096912896000000000e+09
1.139531264000000000e+09
7.709151360000000000e+08
7.326331520000000000e+08
1.177267584000000000e+09
1.015819328000000000e+09
1.177491712000000000e+09
8.531476480000000000e+08
7.349037440000000000e+08
9.742865920000000000e+08
1.340083456000000000e+09
8.542248960000000000e+08
1.095552512000000000e+09
7.724389120000000000e+08
9.741438080000000000e+08
9.735554560000000000e+08
9.787297280000000000e+08
1.138388352000000000e+09
9.365658240000000000e+08
1.054934656000000000e+09
9.329845760000000000e+08
9.739332480000000000e+08
9.346896000000000000e+08
1.017231360000000000e+09
9.332645120000000000e+08
9.339573120000000000e+08
8.928336640000000000e+08
9.747542400000000000e+08
1.176118784000000000e+09
1.052963072000000000e+09
1.093276160000000000e+09
1.090936832000000000e+09
4.470465600000000000e+08
1.251341056000000000e+09
8.879544320000000000e+08
1.049386240000000000e+09
8.047925760000000000e+08
1.482901376000000000e+09
6.419548800000000000e+08
9.581509760000000000e+08
8.757466240000000000e+08
1.227885952000000000e+09
1.142508032000000000e+09
7.858780160000000000e+08
1.051585152000000000e+09
7.768239360000000000e+08
1.147196544000000000e+09
9.076223360000000000e+08
8.306389120000000000e+08
6.685808640000000000e+08
1.089899008000000000e+09
9.116060800000000000e+08
7.046076800000000000e+08
1.176176640000000000e+09
7.445108480000000000e+08
9.599642240000000000e+08
9.754944000000000000e+08
9.147135360000000000e+08
7.712544640000000000e+08
8.202306560000000000e+08
8.493681280000000000e+08
7.509280640000000000e+08
7.614844800000000000e+08
8.325738240000000000e+08
8.191120640000000000e+08
9.304179200000000000e+08
9.056241280000000000e+08
9.149939200000000000e+08
5.858548480000000000e+08
9.033483520000000000e+08
6.639068800000000000e+08
8.077729280000000000e+08
9.068684800000000000e+08
7.469320960000000000e+08
8.348657280000000000e+08
6.192920960000000000e+08
8.452318080000000000e+08
9.271965440000000000e+08
9.341811840000000000e+08
9.091661440000000000e+08
8.582206080000000000e+08
7.071742720000000000e+08
8.723143040000000000e+08
6.722948480000000000e+08
7.461479040000000000e+08
7.696894080000000000e+08
9.894585600000000000e+08
7.468629120000000000e+08
7.802153600000000000e+08
6.722764160000000000e+08
8.788403840000000000e+08
8.314463360000000000e+08
7.104748800000000000e+08
6.839261440000000000e+08
6.343859200000000000e+08
7.677762560000000000e+08
7.751578880000000000e+08
8.370147840000000000e+08
6.868113280000000000e+08
8.043418240000000000e+08
7.125909120000000000e+08
7.203390720000000000e+08
7.146806400000000000e+08
7.202643200000000000e+08
6.713114880000000000e+08
6.599861760000000000e+08
8.741084800000000000e+08
7.036261760000000000e+08
7.001102720000000000e+08
7.471811840000000000e+08
5.734723840000000000e+08
8.112520960000000000e+08
7.864681600000000000e+08
8.680631680000000000e+08
6.812444160000000000e+08
8.174599040000000000e+08
6.842801920000000000e+08
7.498295040000000000e+08
6.299315840000000000e+08
7.292421120000000000e+08
7.097495040000000000e+08
8.322767360000000000e+08
7.571942400000000000e+08
6.320181760000000000e+08
5.928817920000000000e+08
6.951028480000000000e+08
5.988472960000000000e+08
7.941356160000000000e+08
8.348920320000000000e+08
6.010181120000000000e+08
7.175609600000000000e+08
6.387496960000000000e+08
6.723198080000000000e+08
6.680958720000000000e+08
7.616092160000000000e+08
6.433983360000000000e+08
5.607513600000000000e+08
6.930193920000000000e+08
7.238255360000000000e+08
8.098779520000000000e+08
5.988979840000000000e+08
5.386097280000000000e+08
6.244190720000000000e+08
5.905699840000000000e+08
6.738479360000000000e+08
6.591648640000000000e+08
6.368755840000000000e+08
6.128994560000000000e+08
6.779104000000000000e+08
7.270385280000000000e+08
7.248504320000000000e+08
7.004264320000000000e+08
5.249406400000000000e+08
6.566974080000000000e+08
6.448625280000000000e+08
5.979690240000000000e+08
6.985008640000000000e+08
5.461621760000000000e+08
6.475458560000000000e+08
6.789571840000000000e+08
5.992891520000000000e+08
5.770197120000000000e+08
6.192835840000000000e+08
5.708039680000000000e+08
6.838557440000000000e+08
6.497840000000000000e+08
5.803600000000000000e+08
5.752232320000000000e+08
4.933203520000000000e+08
6.201796480000000000e+08
6.269293440000000000e+08
6.082147840000000000e+08
6.500161920000000000e+08
4.902670080000000000e+08
5.920412160000000000e+08
5.944494080000000000e+08
6.026558080000000000e+08
5.540784640000000000e+08
6.662955520000000000e+08
4.528942400000000000e+08
4.861094080000000000e+08
5.064261440000000000e+08
6.829430400000000000e+08
4.787983680000000000e+08
5.522876160000000000e+08
4.861013120000000000e+08
4.938696000000000000e+08
5.549157120000000000e+08
4.608061440000000000e+08
5.119775360000000000e+08
5.449970560000000000e+08
5.687997440000000000e+08
5.447136640000000000e+08
4.459159360000000000e+08
4.975520320000000000e+08
4.763438080000000000e+08
4.454902080000000000e+08
4.551382080000000000e+08
4.336373120000000000e+08
4.699538560000000000e+08
4.824634560000000000e+08
4.602217920000000000e+08
3.283956800000000000e+08
4.442582720000000000e+08
3.577381440000000000e+08
3.721831680000000000e+08
4.193099200000000000e+08
3.812041600000000000e+08
4.039449600000000000e+08
4.315302400000000000e+08
3.170680320000000000e+08
3.770169280000000000e+08
3.062393600000000000e+08
3.623127680000000000e+08
3.322865600000000000e+08
4.061449600000000000e+08
2.787856000000000000e+08
3.310197440000000000e+08
2.792155200000000000e+08
3.036096960000000000e+08
3.379192640000000000e+08
2.325402560000000000e+08
2.158575520000000000e+08
3.267938240000000000e+08
2.688093440000000000e+08
2.823144000000000000e+08
3.132252480000000000e+08
2.717648640000000000e+08
2.360696800000000000e+08
2.195034240000000000e+08
2.112222560000000000e+08
2.128204160000000000e+08
2.683744000000000000e+08
2.258040960000000000e+08
2.698903040000000000e+08
1.805184160000000000e+08
2.515488480000000000e+08
1.755752480000000000e+08
1.672596160000000000e+08
1.878752800000000000e+08
1.651300640000000000e+08
1.902960480000000000e+08
1.661421760000000000e+08
2.191617600000000000e+08
1.660915680000000000e+08
1.576794080000000000e+08
2.039144640000000000e+08
1.548049280000000000e+08
1.825327360000000000e+08
1.272373120000000000e+08
2.084056640000000000e+08
1.914537600000000000e+08
1.230737360000000000e+08
1.579509920000000000e+08
1.751417600000000000e+08
1.512311360000000000e+08
9.038737600000000000e+07
1.581352000000000000e+08
1.466633280000000000e+08
1.634551040000000000e+08
1.126093120000000000e+08
1.316606480000000000e+08
1.332350720000000000e+08
1.500704960000000000e+08
1.214185920000000000e+08
9.153433600000000000e+07
9.763176800000000000e+07
1.501192960000000000e+08
1.580673920000000000e+08
1.214001200000000000e+08
1.123022800000000000e+08
8.841540800000000000e+07
8.252697600000000000e+07
1.953708160000000000e+08
1.357401600000000000e+08
1.115629600000000000e+08
1.243408000000000000e+08
1.015207680000000000e+08
1.098405760000000000e+08
1.173345680000000000e+08
9.664268000000000000e+07
1.301859680000000000e+08
6.987904000000000000e+07
7.927788000000000000e+07
1.072131520000000000e+08
1.065222880000000000e+08
1.449817920000000000e+08
7.920987200000000000e+07
1.023080640000000000e+08
7.556950400000000000e+07
1.235302000000000000e+08
7.012391200000000000e+07
1.415703040000000000e+08
1.153445440000000000e+08
1.075204160000000000e+08
1.300410240000000000e+08
1.005633520000000000e+08
1.193315280000000000e+08
9.757497600000000000e+07
8.476966400000000000e+07
9.655464800000000000e+07
1.060433600000000000e+08
1.025125280000000000e+08
7.352196800000000000e+07
9.752627200000000000e+07
8.603572000000000000e+07
8.409240000000000000e+07
6.412250800000000000e+07
8.539472000000000000e+07
1.438576640000000000e+08
8.325222400000000000e+07
8.391720000000000000e+07
1.033889600000000000e+08
7.321887200000000000e+07
6.044562400000000000e+07
1.289937920000000000e+08
6.910093600000000000e+07
1.082147200000000000e+08
7.785182400000000000e+07
1.275225600000000000e+08
8.077707200000000000e+07
9.080870400000000000e+07
1.054537200000000000e+08
5.675863600000000000e+07
7.792180800000000000e+07
6.842912800000000000e+07
1.082713920000000000e+08
8.480552800000000000e+07
7.669786400000000000e+07
7.635790400000000000e+07
1.116630720000000000e+08
6.871267200000000000e+07
5.004479200000000000e+07
8.708559200000000000e+07
6.601306000000000000e+07
5.321652000000000000e+07
4.329303600000000000e+07
7.485548800000000000e+07
5.514282800000000000e+07
9.234684800000000000e+07
1.371354720000000000e+08
9.576828800000000000e+07
8.082425600000000000e+07
4.834956000000000000e+07
9.450344000000000000e+07
4.947644000000000000e+07
8.318955200000000000e+07
1.017291200000000000e+08
5.949330800000000000e+07
7.229540800000000000e+07
7.646070400000000000e+07
8.697908800000000000e+07
4.388653600000000000e+07
1.007202560000000000e+08
7.448926400000000000e+07
7.058857600000000000e+07
5.629059200000000000e+07
7.063268800000000000e+07
8.307142400000000000e+07
7.693184000000000000e+07
6.767361600000000000e+07
4.799165600000000000e+07
6.515190400000000000e+07
5.665030000000000000e+07
7.725011200000000000e+07
9.758713600000000000e+07
9.957972800000000000e+07
5.575676800000000000e+07
4.630904000000000000e+07
4.241299600000000000e+07
7.140819200000000000e+07
9.555944800000000000e+07
5.962196000000000000e+07
3.889289600000000000e+07
7.074710400000000000e+07
8.145368000000000000e+07
6.281894400000000000e+07
7.553691200000000000e+07
6.567227200000000000e+07
5.884302800000000000e+07
5.586836000000000000e+07
6.025251600000000000e+07
9.369750400000000000e+07
8.342297600000000000e+07
4.989652000000000000e+07
6.362321200000000000e+07
6.099212000000000000e+07
5.223649200000000000e+07
5.718702000000000000e+07
5.947890000000000000e+07
5.112226000000000000e+07
7.361883200000000000e+07
6.756937600000000000e+07
6.269307600000000000e+07
5.098084000000000000e+07
7.702512000000000000e+07
5.355369200000000000e+07
5.784450800000000000e+07
7.530640000000000000e+07
5.370044000000000000e+07
5.815063200000000000e+07
6.363389600000000000e+07
8.630237600000000000e+07
6.065725200000000000e+07
6.253307200000000000e+07
4.161633600000000000e+07
6.557880000000000000e+07
7.195612000000000000e+07
4.477626400000000000e+07
3.204831200000000000e+07
8.234744000000000000e+07
7.218121600000000000e+07
5.807331600000000000e+07
9.498161600000000000e+07
4.386268800000000000e+07
8.904754400000000000e+07
7.245685600000000000e+07
3.392801600000000000e+07
5.608983200000000000e+07
4.989096000000000000e+07
7.988038400000000000e+07
6.180640800000000000e+07
5.653365600000000000e+07
4.119565600000000000e+07
6.003134000000000000e+07
4.254132000000000000e+07
5.011869600000000000e+07
9.871507200000000000e+07
6.294239200000000000e+07
5.292717200000000000e+07
4.941754000000000000e+07
4.620179200000000000e+07
3.993595200000000000e+07
4.973653600000000000e+07
4.166262400000000000e+07
4.674966800000000000e+07
5.963466400000000000e+07
8.364738400000000000e+07
8.339584000000000000e+07
4.959614400000000000e+07
4.110607200000000000e+07
5.013965600000000000e+07
4.498269200000000000e+07
7.032116800000000000e+07
4.180082400000000000e+07
5.344812400000000000e+07
6.314106800000000000e+07
6.495784800000000000e+07
6.215373200000000000e+07
4.084660000000000000e+07
5.734969600000000000e+07
5.172339200000000000e+07
5.945082000000000000e+07
6.095208000000000000e+07
4.130002800000000000e+07
4.129465200000000000e+07
4.700465200000000000e+07
4.763083200000000000e+07
5.683286800000000000e+07
6.485538800000000000e+07
4.411669200000000000e+07
6.446252000000000000e+07
4.884322000000000000e+07
3.293850000000000000e+07
6.801886400000000000e+07
4.442409200000000000e+07
5.651934400000000000e+07
5.930624000000000000e+07
3.990743600000000000e+07
8.166263200000000000e+07
6.369908400000000000e+07
6.056491200000000000e+07
4.301568400000000000e+07
6.703468800000000000e+07
7.144120800000000000e+07
5.351674400000000000e+07
3.597724000000000000e+07
6.298715600000000000e+07
3.185602000000000000e+07
7.466916000000000000e+07
4.551198000000000000e+07
6.490896000000000000e+07
6.014322800000000000e+07
5.034165600000000000e+07
4.223540000000000000e+07
8.235966400000000000e+07
5.679110000000000000e+07
5.622046400000000000e+07
4.018279200000000000e+07
6.514297600000000000e+07
3.340730400000000000e+07
3.992729200000000000e+07
2.951104400000000000e+07
4.693011200000000000e+07
5.322062000000000000e+07
3.955591200000000000e+07
7.259585600000000000e+07
4.226615600000000000e+07
2.856982400000000000e+07
7.080196800000000000e+07
5.561884000000000000e+07
6.191723600000000000e+07
3.763186400000000000e+07
4.159685600000000000e+07
5.351369600000000000e+07
3.067702200000000000e+07
5.064008000000000000e+07
4.507648800000000000e+07
5.733555600000000000e+07
6.233104800000000000e+07
4.495051200000000000e+07
2.586452200000000000e+07
3.515347200000000000e+07
7.003155200000000000e+07
6.899891200000000000e+07
5.698336800000000000e+07
6.481973600000000000e+07
4.965753200000000000e+07
4.787892800000000000e+07
4.200057600000000000e+07
5.045091600000000000e+07
5.735054800000000000e+07
5.181534400000000000e+07
5.652512000000000000e+07
5.566270000000000000e+07
4.720886400000000000e+07
5.979631200000000000e+07
5.087712000000000000e+07
3.685920400000000000e+07
4.318644800000000000e+07
3.290091200000000000e+07
6.792432000000000000e+07
4.457079600000000000e+07
5.025499200000000000e+07
4.893817600000000000e+07
5.618951600000000000e+07
3.013994000000000000e+07
4.768287200000000000e+07
7.058032800000000000e+07
3.891277600000000000e+07
2.664513800000000000e+07
5.042403200000000000e+07
4.195512800000000000e+07
5.240790400000000000e+07
4.908984400000000000e+07
4.230067200000000000e+07
2.780666400000000000e+07
3.402001600000000000e+07
4.165022800000000000e+07
5.563368000000000000e+07
5.346524000000000000e+07
3.248541200000000000e+07
5.262662800000000000e+07
3.193101600000000000e+07
5.248276800000000000e+07
4.117491200000000000e+07
4.562250400000000000e+07
4.009683200000000000e+07
6.418546400000000000e+07
1.725670000000000000e+07
3.527429200000000000e+07
5.956035200000000000e+07
5.279471600000000000e+07
3.937814800000000000e+07
3.913216000000000000e+07
3.471022800000000000e+07
3.430095200000000000e+07
4.947011200000000000e+07
3.295537600000000000e+07
5.146321600000000000e+07
3.296282600000000000e+07
6.642084000000000000e+07
5.626868000000000000e+07
4.534416000000000000e+07
3.399661200000000000e+07
4.742444800000000000e+07
5.858730400000000000e+07
5.551718000000000000e+07
3.247063000000000000e+07
3.218919600000000000e+07
3.488859200000000000e+07
5.333252000000000000e+07
4.889084000000000000e+07
4.349618400000000000e+07
3.815862000000000000e+07
4.189156400000000000e+07
3.828480800000000000e+07
4.117996400000000000e+07
4.138248000000000000e+07
5.051645200000000000e+07
3.292990800000000000e+07
3.094622000000000000e+07
2.730530000000000000e+07
7.735732000000000000e+07
3.501568400000000000e+07
5.600836800000000000e+07
4.273970000000000000e+07
5.433996800000000000e+07
3.163807200000000000e+07
3.942391600000000000e+07
