1.056823680000000000e+09
1.257559296000000000e+09
1.055826304000000000e+09
1.217850112000000000e+09
1.095825408000000000e+09
1.056554368000000000e+09
8.950712320000000000e+08
1.177185920000000000e+09
1.463410944000000000e+09
1.014673920000000000e+09
7.309091200000000000e+08
1.056044160000000000e+09
9.741765120000000000e+08
1.017921024000000000e+09
9.362589440000000000e+08
1.176892928000000000e+09
1.500791552000000000e+09
8.929930240000000000e+08
1.136447744000000000e+09
1.379816704000000000e+09
1.094842624000000000e+09
1.135443200000000000e+09
1.221816576000000000e+09
8.517162880000000000e+08
9.741303680000000000e+08
1.258040448000000000e+09
9.735015680000000000e+08
9.732277120000000000e+08
1.176507136000000000e+09
9.723428480000000000e+08
1.539817472000000000e+09
8.936814080000000000e+08
1.212499840000000000e+09
1.371038080000000000e+09
9.288000000000000000e+08
7.639178880000000000e+08
1.250107648000000000e+09
1.042562176000000000e+09
9.640890240000000000e+08
1.203910400000000000e+09
8.797596160000000000e+08
9.877098240000000000e+08
1.032659840000000000e+09
1.144869888000000000e+09
1.007906048000000000e+09
1.020083968000000000e+09
9.225454720000000000e+08
1.316072704000000000e+09
1.227220480000000000e+09
6.746148480000000000e+08
1.099095680000000000e+09
9.338920320000000000e+08
1.061187584000000000e+09
1.086256512000000000e+09
8.828025600000000000e+08
4.032300800000000000e+08
1.036696640000000000e+09
1.242610944000000000e+09
8.653749760000000000e+08
1.134060800000000000e+09
6.686209280000000000e+08
9.249598720000000000e+08
9.200102400000000000e+08
9.432533120000000000e+08
8.389784320000000000e+08
9.882833280000000000e+08
9.320630400000000000e+08
7.873180800000000000e+08
8.259457280000000000e+08
9.554428800000000000e+08
9.932522240000000000e+08
8.761691520000000000e+08
7.853868800000000000e+08
1.020881664000000000e+09
1.044030720000000000e+09
8.348511360000000000e+08
8.759987840000000000e+08
6.222800000000000000e+08
1.014117504000000000e+09
9.289927040000000000e+08
7.844797440000000000e+08
7.324454400000000000e+08
7.931164160000000000e+08
9.547729920000000000e+08
7.404829440000000000e+08
9.137475840000000000e+08
7.382412160000000000e+08
8.697004160000000000e+08
9.055998080000000000e+08
8.988098560000000000e+08
7.750273280000000000e+08
1.021132672000000000e+09
7.948550400000000000e+08
9.707980800000000000e+08
7.322839680000000000e+08
8.113019520000000000e+08
8.789680000000000000e+08
8.085820800000000000e+08
7.663818240000000000e+08
9.028264960000000000e+08
7.506519040000000000e+08
9.826360960000000000e+08
9.304353920000000000e+08
9.256392960000000000e+08
8.076673280000000000e+08
8.979210240000000000e+08
8.302880640000000000e+08
6.862518400000000000e+08
5.598645120000000000e+08
8.197740800000000000e+08
1.010021824000000000e+09
8.057872640000000000e+08
9.244184320000000000e+08
8.065585280000000000e+08
8.313413760000000000e+08
8.320885120000000000e+08
7.336878080000000000e+08
6.819192320000000000e+08
8.085969920000000000e+08
8.743584640000000000e+08
9.130092800000000000e+08
6.914983680000000000e+08
9.026908160000000000e+08
7.901666560000000000e+08
8.486330240000000000e+08
7.041735040000000000e+08
7.540462080000000000e+08
7.883214720000000000e+08
7.263579520000000000e+08
8.366373760000000000e+08
6.993216640000000000e+08
8.503863680000000000e+08
8.838028800000000000e+08
7.276059520000000000e+08
7.470813440000000000e+08
7.743138560000000000e+08
6.927531520000000000e+08
6.574404480000000000e+08
8.195296640000000000e+08
7.297326080000000000e+08
6.818432640000000000e+08
7.104198400000000000e+08
6.765428480000000000e+08
7.416031360000000000e+08
6.495743360000000000e+08
6.686042240000000000e+08
6.187102720000000000e+08
9.176403840000000000e+08
8.419696000000000000e+08
7.975895040000000000e+08
5.619974400000000000e+08
7.203329280000000000e+08
7.865135360000000000e+08
7.023001600000000000e+08
6.668831360000000000e+08
6.922331520000000000e+08
6.705488000000000000e+08
6.442197760000000000e+08
6.570343680000000000e+08
5.962547840000000000e+08
7.369364480000000000e+08
6.586935680000000000e+08
5.068427200000000000e+08
6.113144960000000000e+08
6.767167360000000000e+08
5.965896960000000000e+08
6.885582080000000000e+08
7.563190400000000000e+08
7.349969920000000000e+08
6.037698560000000000e+08
6.511988480000000000e+08
7.399803520000000000e+08
5.361656640000000000e+08
5.297734400000000000e+08
5.754135040000000000e+08
4.932510400000000000e+08
5.946073600000000000e+08
6.511685760000000000e+08
5.692245120000000000e+08
6.711288960000000000e+08
6.055401600000000000e+08
6.102175360000000000e+08
5.079552640000000000e+08
5.852410240000000000e+08
5.609438080000000000e+08
4.839913920000000000e+08
5.012820800000000000e+08
6.830811520000000000e+08
4.949032960000000000e+08
6.181178880000000000e+08
6.087486720000000000e+08
4.516159360000000000e+08
5.287854400000000000e+08
4.673758400000000000e+08
5.109122560000000000e+08
5.705124480000000000e+08
4.216644800000000000e+08
5.134765120000000000e+08
4.989161600000000000e+08
4.859036480000000000e+08
5.178560000000000000e+08
4.045944640000000000e+08
4.309828800000000000e+08
4.782065600000000000e+08
3.747960000000000000e+08
5.034753920000000000e+08
4.630488960000000000e+08
4.156716160000000000e+08
4.274667840000000000e+08
5.204473920000000000e+08
2.755541440000000000e+08
4.529997440000000000e+08
3.930621120000000000e+08
4.523207680000000000e+08
5.208675200000000000e+08
3.947506240000000000e+08
3.670757760000000000e+08
4.532436160000000000e+08
4.011787520000000000e+08
4.232077760000000000e+08
3.849218560000000000e+08
2.629717920000000000e+08
3.602218880000000000e+08
3.753396800000000000e+08
4.537568640000000000e+08
2.748133760000000000e+08
4.104935360000000000e+08
2.434390400000000000e+08
3.460403200000000000e+08
2.795985920000000000e+08
4.394772800000000000e+08
2.895629440000000000e+08
3.290165120000000000e+08
3.434935360000000000e+08
3.478339520000000000e+08
3.051347840000000000e+08
3.224351360000000000e+08
2.847248960000000000e+08
2.879794560000000000e+08
2.384024320000000000e+08
3.489855360000000000e+08
2.165859360000000000e+08
2.799426880000000000e+08
2.961486080000000000e+08
2.595435360000000000e+08
2.573844960000000000e+08
2.447547840000000000e+08
2.656626240000000000e+08
1.744348640000000000e+08
3.897682880000000000e+08
2.423044960000000000e+08
2.652574880000000000e+08
2.184222400000000000e+08
2.276303360000000000e+08
2.306548000000000000e+08
2.781627200000000000e+08
2.334886080000000000e+08
2.573357120000000000e+08
2.124321600000000000e+08
2.347773120000000000e+08
2.721365440000000000e+08
2.369531520000000000e+08
1.578009280000000000e+08
1.894749280000000000e+08
2.993093120000000000e+08
2.012630400000000000e+08
1.529838880000000000e+08
1.580390080000000000e+08
1.612636800000000000e+08
2.241903360000000000e+08
2.253024000000000000e+08
1.748275040000000000e+08
1.468248800000000000e+08
1.478656960000000000e+08
2.048709600000000000e+08
2.413683840000000000e+08
1.854731680000000000e+08
1.694493120000000000e+08
1.565450560000000000e+08
1.749643680000000000e+08
2.557468800000000000e+08
1.579482880000000000e+08
1.464137920000000000e+08
1.858625600000000000e+08
1.593447840000000000e+08
2.249482560000000000e+08
1.480519680000000000e+08
2.049002880000000000e+08
1.781473760000000000e+08
1.464506240000000000e+08
1.542506880000000000e+08
2.180678400000000000e+08
1.629914720000000000e+08
1.850494720000000000e+08
2.021777600000000000e+08
1.546898240000000000e+08
1.696347840000000000e+08
1.405170240000000000e+08
1.889533920000000000e+08
1.423997440000000000e+08
1.547699200000000000e+08
1.701471840000000000e+08
1.245822080000000000e+08
1.525533600000000000e+08
1.759552640000000000e+08
1.736543680000000000e+08
1.845187840000000000e+08
1.410814880000000000e+08
1.666914880000000000e+08
1.139015840000000000e+08
1.511912960000000000e+08
9.522427200000000000e+07
1.124766080000000000e+08
1.284785200000000000e+08
1.777033120000000000e+08
1.122789200000000000e+08
1.645388480000000000e+08
1.283036960000000000e+08
1.216082320000000000e+08
1.024866240000000000e+08
1.261894960000000000e+08
1.397282720000000000e+08
1.808786560000000000e+08
1.768112000000000000e+08
1.629184000000000000e+08
1.291900960000000000e+08
1.044110480000000000e+08
1.216765360000000000e+08
1.371295360000000000e+08
1.221947520000000000e+08
1.655850240000000000e+08
7.835637600000000000e+07
1.542148320000000000e+08
1.133826240000000000e+08
1.518049280000000000e+08
1.200062880000000000e+08
1.269810720000000000e+08
1.146026960000000000e+08
1.683085280000000000e+08
1.539228160000000000e+08
1.004027360000000000e+08
8.345262400000000000e+07
8.299700800000000000e+07
1.583559040000000000e+08
1.300240320000000000e+08
1.105665840000000000e+08
9.773150400000000000e+07
1.419034880000000000e+08
5.868544800000000000e+07
1.833386240000000000e+08
1.129483040000000000e+08
1.109744560000000000e+08
1.466666400000000000e+08
1.453878880000000000e+08
1.399015360000000000e+08
1.131656480000000000e+08
1.850638400000000000e+08
1.570163360000000000e+08
6.579512000000000000e+07
1.091044560000000000e+08
1.064770880000000000e+08
1.084520960000000000e+08
1.263075760000000000e+08
1.425458880000000000e+08
1.145934400000000000e+08
1.188040320000000000e+08
1.301731760000000000e+08
9.826307200000000000e+07
1.270213440000000000e+08
1.149822720000000000e+08
1.036351120000000000e+08
7.641590400000000000e+07
1.034163920000000000e+08
1.327145280000000000e+08
1.378923520000000000e+08
8.367103200000000000e+07
1.197397120000000000e+08
8.280768000000000000e+07
1.367227360000000000e+08
7.825780800000000000e+07
8.277772000000000000e+07
9.920713600000000000e+07
9.605284800000000000e+07
1.526940960000000000e+08
1.436806720000000000e+08
1.120825760000000000e+08
1.156587360000000000e+08
6.908875200000000000e+07
7.707227200000000000e+07
1.006439920000000000e+08
8.585380800000000000e+07
6.471765600000000000e+07
1.034338800000000000e+08
1.197457840000000000e+08
1.317196480000000000e+08
1.104290880000000000e+08
5.820199600000000000e+07
1.060479520000000000e+08
9.120129600000000000e+07
7.278153600000000000e+07
1.526009120000000000e+08
9.118135200000000000e+07
9.431432800000000000e+07
1.058300160000000000e+08
1.164578000000000000e+08
7.781972000000000000e+07
8.808470400000000000e+07
1.045114880000000000e+08
1.028387200000000000e+08
8.149055200000000000e+07
1.244686480000000000e+08
1.366053120000000000e+08
1.245197920000000000e+08
4.530980000000000000e+07
9.285190400000000000e+07
1.025831360000000000e+08
7.441913600000000000e+07
6.195049600000000000e+07
8.543470400000000000e+07
1.254511200000000000e+08
9.972576000000000000e+07
1.385832800000000000e+08
7.103206400000000000e+07
6.049935200000000000e+07
9.370122400000000000e+07
8.497588800000000000e+07
9.646700800000000000e+07
7.831516800000000000e+07
7.896382400000000000e+07
9.422842400000000000e+07
5.705283200000000000e+07
1.421599360000000000e+08
7.290348800000000000e+07
7.726532000000000000e+07
1.326093600000000000e+08
8.213706400000000000e+07
9.633984000000000000e+07
9.123068800000000000e+07
9.109112000000000000e+07
7.154275200000000000e+07
9.062985600000000000e+07
7.451424000000000000e+07
9.686268800000000000e+07
1.026345040000000000e+08
9.696624000000000000e+07
1.061860960000000000e+08
8.690178400000000000e+07
8.313321600000000000e+07
8.722620800000000000e+07
8.790883200000000000e+07
5.735038400000000000e+07
1.098153920000000000e+08
1.044846880000000000e+08
7.867140800000000000e+07
7.760821600000000000e+07
1.136016320000000000e+08
4.896864000000000000e+07
1.242872640000000000e+08
9.910246400000000000e+07
6.895107200000000000e+07
8.580684800000000000e+07
7.661953600000000000e+07
9.169126400000000000e+07
9.918332000000000000e+07
6.272007200000000000e+07
1.024534400000000000e+08
9.036876000000000000e+07
8.082900000000000000e+07
9.103290400000000000e+07
1.228372960000000000e+08
7.854460800000000000e+07
8.258393600000000000e+07
7.937486400000000000e+07
6.061212000000000000e+07
8.990528000000000000e+07
6.529696400000000000e+07
4.617969200000000000e+07
1.096342080000000000e+08
1.223785760000000000e+08
4.242274400000000000e+07
1.152849680000000000e+08
8.458788800000000000e+07
8.347465600000000000e+07
5.760064000000000000e+07
1.042311840000000000e+08
5.809829600000000000e+07
5.442685200000000000e+07
7.407756800000000000e+07
7.223977600000000000e+07
7.027012800000000000e+07
8.096403200000000000e+07
1.055309600000000000e+08
4.535996400000000000e+07
8.083473600000000000e+07
7.228553600000000000e+07
8.876650400000000000e+07
7.074896000000000000e+07
1.166498240000000000e+08
7.334258400000000000e+07
9.045084800000000000e+07
8.932904800000000000e+07
8.923641600000000000e+07
8.489252000000000000e+07
6.709263600000000000e+07
6.323964400000000000e+07
7.544950400000000000e+07
9.340627200000000000e+07
7.131708800000000000e+07
7.111057600000000000e+07
1.258482240000000000e+08
5.774003200000000000e+07
1.143633200000000000e+08
6.542888800000000000e+07
6.824644000000000000e+07
9.931480000000000000e+07
5.844351200000000000e+07
6.381282800000000000e+07
8.044745600000000000e+07
8.438230400000000000e+07
5.562525600000000000e+07
6.307361200000000000e+07
8.111600000000000000e+07
7.178406400000000000e+07
8.433210400000000000e+07
1.123296080000000000e+08
6.025207600000000000e+07
5.846751200000000000e+07
8.002702400000000000e+07
8.849616000000000000e+07
5.470830800000000000e+07
6.898851200000000000e+07
7.405204800000000000e+07
9.752791200000000000e+07
6.548522400000000000e+07
5.819694400000000000e+07
8.680353600000000000e+07
9.443341600000000000e+07
4.705083200000000000e+07
7.222062400000000000e+07
9.644864000000000000e+07
7.853340800000000000e+07
5.482893600000000000e+07
5.975323200000000000e+07
7.283987200000000000e+07
7.943643200000000000e+07
1.055777200000000000e+08
9.125601600000000000e+07
9.072528000000000000e+07
8.138403200000000000e+07
7.384296000000000000e+07
9.536855200000000000e+07
3.734037600000000000e+07
9.546787200000000000e+07
7.824616000000000000e+07
7.432852800000000000e+07
3.494384800000000000e+07
7.299948800000000000e+07
9.104169600000000000e+07
7.042432000000000000e+07
7.052976000000000000e+07
5.811817600000000000e+07
4.837379200000000000e+07
7.512017600000000000e+07
7.132410400000000000e+07
6.127068000000000000e+07
5.725744000000000000e+07
8.841969600000000000e+07
1.015006400000000000e+08
4.342285200000000000e+07
9.105008800000000000e+07
5.043309600000000000e+07
5.696494400000000000e+07
1.008274880000000000e+08
5.433192000000000000e+07
6.110380000000000000e+07
6.440155600000000000e+07
5.852437600000000000e+07
8.046713600000000000e+07
5.315574400000000000e+07
7.422224000000000000e+07
1.015207680000000000e+08
6.780794400000000000e+07
6.572880800000000000e+07
5.914646400000000000e+07
1.049366720000000000e+08
5.668553600000000000e+07
5.176891200000000000e+07
6.256745600000000000e+07
7.928945600000000000e+07
7.129567200000000000e+07
8.363540800000000000e+07
5.759992000000000000e+07
4.879216800000000000e+07
8.820884800000000000e+07
6.844117600000000000e+07
7.367566400000000000e+07
7.587062400000000000e+07
3.977328800000000000e+07
5.745309600000000000e+07
7.564164000000000000e+07
