5.253625488281250000e+02
6.346799316406250000e+02
6.208612670898437500e+02
5.595216064453125000e+02
6.296916503906250000e+02
5.955221557617187500e+02
5.600773925781250000e+02
5.728142700195312500e+02
5.992559204101562500e+02
5.528306274414062500e+02
5.963295898437500000e+02
5.608456420898437500e+02
6.333322753906250000e+02
5.491132202148437500e+02
5.051492919921875000e+02
5.411084594726562500e+02
5.504727783203125000e+02
4.969999084472656250e+02
5.048264770507812500e+02
4.762643127441406250e+02
4.664445800781250000e+02
4.263296203613281250e+02
4.546993408203125000e+02
3.670694274902343750e+02
3.470008850097656250e+02
2.810068054199218750e+02
2.839812622070312500e+02
1.938590087890625000e+02
1.932191619873046875e+02
1.754174041748046875e+02
1.247304840087890625e+02
1.413383026123046875e+02
1.878788146972656250e+02
1.653303222656250000e+02
1.312217102050781250e+02
1.324689331054687500e+02
9.226110839843750000e+01
1.114368362426757812e+02
6.640356445312500000e+01
7.429615783691406250e+01
6.904209899902343750e+01
8.660246276855468750e+01
8.083898925781250000e+01
7.467174530029296875e+01
8.758699035644531250e+01
9.014392852783203125e+01
5.416907882690429688e+01
7.654847717285156250e+01
5.660473632812500000e+01
7.426596832275390625e+01
5.262254333496093750e+01
4.802948760986328125e+01
6.337804412841796875e+01
5.391931533813476562e+01
6.661569976806640625e+01
5.954345321655273438e+01
3.546998214721679688e+01
4.241583633422851562e+01
4.985601425170898438e+01
5.258905792236328125e+01
5.762203598022460938e+01
4.311970138549804688e+01
3.947412872314453125e+01
2.710762214660644531e+01
4.537959289550781250e+01
4.601922988891601562e+01
4.015693283081054688e+01
5.326656341552734375e+01
2.931989669799804688e+01
5.907009506225585938e+01
2.904079437255859375e+01
3.276991653442382812e+01
3.418943023681640625e+01
4.457810974121093750e+01
3.241241073608398438e+01
3.783599472045898438e+01
2.596460342407226562e+01
3.104020118713378906e+01
3.556121826171875000e+01
2.577239227294921875e+01
4.016546249389648438e+01
3.083325195312500000e+01
4.119223785400390625e+01
2.502750968933105469e+01
2.853378105163574219e+01
2.679726791381835938e+01
3.840473175048828125e+01
4.559418106079101562e+01
2.115995025634765625e+01
2.744916534423828125e+01
3.889820098876953125e+01
2.888669395446777344e+01
2.198932838439941406e+01
3.297581863403320312e+01
2.465526771545410156e+01
3.143351173400878906e+01
2.800935173034667969e+01
2.558079719543457031e+01
2.973033523559570312e+01
3.628989410400390625e+01
2.900386619567871094e+01
2.030789375305175781e+01
2.139908599853515625e+01
2.615562820434570312e+01
3.656003570556640625e+01
2.979573822021484375e+01
2.879840469360351562e+01
2.019278335571289062e+01
1.929295730590820312e+01
3.092448043823242188e+01
2.902589988708496094e+01
2.257697677612304688e+01
2.699672508239746094e+01
2.185430526733398438e+01
3.054239273071289062e+01
2.325412750244140625e+01
2.429273414611816406e+01
1.907309722900390625e+01
3.294715881347656250e+01
2.474084472656250000e+01
3.868311309814453125e+01
1.992640686035156250e+01
1.775892829895019531e+01
2.646986770629882812e+01
2.527943038940429688e+01
2.196690368652343750e+01
1.813985061645507812e+01
2.365954017639160156e+01
2.982631874084472656e+01
2.028464126586914062e+01
2.227065277099609375e+01
2.158556365966796875e+01
2.238578414916992188e+01
1.557225608825683594e+01
3.332509613037109375e+01
2.266556739807128906e+01
2.127350425720214844e+01
2.678471183776855469e+01
2.144049835205078125e+01
1.910983276367187500e+01
2.930212020874023438e+01
2.005203437805175781e+01
2.441867446899414062e+01
2.138057899475097656e+01
1.501616287231445312e+01
2.278312683105468750e+01
2.367948150634765625e+01
2.708282279968261719e+01
2.687345695495605469e+01
1.476737403869628906e+01
2.414340591430664062e+01
2.664587020874023438e+01
1.648722267150878906e+01
1.395746326446533203e+01
2.861146736145019531e+01
2.173237228393554688e+01
2.341571426391601562e+01
2.688244819641113281e+01
1.426506423950195312e+01
2.119679641723632812e+01
2.797123336791992188e+01
1.392398834228515625e+01
2.698253822326660156e+01
2.145162963867187500e+01
1.592415618896484375e+01
1.517662525177001953e+01
2.859480667114257812e+01
2.153715133666992188e+01
2.020840454101562500e+01
1.952018928527832031e+01
2.296154785156250000e+01
2.974272918701171875e+01
1.336773586273193359e+01
1.386040115356445312e+01
3.341907882690429688e+01
1.533185195922851562e+01
1.391993713378906250e+01
2.150183296203613281e+01
2.092380142211914062e+01
1.944665336608886719e+01
2.259223175048828125e+01
1.125603771209716797e+01
2.549756431579589844e+01
2.420758438110351562e+01
2.264808654785156250e+01
1.485228538513183594e+01
2.041166114807128906e+01
1.996511459350585938e+01
1.819848251342773438e+01
2.316155242919921875e+01
1.203477668762207031e+01
1.152874374389648438e+01
1.856525421142578125e+01
2.274667930603027344e+01
1.586293411254882812e+01
2.014384078979492188e+01
2.334303474426269531e+01
1.387876129150390625e+01
1.773432922363281250e+01
1.498322868347167969e+01
2.458618545532226562e+01
2.368520164489746094e+01
1.975226020812988281e+01
1.408506584167480469e+01
1.753923797607421875e+01
2.278537368774414062e+01
1.328721237182617188e+01
1.624906349182128906e+01
2.167270278930664062e+01
1.731658744812011719e+01
1.784569931030273438e+01
1.894660949707031250e+01
1.820217895507812500e+01
2.365586090087890625e+01
1.327124786376953125e+01
1.501928997039794922e+01
1.154204845428466797e+01
1.863912773132324219e+01
1.814072036743164062e+01
1.465771865844726562e+01
1.346318817138671875e+01
2.723304748535156250e+01
1.897526359558105469e+01
2.085758781433105469e+01
1.504002666473388672e+01
1.913573455810546875e+01
1.952758026123046875e+01
1.537660026550292969e+01
1.530284404754638672e+01
2.534066390991210938e+01
1.340202331542968750e+01
1.377894401550292969e+01
2.116254234313964844e+01
1.730171394348144531e+01
1.661487197875976562e+01
1.324071407318115234e+01
2.188197708129882812e+01
1.577637958526611328e+01
1.960035705566406250e+01
1.464713954925537109e+01
1.307893753051757812e+01
2.278555297851562500e+01
1.560410785675048828e+01
1.846839523315429688e+01
1.869841575622558594e+01
1.315762519836425781e+01
1.634459114074707031e+01
2.229522705078125000e+01
1.209825134277343750e+01
1.205075740814208984e+01
1.526134490966796875e+01
2.302178955078125000e+01
1.579447078704833984e+01
1.646402168273925781e+01
1.707351493835449219e+01
1.960107803344726562e+01
9.553820610046386719e+00
2.020756340026855469e+01
1.812355422973632812e+01
1.640958786010742188e+01
1.401066207885742188e+01
1.513284301757812500e+01
2.016856765747070312e+01
1.301694869995117188e+01
1.448674678802490234e+01
2.039722061157226562e+01
1.226741027832031250e+01
1.659541893005371094e+01
1.299729633331298828e+01
1.352542495727539062e+01
1.318228626251220703e+01
1.111134243011474609e+01
2.392169380187988281e+01
1.244029617309570312e+01
1.402249145507812500e+01
1.891015243530273438e+01
1.583713912963867188e+01
1.437680816650390625e+01
1.637223434448242188e+01
2.406901168823242188e+01
1.332370471954345703e+01
1.029689216613769531e+01
1.257404899597167969e+01
1.921124839782714844e+01
1.433686828613281250e+01
1.331068992614746094e+01
1.958745193481445312e+01
1.367336845397949219e+01
1.497655677795410156e+01
1.238327980041503906e+01
1.311596298217773438e+01
1.589145278930664062e+01
1.322217273712158203e+01
1.504477310180664062e+01
1.861857414245605469e+01
8.955694198608398438e+00
1.400941848754882812e+01
1.158518505096435547e+01
1.580171680450439453e+01
1.597343730926513672e+01
8.875030517578125000e+00
1.707300949096679688e+01
1.841195869445800781e+01
1.405870151519775391e+01
1.681556892395019531e+01
1.116128444671630859e+01
1.286687660217285156e+01
1.325278854370117188e+01
1.691247558593750000e+01
1.620920181274414062e+01
9.206720352172851562e+00
1.312700557708740234e+01
1.344320678710937500e+01
1.302896881103515625e+01
1.556316375732421875e+01
1.629536247253417969e+01
1.325687217712402344e+01
1.268774414062500000e+01
1.974975395202636719e+01
8.857360839843750000e+00
1.316194343566894531e+01
1.790551757812500000e+01
1.362677478790283203e+01
1.009414958953857422e+01
1.236423778533935547e+01
1.623348617553710938e+01
1.142070007324218750e+01
1.170659828186035156e+01
1.005745315551757812e+01
1.966476058959960938e+01
1.109764671325683594e+01
1.117763710021972656e+01
1.465118026733398438e+01
9.739713668823242188e+00
1.459977054595947266e+01
1.372915077209472656e+01
9.573852539062500000e+00
1.369899845123291016e+01
1.479008293151855469e+01
1.581051635742187500e+01
1.455879688262939453e+01
9.425228118896484375e+00
1.422316646575927734e+01
1.125616264343261719e+01
1.282551574707031250e+01
1.413160514831542969e+01
1.318079185485839844e+01
1.168105316162109375e+01
1.118414878845214844e+01
1.064991569519042969e+01
1.842247390747070312e+01
1.721296119689941406e+01
9.275789260864257812e+00
1.140042781829833984e+01
1.337260627746582031e+01
1.278899478912353516e+01
9.473032951354980469e+00
1.146130180358886719e+01
1.432749557495117188e+01
9.861123085021972656e+00
1.550182723999023438e+01
1.012108421325683594e+01
1.285692691802978516e+01
1.149325370788574219e+01
9.518484115600585938e+00
1.235559368133544922e+01
8.441865921020507812e+00
1.369699478149414062e+01
1.501686477661132812e+01
1.072915744781494141e+01
1.184872627258300781e+01
1.233278465270996094e+01
1.504696655273437500e+01
1.033449745178222656e+01
1.065546131134033203e+01
1.137115478515625000e+01
1.282378005981445312e+01
1.110281085968017578e+01
9.696465492248535156e+00
1.084936141967773438e+01
1.391349029541015625e+01
1.314423561096191406e+01
1.166495513916015625e+01
1.111882305145263672e+01
1.181106853485107422e+01
1.227363014221191406e+01
1.119767856597900391e+01
6.780314445495605469e+00
1.564952087402343750e+01
1.271485328674316406e+01
1.087444114685058594e+01
1.273578834533691406e+01
1.181215286254882812e+01
1.310406017303466797e+01
8.829575538635253906e+00
1.314257431030273438e+01
9.171106338500976562e+00
1.031418800354003906e+01
1.491099548339843750e+01
8.147172927856445312e+00
9.697042465209960938e+00
1.503347015380859375e+01
8.026773452758789062e+00
1.446102714538574219e+01
9.419892311096191406e+00
9.375399589538574219e+00
1.377890586853027344e+01
1.083541679382324219e+01
8.884494781494140625e+00
1.070731258392333984e+01
1.452324008941650391e+01
1.264834308624267578e+01
9.382940292358398438e+00
1.013780784606933594e+01
8.792700767517089844e+00
1.597658824920654297e+01
7.734171867370605469e+00
9.501231193542480469e+00
8.516668319702148438e+00
1.357441997528076172e+01
1.282453632354736328e+01
7.949631690979003906e+00
1.194693756103515625e+01
1.256273460388183594e+01
8.829113006591796875e+00
8.518667221069335938e+00
9.529868125915527344e+00
1.086383628845214844e+01
1.123096752166748047e+01
6.372954368591308594e+00
1.311360168457031250e+01
1.158050918579101562e+01
1.045990371704101562e+01
1.197142410278320312e+01
8.719947814941406250e+00
1.177844810485839844e+01
1.089345550537109375e+01
7.670300483703613281e+00
8.700464248657226562e+00
8.884601593017578125e+00
1.363707637786865234e+01
1.316564178466796875e+01
1.023248004913330078e+01
7.225043773651123047e+00
1.292574596405029297e+01
8.522058486938476562e+00
8.948009490966796875e+00
1.120466327667236328e+01
9.679941177368164062e+00
8.414936065673828125e+00
1.157283496856689453e+01
9.405084609985351562e+00
8.803428649902343750e+00
9.862851142883300781e+00
1.032505416870117188e+01
8.826353073120117188e+00
1.007709121704101562e+01
1.123482990264892578e+01
8.009160995483398438e+00
8.084199905395507812e+00
9.668836593627929688e+00
1.082287693023681641e+01
7.565412521362304688e+00
9.857904434204101562e+00
9.631989479064941406e+00
6.459641456604003906e+00
1.213874721527099609e+01
9.477138519287109375e+00
9.264743804931640625e+00
1.028860759735107422e+01
7.393367290496826172e+00
8.529422760009765625e+00
9.891243934631347656e+00
1.027066802978515625e+01
8.756571769714355469e+00
1.000859928131103516e+01
8.955101966857910156e+00
1.039326763153076172e+01
1.058562946319580078e+01
6.946677207946777344e+00
1.037943077087402344e+01
7.227227210998535156e+00
9.979146957397460938e+00
8.421272277832031250e+00
9.162130355834960938e+00
9.649580955505371094e+00
6.407494068145751953e+00
8.351869583129882812e+00
1.042417621612548828e+01
7.294363498687744141e+00
7.950761318206787109e+00
1.099304676055908203e+01
9.705643653869628906e+00
7.303263187408447266e+00
9.067617416381835938e+00
6.728061676025390625e+00
7.877326965332031250e+00
8.488049507141113281e+00
9.666419029235839844e+00
8.535359382629394531e+00
8.114578247070312500e+00
7.031990051269531250e+00
6.432321548461914062e+00
1.218656826019287109e+01
6.646352291107177734e+00
7.862816810607910156e+00
9.544590950012207031e+00
9.644570350646972656e+00
9.552345275878906250e+00
6.374954223632812500e+00
8.099411964416503906e+00
7.383971214294433594e+00
9.359089851379394531e+00
8.419814109802246094e+00
9.114858627319335938e+00
8.113828659057617188e+00
9.474434852600097656e+00
7.269248485565185547e+00
7.185364723205566406e+00
1.025509738922119141e+01
5.600862979888916016e+00
8.894193649291992188e+00
7.992323398590087891e+00
6.512991905212402344e+00
9.324405670166015625e+00
1.046917152404785156e+01
6.374160766601562500e+00
7.888032913208007812e+00
7.674380302429199219e+00
7.983601093292236328e+00
6.942296981811523438e+00
1.036349296569824219e+01
7.783549308776855469e+00
8.078078269958496094e+00
9.497529983520507812e+00
5.672755241394042969e+00
9.652084350585937500e+00
9.666426658630371094e+00
6.906696319580078125e+00
9.420136451721191406e+00
7.651628494262695312e+00
8.587804794311523438e+00
8.290467262268066406e+00
6.012760639190673828e+00
6.752590179443359375e+00
1.000435447692871094e+01
7.042013645172119141e+00
8.640363693237304688e+00
8.054327964782714844e+00
7.072851181030273438e+00
1.000726604461669922e+01
6.438044071197509766e+00
7.997593402862548828e+00
6.525924682617187500e+00
8.012292861938476562e+00
6.009578227996826172e+00
9.633945465087890625e+00
7.669123649597167969e+00
7.835842132568359375e+00
7.461127758026123047e+00
7.516056060791015625e+00
7.560356140136718750e+00
7.405848503112792969e+00
7.184739112854003906e+00
7.962253570556640625e+00
6.447104454040527344e+00
7.780969619750976562e+00
6.415846347808837891e+00
6.812569618225097656e+00
8.719962120056152344e+00
6.885204315185546875e+00
8.648887634277343750e+00
7.406705856323242188e+00
6.441602706909179688e+00
6.667784214019775391e+00
9.897489547729492188e+00
7.535217285156250000e+00
5.249158859252929688e+00
8.878044128417968750e+00
6.188528060913085938e+00
6.091526508331298828e+00
8.195960044860839844e+00
8.393491744995117188e+00
8.257194519042968750e+00
4.615841388702392578e+00
8.206832885742187500e+00
6.832757472991943359e+00
5.789825439453125000e+00
8.969970703125000000e+00
7.406679153442382812e+00
4.966783046722412109e+00
6.343654632568359375e+00
6.735736846923828125e+00
5.394181251525878906e+00
8.723648071289062500e+00
5.527729034423828125e+00
6.680048465728759766e+00
5.730799674987792969e+00
8.257224082946777344e+00
6.019013404846191406e+00
7.193010330200195312e+00
6.226124286651611328e+00
7.402752876281738281e+00
6.859000205993652344e+00
6.914879798889160156e+00
6.416668415069580078e+00
6.544274806976318359e+00
6.753693103790283203e+00
7.110488891601562500e+00
8.667814254760742188e+00
5.740754127502441406e+00
4.590730667114257812e+00
6.792191028594970703e+00
8.193975448608398438e+00
5.478080272674560547e+00
7.609160423278808594e+00
5.096601486206054688e+00
6.197587966918945312e+00
7.553990840911865234e+00
6.092659950256347656e+00
7.243997097015380859e+00
6.604241847991943359e+00
5.971017837524414062e+00
7.150843620300292969e+00
5.945507049560546875e+00
5.979767322540283203e+00
8.455719947814941406e+00
5.678812026977539062e+00
7.810726642608642578e+00
6.145118713378906250e+00
6.837845802307128906e+00
5.480279445648193359e+00
6.082053184509277344e+00
6.891936302185058594e+00
5.731071472167968750e+00
7.220681190490722656e+00
4.318349361419677734e+00
8.607469558715820312e+00
4.624046802520751953e+00
6.858450889587402344e+00
6.606576919555664062e+00
5.373269081115722656e+00
6.912751197814941406e+00
6.471464633941650391e+00
5.300176143646240234e+00
6.800937652587890625e+00
6.139761447906494141e+00
6.022727966308593750e+00
4.360634803771972656e+00
7.461893558502197266e+00
5.610992431640625000e+00
4.877665042877197266e+00
5.350946903228759766e+00
8.791281700134277344e+00
7.298110485076904297e+00
5.249156951904296875e+00
5.779802322387695312e+00
7.304221153259277344e+00
6.565497875213623047e+00
4.813417434692382812e+00
6.219946861267089844e+00
6.226156234741210938e+00
5.156129837036132812e+00
6.136737346649169922e+00
6.788687705993652344e+00
5.703212261199951172e+00
4.263025283813476562e+00
5.832527160644531250e+00
7.939326286315917969e+00
5.892248153686523438e+00
5.108042716979980469e+00
6.677257537841796875e+00
5.423799991607666016e+00
5.053581237792968750e+00
7.454285144805908203e+00
6.348570823669433594e+00
4.781573295593261719e+00
5.095579147338867188e+00
4.701754093170166016e+00
6.986662864685058594e+00
4.956809520721435547e+00
5.712474822998046875e+00
5.891111373901367188e+00
7.876172542572021484e+00
6.825446605682373047e+00
5.832660675048828125e+00
6.809224605560302734e+00
5.101371765136718750e+00
6.739960670471191406e+00
6.275889873504638672e+00
5.916696071624755859e+00
6.230474948883056641e+00
7.122272491455078125e+00
6.321890830993652344e+00
5.285646438598632812e+00
4.929171085357666016e+00
6.604001045227050781e+00
5.271054267883300781e+00
7.494976997375488281e+00
4.583741188049316406e+00
7.872314453125000000e+00
5.713957786560058594e+00
5.347239971160888672e+00
5.445572376251220703e+00
7.058707714080810547e+00
4.638937950134277344e+00
5.477040290832519531e+00
4.888602256774902344e+00
5.589937210083007812e+00
5.033274650573730469e+00
6.031494140625000000e+00
6.299330711364746094e+00
5.445130348205566406e+00
7.036148071289062500e+00
6.128566741943359375e+00
5.682597160339355469e+00
6.362533569335937500e+00
5.462563991546630859e+00
7.551375389099121094e+00
4.927337169647216797e+00
4.674947738647460938e+00
5.696120262145996094e+00
6.558648586273193359e+00
4.764090538024902344e+00
7.275578022003173828e+00
4.563165187835693359e+00
4.795802593231201172e+00
6.215626716613769531e+00
5.021401882171630859e+00
5.139195442199707031e+00
6.272903442382812500e+00
6.026084899902343750e+00
5.893447875976562500e+00
5.346128463745117188e+00
5.242109298706054688e+00
5.430562019348144531e+00
5.477572441101074219e+00
5.359048366546630859e+00
5.123731613159179688e+00
6.402365684509277344e+00
5.181513786315917969e+00
3.930468797683715820e+00
6.089604377746582031e+00
4.718575477600097656e+00
6.227844238281250000e+00
4.830909729003906250e+00
5.073636054992675781e+00
6.258579730987548828e+00
5.059084415435791016e+00
4.356626033782958984e+00
5.838326454162597656e+00
4.048085689544677734e+00
5.965722560882568359e+00
4.744757652282714844e+00
7.189046382904052734e+00
3.928226470947265625e+00
4.593853950500488281e+00
3.906845092773437500e+00
6.574565410614013672e+00
6.451279640197753906e+00
4.553182601928710938e+00
6.151957511901855469e+00
4.255002498626708984e+00
5.255112648010253906e+00
6.762510776519775391e+00
6.072279930114746094e+00
4.886108398437500000e+00
4.778639316558837891e+00
