5.558690795898437500e+02
6.420479125976562500e+02
6.060980224609375000e+02
5.845412597656250000e+02
6.211835327148437500e+02
5.656968994140625000e+02
5.134769287109375000e+02
6.615190429687500000e+02
5.657300415039062500e+02
5.991148071289062500e+02
5.030250244140625000e+02
5.943576660156250000e+02
5.968194580078125000e+02
5.704173583984375000e+02
4.516849060058593750e+02
4.612674865722656250e+02
4.753447875976562500e+02
5.146998291015625000e+02
3.904458312988281250e+02
3.644898376464843750e+02
3.969994506835937500e+02
3.146240539550781250e+02
2.388451538085937500e+02
1.561917114257812500e+02
1.367242126464843750e+02
1.024714965820312500e+02
1.429383697509765625e+02
1.220971298217773438e+02
1.407723693847656250e+02
2.092615356445312500e+02
1.314525909423828125e+02
1.502466583251953125e+02
1.174052963256835938e+02
8.728498077392578125e+01
7.805516052246093750e+01
8.604191589355468750e+01
9.263062286376953125e+01
6.468390655517578125e+01
7.990646362304687500e+01
6.321233749389648438e+01
1.002500762939453125e+02
9.275637817382812500e+01
8.147772979736328125e+01
7.451869201660156250e+01
7.491880035400390625e+01
6.876241302490234375e+01
4.842177200317382812e+01
6.583978271484375000e+01
4.958841705322265625e+01
4.956094741821289062e+01
7.398384094238281250e+01
5.115442276000976562e+01
4.614589691162109375e+01
6.217556762695312500e+01
4.845193481445312500e+01
3.944206237792968750e+01
6.322100067138671875e+01
4.517816162109375000e+01
3.991071319580078125e+01
5.259988021850585938e+01
4.750238800048828125e+01
4.172994613647460938e+01
4.156591033935546875e+01
5.163291168212890625e+01
4.004058074951171875e+01
3.711653137207031250e+01
4.204390716552734375e+01
4.303171157836914062e+01
2.942603111267089844e+01
3.396062469482421875e+01
5.070430755615234375e+01
3.183005142211914062e+01
3.797199249267578125e+01
3.918013000488281250e+01
3.355630111694335938e+01
3.597599029541015625e+01
3.186026763916015625e+01
3.723730468750000000e+01
2.618514633178710938e+01
3.850939178466796875e+01
3.722837829589843750e+01
2.772098541259765625e+01
3.543485260009765625e+01
3.392820739746093750e+01
2.114373207092285156e+01
2.346162033081054688e+01
3.773876190185546875e+01
3.046072006225585938e+01
3.055673217773437500e+01
2.949476432800292969e+01
3.263343048095703125e+01
2.910338592529296875e+01
2.422251892089843750e+01
2.407787704467773438e+01
3.348617172241210938e+01
2.994652748107910156e+01
2.412453842163085938e+01
1.763391876220703125e+01
2.983195304870605469e+01
2.928885078430175781e+01
2.481692695617675781e+01
2.513565254211425781e+01
2.612948417663574219e+01
2.027703666687011719e+01
3.236838531494140625e+01
2.243937492370605469e+01
3.199125671386718750e+01
2.282758522033691406e+01
2.265823745727539062e+01
2.702058410644531250e+01
2.518895912170410156e+01
3.165899658203125000e+01
1.956306838989257812e+01
1.995972061157226562e+01
2.392993164062500000e+01
2.284140968322753906e+01
2.430906677246093750e+01
1.926305007934570312e+01
3.175083732604980469e+01
1.851654052734375000e+01
3.381967163085937500e+01
1.454203128814697266e+01
1.927344512939453125e+01
1.828172683715820312e+01
2.922746849060058594e+01
1.978831481933593750e+01
2.291036224365234375e+01
2.487990760803222656e+01
1.752752304077148438e+01
2.224829864501953125e+01
1.900623512268066406e+01
2.284542083740234375e+01
1.776521492004394531e+01
2.221503257751464844e+01
2.113637542724609375e+01
1.316934585571289062e+01
2.409155082702636719e+01
2.192395973205566406e+01
1.868688774108886719e+01
2.371303749084472656e+01
1.892064666748046875e+01
1.402907180786132812e+01
2.539650917053222656e+01
1.735514450073242188e+01
2.126882934570312500e+01
1.697589111328125000e+01
2.102844619750976562e+01
1.585524177551269531e+01
1.566979980468750000e+01
2.566829681396484375e+01
2.145474433898925781e+01
1.504396247863769531e+01
1.970979309082031250e+01
1.699361419677734375e+01
1.943344688415527344e+01
1.881422424316406250e+01
1.453896331787109375e+01
2.130707359313964844e+01
1.864158248901367188e+01
1.822740364074707031e+01
1.707692527770996094e+01
1.595936965942382812e+01
1.373509120941162109e+01
2.192520141601562500e+01
1.499696159362792969e+01
2.250857353210449219e+01
1.434711742401123047e+01
1.501369857788085938e+01
1.320659923553466797e+01
1.484168243408203125e+01
2.348272895812988281e+01
1.986153221130371094e+01
1.285801696777343750e+01
1.464494037628173828e+01
1.950390815734863281e+01
1.724678421020507812e+01
1.328569221496582031e+01
1.194078826904296875e+01
2.232587051391601562e+01
1.258009719848632812e+01
1.164139080047607422e+01
1.471946334838867188e+01
1.998930549621582031e+01
1.321905994415283203e+01
1.889938354492187500e+01
1.476984119415283203e+01
1.279728698730468750e+01
1.780470275878906250e+01
1.406472587585449219e+01
1.553900146484375000e+01
1.174833774566650391e+01
1.863268280029296875e+01
2.083531188964843750e+01
1.215974235534667969e+01
1.292403602600097656e+01
1.233012485504150391e+01
1.305378437042236328e+01
1.830553245544433594e+01
1.208383750915527344e+01
1.258929443359375000e+01
1.799273872375488281e+01
1.316620826721191406e+01
1.793029785156250000e+01
1.207259368896484375e+01
1.655811882019042969e+01
1.076782512664794922e+01
1.514857101440429688e+01
1.518274688720703125e+01
1.429349803924560547e+01
1.418688678741455078e+01
1.210363960266113281e+01
1.801024246215820312e+01
1.217674064636230469e+01
1.159755039215087891e+01
1.468138122558593750e+01
1.135820388793945312e+01
1.004118633270263672e+01
1.134702587127685547e+01
1.752071762084960938e+01
1.942823219299316406e+01
1.185688781738281250e+01
1.070794391632080078e+01
9.716414451599121094e+00
1.187036991119384766e+01
1.396816539764404297e+01
1.187249374389648438e+01
1.630615234375000000e+01
1.100694561004638672e+01
1.062317657470703125e+01
1.318391036987304688e+01
1.538594245910644531e+01
1.283260345458984375e+01
1.387642860412597656e+01
1.107416915893554688e+01
1.017565631866455078e+01
1.071130752563476562e+01
1.767520713806152344e+01
1.224789237976074219e+01
1.165678787231445312e+01
7.627701759338378906e+00
1.045329856872558594e+01
1.519953060150146484e+01
1.154118824005126953e+01
1.610489273071289062e+01
1.083943176269531250e+01
9.827533721923828125e+00
1.019850349426269531e+01
1.143879890441894531e+01
1.177803993225097656e+01
1.088570690155029297e+01
1.631775283813476562e+01
1.164085388183593750e+01
1.663221359252929688e+01
1.089841079711914062e+01
9.065838813781738281e+00
1.499248695373535156e+01
1.209487533569335938e+01
1.112134838104248047e+01
1.348116016387939453e+01
1.084101963043212891e+01
1.105259895324707031e+01
1.379184436798095703e+01
1.158481979370117188e+01
1.181266593933105469e+01
1.418187236785888672e+01
1.157515907287597656e+01
1.025956535339355469e+01
1.227482986450195312e+01
1.528308200836181641e+01
7.364917278289794922e+00
1.329738616943359375e+01
8.163938522338867188e+00
1.410329532623291016e+01
1.375078296661376953e+01
9.302844047546386719e+00
1.251234436035156250e+01
1.446205329895019531e+01
1.297622871398925781e+01
1.032820129394531250e+01
9.043958663940429688e+00
1.453974151611328125e+01
1.147053718566894531e+01
1.380449867248535156e+01
1.168093776702880859e+01
9.824769973754882812e+00
8.248160362243652344e+00
8.851541519165039062e+00
1.451280021667480469e+01
7.326632976531982422e+00
7.455960273742675781e+00
1.729905700683593750e+01
9.160244941711425781e+00
8.959954261779785156e+00
1.153839015960693359e+01
9.709002494812011719e+00
1.262172603607177734e+01
1.018729400634765625e+01
9.896806716918945312e+00
9.293116569519042969e+00
1.338278770446777344e+01
9.119497299194335938e+00
8.194199562072753906e+00
1.442517280578613281e+01
8.031775474548339844e+00
9.916625022888183594e+00
1.375740432739257812e+01
9.679349899291992188e+00
7.474812984466552734e+00
1.433888244628906250e+01
9.030603408813476562e+00
1.241482543945312500e+01
9.788051605224609375e+00
7.574811458587646484e+00
1.213036632537841797e+01
1.061613750457763672e+01
7.807421684265136719e+00
1.328723144531250000e+01
9.962709426879882812e+00
9.303971290588378906e+00
1.249947547912597656e+01
1.021199989318847656e+01
6.849260330200195312e+00
1.549764537811279297e+01
8.202743530273437500e+00
1.292620849609375000e+01
7.461949348449707031e+00
7.199847221374511719e+00
1.211929321289062500e+01
8.501729965209960938e+00
9.266232490539550781e+00
1.103440761566162109e+01
7.973111629486083984e+00
1.179281806945800781e+01
1.311386775970458984e+01
8.890921592712402344e+00
7.115531921386718750e+00
7.564026355743408203e+00
8.298160552978515625e+00
1.208951568603515625e+01
1.292632007598876953e+01
1.071796512603759766e+01
7.320806026458740234e+00
9.140720367431640625e+00
7.607694625854492188e+00
9.167883872985839844e+00
8.793543815612792969e+00
1.194129848480224609e+01
8.480659484863281250e+00
1.105940818786621094e+01
9.724945068359375000e+00
7.744295120239257812e+00
1.295988655090332031e+01
6.679471492767333984e+00
8.332045555114746094e+00
1.075281620025634766e+01
1.108771705627441406e+01
8.063922882080078125e+00
9.475773811340332031e+00
7.629875183105468750e+00
8.464506149291992188e+00
9.226787567138671875e+00
9.597437858581542969e+00
9.338499069213867188e+00
1.088594055175781250e+01
6.286576271057128906e+00
1.023062705993652344e+01
1.237408828735351562e+01
7.947938442230224609e+00
7.548073291778564453e+00
8.016520500183105469e+00
8.100282669067382812e+00
1.135386848449707031e+01
7.691883087158203125e+00
1.202331542968750000e+01
7.279883384704589844e+00
6.667540073394775391e+00
8.527215957641601562e+00
1.237196540832519531e+01
8.279077529907226562e+00
7.523451805114746094e+00
7.193145751953125000e+00
8.234872817993164062e+00
9.400528907775878906e+00
1.010417938232421875e+01
1.189038658142089844e+01
6.510717391967773438e+00
8.239356994628906250e+00
7.429557800292968750e+00
1.031214427947998047e+01
8.155680656433105469e+00
9.845417022705078125e+00
8.268344879150390625e+00
8.228099822998046875e+00
8.579376220703125000e+00
7.026386260986328125e+00
1.039433956146240234e+01
7.238772392272949219e+00
7.588380336761474609e+00
9.878253936767578125e+00
7.642391204833984375e+00
6.460687160491943359e+00
1.162671470642089844e+01
7.256025314331054688e+00
6.921476840972900391e+00
9.472665786743164062e+00
7.020693302154541016e+00
8.544633865356445312e+00
7.131831169128417969e+00
7.448586463928222656e+00
8.184990882873535156e+00
9.454879760742187500e+00
8.806571960449218750e+00
8.378636360168457031e+00
9.393983840942382812e+00
6.132034301757812500e+00
7.294554710388183594e+00
8.849364280700683594e+00
1.035848236083984375e+01
6.398543834686279297e+00
7.636031150817871094e+00
9.198378562927246094e+00
7.569848060607910156e+00
8.469301223754882812e+00
5.781374931335449219e+00
1.114480018615722656e+01
8.255312919616699219e+00
7.293191909790039062e+00
8.841058731079101562e+00
8.291367530822753906e+00
8.878865242004394531e+00
8.214996337890625000e+00
7.398929595947265625e+00
6.313740730285644531e+00
7.907389640808105469e+00
1.016862106323242188e+01
7.113994598388671875e+00
7.145965099334716797e+00
9.774314880371093750e+00
8.863088607788085938e+00
5.087155342102050781e+00
8.319090843200683594e+00
1.010758209228515625e+01
6.808980941772460938e+00
5.696381092071533203e+00
8.889047622680664062e+00
6.761850357055664062e+00
8.309760093688964844e+00
7.664402008056640625e+00
9.193695068359375000e+00
6.262154579162597656e+00
6.421800613403320312e+00
6.888489723205566406e+00
1.042683219909667969e+01
7.111513137817382812e+00
8.421054840087890625e+00
6.528345108032226562e+00
9.318863868713378906e+00
6.046627044677734375e+00
6.309277534484863281e+00
7.789669513702392578e+00
5.842605590820312500e+00
9.201132774353027344e+00
5.283954620361328125e+00
7.037511825561523438e+00
1.004095172882080078e+01
1.004571914672851562e+01
5.147327899932861328e+00
7.868010520935058594e+00
7.231848239898681641e+00
7.476392269134521484e+00
7.992969989776611328e+00
6.681817531585693359e+00
8.864933967590332031e+00
6.604995727539062500e+00
6.092958450317382812e+00
7.296629905700683594e+00
9.830869674682617188e+00
6.278300285339355469e+00
7.532587528228759766e+00
9.501993179321289062e+00
5.536489963531494141e+00
9.392894744873046875e+00
7.275426387786865234e+00
6.562984943389892578e+00
7.744797229766845703e+00
5.592977523803710938e+00
8.578630447387695312e+00
5.878637313842773438e+00
6.006396293640136719e+00
6.046728610992431641e+00
7.461989879608154297e+00
6.656707763671875000e+00
6.990398406982421875e+00
9.777475357055664062e+00
5.916534423828125000e+00
6.373368740081787109e+00
6.657146453857421875e+00
7.194129943847656250e+00
6.136771202087402344e+00
8.837514877319335938e+00
8.629932403564453125e+00
6.474357604980468750e+00
6.516934394836425781e+00
1.042864799499511719e+01
5.808773994445800781e+00
6.853997230529785156e+00
9.843252182006835938e+00
7.734016895294189453e+00
7.204426765441894531e+00
6.291223526000976562e+00
9.547315597534179688e+00
6.227302074432373047e+00
6.001502037048339844e+00
7.438372135162353516e+00
6.702647209167480469e+00
6.316050529479980469e+00
6.410892963409423828e+00
7.204777240753173828e+00
6.915281295776367188e+00
7.210285186767578125e+00
7.505268096923828125e+00
5.748035430908203125e+00
6.628562927246093750e+00
6.445938110351562500e+00
7.650493621826171875e+00
4.975580692291259766e+00
8.765907287597656250e+00
6.282114982604980469e+00
7.994762420654296875e+00
6.641762733459472656e+00
5.054688453674316406e+00
6.530117988586425781e+00
5.137957096099853516e+00
8.297553062438964844e+00
6.958344459533691406e+00
5.718681812286376953e+00
7.864637374877929688e+00
4.900540351867675781e+00
9.845583915710449219e+00
4.599827289581298828e+00
3.944413661956787109e+00
6.562681198120117188e+00
8.646574020385742188e+00
4.699136257171630859e+00
5.826270580291748047e+00
1.050970649719238281e+01
6.281624794006347656e+00
7.380372524261474609e+00
6.139905929565429688e+00
5.208775520324707031e+00
7.087497234344482422e+00
7.760673046112060547e+00
7.228535652160644531e+00
6.027103900909423828e+00
5.168758869171142578e+00
5.527930259704589844e+00
6.037621974945068359e+00
6.924422264099121094e+00
5.951851844787597656e+00
6.751612663269042969e+00
6.888707160949707031e+00
5.191606521606445312e+00
6.147457122802734375e+00
8.715362548828125000e+00
7.050996780395507812e+00
4.954054355621337891e+00
6.891118049621582031e+00
5.437351703643798828e+00
6.867247581481933594e+00
8.294157028198242188e+00
5.421460628509521484e+00
7.698540210723876953e+00
5.017209529876708984e+00
5.238894939422607422e+00
5.862841606140136719e+00
5.977806568145751953e+00
5.862782478332519531e+00
5.342734336853027344e+00
7.611593723297119141e+00
6.440685272216796875e+00
6.651997089385986328e+00
5.337296962738037109e+00
7.023225307464599609e+00
5.213674068450927734e+00
4.983460903167724609e+00
5.711006164550781250e+00
5.502553939819335938e+00
6.080450534820556641e+00
4.594639301300048828e+00
5.173395156860351562e+00
7.875052928924560547e+00
7.381773948669433594e+00
5.315525054931640625e+00
5.341618537902832031e+00
5.280429840087890625e+00
8.306745529174804688e+00
3.992863893508911133e+00
6.959423065185546875e+00
5.237279415130615234e+00
5.780875205993652344e+00
4.855378627777099609e+00
6.154938220977783203e+00
8.520896911621093750e+00
6.225111484527587891e+00
7.528070449829101562e+00
4.617947578430175781e+00
6.081562519073486328e+00
5.368796825408935547e+00
5.877524852752685547e+00
4.656567096710205078e+00
6.439933776855468750e+00
6.621231079101562500e+00
5.446835517883300781e+00
4.413430213928222656e+00
6.861800670623779297e+00
5.547238349914550781e+00
7.013469696044921875e+00
5.072486400604248047e+00
7.042848587036132812e+00
4.973719596862792969e+00
5.823814392089843750e+00
6.357323646545410156e+00
6.084090232849121094e+00
5.150027275085449219e+00
5.732970237731933594e+00
4.815843105316162109e+00
6.843390941619873047e+00
6.009624004364013672e+00
5.934906959533691406e+00
5.051747798919677734e+00
5.682936191558837891e+00
4.319912910461425781e+00
7.196042060852050781e+00
4.992055892944335938e+00
5.683509349822998047e+00
5.251294136047363281e+00
5.493205070495605469e+00
5.151827812194824219e+00
5.687344551086425781e+00
4.620972156524658203e+00
5.549983978271484375e+00
5.798913002014160156e+00
4.958479404449462891e+00
5.109818458557128906e+00
6.146537780761718750e+00
5.571300506591796875e+00
4.797287940979003906e+00
6.205283164978027344e+00
4.312303543090820312e+00
4.079834938049316406e+00
6.794992446899414062e+00
5.154069900512695312e+00
5.556710243225097656e+00
5.266718864440917969e+00
5.349824905395507812e+00
4.217098712921142578e+00
5.895137786865234375e+00
5.338591575622558594e+00
4.324685096740722656e+00
6.401920318603515625e+00
5.153176307678222656e+00
5.566157341003417969e+00
5.427941322326660156e+00
5.713737487792968750e+00
5.114454269409179688e+00
5.483928680419921875e+00
5.129647254943847656e+00
5.414942741394042969e+00
6.084468364715576172e+00
4.186888694763183594e+00
6.542197227478027344e+00
4.897477626800537109e+00
6.480411529541015625e+00
6.145320415496826172e+00
4.745139122009277344e+00
6.242970466613769531e+00
4.786049842834472656e+00
4.980745315551757812e+00
5.728144645690917969e+00
5.651648998260498047e+00
4.814437389373779297e+00
4.362589359283447266e+00
5.519854545593261719e+00
4.328000545501708984e+00
4.388896465301513672e+00
5.843075275421142578e+00
4.569300651550292969e+00
5.347810745239257812e+00
5.090182304382324219e+00
5.296479225158691406e+00
3.568806648254394531e+00
4.289893150329589844e+00
5.588852405548095703e+00
4.422276973724365234e+00
4.378789901733398438e+00
6.090197563171386719e+00
4.697143554687500000e+00
4.179612159729003906e+00
5.457356452941894531e+00
4.716855049133300781e+00
5.342584609985351562e+00
4.013943195343017578e+00
3.906491041183471680e+00
4.987509727478027344e+00
5.421103477478027344e+00
5.211764335632324219e+00
5.615413665771484375e+00
4.089532852172851562e+00
4.862494468688964844e+00
5.552781105041503906e+00
4.416370868682861328e+00
4.519590377807617188e+00
4.657632827758789062e+00
6.269600868225097656e+00
6.757251739501953125e+00
4.007999420166015625e+00
3.907407283782958984e+00
5.615873336791992188e+00
3.866350173950195312e+00
5.036272048950195312e+00
4.551521301269531250e+00
6.026156902313232422e+00
4.790998458862304688e+00
5.118796348571777344e+00
4.619207382202148438e+00
4.618495941162109375e+00
4.857604980468750000e+00
4.278746128082275391e+00
5.043410301208496094e+00
4.650876998901367188e+00
4.672323703765869141e+00
5.675623893737792969e+00
5.739884376525878906e+00
4.850568771362304688e+00
4.566303253173828125e+00
4.367551326751708984e+00
4.757992267608642578e+00
5.168381690979003906e+00
5.384843349456787109e+00
5.864962100982666016e+00
3.118403434753417969e+00
5.024056911468505859e+00
5.378864288330078125e+00
4.382001399993896484e+00
4.792737960815429688e+00
4.613811492919921875e+00
4.635509490966796875e+00
4.502110004425048828e+00
5.286217689514160156e+00
5.096380233764648438e+00
4.179317474365234375e+00
6.067748069763183594e+00
4.482929706573486328e+00
5.477012634277343750e+00
4.749695301055908203e+00
3.250442504882812500e+00
4.091131210327148438e+00
4.509315490722656250e+00
5.009039878845214844e+00
4.215091705322265625e+00
4.964313030242919922e+00
4.130453109741210938e+00
5.434235572814941406e+00
4.103871822357177734e+00
4.496320247650146484e+00
5.575672626495361328e+00
3.076392650604248047e+00
4.114813804626464844e+00
4.388612747192382812e+00
3.972139358520507812e+00
4.304765701293945312e+00
5.887940406799316406e+00
3.386918306350708008e+00
4.348446846008300781e+00
4.683421134948730469e+00
4.187566757202148438e+00
4.139319419860839844e+00
4.588865756988525391e+00
3.393787860870361328e+00
4.775162696838378906e+00
3.832182168960571289e+00
5.162529945373535156e+00
3.753388404846191406e+00
3.187531471252441406e+00
4.009422302246093750e+00
5.299949645996093750e+00
3.526270866394042969e+00
5.232074260711669922e+00
3.406901359558105469e+00
3.780080318450927734e+00
4.861103534698486328e+00
4.185740947723388672e+00
4.145413875579833984e+00
3.999583721160888672e+00
3.910371780395507812e+00
4.502481937408447266e+00
3.330214500427246094e+00
4.890056610107421875e+00
5.130066394805908203e+00
4.087254047393798828e+00
4.071416854858398438e+00
3.984855175018310547e+00
4.073463916778564453e+00
4.077346801757812500e+00
3.669112682342529297e+00
4.787847518920898438e+00
4.002411842346191406e+00
3.315474748611450195e+00
3.934460639953613281e+00
3.909446239471435547e+00
4.917634487152099609e+00
3.917290687561035156e+00
4.144035816192626953e+00
3.578538417816162109e+00
3.529073238372802734e+00
4.778092384338378906e+00
3.742086410522460938e+00
3.537592411041259766e+00
4.432493209838867188e+00
4.018902778625488281e+00
4.624703407287597656e+00
3.615914106369018555e+00
3.491469621658325195e+00
4.273044586181640625e+00
4.600868225097656250e+00
4.142781734466552734e+00
4.309792518615722656e+00
4.109121322631835938e+00
4.497269630432128906e+00
3.819668292999267578e+00
3.891577243804931641e+00
3.732649564743041992e+00
4.699013710021972656e+00
3.690264940261840820e+00
3.824388504028320312e+00
4.837871074676513672e+00
3.826954603195190430e+00
3.795244693756103516e+00
4.927721977233886719e+00
4.175236225128173828e+00
5.400560379028320312e+00
3.529801607131958008e+00
3.674563884735107422e+00
3.346224069595336914e+00
4.025539398193359375e+00
3.965857028961181641e+00
3.443670988082885742e+00
4.489356994628906250e+00
4.191045761108398438e+00
3.237078905105590820e+00
3.943651437759399414e+00
4.428628921508789062e+00
