6.176893310546875000e+02
5.745791015625000000e+02
6.023969726562500000e+02
6.096911621093750000e+02
5.541572875976562500e+02
6.380435180664062500e+02
5.976224975585937500e+02
6.514294433593750000e+02
5.227323608398437500e+02
5.693192749023437500e+02
5.860991821289062500e+02
5.876704711914062500e+02
5.557257690429687500e+02
6.245462646484375000e+02
5.457352294921875000e+02
6.001229248046875000e+02
5.341967773437500000e+02
5.148619384765625000e+02
5.362590332031250000e+02
5.030598449707031250e+02
4.785432434082031250e+02
4.797199096679687500e+02
3.912407531738281250e+02
4.235880126953125000e+02
3.888315734863281250e+02
3.037541198730468750e+02
2.569389953613281250e+02
2.479576110839843750e+02
2.105671386718750000e+02
1.736631164550781250e+02
2.026743011474609375e+02
1.804274902343750000e+02
1.303455505371093750e+02
1.851784362792968750e+02
1.716191253662109375e+02
1.250583648681640625e+02
1.422531890869140625e+02
9.872221374511718750e+01
1.087833099365234375e+02
7.567251586914062500e+01
1.335502624511718750e+02
9.847418212890625000e+01
1.146695175170898438e+02
1.393482666015625000e+02
8.020959472656250000e+01
1.018853836059570312e+02
1.080401153564453125e+02
1.031420974731445312e+02
8.392494964599609375e+01
8.382122802734375000e+01
8.622802734375000000e+01
8.515419769287109375e+01
8.336225891113281250e+01
7.194723510742187500e+01
5.326349639892578125e+01
7.669841003417968750e+01
7.992208099365234375e+01
5.566065216064453125e+01
7.232763671875000000e+01
7.062145996093750000e+01
5.565586090087890625e+01
5.259376144409179688e+01
7.556822204589843750e+01
6.739871978759765625e+01
6.729248046875000000e+01
4.552609634399414062e+01
4.969885253906250000e+01
7.126847076416015625e+01
4.610010528564453125e+01
5.988474273681640625e+01
4.834599304199218750e+01
5.000170135498046875e+01
3.877457427978515625e+01
4.296020507812500000e+01
6.166861343383789062e+01
3.942640686035156250e+01
4.653183746337890625e+01
5.939176940917968750e+01
5.438084030151367188e+01
4.338023757934570312e+01
3.982838058471679688e+01
3.990160751342773438e+01
4.563607025146484375e+01
5.118431091308593750e+01
4.949482345581054688e+01
3.277645492553710938e+01
3.885992431640625000e+01
4.833758544921875000e+01
4.192050933837890625e+01
3.338537216186523438e+01
3.071529388427734375e+01
5.169047164916992188e+01
4.825781250000000000e+01
5.513953018188476562e+01
3.140338325500488281e+01
3.734065246582031250e+01
3.596058273315429688e+01
4.349830627441406250e+01
4.044974899291992188e+01
4.430142593383789062e+01
3.395831298828125000e+01
3.937546539306640625e+01
3.193304824829101562e+01
4.735527038574218750e+01
3.810903930664062500e+01
3.238610076904296875e+01
3.402824783325195312e+01
4.305705261230468750e+01
2.877369689941406250e+01
3.394532012939453125e+01
4.130353927612304688e+01
4.028676986694335938e+01
2.871935653686523438e+01
4.308559799194335938e+01
3.617194747924804688e+01
2.969266128540039062e+01
4.460707473754882812e+01
4.624684906005859375e+01
3.374801254272460938e+01
2.414131736755371094e+01
2.529705429077148438e+01
2.480941772460937500e+01
4.780663299560546875e+01
3.856826019287109375e+01
3.716688537597656250e+01
2.489079284667968750e+01
4.827175140380859375e+01
2.700872611999511719e+01
2.948307609558105469e+01
3.968380737304687500e+01
3.047544860839843750e+01
3.570125579833984375e+01
2.973703193664550781e+01
3.423285293579101562e+01
3.533258056640625000e+01
1.921805953979492188e+01
3.588334655761718750e+01
3.646050643920898438e+01
2.634881782531738281e+01
3.334228515625000000e+01
4.020506286621093750e+01
2.979704856872558594e+01
2.627507019042968750e+01
3.852132034301757812e+01
2.670399856567382812e+01
3.160961151123046875e+01
2.584983634948730469e+01
3.560199737548828125e+01
2.602823257446289062e+01
3.335046768188476562e+01
3.174318313598632812e+01
3.427338409423828125e+01
2.411257553100585938e+01
4.339456176757812500e+01
2.944569778442382812e+01
2.129954528808593750e+01
2.560013198852539062e+01
3.034144210815429688e+01
3.218021774291992188e+01
2.291427993774414062e+01
2.857755661010742188e+01
3.873912811279296875e+01
2.928813934326171875e+01
3.403382110595703125e+01
2.638785552978515625e+01
3.956609344482421875e+01
2.131665039062500000e+01
2.204367637634277344e+01
3.688300323486328125e+01
2.283032226562500000e+01
2.793062973022460938e+01
2.140723800659179688e+01
2.946327972412109375e+01
3.300656127929687500e+01
2.976364517211914062e+01
2.602069473266601562e+01
2.788184547424316406e+01
2.539515304565429688e+01
2.677841567993164062e+01
3.198168182373046875e+01
2.222634315490722656e+01
2.615260505676269531e+01
3.457572937011718750e+01
2.172457122802734375e+01
3.387046813964843750e+01
2.669007301330566406e+01
2.584289741516113281e+01
3.018722152709960938e+01
2.369715690612792969e+01
2.659908485412597656e+01
2.280223464965820312e+01
2.893616676330566406e+01
3.223216629028320312e+01
2.214146041870117188e+01
2.132071113586425781e+01
1.992058181762695312e+01
2.879356956481933594e+01
2.762456893920898438e+01
2.548998451232910156e+01
2.307698059082031250e+01
2.533924865722656250e+01
3.662212753295898438e+01
2.474161338806152344e+01
1.754221916198730469e+01
1.790253639221191406e+01
2.905966758728027344e+01
2.726885032653808594e+01
2.836200904846191406e+01
1.998819732666015625e+01
2.436874389648437500e+01
3.056007766723632812e+01
2.074898529052734375e+01
2.085951042175292969e+01
3.139709854125976562e+01
2.083705139160156250e+01
2.118312072753906250e+01
1.688212585449218750e+01
2.770800781250000000e+01
2.750765609741210938e+01
2.067842483520507812e+01
2.107347297668457031e+01
2.732087707519531250e+01
2.367056083679199219e+01
2.513534164428710938e+01
1.885522460937500000e+01
1.706186676025390625e+01
2.682200050354003906e+01
2.425707626342773438e+01
2.138086128234863281e+01
1.899570083618164062e+01
2.769359970092773438e+01
2.564316940307617188e+01
1.785733032226562500e+01
2.584832382202148438e+01
2.893971252441406250e+01
2.668631935119628906e+01
1.122377204895019531e+01
2.433912849426269531e+01
2.230109786987304688e+01
1.977631187438964844e+01
1.706080627441406250e+01
2.399102973937988281e+01
2.502083587646484375e+01
2.426422309875488281e+01
1.910069656372070312e+01
2.461863708496093750e+01
1.665631484985351562e+01
2.626391220092773438e+01
2.285602760314941406e+01
2.571180534362792969e+01
1.630309677124023438e+01
2.093178558349609375e+01
2.774227523803710938e+01
1.793561553955078125e+01
1.706914138793945312e+01
2.983297729492187500e+01
1.479017066955566406e+01
2.079489135742187500e+01
1.739099884033203125e+01
2.311792182922363281e+01
2.277200317382812500e+01
1.947344207763671875e+01
1.891232299804687500e+01
2.371265411376953125e+01
2.566333770751953125e+01
1.632002830505371094e+01
1.965728569030761719e+01
2.121626663208007812e+01
1.622740554809570312e+01
2.219857597351074219e+01
2.051382827758789062e+01
1.688319015502929688e+01
2.234974670410156250e+01
2.002730751037597656e+01
1.863690185546875000e+01
2.133265113830566406e+01
2.418825531005859375e+01
1.579125022888183594e+01
1.896688461303710938e+01
1.858614730834960938e+01
2.562849807739257812e+01
1.764689826965332031e+01
2.222895431518554688e+01
1.990380668640136719e+01
1.558873558044433594e+01
1.791170310974121094e+01
1.726355934143066406e+01
2.009725952148437500e+01
1.587740135192871094e+01
2.388260078430175781e+01
1.899301719665527344e+01
1.622119331359863281e+01
2.042735671997070312e+01
1.828000640869140625e+01
2.146764755249023438e+01
1.556634712219238281e+01
1.771333312988281250e+01
1.623630332946777344e+01
1.885932922363281250e+01
1.786178398132324219e+01
2.181137084960937500e+01
1.256811332702636719e+01
1.801794052124023438e+01
1.684672546386718750e+01
1.500169372558593750e+01
2.060443305969238281e+01
2.321121788024902344e+01
1.754391479492187500e+01
1.488671493530273438e+01
1.717259597778320312e+01
1.824184226989746094e+01
1.831736946105957031e+01
2.059255218505859375e+01
1.441591072082519531e+01
1.450008964538574219e+01
1.989009475708007812e+01
2.168966865539550781e+01
1.314380073547363281e+01
1.723833465576171875e+01
1.746855545043945312e+01
1.703888320922851562e+01
1.667361068725585938e+01
1.712051010131835938e+01
1.712569236755371094e+01
1.568582344055175781e+01
2.070783996582031250e+01
1.728899574279785156e+01
1.532523918151855469e+01
1.883960342407226562e+01
1.645401000976562500e+01
1.928559875488281250e+01
1.193867492675781250e+01
1.754170036315917969e+01
1.605735206604003906e+01
1.441995811462402344e+01
1.892495727539062500e+01
1.524133777618408203e+01
1.286228847503662109e+01
1.839986801147460938e+01
1.683084106445312500e+01
1.801203155517578125e+01
1.396434307098388672e+01
1.706519126892089844e+01
1.544624900817871094e+01
1.656596374511718750e+01
1.334614849090576172e+01
1.647188949584960938e+01
1.863013076782226562e+01
1.641798019409179688e+01
1.336003780364990234e+01
1.709262466430664062e+01
1.512861061096191406e+01
1.779952430725097656e+01
1.719672012329101562e+01
1.760515213012695312e+01
1.860561370849609375e+01
1.434330844879150391e+01
1.802971458435058594e+01
1.672891616821289062e+01
1.288809680938720703e+01
1.488815689086914062e+01
1.245950031280517578e+01
2.007744026184082031e+01
1.275798606872558594e+01
1.349707031250000000e+01
2.224091529846191406e+01
1.431277656555175781e+01
1.218259143829345703e+01
1.917689323425292969e+01
1.519404983520507812e+01
1.235133743286132812e+01
1.745693397521972656e+01
1.335056495666503906e+01
1.373989868164062500e+01
1.411577129364013672e+01
1.350357341766357422e+01
1.559047317504882812e+01
1.440865707397460938e+01
1.613974380493164062e+01
1.477099227905273438e+01
1.297234725952148438e+01
1.215691375732421875e+01
1.604539871215820312e+01
1.357204627990722656e+01
1.525474166870117188e+01
1.234092140197753906e+01
1.280817794799804688e+01
1.349388408660888672e+01
1.281205749511718750e+01
1.377673149108886719e+01
1.737561416625976562e+01
1.159825897216796875e+01
1.576466751098632812e+01
1.298622608184814453e+01
1.568060874938964844e+01
1.172602176666259766e+01
1.192493343353271484e+01
1.459070587158203125e+01
1.232913398742675781e+01
1.270833587646484375e+01
1.241923522949218750e+01
1.225526237487792969e+01
1.164872932434082031e+01
1.565750980377197266e+01
1.553765869140625000e+01
1.626462554931640625e+01
1.412377929687500000e+01
1.088958072662353516e+01
1.588415718078613281e+01
1.067421150207519531e+01
1.133343887329101562e+01
1.197852325439453125e+01
1.520800113677978516e+01
1.221155834197998047e+01
1.082089805603027344e+01
1.458615684509277344e+01
1.475391197204589844e+01
1.367346668243408203e+01
1.105776405334472656e+01
1.388783550262451172e+01
1.443492317199707031e+01
7.891618728637695312e+00
1.493235206604003906e+01
1.446489238739013672e+01
1.004788208007812500e+01
1.664443397521972656e+01
1.356875228881835938e+01
1.410620880126953125e+01
1.552882003784179688e+01
1.360336303710937500e+01
1.488925361633300781e+01
1.225057029724121094e+01
1.421683692932128906e+01
1.363632965087890625e+01
1.049395942687988281e+01
1.444849014282226562e+01
1.096097278594970703e+01
1.078923892974853516e+01
1.231292152404785156e+01
1.460928535461425781e+01
1.079142189025878906e+01
1.192588615417480469e+01
1.036532974243164062e+01
1.268074417114257812e+01
1.112915802001953125e+01
1.255050086975097656e+01
9.580808639526367188e+00
1.558026504516601562e+01
1.095725631713867188e+01
1.120925998687744141e+01
1.138667488098144531e+01
1.260261344909667969e+01
1.228942012786865234e+01
1.485985183715820312e+01
9.817077636718750000e+00
1.310715579986572266e+01
9.799484252929687500e+00
1.174863052368164062e+01
1.054826545715332031e+01
1.063573455810546875e+01
1.497315025329589844e+01
9.480694770812988281e+00
1.268277740478515625e+01
1.204044342041015625e+01
1.267601966857910156e+01
1.140496158599853516e+01
1.073981094360351562e+01
1.266270065307617188e+01
1.226545715332031250e+01
1.305314064025878906e+01
1.006583881378173828e+01
1.253941917419433594e+01
1.179823303222656250e+01
1.032199001312255859e+01
1.059069728851318359e+01
1.176967620849609375e+01
1.045469093322753906e+01
1.029664802551269531e+01
1.484409999847412109e+01
1.159582138061523438e+01
9.425773620605468750e+00
1.156481933593750000e+01
1.405137634277343750e+01
1.160048294067382812e+01
1.163123703002929688e+01
1.002703857421875000e+01
1.378595256805419922e+01
1.035446262359619141e+01
1.141713523864746094e+01
1.525540351867675781e+01
1.011226081848144531e+01
9.391080856323242188e+00
1.136413192749023438e+01
9.570493698120117188e+00
1.141234016418457031e+01
1.326085186004638672e+01
9.784920692443847656e+00
1.061082267761230469e+01
1.159382534027099609e+01
8.776384353637695312e+00
9.600417137145996094e+00
8.466806411743164062e+00
9.674747467041015625e+00
1.095493793487548828e+01
1.133104133605957031e+01
1.117161369323730469e+01
9.582178115844726562e+00
1.114565849304199219e+01
7.916933536529541016e+00
1.179864883422851562e+01
9.606840133666992188e+00
1.337112331390380859e+01
9.307802200317382812e+00
1.106349468231201172e+01
8.461578369140625000e+00
9.373662948608398438e+00
1.121742725372314453e+01
1.251847267150878906e+01
7.797804832458496094e+00
9.445533752441406250e+00
1.159206008911132812e+01
7.486641883850097656e+00
1.168342113494873047e+01
1.191749382019042969e+01
8.208571434020996094e+00
9.017971038818359375e+00
9.926125526428222656e+00
1.082607555389404297e+01
1.044434738159179688e+01
1.104991436004638672e+01
1.084008789062500000e+01
9.630147933959960938e+00
1.172036933898925781e+01
1.049330902099609375e+01
1.103711700439453125e+01
1.099888420104980469e+01
8.460564613342285156e+00
8.842880249023437500e+00
1.003389739990234375e+01
9.053407669067382812e+00
8.612195968627929688e+00
1.116261291503906250e+01
1.063549613952636719e+01
9.497200012207031250e+00
1.051370716094970703e+01
9.209650993347167969e+00
8.468198776245117188e+00
9.453046798706054688e+00
9.784676551818847656e+00
9.096861839294433594e+00
1.199053192138671875e+01
1.043990421295166016e+01
1.140213394165039062e+01
7.760350227355957031e+00
8.724521636962890625e+00
1.125480842590332031e+01
8.842781066894531250e+00
7.311014652252197266e+00
1.015604686737060547e+01
8.333482742309570312e+00
7.739249706268310547e+00
1.144951629638671875e+01
6.555576324462890625e+00
1.156705093383789062e+01
9.116622924804687500e+00
8.285907745361328125e+00
9.343269348144531250e+00
8.833727836608886719e+00
1.028894042968750000e+01
1.043783283233642578e+01
1.066385459899902344e+01
9.740007400512695312e+00
9.160486221313476562e+00
7.355564117431640625e+00
9.732700347900390625e+00
8.646964073181152344e+00
9.646490097045898438e+00
8.195616722106933594e+00
1.177823829650878906e+01
9.785103797912597656e+00
1.142216300964355469e+01
8.320884704589843750e+00
1.042834281921386719e+01
1.208457946777343750e+01
8.013324737548828125e+00
1.108699703216552734e+01
1.048346900939941406e+01
7.369166374206542969e+00
8.373610496520996094e+00
7.937927246093750000e+00
9.982361793518066406e+00
9.251673698425292969e+00
8.678225517272949219e+00
9.144296646118164062e+00
8.953660964965820312e+00
1.017519283294677734e+01
8.134500503540039062e+00
7.950532913208007812e+00
8.924495697021484375e+00
7.647659301757812500e+00
6.714049339294433594e+00
1.141426658630371094e+01
1.110104370117187500e+01
9.281484603881835938e+00
7.615455627441406250e+00
1.071928215026855469e+01
1.067518806457519531e+01
8.544445037841796875e+00
8.853263854980468750e+00
1.178126907348632812e+01
7.660461425781250000e+00
8.103305816650390625e+00
7.587587356567382812e+00
1.050717163085937500e+01
1.054182910919189453e+01
8.539728164672851562e+00
1.079942607879638672e+01
9.501352310180664062e+00
7.723389625549316406e+00
8.694451332092285156e+00
8.552135467529296875e+00
8.845633506774902344e+00
1.186031246185302734e+01
9.487062454223632812e+00
8.133672714233398438e+00
1.047539520263671875e+01
9.719501495361328125e+00
8.645002365112304688e+00
6.784443378448486328e+00
9.177477836608886719e+00
8.556140899658203125e+00
1.062205696105957031e+01
9.888244628906250000e+00
8.783476829528808594e+00
9.796984672546386719e+00
7.341106414794921875e+00
8.890654563903808594e+00
1.044272899627685547e+01
9.211189270019531250e+00
7.733177661895751953e+00
8.282178878784179688e+00
9.437111854553222656e+00
9.113292694091796875e+00
1.023860168457031250e+01
8.518074035644531250e+00
1.189038372039794922e+01
9.403722763061523438e+00
8.729614257812500000e+00
9.679147720336914062e+00
6.802641868591308594e+00
9.518187522888183594e+00
8.986921310424804688e+00
8.249549865722656250e+00
8.385882377624511719e+00
8.023890495300292969e+00
7.886738300323486328e+00
1.008330535888671875e+01
8.639635086059570312e+00
7.608774185180664062e+00
8.061203002929687500e+00
8.901700973510742188e+00
8.783738136291503906e+00
7.873491287231445312e+00
7.071302413940429688e+00
8.347946166992187500e+00
9.120779037475585938e+00
7.494310379028320312e+00
9.460208892822265625e+00
6.939164638519287109e+00
8.301928520202636719e+00
7.633073806762695312e+00
9.159466743469238281e+00
8.644096374511718750e+00
8.318956375122070312e+00
8.178038597106933594e+00
6.994535923004150391e+00
9.017715454101562500e+00
9.392730712890625000e+00
8.726154327392578125e+00
8.609470367431640625e+00
7.220327854156494141e+00
8.816032409667968750e+00
7.298901557922363281e+00
8.442197799682617188e+00
8.813081741333007812e+00
6.967716693878173828e+00
9.898742675781250000e+00
8.254039764404296875e+00
8.503935813903808594e+00
7.131929397583007812e+00
4.988178253173828125e+00
6.976572990417480469e+00
8.261855125427246094e+00
7.089700222015380859e+00
7.919175148010253906e+00
9.845447540283203125e+00
8.178462028503417969e+00
7.229375839233398438e+00
7.487711906433105469e+00
8.520662307739257812e+00
6.910281658172607422e+00
7.832779884338378906e+00
5.170465946197509766e+00
6.470669746398925781e+00
1.138006305694580078e+01
7.477434158325195312e+00
8.264910697937011719e+00
8.272665977478027344e+00
6.565699100494384766e+00
7.186962127685546875e+00
8.920750617980957031e+00
7.616743564605712891e+00
7.956443786621093750e+00
7.029219627380371094e+00
6.839738368988037109e+00
9.335166931152343750e+00
8.492623329162597656e+00
5.914310932159423828e+00
7.532130241394042969e+00
9.401820182800292969e+00
1.000015258789062500e+01
7.605901718139648438e+00
6.793880462646484375e+00
7.244203090667724609e+00
7.535111427307128906e+00
7.216393947601318359e+00
1.018541622161865234e+01
8.274095535278320312e+00
6.799036979675292969e+00
8.022490501403808594e+00
8.780969619750976562e+00
9.058649063110351562e+00
7.665839195251464844e+00
7.769034385681152344e+00
8.541055679321289062e+00
8.189315795898437500e+00
9.681411743164062500e+00
6.171463966369628906e+00
7.583877563476562500e+00
7.381958961486816406e+00
7.047123908996582031e+00
7.450416088104248047e+00
6.134164333343505859e+00
9.189243316650390625e+00
8.972640991210937500e+00
6.345153808593750000e+00
7.869739532470703125e+00
