5.776196289062500000e+02
5.644226684570312500e+02
5.578426513671875000e+02
5.366596679687500000e+02
5.651190795898437500e+02
5.920444335937500000e+02
5.597812500000000000e+02
5.845487060546875000e+02
5.053634033203125000e+02
5.069935302734375000e+02
5.372722778320312500e+02
6.181311035156250000e+02
5.217359008789062500e+02
5.725753173828125000e+02
4.766066589355468750e+02
5.023815002441406250e+02
4.739216308593750000e+02
4.334499816894531250e+02
4.479120178222656250e+02
4.048949890136718750e+02
3.330773925781250000e+02
3.481666259765625000e+02
2.600223388671875000e+02
2.367775268554687500e+02
1.823636932373046875e+02
1.133414230346679688e+02
1.317738952636718750e+02
1.249119262695312500e+02
9.569801330566406250e+01
1.624070281982421875e+02
1.538222656250000000e+02
1.501954345703125000e+02
1.130070953369140625e+02
1.035861816406250000e+02
6.838172912597656250e+01
8.731587219238281250e+01
9.991626739501953125e+01
6.066572570800781250e+01
7.078189086914062500e+01
9.918856811523437500e+01
6.193069458007812500e+01
7.221691131591796875e+01
8.951986694335937500e+01
6.372799682617187500e+01
6.222626495361328125e+01
7.368563079833984375e+01
5.302960586547851562e+01
5.244855880737304688e+01
4.197073364257812500e+01
5.588068008422851562e+01
7.338776397705078125e+01
5.490591430664062500e+01
4.984341430664062500e+01
5.650635910034179688e+01
5.057719039916992188e+01
5.030902481079101562e+01
5.220175170898437500e+01
4.770790863037109375e+01
5.254628753662109375e+01
3.885480880737304688e+01
4.728882980346679688e+01
5.071965789794921875e+01
4.629874038696289062e+01
4.333496093750000000e+01
4.515024185180664062e+01
5.008900451660156250e+01
4.899750900268554688e+01
5.726288604736328125e+01
2.887348747253417969e+01
5.359633636474609375e+01
4.684571075439453125e+01
3.576422882080078125e+01
4.567730712890625000e+01
3.146746063232421875e+01
4.880528640747070312e+01
5.077448272705078125e+01
4.291764450073242188e+01
3.329793167114257812e+01
3.154345512390136719e+01
4.034973526000976562e+01
5.015630340576171875e+01
4.272794342041015625e+01
4.740718078613281250e+01
3.004141998291015625e+01
4.145757675170898438e+01
3.129047775268554688e+01
4.044412612915039062e+01
4.617141342163085938e+01
3.184898757934570312e+01
3.480149078369140625e+01
3.156662559509277344e+01
4.017963409423828125e+01
4.471728134155273438e+01
4.739649963378906250e+01
3.352732086181640625e+01
3.075376510620117188e+01
3.397862625122070312e+01
4.858069610595703125e+01
2.330344772338867188e+01
4.792695999145507812e+01
2.818158912658691406e+01
3.354217910766601562e+01
2.864069747924804688e+01
4.311085128784179688e+01
2.377555847167968750e+01
3.757955551147460938e+01
3.507455444335937500e+01
2.799588775634765625e+01
2.529682540893554688e+01
2.931197547912597656e+01
4.610170745849609375e+01
4.295264434814453125e+01
2.804082489013671875e+01
2.804209899902343750e+01
2.916061782836914062e+01
2.593545532226562500e+01
3.798174667358398438e+01
2.980883789062500000e+01
2.567150115966796875e+01
3.113269424438476562e+01
2.761101150512695312e+01
3.277643966674804688e+01
3.250344848632812500e+01
2.771754264831542969e+01
2.568195343017578125e+01
3.700546646118164062e+01
2.637550354003906250e+01
2.460336875915527344e+01
3.880923461914062500e+01
2.969877624511718750e+01
3.558049011230468750e+01
2.493102455139160156e+01
3.860994720458984375e+01
2.366889953613281250e+01
2.684035873413085938e+01
2.681397247314453125e+01
3.018459129333496094e+01
3.011548614501953125e+01
2.369850158691406250e+01
2.376616477966308594e+01
2.831003570556640625e+01
4.189251708984375000e+01
1.999083328247070312e+01
2.580472373962402344e+01
3.653263854980468750e+01
2.354728317260742188e+01
2.552917480468750000e+01
3.319357299804687500e+01
2.742570495605468750e+01
2.495941925048828125e+01
1.872908401489257812e+01
2.908131408691406250e+01
3.514679336547851562e+01
2.237431907653808594e+01
1.840560531616210938e+01
3.681564712524414062e+01
2.268575286865234375e+01
2.635391235351562500e+01
3.093093681335449219e+01
2.592100524902343750e+01
1.909877777099609375e+01
2.548031997680664062e+01
2.207951354980468750e+01
2.663576126098632812e+01
2.839521217346191406e+01
2.285534286499023438e+01
3.393140792846679688e+01
2.220021438598632812e+01
2.497566986083984375e+01
2.460964775085449219e+01
2.349881935119628906e+01
3.346427917480468750e+01
2.147136306762695312e+01
1.945830345153808594e+01
1.747605133056640625e+01
2.227836418151855469e+01
3.479725265502929688e+01
2.512230682373046875e+01
2.446540641784667969e+01
2.269932365417480469e+01
2.025486183166503906e+01
2.242189407348632812e+01
3.126929092407226562e+01
2.087024497985839844e+01
2.904076766967773438e+01
2.316398239135742188e+01
2.894043922424316406e+01
2.008786010742187500e+01
2.359774780273437500e+01
2.750252723693847656e+01
2.344596481323242188e+01
2.127233886718750000e+01
3.101878356933593750e+01
1.318936920166015625e+01
2.773448181152343750e+01
1.602261543273925781e+01
2.787462997436523438e+01
2.565743064880371094e+01
2.152907943725585938e+01
3.123305702209472656e+01
1.633313751220703125e+01
2.681184387207031250e+01
1.604940223693847656e+01
2.492195129394531250e+01
1.700162887573242188e+01
2.907711029052734375e+01
1.957293510437011719e+01
2.076911926269531250e+01
1.997467231750488281e+01
2.431246185302734375e+01
2.618619537353515625e+01
1.669003868103027344e+01
2.017114067077636719e+01
1.957249069213867188e+01
1.580119514465332031e+01
2.818082809448242188e+01
2.240667533874511719e+01
1.986005401611328125e+01
2.361635780334472656e+01
1.918018913269042969e+01
2.098497200012207031e+01
2.218136215209960938e+01
1.975906753540039062e+01
2.132913208007812500e+01
1.993822479248046875e+01
1.543729019165039062e+01
2.014728164672851562e+01
2.532043266296386719e+01
1.452361583709716797e+01
2.115333557128906250e+01
1.821458053588867188e+01
2.040256881713867188e+01
2.415587997436523438e+01
1.859679985046386719e+01
1.626533508300781250e+01
1.942447280883789062e+01
2.187645149230957031e+01
1.511768150329589844e+01
2.127857589721679688e+01
2.149606704711914062e+01
1.949706649780273438e+01
2.135486221313476562e+01
1.784711456298828125e+01
1.829118728637695312e+01
1.637528038024902344e+01
2.190336799621582031e+01
2.426283836364746094e+01
1.238567256927490234e+01
2.042912101745605469e+01
2.188044929504394531e+01
2.037233734130859375e+01
1.500617218017578125e+01
1.684018707275390625e+01
2.235140800476074219e+01
1.747666549682617188e+01
1.973622894287109375e+01
2.175495910644531250e+01
1.864878463745117188e+01
1.631037139892578125e+01
1.696394729614257812e+01
2.067692947387695312e+01
1.924028968811035156e+01
1.736966705322265625e+01
1.939703369140625000e+01
1.968042755126953125e+01
1.572509479522705078e+01
1.870144844055175781e+01
1.732183074951171875e+01
1.310312175750732422e+01
2.277381134033203125e+01
1.844663619995117188e+01
1.678690719604492188e+01
1.543660163879394531e+01
1.942911911010742188e+01
1.568479633331298828e+01
1.762700653076171875e+01
1.638192176818847656e+01
1.854803466796875000e+01
1.745480918884277344e+01
1.369334983825683594e+01
2.261874771118164062e+01
1.722984886169433594e+01
1.854489326477050781e+01
1.429489326477050781e+01
2.019078445434570312e+01
1.561454868316650391e+01
1.870440673828125000e+01
1.796035003662109375e+01
1.571124458312988281e+01
1.365813255310058594e+01
1.851732635498046875e+01
1.710657119750976562e+01
1.895125198364257812e+01
1.184879493713378906e+01
1.379241180419921875e+01
1.893601417541503906e+01
1.775466918945312500e+01
1.681935501098632812e+01
1.632530021667480469e+01
1.729218673706054688e+01
1.826035499572753906e+01
1.826530647277832031e+01
1.488441276550292969e+01
2.073684120178222656e+01
1.613804244995117188e+01
1.205766296386718750e+01
1.187334823608398438e+01
1.753779792785644531e+01
2.009134864807128906e+01
1.752786254882812500e+01
1.206424331665039062e+01
1.486799621582031250e+01
1.620902633666992188e+01
1.582543277740478516e+01
1.514937019348144531e+01
1.373247814178466797e+01
1.690662384033203125e+01
1.780094528198242188e+01
1.601003074645996094e+01
1.186428260803222656e+01
1.408311080932617188e+01
2.087074279785156250e+01
1.134747695922851562e+01
1.503125572204589844e+01
1.622473907470703125e+01
1.597816658020019531e+01
1.415747451782226562e+01
1.475995922088623047e+01
1.931147003173828125e+01
1.248773479461669922e+01
1.716455078125000000e+01
1.438780403137207031e+01
1.402581214904785156e+01
1.801350402832031250e+01
1.529628944396972656e+01
1.269810295104980469e+01
1.366442203521728516e+01
1.830011558532714844e+01
1.229582405090332031e+01
1.578818225860595703e+01
1.439833641052246094e+01
1.635030364990234375e+01
1.440825843811035156e+01
1.583483982086181641e+01
1.650665473937988281e+01
1.405069732666015625e+01
1.722325515747070312e+01
1.109446716308593750e+01
1.250838661193847656e+01
1.588555335998535156e+01
1.452511882781982422e+01
1.449363708496093750e+01
1.569471549987792969e+01
1.569834136962890625e+01
1.642830848693847656e+01
1.160483741760253906e+01
1.527363586425781250e+01
1.265552806854248047e+01
1.860407257080078125e+01
1.224854278564453125e+01
1.971342468261718750e+01
1.171648120880126953e+01
1.184076786041259766e+01
1.263175868988037109e+01
1.613400077819824219e+01
1.284778308868408203e+01
1.581924438476562500e+01
1.320034217834472656e+01
1.397176361083984375e+01
1.600661277770996094e+01
1.303669643402099609e+01
1.330215072631835938e+01
1.317866325378417969e+01
1.215626239776611328e+01
1.633860778808593750e+01
1.138825225830078125e+01
1.223809814453125000e+01
1.443990707397460938e+01
1.047640037536621094e+01
1.398698520660400391e+01
1.098014259338378906e+01
1.373634910583496094e+01
1.274598217010498047e+01
1.396166992187500000e+01
9.426229476928710938e+00
1.792739486694335938e+01
1.118771743774414062e+01
1.504386901855468750e+01
1.240500068664550781e+01
1.082548713684082031e+01
1.108355140686035156e+01
1.136361885070800781e+01
1.757519149780273438e+01
1.446523857116699219e+01
1.483508682250976562e+01
1.004847717285156250e+01
1.481336116790771484e+01
1.132350540161132812e+01
1.106926727294921875e+01
1.132771682739257812e+01
1.597274971008300781e+01
1.188588047027587891e+01
1.108410835266113281e+01
1.184112548828125000e+01
1.264772987365722656e+01
1.214089584350585938e+01
1.313305091857910156e+01
1.045702171325683594e+01
1.324559402465820312e+01
9.827769279479980469e+00
1.569597053527832031e+01
1.549642467498779297e+01
1.198333835601806641e+01
1.024159622192382812e+01
1.180019664764404297e+01
1.286922645568847656e+01
1.229858875274658203e+01
1.321302413940429688e+01
1.302665901184082031e+01
9.828508377075195312e+00
1.006130409240722656e+01
1.184825992584228516e+01
1.219709014892578125e+01
1.508973884582519531e+01
1.113724231719970703e+01
1.211657333374023438e+01
1.265157508850097656e+01
1.129966354370117188e+01
1.362277603149414062e+01
1.401059150695800781e+01
1.121632099151611328e+01
1.194769859313964844e+01
8.485277175903320312e+00
1.160283088684082031e+01
1.655071258544921875e+01
1.161687088012695312e+01
1.513855552673339844e+01
1.127689743041992188e+01
1.421570968627929688e+01
8.948590278625488281e+00
1.434933280944824219e+01
8.447736740112304688e+00
1.378510284423828125e+01
1.242966938018798828e+01
9.577541351318359375e+00
1.153386497497558594e+01
1.427144813537597656e+01
9.294927597045898438e+00
1.396374130249023438e+01
1.108238601684570312e+01
1.252759265899658203e+01
1.037708282470703125e+01
1.342980957031250000e+01
1.102998924255371094e+01
1.234832954406738281e+01
1.277451133728027344e+01
1.168629264831542969e+01
8.857892036437988281e+00
1.371326446533203125e+01
1.162936782836914062e+01
1.218173217773437500e+01
8.687558174133300781e+00
9.630393028259277344e+00
1.282829570770263672e+01
1.085210514068603516e+01
