3.272723219436971704e+03
2.730722793268194891e+03
2.323809701090371163e+03
2.026930740167425938e+03
1.811499816783566985e+03
1.660500584336581369e+03
1.556800453322322937e+03
1.486739316284659708e+03
1.335747178003636691e+03
1.230454495794837612e+03
1.160173451801384090e+03
1.035802533136962211e+03
9.349205593816342343e+02
8.689753340900720104e+02
8.179180203563985287e+02
7.735565274428399789e+02
7.363583786761009833e+02
7.085445724847710380e+02
6.858842531728392942e+02
6.706958052510187827e+02
6.541494104882468719e+02
6.433689601121143369e+02
6.346906954007816921e+02
6.277682064451490760e+02
6.230580913870411450e+02
6.168945827402865234e+02
6.046218821039086606e+02
5.949276335287150914e+02
5.884916838790579732e+02
5.851532641991259425e+02
5.829990253440350898e+02
5.803491718701101263e+02
5.773817111245556362e+02
5.748570211234186900e+02
5.707884158311337615e+02
5.662059013547616360e+02
5.640535952256536802e+02
5.620876600979678415e+02
5.594003251403672721e+02
5.574147008141449078e+02
5.555607935484130167e+02
5.528024131385648161e+02
5.506020030964900798e+02
5.488588005525755307e+02
5.459919907708448363e+02
5.432181124431677972e+02
5.420678242989116598e+02
5.400988168144422161e+02
5.381913268886386277e+02
5.362723175000464835e+02
5.344547424331705088e+02
5.325726202568413328e+02
5.313443371277246570e+02
5.301920318679683533e+02
5.292103967695110214e+02
5.278335936243526021e+02
5.264824879893313891e+02
5.251864905280294806e+02
5.236163460629295514e+02
5.221663326014845552e+02
5.210551002542119932e+02
5.198686465969049095e+02
5.188683273430385725e+02
5.177169470150151938e+02
5.161888574894057911e+02
5.152008078903519390e+02
5.133559399651627473e+02
5.111288705248601900e+02
5.096839766219977719e+02
5.081028685490849170e+02
5.066602345277959785e+02
5.056228734682280219e+02
5.045895875217528328e+02
5.032771269572597248e+02
5.020640939839527164e+02
5.011500071091587074e+02
5.005822283071949528e+02
4.999476190582391837e+02
4.993165993335699113e+02
4.973843396334162321e+02
4.965290754114587912e+02
4.956860752591142045e+02
4.945180775586046025e+02
4.936225389659163625e+02
4.921002577731572956e+02
4.906676903473063476e+02
4.901638538628353672e+02
4.895184288425639920e+02
4.884698043092461717e+02
4.878793896554503249e+02
4.868060304009238735e+02
4.856107622202482617e+02
4.846897826354248195e+02
4.839522126823866301e+02
4.829188966422302087e+02
4.824211094133049755e+02
4.808761994208566648e+02
4.802138196361300970e+02
4.794707748680203281e+02
4.786896711447407142e+02
