3.290010606161332817e+03
2.742865179994227674e+03
2.333188326232058444e+03
2.033444381681647656e+03
1.815985358121624358e+03
1.664305952877382651e+03
1.558106095828638217e+03
1.487454395408634809e+03
1.343455863859573356e+03
1.238234479361888816e+03
1.166572153595283453e+03
1.042919264972970723e+03
9.564381829346347104e+02
8.917590986089227272e+02
8.459652518084499206e+02
7.928767034129452895e+02
7.538752091183580433e+02
7.250275588333544192e+02
7.038946899358147675e+02
6.887444386292182799e+02
6.629225704753763466e+02
6.449258711746217614e+02
6.332030246679548782e+02
6.255290014874537974e+02
6.185991805980340814e+02
6.136087724446745142e+02
6.062459721244282491e+02
6.025646239748889457e+02
5.977598919252716314e+02
5.954627007269131127e+02
5.923061469767006884e+02
5.887645908328839823e+02
5.828055297459094390e+02
5.770216704398645788e+02
5.742056879228999833e+02
5.720207997338403629e+02
5.696255442481425462e+02
5.682730808345460218e+02
5.668561911246878253e+02
5.643615310318068623e+02
5.620476784766385663e+02
5.606290444427112334e+02
5.581621199697062821e+02
5.562605589270838209e+02
5.537650896944757051e+02
5.522134004165011447e+02
5.497610064897122584e+02
5.481264032582557775e+02
5.467410278878154486e+02
5.439816132468190517e+02
5.431010260611863032e+02
5.413698769928366801e+02
5.403053449456048156e+02
5.382357039160135628e+02
5.373202849483553791e+02
5.359874485937666577e+02
5.349901221976828083e+02
5.335715745230843368e+02
5.328596710159062013e+02
5.314923881814735296e+02
5.301449001244092187e+02
5.290100786654498961e+02
5.275517473436368618e+02
5.259463212289235798e+02
5.242831842132599149e+02
5.235883831382816425e+02
5.213166753618974099e+02
5.198411439849744511e+02
5.188498961000002510e+02
5.169835558639570081e+02
5.159141725564127228e+02
5.148845329913124260e+02
5.136568482994931628e+02
5.130774258713989866e+02
5.118145520658242731e+02
5.105546432580134706e+02
5.101990945257309704e+02
5.089129683391013828e+02
5.072839437920518435e+02
5.066726928197728625e+02
5.056280360005429770e+02
5.047600604011729502e+02
5.038400791536068368e+02
5.016636704653213883e+02
5.006767922303636738e+02
4.998772233389430539e+02
4.987608404569304525e+02
4.982007940034995954e+02
4.975589265888550017e+02
4.961699327352853857e+02
4.953434960589221419e+02
4.939072431639701790e+02
4.934056566453614892e+02
4.921993922691216312e+02
4.909233904652490992e+02
4.902364914763928709e+02
4.893365844876684605e+02
4.885566341006610287e+02
4.870906021752780362e+02
4.855953934808466670e+02
