3.272275723533523433e+03
2.731345484777002184e+03
2.325481777602373768e+03
2.027421173683135294e+03
1.812979581189324335e+03
1.662121583161627996e+03
1.558909975417815758e+03
1.487937962433887833e+03
1.337620752296560340e+03
1.234639684948601371e+03
1.161037757069402460e+03
1.041377348683348373e+03
9.457352251316833645e+02
8.820920694485674858e+02
8.184315013232175033e+02
7.705800501211996334e+02
7.343999631641054293e+02
7.095807386196078141e+02
6.908156335270638237e+02
6.691623261672663148e+02
6.536842564695124338e+02
6.408270147900185520e+02
6.311547080392913358e+02
6.219773079446483735e+02
6.174824242911622605e+02
6.096516216171760334e+02
6.045970573694146424e+02
6.005625147100824961e+02
5.949354513925800347e+02
5.910703500386787255e+02
5.889728091912475065e+02
5.870677093532061690e+02
5.824772993232601266e+02
5.780205158316476854e+02
5.757554789352120679e+02
5.731402249570768390e+02
5.718623064951166270e+02
5.694229201523319261e+02
5.672199859148200858e+02
5.652518602838204060e+02
5.623344952413784767e+02
5.602995543959362976e+02
5.591935715837192902e+02
5.573435377379132660e+02
5.550965149388827058e+02
5.535903964394915420e+02
5.510943762135963198e+02
5.480014885402623577e+02
5.462914725739775577e+02
5.446457159263260337e+02
5.426994858338824770e+02
5.405963885568666001e+02
5.394151050380366996e+02
5.378135220513684089e+02
5.365645757387535468e+02
5.346602773366103065e+02
5.338469088245710736e+02
5.329028889600061802e+02
5.312864987134898911e+02
5.280695002628892780e+02
5.267056640166595116e+02
5.252317404386910766e+02
5.237910918464193628e+02
5.227766261183845700e+02
5.208365194711592494e+02
5.191856948027374301e+02
5.173944361852729799e+02
5.167852024729369305e+02
5.154828932893973388e+02
5.145154190358712185e+02
5.134795548455123253e+02
5.120902312037665070e+02
5.115156682139148074e+02
5.101414171385843588e+02
5.078536454295879139e+02
5.069846825083663475e+02
5.048971304603070394e+02
5.031998639482064846e+02
5.014128795592635015e+02
4.996880124153228167e+02
4.986785236297542383e+02
4.979316983984144258e+02
4.969276671856123357e+02
4.951852123321345971e+02
4.936682786033769048e+02
4.925410989440927096e+02
4.912526284671657208e+02
4.905014633786188369e+02
4.895395883153823888e+02
4.882116282856502494e+02
4.864464899820631558e+02
4.848930434912954865e+02
4.840568397418352902e+02
4.829000515325246283e+02
4.823741803135279156e+02
4.817666660368523139e+02
4.805096046523360087e+02
4.799698173676988517e+02
4.791178892488720180e+02
4.786669661843493486e+02
