2.701054058640635049e+03
2.542854535727692110e+03
2.424557202013154892e+03
2.331511843616518945e+03
2.262834373358890389e+03
2.203078164477733480e+03
2.160891549558093629e+03
2.120584250430560132e+03
2.086332577652158307e+03
2.058548414671556657e+03
2.035176420144734948e+03
2.012570648494203397e+03
1.998692543147923288e+03
1.983825031548819652e+03
1.970137027728852217e+03
1.957872803023905135e+03
1.946887893339270931e+03
1.937890177711711203e+03
1.931916343082487401e+03
1.923141630717253292e+03
1.914933894437537219e+03
1.907851973028136854e+03
1.900899399395040064e+03
1.895712236490995792e+03
1.889693290549750600e+03
1.886460072352447241e+03
1.882130016605985247e+03
1.877120014270224374e+03
1.873591906182262846e+03
1.868006836345245119e+03
1.863076652045454694e+03
1.859604885962978187e+03
1.857082111968953313e+03
1.852514098498284284e+03
1.848766574668660951e+03
1.845721161377237877e+03
1.843414611794661596e+03
1.841076287706664516e+03
1.838314717474826466e+03
1.835883236739912263e+03
1.834026943558079211e+03
1.830489447404393786e+03
1.828247257619674428e+03
1.826283879849247114e+03
1.823850312961603549e+03
1.820752175303863623e+03
1.818621468771382524e+03
1.816029906049856891e+03
1.813947371250497326e+03
1.810841539450549362e+03
1.807251801203906325e+03
1.805317094947187570e+03
1.802034419500844706e+03
1.800516595139408082e+03
1.798481826916717182e+03
1.796606260048580225e+03
1.795513571171784633e+03
1.793281259409958693e+03
1.791650042398997584e+03
1.790076209121512647e+03
1.787807362751123037e+03
1.786872591707567381e+03
1.785830764781686185e+03
1.784256308869124268e+03
1.782608353458693955e+03
1.780466082691257725e+03
1.778840843562448526e+03
1.777525926679903478e+03
1.775833696150942615e+03
1.774344453498291614e+03
1.773371310676134044e+03
1.772188818031859910e+03
1.770655789578192298e+03
1.769749689940915232e+03
1.767794672495108443e+03
1.766634486626823218e+03
1.764429184355803272e+03
1.763374220935149197e+03
1.762279625160542537e+03
1.760669161623249238e+03
1.759050299373687722e+03
1.757660252449655218e+03
1.756433253019945369e+03
1.755656837222267086e+03
1.753599102313826279e+03
1.752702923370789676e+03
1.751269523861456946e+03
1.749993797685733171e+03
1.748974275375083835e+03
1.747806885489409524e+03
1.746528007408158601e+03
1.744993687033660535e+03
1.743765445809442554e+03
1.742751889837937597e+03
1.741497151252865251e+03
1.740462841817363142e+03
1.738887959692786353e+03
1.737892897912827038e+03
1.736338483283739379e+03
1.734715283875994828e+03
