2.678253678396146370e+03
2.520268824767631031e+03
2.397862972364594043e+03
2.306084033073130740e+03
2.237489783289356183e+03
2.179577995709575134e+03
2.135516314767045060e+03
2.095953461933958351e+03
2.065096447738470488e+03
2.038893030417709724e+03
2.013740193625348638e+03
1.996546817987409895e+03
1.978345077241341642e+03
1.963847091078925814e+03
1.951966364725057019e+03
1.939931933276246127e+03
1.929910061266760977e+03
1.920810284697374755e+03
1.912720817609292453e+03
1.904789236883004605e+03
1.897062123406362844e+03
1.892439995812764892e+03
1.887626922703826722e+03
1.881761798601384271e+03
1.877393507583643213e+03
1.872367578944375509e+03
1.866315708700655478e+03
1.861636930481860190e+03
1.856586447731740918e+03
1.853413064398274173e+03
1.850723083375742590e+03
1.848426835043333085e+03
1.845776192794787903e+03
1.843333256239394586e+03
1.840477282794409803e+03
1.838592445251300660e+03
1.835600181656094719e+03
1.832192630944027997e+03
1.830465979784814408e+03
1.828149641478830290e+03
1.825068336253091729e+03
1.819987004947550759e+03
1.816999653950967058e+03
1.813998270725639941e+03
1.812837659485500353e+03
1.810284374871845330e+03
1.808435782154097069e+03
1.806174704759584301e+03
1.804386934870991581e+03
1.802682154420347842e+03
1.800713972576385459e+03
1.798363969639110792e+03
1.796760669996727074e+03
1.795722399638561001e+03
1.794904874474762210e+03
1.792926214172054188e+03
1.791164079130791833e+03
1.788959957330050884e+03
1.786614276740833020e+03
1.784929931447513582e+03
1.782745614171624538e+03
1.780861962573218307e+03
1.779670697816132815e+03
1.777244714050895936e+03
1.775724930851844192e+03
1.773104343375977351e+03
1.771685547014925760e+03
1.769726461546347309e+03
1.767038573506963530e+03
1.765064533774907204e+03
1.763291886159433261e+03
1.762194400407887315e+03
1.760858653508845691e+03
1.758997129803909502e+03
1.757664521684260762e+03
1.755871087217440390e+03
1.754727374570025404e+03
1.752990368376825245e+03
1.751661944484191963e+03
1.750740734612088545e+03
1.750043947253243232e+03
1.749028682310723070e+03
1.747843347115207962e+03
1.746780608043119855e+03
1.745574931381445822e+03
1.744071012740306969e+03
1.742862962451237991e+03
1.741188134627788259e+03
1.739582401321655880e+03
1.738969448700386238e+03
1.737498744502029467e+03
1.736276538315129073e+03
1.735547062444760968e+03
1.733755588747175125e+03
1.732921757926944338e+03
1.731232789986379885e+03
1.729702380828007108e+03
1.728629055163306020e+03
1.727947330418880483e+03
1.727214399738021484e+03
