2.661712231295914535e+03
2.501404770664325042e+03
2.380788720920561900e+03
2.290491799813599300e+03
2.218968068403657526e+03
2.164005616466070478e+03
2.126310363479044099e+03
2.094161356145913942e+03
2.062875971554909484e+03
2.033524907332296152e+03
2.012241733682805261e+03
1.993160449840835781e+03
1.975542705893317134e+03
1.963659447118289563e+03
1.949010279249653649e+03
1.935074358122469675e+03
1.922774978565612173e+03
1.915362391996859969e+03
1.906642170087593740e+03
1.900480240422875340e+03
1.892661074616086808e+03
1.886839111152618671e+03
1.881327438364651471e+03
1.876109024300959163e+03
1.870192504894424701e+03
1.865661341946757148e+03
1.861507633915912493e+03
1.856355828582168897e+03
1.853024338096657857e+03
1.847733936873732546e+03
1.843400966412493517e+03
1.839510113536746758e+03
1.836241637418584560e+03
1.832107360133131351e+03
1.829865830443758114e+03
1.827803270623599474e+03
1.824657647034299544e+03
1.821995566736710089e+03
1.820285041321632889e+03
1.818715945412543078e+03
1.816134919668010753e+03
1.812939237598779755e+03
1.810586226274545652e+03
1.808485622727959935e+03
1.805780129144322018e+03
1.803328706437176152e+03
1.801569309609132915e+03
1.798440810904243335e+03
1.796584559398358579e+03
1.795640663786767163e+03
1.794415263277238410e+03
1.791906174232414060e+03
1.789928135151853212e+03
1.788305950548377723e+03
1.786569439522011180e+03
1.784642402183323384e+03
1.782663745925744706e+03
1.780349398585191921e+03
1.779228809523121072e+03
1.777424448822860313e+03
1.775758199998151213e+03
1.774066969292228578e+03
1.773412151196408104e+03
1.771875874608184631e+03
1.769277474850321823e+03
1.768417401352715615e+03
1.767374964596504697e+03
1.766010982252955955e+03
1.765287197044183586e+03
1.763520064918141316e+03
1.762009603882095917e+03
1.760719847672498418e+03
1.759655175206206877e+03
1.758752306306170340e+03
1.757916530930038334e+03
1.757127087259369773e+03
1.756189293574769636e+03
1.755560701458398626e+03
1.754529283195058497e+03
1.753403480975061711e+03
1.752274472906999335e+03
1.751409340662962222e+03
1.750483704972810301e+03
1.748986733275516372e+03
1.748028458996546078e+03
1.747077377900400961e+03
1.745814776188615724e+03
1.744264854637310236e+03
1.743324633443179209e+03
1.742556538789613114e+03
1.741626510253377774e+03
1.740287028411153642e+03
1.738467522824901152e+03
1.736653249831146695e+03
1.734466180913678954e+03
1.733749299335696151e+03
1.732696047731470799e+03
1.731639078144154837e+03
1.730881631287210212e+03
1.730116121242327381e+03
