2.684203158765765238e+03
2.526691450532664021e+03
2.404440496539248215e+03
2.319524417592866030e+03
2.248600003067298985e+03
2.192764818680247572e+03
2.150713506413346295e+03
2.113490611405403342e+03
2.083647647402481198e+03
2.055428533746511675e+03
2.033417196162090022e+03
2.012592998434960009e+03
1.998036332802072366e+03
1.983398165865893361e+03
1.971900470748770431e+03
1.957047155008839582e+03
1.947515859872104784e+03
1.936681592271074351e+03
1.927433514149047369e+03
1.918963796126696707e+03
1.912233466848031412e+03
1.906105359784256962e+03
1.900765250287364552e+03
1.895630352294663226e+03
1.891608457526719803e+03
1.887713613721497268e+03
1.884866073468434934e+03
1.880582746330455166e+03
1.877695954705660142e+03
1.874365840872142144e+03
1.869990130434736102e+03
1.865519571231201780e+03
1.860230096406408165e+03
1.858183448621100524e+03
1.852351520402360393e+03
1.848719826783470353e+03
1.845328229413630879e+03
1.843657815265759609e+03
1.840854255986918133e+03
1.836097772809713888e+03
1.833404493996078145e+03
1.831003658079508114e+03
1.827875798491605792e+03
1.823902159621019564e+03
1.820736715467429576e+03
1.818799299561072530e+03
1.817367217874232210e+03
1.814873381505083216e+03
1.811021583693397815e+03
1.808649842783311669e+03
1.806942753406769498e+03
1.805927733768887492e+03
1.802980643833735030e+03
1.800976906612867651e+03
1.799679665393608502e+03
1.798904378017062527e+03
1.797275470338280456e+03
1.794469020080175824e+03
1.792521717605879758e+03
1.791634561601739961e+03
1.789576797746270131e+03
1.788094855669541403e+03
1.785290603651918900e+03
1.783388772284245761e+03
1.781306464251061925e+03
1.779393529448449499e+03
1.778070510890814830e+03
1.776452803119446799e+03
1.775217526987695919e+03
1.774503319160170577e+03
1.771566937006819444e+03
1.770407556942446035e+03
1.769003740300340951e+03
1.767625018449660956e+03
1.766642565955503414e+03
1.765118326575200172e+03
1.762838379994596153e+03
1.761356168872777971e+03
1.760593161184410064e+03
1.758587693746520245e+03
1.757160694416373644e+03
1.756587489877887492e+03
1.755876419213104782e+03
1.754894578066343001e+03
1.754443743376549264e+03
1.753351318298990009e+03
1.752159279032642644e+03
1.750879596321094823e+03
1.749209324556347156e+03
1.748657892977651272e+03
1.747673552147636883e+03
1.746618236739686608e+03
1.744788317448378166e+03
1.743420948970020163e+03
1.741352426053370436e+03
1.739866287252792972e+03
1.736818188052316145e+03
1.735728642004440417e+03
1.734010348528754093e+03
1.732455327592957246e+03
