1.051259082031250000e+04
9.992346679687500000e+03
1.010123632812500000e+04
1.045120410156250000e+04
1.038192773437500000e+04
1.041559375000000000e+04
1.012260253906250000e+04
9.931574218750000000e+03
9.864641601562500000e+03
9.448823242187500000e+03
9.693346679687500000e+03
9.262900390625000000e+03
9.111041992187500000e+03
8.177292480468750000e+03
7.825452148437500000e+03
7.140582519531250000e+03
6.468198730468750000e+03
5.184154785156250000e+03
3.698319091796875000e+03
2.972106445312500000e+03
1.803832763671875000e+03
1.505824096679687500e+03
2.765316406250000000e+03
3.024304687500000000e+03
3.123389648437500000e+03
2.006961181640625000e+03
1.657623046875000000e+03
1.169441772460937500e+03
1.333993164062500000e+03
1.276925048828125000e+03
1.647583007812500000e+03
1.639068481445312500e+03
1.764477050781250000e+03
1.532847656250000000e+03
1.700076904296875000e+03
1.312061767578125000e+03
1.251571533203125000e+03
1.063144775390625000e+03
1.028661865234375000e+03
1.096703369140625000e+03
9.588227539062500000e+02
1.064587402343750000e+03
1.178181274414062500e+03
1.254145385742187500e+03
1.132272216796875000e+03
9.308454589843750000e+02
8.434451904296875000e+02
9.324933471679687500e+02
8.840944213867187500e+02
8.652143554687500000e+02
9.075574951171875000e+02
9.962227783203125000e+02
8.807745361328125000e+02
9.431777954101562500e+02
8.297831420898437500e+02
7.680374755859375000e+02
7.225660400390625000e+02
7.524020385742187500e+02
9.045769042968750000e+02
8.025462646484375000e+02
7.576257324218750000e+02
8.109122314453125000e+02
8.314689941406250000e+02
7.061595458984375000e+02
1.051380249023437500e+03
7.902218017578125000e+02
9.058688354492187500e+02
7.491414184570312500e+02
7.162574462890625000e+02
7.691354980468750000e+02
7.117812500000000000e+02
6.990931396484375000e+02
7.280991821289062500e+02
7.180330810546875000e+02
7.425859375000000000e+02
6.875070800781250000e+02
7.153524169921875000e+02
6.657084350585937500e+02
6.901917724609375000e+02
6.431336669921875000e+02
6.539782714843750000e+02
6.407210693359375000e+02
6.415396728515625000e+02
6.780058593750000000e+02
5.867113647460937500e+02
6.614921264648437500e+02
5.924239501953125000e+02
6.617537841796875000e+02
9.397071533203125000e+02
5.822882080078125000e+02
6.787909545898437500e+02
6.598034667968750000e+02
6.771957397460937500e+02
6.300445556640625000e+02
6.652497558593750000e+02
5.855431518554687500e+02
6.276473999023437500e+02
5.706315917968750000e+02
6.445043334960937500e+02
6.389892578125000000e+02
6.755928955078125000e+02
5.784134521484375000e+02
6.250421752929687500e+02
7.129323730468750000e+02
5.819018554687500000e+02
6.377172241210937500e+02
6.435729370117187500e+02
6.174428710937500000e+02
4.872035522460937500e+02
5.403534545898437500e+02
5.417180175781250000e+02
6.000668945312500000e+02
5.124693603515625000e+02
5.526803588867187500e+02
5.842304687500000000e+02
6.497611694335937500e+02
4.927343750000000000e+02
6.520427246093750000e+02
5.565496826171875000e+02
5.275801391601562500e+02
7.488690185546875000e+02
5.943383789062500000e+02
5.228443603515625000e+02
5.429799804687500000e+02
5.220886230468750000e+02
5.279472656250000000e+02
5.581005249023437500e+02
5.819389648437500000e+02
5.281413574218750000e+02
5.218333740234375000e+02
4.705299377441406250e+02
4.569838867187500000e+02
5.984458007812500000e+02
4.703992309570312500e+02
4.887106018066406250e+02
5.151451416015625000e+02
5.289279785156250000e+02
5.179344482421875000e+02
5.187888183593750000e+02
5.054032287597656250e+02
5.115363159179687500e+02
5.004298095703125000e+02
5.506616210937500000e+02
7.438272705078125000e+02
5.402525634765625000e+02
4.837562255859375000e+02
5.391163940429687500e+02
5.069787597656250000e+02
4.419402465820312500e+02
4.931145019531250000e+02
5.395017089843750000e+02
4.885539550781250000e+02
4.761720581054687500e+02
4.724292907714843750e+02
4.896763305664062500e+02
5.658491210937500000e+02
4.219683837890625000e+02
4.808193359375000000e+02
4.787123718261718750e+02
4.421638488769531250e+02
4.652486877441406250e+02
4.842672729492187500e+02
4.389583740234375000e+02
4.708976745605468750e+02
4.568359069824218750e+02
5.370739746093750000e+02
4.317136840820312500e+02
4.007565307617187500e+02
4.982108459472656250e+02
4.177308349609375000e+02
4.474283447265625000e+02
4.962454528808593750e+02
4.108665466308593750e+02
4.800477294921875000e+02
4.335699462890625000e+02
6.380648193359375000e+02
4.475869750976562500e+02
4.144306030273437500e+02
4.323583374023437500e+02
4.192759399414062500e+02
5.255723876953125000e+02
3.666707153320312500e+02
4.319691772460937500e+02
3.796937255859375000e+02
4.276899414062500000e+02
4.511169433593750000e+02
4.316022949218750000e+02
3.979160156250000000e+02
4.024675598144531250e+02
3.931021423339843750e+02
4.128394775390625000e+02
4.093337707519531250e+02
6.553856201171875000e+02
4.041552734375000000e+02
4.068426513671875000e+02
3.735772399902343750e+02
3.981389160156250000e+02
3.507333374023437500e+02
4.029036865234375000e+02
3.794728393554687500e+02
3.958106079101562500e+02
3.511666564941406250e+02
4.799403991699218750e+02
3.555032043457031250e+02
3.536444091796875000e+02
3.827017822265625000e+02
4.438535461425781250e+02
3.696974182128906250e+02
3.692080078125000000e+02
3.531024169921875000e+02
3.808432006835937500e+02
3.864284057617187500e+02
4.226961975097656250e+02
4.658217163085937500e+02
3.684767150878906250e+02
3.533460693359375000e+02
3.822672119140625000e+02
3.444022521972656250e+02
4.583436279296875000e+02
4.119337768554687500e+02
3.338015747070312500e+02
3.611332397460937500e+02
3.967681884765625000e+02
5.824614257812500000e+02
3.505568237304687500e+02
3.374609069824218750e+02
3.605678710937500000e+02
3.407148437500000000e+02
3.568331909179687500e+02
3.442755737304687500e+02
3.531221313476562500e+02
3.424135131835937500e+02
3.720214843750000000e+02
3.354418334960937500e+02
3.611575317382812500e+02
3.136045532226562500e+02
3.334876708984375000e+02
3.241906433105468750e+02
3.241311645507812500e+02
3.600634765625000000e+02
3.273627319335937500e+02
3.274522399902343750e+02
2.711949462890625000e+02
4.104411621093750000e+02
3.351475830078125000e+02
3.870906982421875000e+02
2.982640075683593750e+02
2.946262207031250000e+02
2.871053161621093750e+02
3.367879638671875000e+02
3.629925537109375000e+02
5.419625854492187500e+02
3.543104553222656250e+02
3.567484130859375000e+02
3.643454895019531250e+02
3.345445556640625000e+02
3.358740844726562500e+02
2.945819702148437500e+02
3.240212402343750000e+02
3.437455139160156250e+02
3.438059997558593750e+02
3.205662231445312500e+02
3.406254272460937500e+02
3.568903503417968750e+02
4.882842712402343750e+02
3.502923583984375000e+02
3.066423950195312500e+02
3.846616516113281250e+02
3.007850341796875000e+02
3.329380493164062500e+02
3.476246948242187500e+02
3.011186523437500000e+02
3.537104797363281250e+02
3.277266235351562500e+02
2.718856201171875000e+02
3.611187133789062500e+02
2.793958129882812500e+02
2.904550781250000000e+02
3.065924072265625000e+02
3.107564392089843750e+02
3.162023620605468750e+02
2.821621704101562500e+02
2.880491333007812500e+02
2.610213623046875000e+02
2.882221984863281250e+02
2.899797973632812500e+02
3.590244750976562500e+02
2.767640380859375000e+02
3.402542724609375000e+02
3.219913024902343750e+02
3.008753356933593750e+02
3.039718627929687500e+02
2.614253234863281250e+02
2.904199218750000000e+02
2.997730102539062500e+02
2.915215454101562500e+02
2.798694152832031250e+02
2.636796875000000000e+02
2.630940246582031250e+02
2.871547546386718750e+02
2.594821166992187500e+02
3.180017395019531250e+02
2.716690368652343750e+02
4.839532470703125000e+02
2.636070861816406250e+02
2.644186096191406250e+02
3.616259155273437500e+02
2.579963684082031250e+02
2.690039367675781250e+02
2.667028503417968750e+02
2.932162170410156250e+02
2.615255737304687500e+02
2.865347595214843750e+02
2.524530334472656250e+02
2.599877014160156250e+02
2.985429077148437500e+02
2.347860870361328125e+02
2.488629150390625000e+02
2.809324951171875000e+02
2.680858459472656250e+02
2.957182312011718750e+02
3.150848083496093750e+02
2.688778381347656250e+02
2.753767700195312500e+02
2.459261474609375000e+02
2.477817993164062500e+02
2.531244964599609375e+02
2.715695190429687500e+02
2.265064239501953125e+02
2.719658203125000000e+02
2.463934936523437500e+02
2.721758422851562500e+02
2.430878753662109375e+02
2.419381866455078125e+02
2.560188598632812500e+02
2.491769561767578125e+02
2.339397583007812500e+02
4.947977294921875000e+02
2.912452392578125000e+02
2.687443237304687500e+02
2.021906890869140625e+02
2.696737060546875000e+02
2.554211883544921875e+02
2.264904937744140625e+02
2.470457305908203125e+02
2.843088378906250000e+02
2.780147705078125000e+02
2.294652709960937500e+02
2.555624084472656250e+02
2.150404357910156250e+02
2.160668945312500000e+02
2.298477172851562500e+02
5.010495605468750000e+02
2.325754394531250000e+02
2.440038757324218750e+02
2.448247375488281250e+02
2.164585571289062500e+02
2.573408813476562500e+02
2.629925537109375000e+02
2.165695343017578125e+02
2.367957916259765625e+02
2.253894042968750000e+02
2.528632507324218750e+02
2.677744750976562500e+02
2.363215942382812500e+02
2.220962524414062500e+02
2.391094818115234375e+02
2.221791534423828125e+02
2.282484741210937500e+02
2.165784454345703125e+02
2.310930328369140625e+02
2.235604858398437500e+02
2.292888946533203125e+02
2.210273437500000000e+02
2.488356628417968750e+02
3.129954833984375000e+02
2.287595520019531250e+02
2.687920532226562500e+02
1.918471069335937500e+02
2.154457397460937500e+02
2.441552886962890625e+02
2.229996185302734375e+02
2.175328063964843750e+02
2.090121917724609375e+02
1.959513854980468750e+02
2.098248901367187500e+02
2.274973602294921875e+02
1.871947631835937500e+02
1.928022155761718750e+02
4.221055297851562500e+02
2.231847381591796875e+02
2.558792572021484375e+02
1.940261077880859375e+02
2.280204772949218750e+02
1.960543212890625000e+02
2.007917327880859375e+02
2.165399475097656250e+02
2.017305908203125000e+02
1.848943176269531250e+02
1.840746002197265625e+02
2.131182250976562500e+02
1.790280456542968750e+02
2.233557891845703125e+02
2.110081634521484375e+02
2.062256774902343750e+02
1.934028778076171875e+02
2.087523040771484375e+02
1.883986511230468750e+02
2.144742736816406250e+02
2.061876831054687500e+02
2.154867858886718750e+02
1.804455718994140625e+02
1.926863098144531250e+02
4.803661499023437500e+02
1.804429626464843750e+02
1.941911621093750000e+02
2.268840026855468750e+02
1.830805053710937500e+02
1.898276977539062500e+02
1.538088073730468750e+02
1.885907135009765625e+02
1.876062011718750000e+02
1.915623779296875000e+02
1.928017578125000000e+02
2.078435821533203125e+02
1.944210662841796875e+02
2.234367980957031250e+02
2.060761566162109375e+02
1.513116455078125000e+02
3.672358398437500000e+02
1.557053070068359375e+02
1.571220703125000000e+02
1.683350219726562500e+02
1.954378967285156250e+02
1.573757324218750000e+02
1.726173095703125000e+02
1.835955047607421875e+02
1.861968994140625000e+02
1.857345886230468750e+02
1.642430877685546875e+02
1.653771972656250000e+02
1.943551025390625000e+02
1.829581146240234375e+02
1.443936767578125000e+02
1.470116119384765625e+02
1.607179565429687500e+02
1.697697448730468750e+02
1.439544677734375000e+02
3.727796936035156250e+02
1.636887207031250000e+02
1.869159545898437500e+02
1.597482910156250000e+02
2.046268463134765625e+02
1.572698669433593750e+02
1.932419128417968750e+02
1.519180145263671875e+02
1.829147796630859375e+02
1.736517028808593750e+02
1.596461944580078125e+02
1.659544830322265625e+02
1.873156738281250000e+02
1.491131439208984375e+02
1.822919616699218750e+02
1.575282592773437500e+02
1.463592071533203125e+02
1.524352722167968750e+02
1.588412475585937500e+02
1.572693481445312500e+02
1.562761993408203125e+02
1.824618835449218750e+02
1.331634979248046875e+02
1.499562377929687500e+02
1.344674682617187500e+02
1.656374206542968750e+02
1.388791656494140625e+02
1.423169708251953125e+02
1.946456909179687500e+02
1.573399963378906250e+02
1.494821777343750000e+02
1.405802917480468750e+02
1.564289245605468750e+02
1.360290527343750000e+02
1.672606506347656250e+02
1.286707458496093750e+02
1.357989501953125000e+02
1.706570739746093750e+02
1.664546508789062500e+02
1.791052551269531250e+02
1.517108764648437500e+02
1.442292175292968750e+02
3.453788146972656250e+02
1.195589828491210938e+02
1.309225006103515625e+02
1.787845153808593750e+02
1.508449096679687500e+02
1.278686141967773438e+02
1.430566406250000000e+02
1.727384338378906250e+02
1.593815612792968750e+02
1.511491699218750000e+02
1.428343200683593750e+02
3.712034912109375000e+02
1.460667724609375000e+02
1.379483032226562500e+02
1.275798492431640625e+02
1.402921752929687500e+02
1.242876129150390625e+02
1.413277893066406250e+02
2.001200714111328125e+02
1.458576965332031250e+02
1.293225708007812500e+02
1.401137847900390625e+02
1.210222091674804688e+02
1.071142272949218750e+02
1.719700775146484375e+02
1.029215087890625000e+02
1.007618637084960938e+02
1.357414550781250000e+02
1.625925750732421875e+02
1.213103942871093750e+02
1.425802001953125000e+02
1.402257690429687500e+02
1.093873596191406250e+02
1.444263610839843750e+02
3.354892272949218750e+02
1.469989929199218750e+02
1.104301528930664062e+02
1.177984771728515625e+02
1.607960205078125000e+02
1.185651855468750000e+02
1.247175903320312500e+02
1.368172302246093750e+02
1.177354660034179688e+02
1.398497009277343750e+02
1.341992034912109375e+02
1.381313476562500000e+02
1.501464080810546875e+02
1.335675048828125000e+02
1.279752120971679688e+02
1.198201217651367188e+02
1.064831848144531250e+02
2.005546875000000000e+02
1.258707962036132812e+02
1.451057739257812500e+02
1.078546981811523438e+02
1.666013488769531250e+02
1.262317962646484375e+02
1.265793685913085938e+02
1.395129547119140625e+02
1.160870132446289062e+02
1.042588500976562500e+02
1.292982330322265625e+02
1.107689666748046875e+02
1.434779205322265625e+02
1.716291351318359375e+02
1.273037872314453125e+02
1.492318725585937500e+02
1.192646560668945312e+02
1.234291839599609375e+02
1.256224975585937500e+02
3.198149108886718750e+02
1.123707046508789062e+02
1.026119232177734375e+02
1.085480270385742188e+02
1.444553985595703125e+02
1.431133728027343750e+02
1.264046020507812500e+02
1.124590148925781250e+02
1.333177490234375000e+02
1.162377853393554688e+02
1.085453643798828125e+02
9.933760070800781250e+01
1.047228927612304688e+02
3.331218566894531250e+02
1.286744537353515625e+02
1.273021774291992188e+02
9.184161376953125000e+01
9.716629028320312500e+01
1.053700408935546875e+02
9.100933837890625000e+01
1.375825500488281250e+02
1.840665130615234375e+02
1.110445709228515625e+02
9.268490600585937500e+01
1.006311492919921875e+02
1.336871337890625000e+02
1.283925628662109375e+02
1.219038391113281250e+02
1.085457611083984375e+02
1.213273162841796875e+02
8.965490722656250000e+01
9.764260864257812500e+01
1.008080291748046875e+02
1.345019836425781250e+02
1.034310302734375000e+02
1.348835754394531250e+02
9.770587158203125000e+01
1.293589019775390625e+02
9.235708618164062500e+01
1.014745330810546875e+02
1.084017333984375000e+02
1.276615905761718750e+02
9.401445007324218750e+01
1.156389160156250000e+02
1.338106842041015625e+02
8.681975555419921875e+01
1.193871154785156250e+02
1.306937561035156250e+02
9.789386749267578125e+01
8.520055389404296875e+01
1.213002929687500000e+02
1.051951446533203125e+02
1.045977935791015625e+02
1.038632202148437500e+02
1.328051605224609375e+02
9.782261657714843750e+01
9.860765075683593750e+01
9.113188171386718750e+01
3.191906127929687500e+02
1.140932312011718750e+02
1.159115905761718750e+02
1.104321746826171875e+02
9.685681152343750000e+01
9.953147888183593750e+01
1.092193832397460938e+02
8.532451629638671875e+01
8.337110900878906250e+01
1.003921890258789062e+02
1.061892852783203125e+02
1.210858917236328125e+02
1.076823120117187500e+02
9.000502014160156250e+01
8.571607971191406250e+01
1.345801391601562500e+02
1.036772155761718750e+02
8.628950500488281250e+01
1.070506591796875000e+02
7.550419616699218750e+01
1.632030334472656250e+02
8.219592285156250000e+01
9.029177856445312500e+01
9.673002624511718750e+01
1.010686874389648438e+02
1.004342269897460938e+02
3.019107971191406250e+02
8.940724182128906250e+01
9.469829559326171875e+01
7.988585662841796875e+01
1.040148620605468750e+02
1.152207794189453125e+02
7.529980468750000000e+01
9.255498504638671875e+01
9.828372192382812500e+01
8.660356903076171875e+01
1.120880508422851562e+02
9.717470550537109375e+01
6.976416778564453125e+01
1.072556762695312500e+02
9.174209594726562500e+01
1.021952819824218750e+02
1.006164398193359375e+02
1.191298370361328125e+02
8.607887268066406250e+01
8.537417602539062500e+01
9.560846710205078125e+01
1.000055770874023438e+02
7.658269500732421875e+01
8.202476501464843750e+01
1.028969345092773438e+02
2.937197875976562500e+02
9.084284210205078125e+01
1.262172851562500000e+02
8.920762634277343750e+01
8.529788970947265625e+01
9.996836853027343750e+01
1.343735656738281250e+02
9.490415954589843750e+01
8.157315063476562500e+01
1.065961761474609375e+02
6.141090011596679688e+01
9.224603271484375000e+01
9.581005859375000000e+01
7.215694427490234375e+01
7.847477722167968750e+01
1.001137924194335938e+02
8.154269409179687500e+01
1.490764617919921875e+02
9.565332794189453125e+01
8.544728088378906250e+01
8.628919982910156250e+01
2.462495422363281250e+02
1.229739151000976562e+02
9.795723724365234375e+01
7.393647003173828125e+01
8.890441131591796875e+01
8.713394165039062500e+01
9.390822601318359375e+01
1.029952774047851562e+02
1.061977996826171875e+02
8.768939971923828125e+01
1.156647109985351562e+02
9.194155883789062500e+01
7.674351501464843750e+01
7.791299438476562500e+01
7.860724639892578125e+01
8.060072326660156250e+01
9.177702331542968750e+01
8.250723266601562500e+01
1.145162811279296875e+02
9.427163696289062500e+01
1.335061645507812500e+02
9.359159851074218750e+01
6.888365173339843750e+01
1.108068847656250000e+02
9.089450073242187500e+01
8.404034423828125000e+01
8.459211730957031250e+01
7.573380279541015625e+01
9.454998779296875000e+01
7.623521423339843750e+01
9.153329467773437500e+01
6.838235473632812500e+01
9.419415283203125000e+01
3.063180847167968750e+02
9.352253723144531250e+01
8.748877716064453125e+01
8.414465332031250000e+01
7.232484436035156250e+01
9.380117797851562500e+01
7.651406860351562500e+01
8.038354492187500000e+01
9.020356750488281250e+01
8.398405456542968750e+01
9.425254058837890625e+01
7.610063934326171875e+01
1.235304870605468750e+02
9.912599182128906250e+01
1.014609680175781250e+02
9.811259460449218750e+01
4.824602127075195312e+01
8.589105224609375000e+01
2.715490112304687500e+02
9.149536132812500000e+01
8.690984344482421875e+01
6.776805877685546875e+01
8.226332092285156250e+01
8.784886169433593750e+01
7.703778839111328125e+01
8.199185180664062500e+01
5.385909271240234375e+01
8.756584167480468750e+01
8.736271667480468750e+01
1.025497436523437500e+02
7.907687377929687500e+01
6.313091659545898438e+01
5.769625091552734375e+01
8.832715606689453125e+01
7.919053649902343750e+01
6.622013092041015625e+01
8.201560211181640625e+01
7.427507781982421875e+01
6.891292572021484375e+01
8.936906433105468750e+01
6.750450134277343750e+01
6.230827331542968750e+01
8.812518310546875000e+01
6.896673583984375000e+01
8.691439819335937500e+01
6.090855407714843750e+01
6.995825195312500000e+01
8.642340850830078125e+01
9.085837554931640625e+01
1.273005142211914062e+02
6.509432220458984375e+01
8.591036987304687500e+01
7.012321472167968750e+01
2.585375061035156250e+02
8.151291656494140625e+01
1.109811859130859375e+02
1.033802413940429688e+02
7.754745483398437500e+01
5.681005477905273438e+01
4.523376464843750000e+01
6.389009857177734375e+01
6.174219131469726562e+01
5.918039321899414062e+01
1.030361633300781250e+02
7.641787719726562500e+01
7.137205505371093750e+01
7.638872528076171875e+01
6.294557571411132812e+01
7.809588623046875000e+01
1.105995559692382812e+02
7.753343200683593750e+01
6.624282836914062500e+01
7.676253509521484375e+01
8.503320312500000000e+01
6.783436584472656250e+01
8.079914093017578125e+01
3.031437988281250000e+02
1.026728363037109375e+02
1.095124511718750000e+02
6.955018615722656250e+01
7.700350189208984375e+01
9.307540130615234375e+01
7.717690277099609375e+01
6.546991729736328125e+01
8.544995880126953125e+01
6.340268707275390625e+01
9.932841491699218750e+01
7.560873413085937500e+01
2.398854064941406250e+02
6.159774017333984375e+01
1.245552368164062500e+02
7.086716461181640625e+01
1.030078277587890625e+02
5.190753936767578125e+01
8.327769470214843750e+01
6.506391906738281250e+01
6.994266510009765625e+01
6.202088928222656250e+01
7.845557403564453125e+01
6.706591033935546875e+01
6.214080810546875000e+01
7.077479553222656250e+01
5.820655822753906250e+01
9.099002838134765625e+01
7.776691436767578125e+01
9.514819335937500000e+01
1.040910034179687500e+02
1.139102478027343750e+02
7.600938415527343750e+01
8.271703338623046875e+01
5.302776336669921875e+01
6.598088836669921875e+01
8.836768341064453125e+01
9.772688293457031250e+01
6.473267364501953125e+01
7.882196044921875000e+01
5.019046020507812500e+01
6.620466613769531250e+01
7.699125671386718750e+01
6.330484771728515625e+01
6.205823516845703125e+01
8.470385742187500000e+01
7.731504821777343750e+01
8.162054443359375000e+01
6.361610794067382812e+01
2.755775451660156250e+02
6.041283035278320312e+01
7.336101531982421875e+01
1.110270156860351562e+02
1.072972869873046875e+02
6.094816589355468750e+01
5.976850128173828125e+01
7.116738891601562500e+01
6.822858428955078125e+01
8.697541046142578125e+01
8.600486755371093750e+01
2.335473785400390625e+02
8.070738983154296875e+01
9.815112304687500000e+01
8.419432067871093750e+01
7.927456665039062500e+01
5.131089782714843750e+01
1.032454223632812500e+02
7.152085876464843750e+01
8.702851867675781250e+01
7.028572082519531250e+01
6.989801788330078125e+01
6.874301910400390625e+01
5.684015274047851562e+01
5.512278747558593750e+01
5.383985137939453125e+01
5.703722381591796875e+01
6.335579681396484375e+01
6.517353820800781250e+01
4.987451934814453125e+01
1.058089294433593750e+02
5.562233734130859375e+01
9.856166076660156250e+01
7.532399749755859375e+01
8.430268859863281250e+01
7.554280853271484375e+01
6.331241607666015625e+01
6.451721954345703125e+01
8.516320037841796875e+01
5.413648986816406250e+01
5.604640960693359375e+01
6.867101287841796875e+01
7.021081542968750000e+01
7.553460693359375000e+01
6.374804306030273438e+01
5.245576858520507812e+01
6.875816345214843750e+01
7.688680267333984375e+01
8.236838531494140625e+01
4.931502151489257812e+01
7.739316558837890625e+01
4.820465087890625000e+01
3.092710571289062500e+02
7.458733367919921875e+01
8.871163177490234375e+01
9.145571136474609375e+01
5.668143463134765625e+01
9.798539733886718750e+01
5.192557144165039062e+01
4.056319046020507812e+01
5.330883407592773438e+01
9.375060272216796875e+01
1.087085494995117188e+02
7.026798248291015625e+01
8.405706024169921875e+01
5.336751174926757812e+01
6.050518798828125000e+01
6.925717163085937500e+01
8.297795104980468750e+01
6.407553863525390625e+01
7.688938903808593750e+01
6.308141326904296875e+01
5.336163711547851562e+01
7.266801452636718750e+01
5.164102935791015625e+01
5.979269027709960938e+01
6.356527328491210938e+01
5.332447052001953125e+01
7.206935119628906250e+01
8.724007415771484375e+01
4.555990219116210938e+01
6.240545272827148438e+01
9.623004150390625000e+01
7.741475677490234375e+01
6.431217956542968750e+01
2.535244598388671875e+02
9.076097869873046875e+01
8.216323852539062500e+01
4.091146850585937500e+01
7.421199035644531250e+01
6.379854583740234375e+01
8.742596435546875000e+01
5.625496673583984375e+01
8.470748901367187500e+01
6.413114929199218750e+01
6.758676147460937500e+01
2.391909637451171875e+02
7.878939819335937500e+01
6.480335235595703125e+01
7.739820098876953125e+01
6.370116424560546875e+01
6.075405502319335938e+01
7.880869293212890625e+01
1.153509902954101562e+02
6.467243957519531250e+01
5.699924468994140625e+01
4.941562652587890625e+01
5.509616851806640625e+01
6.246864318847656250e+01
5.441762542724609375e+01
6.447142791748046875e+01
6.422968292236328125e+01
8.938365173339843750e+01
6.767050933837890625e+01
6.788662719726562500e+01
2.424288482666015625e+02
5.261520004272460938e+01
7.456664276123046875e+01
6.551052093505859375e+01
5.484589767456054688e+01
6.432734680175781250e+01
6.499806213378906250e+01
4.488367462158203125e+01
6.145967864990234375e+01
5.738379669189453125e+01
7.896183013916015625e+01
5.864862823486328125e+01
8.624029541015625000e+01
1.008746948242187500e+02
8.474796295166015625e+01
5.202817535400390625e+01
9.691510009765625000e+01
7.712801361083984375e+01
6.340431594848632812e+01
6.971200561523437500e+01
6.702598571777343750e+01
4.327067565917968750e+01
7.468615722656250000e+01
8.370533752441406250e+01
7.174526977539062500e+01
5.012772750854492188e+01
5.090120315551757812e+01
5.294820022583007812e+01
7.695500946044921875e+01
3.900492477416992188e+01
5.290552139282226562e+01
5.684142303466796875e+01
6.374349594116210938e+01
5.935630416870117188e+01
6.050505065917968750e+01
3.850149154663085938e+01
5.048693084716796875e+01
3.097458496093750000e+02
7.617163085937500000e+01
8.684645080566406250e+01
7.890214538574218750e+01
4.944460678100585938e+01
7.077580261230468750e+01
1.191819915771484375e+02
5.770307159423828125e+01
5.287907409667968750e+01
6.523354339599609375e+01
4.625386810302734375e+01
9.027397155761718750e+01
9.366795349121093750e+01
9.506600952148437500e+01
9.801042938232421875e+01
6.417274475097656250e+01
7.140367889404296875e+01
4.997733688354492188e+01
8.059199523925781250e+01
5.743008041381835938e+01
6.663952636718750000e+01
6.908559417724609375e+01
6.312290191650390625e+01
7.891041564941406250e+01
5.584617614746093750e+01
5.863723754882812500e+01
5.279665374755859375e+01
2.651755981445312500e+02
6.311958312988281250e+01
6.728951263427734375e+01
7.231203460693359375e+01
6.816842651367187500e+01
4.924958038330078125e+01
6.765453338623046875e+01
4.478944396972656250e+01
7.409016418457031250e+01
7.097784423828125000e+01
6.690273284912109375e+01
7.627072906494140625e+01
7.353608703613281250e+01
7.130548095703125000e+01
2.436302947998046875e+02
6.709755706787109375e+01
7.317500305175781250e+01
4.727561187744140625e+01
8.131735992431640625e+01
7.913167572021484375e+01
5.459106826782226562e+01
6.303372192382812500e+01
9.744069671630859375e+01
5.631064987182617188e+01
6.330392074584960938e+01
7.529631042480468750e+01
5.991919708251953125e+01
4.152717208862304688e+01
5.097322082519531250e+01
5.923580932617187500e+01
5.086843872070312500e+01
7.116972351074218750e+01
5.125031661987304688e+01
5.531636047363281250e+01
6.709587097167968750e+01
6.228434371948242188e+01
6.976636505126953125e+01
7.230956268310546875e+01
4.426115798950195312e+01
4.504478454589843750e+01
5.033587265014648438e+01
6.327229309082031250e+01
5.380257415771484375e+01
9.178009796142578125e+01
3.122932739257812500e+02
8.370553588867187500e+01
4.264247894287109375e+01
5.177341461181640625e+01
7.796549987792968750e+01
4.765700912475585938e+01
8.033830261230468750e+01
9.064160156250000000e+01
8.640211486816406250e+01
5.391397857666015625e+01
4.389116287231445312e+01
4.202437591552734375e+01
4.964704132080078125e+01
7.275279998779296875e+01
5.645679855346679688e+01
5.908805847167968750e+01
5.675437927246093750e+01
5.263359832763671875e+01
5.795502853393554688e+01
6.935798645019531250e+01
6.825947570800781250e+01
5.929674911499023438e+01
4.520887374877929688e+01
4.695709991455078125e+01
1.166326675415039062e+02
7.175061035156250000e+01
4.799670410156250000e+01
5.728288269042968750e+01
7.857724761962890625e+01
5.867926788330078125e+01
6.985502624511718750e+01
6.304169845581054688e+01
5.625310134887695312e+01
6.288143920898437500e+01
7.262167358398437500e+01
5.787298583984375000e+01
6.941782379150390625e+01
9.517861938476562500e+01
4.990636062622070312e+01
9.951120758056640625e+01
7.482492828369140625e+01
5.859793090820312500e+01
6.709942626953125000e+01
2.447353057861328125e+02
8.244974517822265625e+01
6.056995391845703125e+01
4.619849014282226562e+01
5.696612167358398438e+01
8.328103637695312500e+01
7.713504028320312500e+01
6.050978088378906250e+01
6.864064788818359375e+01
6.207466888427734375e+01
7.201728820800781250e+01
5.647341918945312500e+01
5.487925338745117188e+01
5.591583251953125000e+01
4.722894287109375000e+01
6.735055541992187500e+01
7.573651885986328125e+01
5.644250488281250000e+01
4.523589706420898438e+01
6.116164398193359375e+01
6.536607360839843750e+01
5.176957702636718750e+01
2.511824035644531250e+02
5.388697052001953125e+01
4.090369796752929688e+01
5.161351394653320312e+01
7.920612335205078125e+01
1.068549499511718750e+02
4.863032150268554688e+01
7.600334167480468750e+01
6.586009216308593750e+01
4.748669433593750000e+01
8.462203979492187500e+01
3.857060241699218750e+01
3.841852188110351562e+01
7.112314605712890625e+01
2.473136596679687500e+02
6.144052505493164062e+01
5.305457305908203125e+01
5.478665542602539062e+01
4.990092849731445312e+01
7.673281097412109375e+01
7.830036926269531250e+01
5.499654769897460938e+01
7.449982452392578125e+01
6.802653503417968750e+01
6.856376647949218750e+01
4.751277160644531250e+01
5.750449371337890625e+01
5.726282119750976562e+01
7.040430450439453125e+01
1.051383666992187500e+02
6.431330871582031250e+01
6.017850494384765625e+01
5.258800125122070312e+01
6.961468505859375000e+01
3.358192443847656250e+01
5.337096786499023438e+01
6.275320434570312500e+01
5.100477981567382812e+01
5.841571807861328125e+01
3.983874130249023438e+01
5.568299865722656250e+01
5.628803634643554688e+01
6.985320281982421875e+01
5.651305770874023438e+01
4.573395919799804688e+01
6.887451171875000000e+01
3.964900970458984375e+01
6.938172912597656250e+01
2.730671997070312500e+02
4.515938949584960938e+01
6.439408874511718750e+01
9.902806091308593750e+01
5.931143951416015625e+01
6.172980499267578125e+01
7.228646087646484375e+01
7.368708801269531250e+01
8.095965576171875000e+01
6.574472045898437500e+01
7.424799346923828125e+01
4.498122024536132812e+01
6.541822814941406250e+01
5.243725585937500000e+01
7.136951446533203125e+01
5.069470214843750000e+01
5.224052810668945312e+01
2.926176834106445312e+01
5.244499588012695312e+01
4.248304748535156250e+01
6.215478515625000000e+01
8.802510070800781250e+01
8.439733886718750000e+01
6.955445098876953125e+01
8.381858825683593750e+01
6.942631530761718750e+01
5.150080871582031250e+01
6.471308898925781250e+01
5.994776153564453125e+01
5.940648651123046875e+01
4.187410736083984375e+01
5.869163894653320312e+01
6.889271545410156250e+01
6.988294219970703125e+01
9.972356414794921875e+01
2.640598449707031250e+02
7.086258697509765625e+01
7.164387512207031250e+01
1.077903213500976562e+02
6.214629745483398438e+01
5.994035339355468750e+01
7.859465789794921875e+01
1.266440277099609375e+02
7.374131774902343750e+01
6.063443374633789062e+01
5.244235229492187500e+01
5.262537765502929688e+01
5.097484970092773438e+01
7.721890258789062500e+01
6.869624328613281250e+01
2.253710021972656250e+02
9.983853149414062500e+01
7.358102416992187500e+01
5.768226623535156250e+01
6.916270446777343750e+01
6.364270019531250000e+01
5.690725708007812500e+01
5.683089828491210938e+01
5.952006530761718750e+01
5.981421661376953125e+01
4.217865753173828125e+01
5.405861282348632812e+01
6.475582885742187500e+01
5.463971710205078125e+01
7.130331420898437500e+01
4.942082977294921875e+01
4.882497406005859375e+01
5.747661590576171875e+01
5.762002563476562500e+01
4.965672683715820312e+01
5.425205612182617188e+01
4.056661605834960938e+01
5.181150817871093750e+01
5.433456420898437500e+01
7.147461700439453125e+01
7.589808654785156250e+01
5.404027175903320312e+01
6.953118133544921875e+01
6.103710174560546875e+01
8.500074005126953125e+01
5.304705810546875000e+01
8.843446350097656250e+01
5.184332275390625000e+01
7.510397338867187500e+01
6.816558837890625000e+01
4.205072402954101562e+01
6.320271301269531250e+01
5.246382141113281250e+01
4.249916839599609375e+01
2.821252746582031250e+02
5.198151016235351562e+01
6.146609878540039062e+01
6.462613677978515625e+01
7.145224761962890625e+01
5.933225631713867188e+01
9.264541625976562500e+01
4.656707382202148438e+01
6.899415588378906250e+01
2.140262603759765625e+02
6.798161315917968750e+01
5.379019927978515625e+01
3.769148635864257812e+01
5.192630004882812500e+01
7.385576629638671875e+01
5.832381057739257812e+01
7.675366973876953125e+01
1.094666748046875000e+02
7.455799865722656250e+01
4.450434112548828125e+01
6.147708892822265625e+01
6.098096847534179688e+01
6.500800323486328125e+01
5.767124557495117188e+01
5.922832870483398438e+01
5.755508422851562500e+01
4.552732849121093750e+01
5.080224609375000000e+01
7.204096984863281250e+01
5.681387710571289062e+01
7.262162780761718750e+01
5.418873977661132812e+01
8.274518585205078125e+01
6.047629165649414062e+01
2.479358520507812500e+02
4.741231536865234375e+01
5.907061767578125000e+01
5.251912307739257812e+01
5.344697952270507812e+01
5.698995971679687500e+01
7.539294433593750000e+01
6.129290390014648438e+01
5.496065902709960938e+01
5.926976013183593750e+01
5.287229537963867188e+01
5.194182205200195312e+01
3.356522369384765625e+01
7.435893249511718750e+01
4.510091781616210938e+01
5.571406936645507812e+01
9.332241821289062500e+01
8.794449615478515625e+01
4.547625350952148438e+01
4.997631835937500000e+01
6.635215759277343750e+01
6.834222412109375000e+01
6.367048645019531250e+01
5.311208724975585938e+01
6.789181518554687500e+01
3.742796325683593750e+01
7.928668212890625000e+01
5.768542098999023438e+01
5.061814498901367188e+01
6.818934631347656250e+01
6.813426971435546875e+01
1.055638732910156250e+02
5.523022079467773438e+01
5.200412750244140625e+01
4.892932510375976562e+01
4.949345779418945312e+01
2.353620910644531250e+02
5.701446914672851562e+01
4.384202575683593750e+01
5.078197479248046875e+01
4.795235061645507812e+01
6.334992599487304688e+01
5.921427536010742188e+01
6.892365264892578125e+01
6.155856704711914062e+01
5.036909866333007812e+01
3.966374588012695312e+01
8.178589630126953125e+01
3.677637863159179688e+01
4.105916213989257812e+01
4.856352615356445312e+01
5.674332427978515625e+01
6.591217803955078125e+01
5.350946426391601562e+01
5.875635528564453125e+01
6.008858489990234375e+01
4.761659240722656250e+01
2.819527435302734375e+01
2.659070739746093750e+02
6.140712738037109375e+01
8.515446472167968750e+01
5.964027404785156250e+01
6.486721038818359375e+01
5.299441146850585938e+01
7.146312713623046875e+01
5.938994598388671875e+01
4.849668121337890625e+01
8.834187316894531250e+01
5.209323501586914062e+01
4.562059783935546875e+01
7.791329193115234375e+01
4.642251968383789062e+01
2.171844177246093750e+02
6.145191192626953125e+01
8.979145050048828125e+01
7.231926727294921875e+01
6.923640441894531250e+01
4.807292175292968750e+01
8.838046264648437500e+01
7.680240631103515625e+01
6.754345703125000000e+01
5.858827972412109375e+01
5.957867813110351562e+01
8.653054809570312500e+01
4.696779632568359375e+01
6.868300628662109375e+01
6.269569015502929688e+01
5.682690429687500000e+01
6.233875274658203125e+01
9.186579895019531250e+01
5.608601379394531250e+01
5.457899856567382812e+01
4.657351684570312500e+01
6.012285614013671875e+01
6.023773956298828125e+01
4.651574325561523438e+01
5.984624099731445312e+01
4.455905532836914062e+01
5.045431137084960938e+01
4.312710189819335938e+01
2.567122497558593750e+02
6.420755767822265625e+01
6.053125000000000000e+01
4.514567565917968750e+01
5.527146148681640625e+01
7.470920562744140625e+01
5.165718460083007812e+01
5.681894683837890625e+01
4.311181640625000000e+01
5.827915191650390625e+01
5.089669418334960938e+01
3.986125946044921875e+01
4.578485488891601562e+01
5.936654281616210938e+01
6.356870651245117188e+01
1.098323898315429688e+02
8.890570068359375000e+01
5.346194839477539062e+01
4.621989822387695312e+01
7.070956420898437500e+01
5.400157928466796875e+01
7.471714019775390625e+01
1.303344726562500000e+02
6.329950714111328125e+01
4.022844314575195312e+01
3.451689910888671875e+01
7.701675415039062500e+01
8.832087707519531250e+01
6.082400131225585938e+01
6.416207885742187500e+01
5.972471237182617188e+01
7.596936798095703125e+01
9.922319030761718750e+01
7.165368652343750000e+01
5.464354324340820312e+01
6.202927398681640625e+01
8.713063812255859375e+01
5.357226181030273438e+01
6.225691986083984375e+01
4.273878479003906250e+01
5.132881164550781250e+01
5.803248977661132812e+01
8.643417358398437500e+01
5.070803070068359375e+01
4.280526733398437500e+01
5.942119979858398438e+01
7.370185089111328125e+01
7.475630950927734375e+01
2.577169494628906250e+02
5.103273773193359375e+01
3.461208343505859375e+01
1.031073760986328125e+02
5.556300735473632812e+01
4.899741744995117188e+01
2.359098815917968750e+02
8.450726318359375000e+01
5.999191284179687500e+01
5.090634536743164062e+01
9.252612304687500000e+01
3.908018875122070312e+01
4.741992187500000000e+01
4.567672729492187500e+01
5.055158996582031250e+01
4.535753631591796875e+01
7.062442779541015625e+01
6.726576232910156250e+01
7.996952056884765625e+01
5.521369934082031250e+01
7.799053192138671875e+01
4.246346664428710938e+01
7.672018432617187500e+01
8.157980346679687500e+01
8.351416015625000000e+01
9.106258392333984375e+01
1.103891143798828125e+02
5.752295684814453125e+01
5.292701721191406250e+01
5.835086059570312500e+01
7.488765716552734375e+01
7.307952880859375000e+01
7.980202484130859375e+01
4.936203765869140625e+01
4.760675048828125000e+01
9.966243743896484375e+01
5.428797149658203125e+01
6.433566284179687500e+01
6.829714202880859375e+01
6.802950286865234375e+01
4.681585693359375000e+01
5.717799377441406250e+01
5.608935165405273438e+01
5.225428771972656250e+01
6.101253890991210938e+01
7.974295043945312500e+01
4.631800079345703125e+01
5.228627014160156250e+01
5.342959976196289062e+01
2.498296203613281250e+02
6.019710540771484375e+01
7.667832183837890625e+01
6.128532028198242188e+01
5.720120239257812500e+01
6.954560089111328125e+01
5.954396438598632812e+01
5.981467056274414062e+01
6.432534027099609375e+01
6.253593826293945312e+01
5.643457031250000000e+01
4.992026901245117188e+01
4.291488647460937500e+01
5.372270965576171875e+01
7.156525421142578125e+01
9.216383361816406250e+01
5.714990234375000000e+01
2.337384033203125000e+02
5.734948348999023438e+01
5.600963592529296875e+01
8.301429748535156250e+01
4.460015869140625000e+01
5.641201400756835938e+01
6.448249053955078125e+01
5.387009811401367188e+01
5.513740539550781250e+01
5.165578460693359375e+01
3.745028305053710938e+01
4.195279312133789062e+01
7.704792785644531250e+01
6.357637023925781250e+01
6.693685150146484375e+01
5.690188217163085938e+01
2.012610931396484375e+02
6.128729248046875000e+01
3.781090927124023438e+01
5.696498489379882812e+01
4.649718475341796875e+01
5.972653198242187500e+01
4.549701690673828125e+01
5.486977767944335938e+01
7.590603637695312500e+01
3.974649429321289062e+01
3.840876388549804688e+01
3.756769561767578125e+01
7.333278656005859375e+01
7.397470855712890625e+01
3.717588806152343750e+01
8.402417755126953125e+01
4.486740493774414062e+01
5.699425125122070312e+01
6.138877487182617188e+01
5.219632339477539062e+01
5.752437973022460938e+01
5.407263565063476562e+01
5.475982666015625000e+01
3.379851531982421875e+01
5.193753814697265625e+01
4.736709976196289062e+01
4.682873535156250000e+01
5.590090560913085938e+01
4.026131439208984375e+01
3.358422088623046875e+01
4.184722137451171875e+01
5.364116668701171875e+01
5.668830871582031250e+01
7.415953063964843750e+01
7.783531951904296875e+01
3.796097564697265625e+01
1.035798034667968750e+02
6.668720245361328125e+01
8.791162872314453125e+01
6.725746154785156250e+01
4.386503982543945312e+01
6.759455871582031250e+01
5.847198486328125000e+01
4.083338928222656250e+01
6.227329254150390625e+01
5.022906112670898438e+01
5.230081939697265625e+01
3.490380859375000000e+01
2.719499206542968750e+02
7.737842559814453125e+01
5.770078659057617188e+01
5.512334060668945312e+01
5.041220092773437500e+01
7.038516998291015625e+01
4.760362625122070312e+01
8.129553985595703125e+01
5.751641845703125000e+01
7.254314422607421875e+01
6.371572875976562500e+01
2.174010314941406250e+02
4.881096267700195312e+01
7.415794372558593750e+01
1.001793746948242188e+02
4.161886215209960938e+01
7.867362976074218750e+01
6.341395950317382812e+01
4.626255035400390625e+01
7.262807464599609375e+01
6.085406494140625000e+01
5.596273422241210938e+01
3.907684326171875000e+01
7.212157440185546875e+01
4.749717712402343750e+01
3.695279312133789062e+01
4.087669754028320312e+01
5.915620040893554688e+01
5.271765899658203125e+01
4.148696517944335938e+01
6.750534057617187500e+01
9.718261718750000000e+01
5.379462432861328125e+01
4.332556915283203125e+01
6.896248626708984375e+01
4.464125442504882812e+01
4.684327316284179688e+01
6.710276031494140625e+01
3.851072692871093750e+01
7.312670898437500000e+01
4.409700393676757812e+01
5.194651794433593750e+01
3.915475845336914062e+01
6.628517913818359375e+01
5.309639358520507812e+01
3.452552032470703125e+01
5.325692367553710938e+01
4.640674591064453125e+01
5.258576202392578125e+01
2.888829956054687500e+02
6.730656433105468750e+01
6.632617950439453125e+01
5.830949401855468750e+01
6.593010711669921875e+01
8.929635620117187500e+01
4.695764160156250000e+01
6.013249206542968750e+01
6.904508972167968750e+01
3.969274139404296875e+01
4.791187667846679688e+01
6.248316955566406250e+01
6.254933547973632812e+01
7.855990600585937500e+01
5.521081161499023438e+01
4.399869918823242188e+01
4.102376937866210938e+01
8.602915954589843750e+01
5.118878173828125000e+01
5.818864822387695312e+01
4.845413208007812500e+01
5.644775390625000000e+01
4.682303619384765625e+01
2.895875167846679688e+01
6.152586364746093750e+01
2.462768554687500000e+02
4.398365783691406250e+01
5.748556137084960938e+01
4.944516372680664062e+01
6.353029251098632812e+01
5.790051651000976562e+01
5.784782409667968750e+01
5.916399765014648438e+01
5.712071228027343750e+01
6.235069656372070312e+01
3.671433639526367188e+01
7.793782043457031250e+01
7.859501647949218750e+01
7.801685333251953125e+01
5.703469085693359375e+01
7.911312103271484375e+01
7.669847869873046875e+01
4.362720108032226562e+01
3.840351104736328125e+01
3.184523010253906250e+01
3.547851943969726562e+01
5.181447219848632812e+01
4.542501449584960938e+01
6.113589859008789062e+01
4.096506500244140625e+01
6.715563964843750000e+01
6.561538696289062500e+01
4.659213638305664062e+01
2.430883331298828125e+02
5.490647125244140625e+01
5.350182342529296875e+01
3.737471008300781250e+01
4.826638031005859375e+01
4.710115814208984375e+01
3.060798263549804688e+01
6.194203567504882812e+01
3.588032150268554688e+01
6.455534362792968750e+01
6.441190338134765625e+01
8.245571899414062500e+01
5.230915832519531250e+01
4.101853561401367188e+01
8.042096710205078125e+01
5.577137756347656250e+01
6.242115402221679688e+01
2.079194183349609375e+02
4.206994628906250000e+01
3.230284500122070312e+01
8.598516082763671875e+01
7.351924896240234375e+01
7.340289306640625000e+01
6.702420806884765625e+01
5.538951492309570312e+01
5.669647598266601562e+01
5.118957138061523438e+01
5.621198272705078125e+01
7.663132476806640625e+01
5.618263244628906250e+01
4.547106170654296875e+01
4.893780517578125000e+01
7.266471862792968750e+01
1.065552978515625000e+02
5.304365921020507812e+01
6.235847091674804688e+01
4.039427185058593750e+01
6.978398895263671875e+01
5.601313781738281250e+01
6.558009338378906250e+01
4.724985885620117188e+01
6.217800140380859375e+01
4.857666397094726562e+01
1.013313293457031250e+02
5.496588134765625000e+01
6.865159606933593750e+01
5.002190399169921875e+01
4.694073104858398438e+01
5.342176437377929688e+01
4.377413177490234375e+01
2.501709136962890625e+02
5.036683654785156250e+01
5.054632568359375000e+01
5.954169464111328125e+01
4.442214965820312500e+01
6.181997299194335938e+01
6.693042755126953125e+01
3.944591903686523438e+01
4.701557922363281250e+01
5.107122039794921875e+01
6.085741806030273438e+01
4.669773864746093750e+01
5.526707839965820312e+01
8.747611236572265625e+01
6.927724456787109375e+01
6.055818939208984375e+01
4.656442260742187500e+01
5.095396041870117188e+01
7.770532989501953125e+01
4.027779769897460938e+01
4.490561294555664062e+01
6.582052612304687500e+01
7.130175781250000000e+01
6.109227371215820312e+01
5.447690963745117188e+01
4.385174942016601562e+01
2.337115020751953125e+02
3.827732467651367188e+01
1.319484100341796875e+02
5.717329025268554688e+01
5.210914611816406250e+01
6.772795104980468750e+01
3.494679260253906250e+01
2.152915344238281250e+02
7.837007141113281250e+01
3.813686370849609375e+01
5.424661636352539062e+01
8.233786010742187500e+01
5.156177902221679688e+01
5.965955734252929688e+01
4.565965270996093750e+01
8.253141784667968750e+01
5.143173599243164062e+01
5.755961227416992188e+01
3.797118759155273438e+01
6.553988647460937500e+01
4.916645050048828125e+01
6.366344451904296875e+01
4.921601104736328125e+01
4.850827789306640625e+01
7.349485015869140625e+01
5.330198287963867188e+01
8.649386596679687500e+01
4.246903228759765625e+01
5.021243667602539062e+01
4.963049316406250000e+01
6.764768218994140625e+01
4.877381515502929688e+01
8.980471801757812500e+01
6.057300567626953125e+01
6.385741424560546875e+01
3.478717041015625000e+01
4.642837142944335938e+01
2.993352966308593750e+02
7.214889526367187500e+01
7.789157104492187500e+01
4.992107391357421875e+01
4.436339569091796875e+01
3.720034790039062500e+01
7.508747863769531250e+01
7.628386688232421875e+01
5.867581939697265625e+01
7.925013732910156250e+01
4.968836212158203125e+01
6.033459854125976562e+01
4.476275253295898438e+01
5.174609375000000000e+01
4.143115615844726562e+01
4.332368469238281250e+01
7.539901733398437500e+01
4.850616455078125000e+01
3.799472427368164062e+01
8.287364196777343750e+01
3.845809936523437500e+01
4.221642303466796875e+01
5.854030609130859375e+01
6.880972290039062500e+01
4.768904113769531250e+01
5.515860748291015625e+01
4.714688491821289062e+01
3.602695083618164062e+01
4.595306396484375000e+01
4.534730529785156250e+01
5.945018386840820312e+01
7.794461059570312500e+01
5.873220062255859375e+01
5.511093139648437500e+01
9.346990966796875000e+01
6.657218933105468750e+01
2.375413513183593750e+02
3.679148483276367188e+01
5.119786071777343750e+01
1.053471221923828125e+02
6.734227752685546875e+01
7.030220031738281250e+01
6.651786804199218750e+01
4.343447113037109375e+01
5.680684661865234375e+01
4.311373519897460938e+01
7.001396179199218750e+01
6.390155792236328125e+01
7.692910003662109375e+01
7.519011688232421875e+01
8.037177276611328125e+01
3.241650390625000000e+01
7.772991180419921875e+01
4.340436172485351562e+01
6.207122039794921875e+01
2.155719451904296875e+02
6.229877853393554688e+01
5.307724380493164062e+01
4.074256515502929688e+01
5.413185501098632812e+01
5.109465026855468750e+01
5.679876708984375000e+01
5.451883697509765625e+01
4.586808013916015625e+01
5.694722366333007812e+01
6.957166290283203125e+01
5.089441299438476562e+01
6.524188995361328125e+01
5.308996963500976562e+01
4.293008804321289062e+01
6.321009445190429688e+01
4.327394866943359375e+01
6.015849685668945312e+01
4.692249679565429688e+01
6.348314666748046875e+01
3.921525573730468750e+01
6.059827423095703125e+01
5.954632186889648438e+01
4.559165191650390625e+01
5.369361877441406250e+01
6.953723144531250000e+01
4.809876251220703125e+01
6.558293151855468750e+01
4.102368545532226562e+01
6.463457489013671875e+01
7.432057189941406250e+01
6.771128845214843750e+01
1.014675750732421875e+02
3.961219787597656250e+01
4.816567993164062500e+01
4.417956161499023438e+01
2.555820617675781250e+02
5.883552169799804688e+01
4.998664474487304688e+01
6.567361450195312500e+01
6.289522552490234375e+01
4.801496887207031250e+01
4.769040298461914062e+01
6.960464477539062500e+01
5.978305435180664062e+01
6.754692077636718750e+01
3.700051116943359375e+01
4.201029586791992188e+01
7.266831970214843750e+01
4.169789886474609375e+01
4.648622512817382812e+01
5.299941253662109375e+01
6.140468597412109375e+01
3.980797958374023438e+01
7.590168762207031250e+01
5.494797897338867188e+01
2.268492889404296875e+02
4.720294570922851562e+01
5.628961181640625000e+01
4.215132904052734375e+01
4.380874633789062500e+01
5.414025497436523438e+01
1.071674957275390625e+02
6.098128128051757812e+01
5.438636016845703125e+01
5.143564987182617188e+01
7.204565429687500000e+01
3.648920822143554688e+01
6.135507965087890625e+01
4.498554611206054688e+01
4.359693527221679688e+01
6.028815841674804688e+01
4.313132858276367188e+01
2.100174102783203125e+02
4.725539779663085938e+01
4.735346221923828125e+01
3.637617492675781250e+01
5.808824157714843750e+01
4.088954544067382812e+01
6.166993331909179688e+01
4.078342056274414062e+01
5.631924057006835938e+01
8.799196624755859375e+01
3.846299743652343750e+01
4.195456314086914062e+01
5.560186767578125000e+01
6.124414062500000000e+01
4.006242752075195312e+01
6.994687652587890625e+01
5.452058029174804688e+01
4.799847030639648438e+01
8.585034942626953125e+01
8.308723449707031250e+01
6.514710235595703125e+01
7.326056671142578125e+01
8.210223388671875000e+01
5.052650833129882812e+01
5.674456787109375000e+01
5.767382049560546875e+01
3.405279541015625000e+01
4.493392181396484375e+01
4.305256271362304688e+01
6.031821441650390625e+01
5.820486831665039062e+01
4.928553009033203125e+01
3.984952545166015625e+01
6.109090042114257812e+01
4.288522720336914062e+01
3.454013061523437500e+01
2.758881530761718750e+02
4.351001358032226562e+01
4.367459869384765625e+01
4.969102859497070312e+01
4.969512176513671875e+01
3.949428558349609375e+01
6.657131195068359375e+01
1.150054168701171875e+02
4.874541091918945312e+01
4.495569229125976562e+01
4.931550216674804688e+01
4.793387222290039062e+01
3.783981704711914062e+01
6.347273254394531250e+01
4.319152069091796875e+01
6.735139465332031250e+01
7.198281860351562500e+01
2.128343658447265625e+02
4.702583312988281250e+01
4.156148147583007812e+01
5.298641204833984375e+01
6.441316223144531250e+01
5.391260528564453125e+01
3.498260879516601562e+01
5.850651168823242188e+01
5.504160690307617188e+01
3.612432479858398438e+01
4.270958328247070312e+01
6.396704864501953125e+01
4.645590591430664062e+01
5.619592666625976562e+01
7.125308227539062500e+01
3.697399139404296875e+01
1.005202026367187500e+02
4.154389190673828125e+01
4.955905532836914062e+01
3.972341918945312500e+01
5.027048492431640625e+01
6.000748062133789062e+01
4.105143356323242188e+01
4.483198165893554688e+01
3.290257644653320312e+01
5.882490158081054688e+01
4.966749572753906250e+01
4.386523818969726562e+01
5.660358810424804688e+01
3.725587844848632812e+01
5.620597457885742188e+01
5.427213668823242188e+01
5.962133407592773438e+01
1.066301193237304688e+02
3.357202148437500000e+01
7.412763977050781250e+01
5.011145019531250000e+01
7.376631164550781250e+01
3.401451110839843750e+01
4.952943801879882812e+01
5.329139709472656250e+01
6.944254302978515625e+01
4.601241302490234375e+01
5.597045516967773438e+01
4.332489776611328125e+01
2.409656829833984375e+02
5.719694900512695312e+01
5.124515151977539062e+01
4.622508621215820312e+01
3.812345504760742188e+01
4.497323989868164062e+01
7.085397338867187500e+01
4.700653839111328125e+01
5.460118865966796875e+01
4.956645965576171875e+01
6.635859680175781250e+01
8.440859985351562500e+01
5.199121093750000000e+01
9.551612854003906250e+01
7.083714294433593750e+01
5.869084548950195312e+01
6.204533386230468750e+01
5.189519882202148438e+01
6.777773284912109375e+01
5.411259460449218750e+01
4.380108261108398438e+01
3.759672927856445312e+01
4.371119689941406250e+01
2.331349487304687500e+02
5.189459609985351562e+01
6.399337387084960938e+01
6.925352478027343750e+01
6.119343566894531250e+01
3.326656723022460938e+01
3.110514450073242188e+01
4.438351058959960938e+01
6.156285095214843750e+01
6.660456848144531250e+01
1.888236083984375000e+02
6.728752136230468750e+01
8.529409027099609375e+01
6.032598114013671875e+01
7.826152801513671875e+01
8.949627685546875000e+01
7.939042663574218750e+01
6.518165588378906250e+01
6.006640625000000000e+01
5.364487457275390625e+01
8.656709289550781250e+01
6.114055633544921875e+01
3.761549758911132812e+01
4.349871826171875000e+01
7.110144805908203125e+01
4.340621948242187500e+01
7.127254486083984375e+01
6.985403442382812500e+01
5.697332000732421875e+01
5.513157653808593750e+01
6.207692718505859375e+01
5.716071319580078125e+01
7.378776550292968750e+01
6.299050140380859375e+01
4.018994140625000000e+01
5.090933609008789062e+01
6.735586547851562500e+01
3.607651901245117188e+01
5.109229660034179688e+01
5.039715957641601562e+01
4.417010498046875000e+01
6.761085510253906250e+01
5.493798446655273438e+01
5.286948394775390625e+01
4.764133071899414062e+01
3.810434341430664062e+01
3.718156814575195312e+01
6.858322906494140625e+01
5.139046096801757812e+01
4.938218307495117188e+01
5.414016723632812500e+01
4.603979492187500000e+01
2.654269714355468750e+02
8.811233520507812500e+01
5.139086914062500000e+01
4.224020767211914062e+01
6.022005844116210938e+01
4.313906097412109375e+01
3.542882156372070312e+01
5.957694244384765625e+01
3.891275787353515625e+01
3.283935165405273438e+01
7.120996856689453125e+01
1.001641006469726562e+02
3.801294326782226562e+01
6.734490966796875000e+01
7.288120269775390625e+01
3.654874420166015625e+01
5.223910522460937500e+01
3.829225158691406250e+01
5.469691848754882812e+01
6.415691375732421875e+01
5.837776184082031250e+01
5.103032302856445312e+01
4.254848098754882812e+01
5.223174285888671875e+01
6.492707061767578125e+01
8.748184204101562500e+01
5.909902572631835938e+01
6.755385589599609375e+01
2.349447021484375000e+02
5.097254180908203125e+01
4.910474777221679688e+01
5.105921936035156250e+01
4.851899719238281250e+01
4.358838272094726562e+01
3.518853378295898438e+01
4.768851470947265625e+01
3.961772537231445312e+01
4.876245880126953125e+01
4.721084594726562500e+01
5.761780929565429688e+01
6.727452850341796875e+01
5.839787673950195312e+01
5.422481536865234375e+01
5.399895095825195312e+01
5.397385406494140625e+01
9.903602600097656250e+01
4.500535964965820312e+01
7.641340637207031250e+01
6.446694183349609375e+01
4.578167724609375000e+01
4.711175155639648438e+01
6.179279708862304688e+01
5.476427841186523438e+01
4.026704406738281250e+01
5.339516830444335938e+01
8.130287933349609375e+01
2.294118499755859375e+02
8.446625518798828125e+01
5.517961883544921875e+01
4.623583602905273438e+01
7.633593750000000000e+01
5.743495941162109375e+01
4.044359207153320312e+01
7.362008666992187500e+01
6.038111114501953125e+01
6.688139343261718750e+01
5.840953826904296875e+01
5.199958801269531250e+01
4.744172286987304688e+01
5.556663894653320312e+01
8.043039703369140625e+01
7.365093994140625000e+01
4.019234466552734375e+01
7.406659698486328125e+01
4.413737487792968750e+01
5.825350952148437500e+01
7.268570709228515625e+01
2.412144775390625000e+02
3.034132957458496094e+01
4.965727233886718750e+01
6.235326385498046875e+01
3.913504028320312500e+01
4.487104034423828125e+01
