3.828268527984619141e+00
3.825660228729248047e+00
3.814972162246704102e+00
3.820543766021728516e+00
3.804758548736572266e+00
3.835039854049682617e+00
3.730963468551635742e+00
3.802799701690673828e+00
3.772618532180786133e+00
3.788828849792480469e+00
3.819164514541625977e+00
3.786562442779541016e+00
3.835259199142456055e+00
3.823427677154541016e+00
3.752001523971557617e+00
3.777161359786987305e+00
3.762137413024902344e+00
3.768663406372070312e+00
3.779804944992065430e+00
3.809062004089355469e+00
3.710477113723754883e+00
3.767194986343383789e+00
3.791989803314208984e+00
3.813140392303466797e+00
3.705480098724365234e+00
3.748772621154785156e+00
3.813494443893432617e+00
3.764805555343627930e+00
3.710076093673706055e+00
3.795399665832519531e+00
3.731731653213500977e+00
3.781499624252319336e+00
3.781968116760253906e+00
3.778274059295654297e+00
3.747788906097412109e+00
3.826480865478515625e+00
3.799442768096923828e+00
3.790727853775024414e+00
3.719372987747192383e+00
3.797273635864257812e+00
3.767573118209838867e+00
3.781188726425170898e+00
3.833608627319335938e+00
3.769122362136840820e+00
3.757104396820068359e+00
3.764597177505493164e+00
3.723814725875854492e+00
3.812185287475585938e+00
3.794312238693237305e+00
3.810797452926635742e+00
3.823597908020019531e+00
3.785960435867309570e+00
3.784510374069213867e+00
3.770309686660766602e+00
3.837180137634277344e+00
3.751355171203613281e+00
3.793328762054443359e+00
3.745008230209350586e+00
3.758967638015747070e+00
3.794104576110839844e+00
3.771782159805297852e+00
3.720534086227416992e+00
3.810679197311401367e+00
3.735097408294677734e+00
3.766797065734863281e+00
3.719026565551757812e+00
3.793732404708862305e+00
3.832434892654418945e+00
3.811366319656372070e+00
3.849414110183715820e+00
3.782883167266845703e+00
3.752196788787841797e+00
3.735833644866943359e+00
3.743152379989624023e+00
3.753151893615722656e+00
3.765655040740966797e+00
3.773329973220825195e+00
3.784744501113891602e+00
3.724171638488769531e+00
3.773236036300659180e+00
3.799769878387451172e+00
3.768737554550170898e+00
3.786503076553344727e+00
3.829267501831054688e+00
3.762042522430419922e+00
3.794620513916015625e+00
3.726353883743286133e+00
3.763763427734375000e+00
3.733579397201538086e+00
3.714545249938964844e+00
3.749608993530273438e+00
3.784353733062744141e+00
3.758497238159179688e+00
3.740748167037963867e+00
3.722434759140014648e+00
3.741476535797119141e+00
3.792247295379638672e+00
3.798925399780273438e+00
3.780751705169677734e+00
3.811224699020385742e+00
3.803046703338623047e+00
3.796698093414306641e+00
3.773872613906860352e+00
3.781089305877685547e+00
3.754472017288208008e+00
3.820000648498535156e+00
3.785654783248901367e+00
3.742644786834716797e+00
3.808563947677612305e+00
3.723115205764770508e+00
3.736178874969482422e+00
3.835791110992431641e+00
3.721745729446411133e+00
3.769631862640380859e+00
3.809918403625488281e+00
3.762426614761352539e+00
3.747809648513793945e+00
3.744840621948242188e+00
3.707588672637939453e+00
3.837776660919189453e+00
3.821551084518432617e+00
3.777444839477539062e+00
3.768343210220336914e+00
3.724982738494873047e+00
3.804961681365966797e+00
3.806345939636230469e+00
3.701632499694824219e+00
3.721399307250976562e+00
3.783966779708862305e+00
3.768099546432495117e+00
3.744661092758178711e+00
3.805462837219238281e+00
3.779869079589843750e+00
3.768711566925048828e+00
3.735197782516479492e+00
3.781367540359497070e+00
3.781818866729736328e+00
3.701690196990966797e+00
3.800057649612426758e+00
3.748392343521118164e+00
3.802505493164062500e+00
3.739658117294311523e+00
3.834868907928466797e+00
3.793313503265380859e+00
3.720897197723388672e+00
3.710297822952270508e+00
3.795037269592285156e+00
3.750192880630493164e+00
3.730882644653320312e+00
3.848214149475097656e+00
3.767061948776245117e+00
3.799278020858764648e+00
3.771438598632812500e+00
3.794204950332641602e+00
3.692805290222167969e+00
3.794556856155395508e+00
3.813571214675903320e+00
3.817534446716308594e+00
3.795290946960449219e+00
3.770603179931640625e+00
3.811448574066162109e+00
3.771564722061157227e+00
3.778683662414550781e+00
3.763980388641357422e+00
3.760141134262084961e+00
3.755148887634277344e+00
3.715882539749145508e+00
3.775374889373779297e+00
3.809630393981933594e+00
3.824110507965087891e+00
3.765669345855712891e+00
3.824339628219604492e+00
3.796162366867065430e+00
3.828199148178100586e+00
3.780946016311645508e+00
3.845469951629638672e+00
3.821168899536132812e+00
3.832153320312500000e+00
3.830090284347534180e+00
3.844811916351318359e+00
3.816665887832641602e+00
3.858170509338378906e+00
3.796953201293945312e+00
3.766913890838623047e+00
3.872020721435546875e+00
3.839172840118408203e+00
3.876540422439575195e+00
3.879142999649047852e+00
3.785398960113525391e+00
3.845647573471069336e+00
3.828238248825073242e+00
3.832715511322021484e+00
3.839173793792724609e+00
3.833980560302734375e+00
3.832792043685913086e+00
3.833426475524902344e+00
3.842585086822509766e+00
3.840724706649780273e+00
3.861233472824096680e+00
3.828779697418212891e+00
3.865336179733276367e+00
3.787192106246948242e+00
3.849691152572631836e+00
3.834066390991210938e+00
3.802816152572631836e+00
3.834066390991210938e+00
3.787191390991210938e+00
3.849691390991210938e+00
3.818441390991210938e+00
3.818441390991210938e+00
3.802816390991210938e+00
3.818441390991210938e+00
3.834066390991210938e+00
3.787191390991210938e+00
3.818441390991210938e+00
3.787191390991210938e+00
3.834066390991210938e+00
3.834066390991210938e+00
3.818441390991210938e+00
3.834066390991210938e+00
3.818441390991210938e+00
3.834066390991210938e+00
3.802816390991210938e+00
3.849691390991210938e+00
3.834066390991210938e+00
3.818441390991210938e+00
3.818441390991210938e+00
3.849691390991210938e+00
3.771566390991210938e+00
3.818441390991210938e+00
3.865316390991210938e+00
3.818441390991210938e+00
3.834066390991210938e+00
3.865316390991210938e+00
3.849691390991210938e+00
3.787191390991210938e+00
3.834066390991210938e+00
3.865316390991210938e+00
3.818441390991210938e+00
3.802816390991210938e+00
3.802816390991210938e+00
3.818441390991210938e+00
3.849691390991210938e+00
3.802816390991210938e+00
3.834066390991210938e+00
3.818441390991210938e+00
3.834066390991210938e+00
3.818441390991210938e+00
3.818441390991210938e+00
3.849691390991210938e+00
3.834066390991210938e+00
3.787191390991210938e+00
3.834066390991210938e+00
3.834066390991210938e+00
3.771566390991210938e+00
3.818441390991210938e+00
3.818441390991210938e+00
3.818441390991210938e+00
3.802816390991210938e+00
3.818441390991210938e+00
3.849691390991210938e+00
3.849691390991210938e+00
3.834066390991210938e+00
3.849691390991210938e+00
3.834066390991210938e+00
3.755941390991210938e+00
3.787191390991210938e+00
3.787191390991210938e+00
3.834066390991210938e+00
3.834066390991210938e+00
3.802816390991210938e+00
3.834066390991210938e+00
3.818441390991210938e+00
3.802816390991210938e+00
3.834066390991210938e+00
3.802816390991210938e+00
3.802816390991210938e+00
3.849691390991210938e+00
3.849691390991210938e+00
3.818441390991210938e+00
3.802816390991210938e+00
3.865316390991210938e+00
3.818441390991210938e+00
3.834066390991210938e+00
3.802816390991210938e+00
3.771566390991210938e+00
3.865316390991210938e+00
3.818441390991210938e+00
3.802816390991210938e+00
3.834066390991210938e+00
3.787191390991210938e+00
3.802816390991210938e+00
3.818441390991210938e+00
3.834066390991210938e+00
3.849691390991210938e+00
3.849691390991210938e+00
3.849691390991210938e+00
3.787191390991210938e+00
3.818441390991210938e+00
3.802816390991210938e+00
3.834066390991210938e+00
3.849691390991210938e+00
3.818441390991210938e+00
3.818441390991210938e+00
3.849691390991210938e+00
3.787191390991210938e+00
3.834066390991210938e+00
3.787191390991210938e+00
3.802816390991210938e+00
3.834066390991210938e+00
3.865316390991210938e+00
3.771566390991210938e+00
3.802816390991210938e+00
3.802816390991210938e+00
3.818441390991210938e+00
3.834066390991210938e+00
3.787191390991210938e+00
3.802816390991210938e+00
3.834066390991210938e+00
3.755941390991210938e+00
3.849691390991210938e+00
3.849691390991210938e+00
3.755941390991210938e+00
3.834066390991210938e+00
3.865316390991210938e+00
3.802816390991210938e+00
3.818441390991210938e+00
3.818441390991210938e+00
3.865316390991210938e+00
3.849691390991210938e+00
3.771566390991210938e+00
3.865316390991210938e+00
3.802816390991210938e+00
3.849691390991210938e+00
3.834066390991210938e+00
3.849691390991210938e+00
3.787191390991210938e+00
3.818441390991210938e+00
3.834066390991210938e+00
3.849691390991210938e+00
3.834066390991210938e+00
3.771566390991210938e+00
3.818441390991210938e+00
3.834066390991210938e+00
3.818441390991210938e+00
3.802816390991210938e+00
3.818441390991210938e+00
3.834066390991210938e+00
3.787191390991210938e+00
3.787191390991210938e+00
3.834066390991210938e+00
3.834066390991210938e+00
3.802816390991210938e+00
3.818441390991210938e+00
3.849691390991210938e+00
3.818441390991210938e+00
3.818441390991210938e+00
3.802816390991210938e+00
3.849691390991210938e+00
3.834066390991210938e+00
3.834066390991210938e+00
3.834066390991210938e+00
3.834066390991210938e+00
3.834066390991210938e+00
3.849691390991210938e+00
3.787191390991210938e+00
3.834066390991210938e+00
3.834066390991210938e+00
3.787191390991210938e+00
3.787191390991210938e+00
3.849691390991210938e+00
3.834066390991210938e+00
3.834066390991210938e+00
3.849691390991210938e+00
3.865316390991210938e+00
3.865316390991210938e+00
3.787191390991210938e+00
3.818441390991210938e+00
3.849691390991210938e+00
3.802816390991210938e+00
3.849691390991210938e+00
3.802816390991210938e+00
3.818441390991210938e+00
3.787191390991210938e+00
3.834066390991210938e+00
3.849691390991210938e+00
3.834066390991210938e+00
3.802816390991210938e+00
3.802816390991210938e+00
3.802816390991210938e+00
3.834066390991210938e+00
3.834066390991210938e+00
3.849691390991210938e+00
3.787191390991210938e+00
3.834066390991210938e+00
3.787191390991210938e+00
3.787191390991210938e+00
3.865316390991210938e+00
3.802816390991210938e+00
3.849691390991210938e+00
3.865316390991210938e+00
3.834066390991210938e+00
3.834066390991210938e+00
3.849691390991210938e+00
3.787191390991210938e+00
3.849691390991210938e+00
3.865316390991210938e+00
3.818441390991210938e+00
3.818441390991210938e+00
3.818441390991210938e+00
3.787191390991210938e+00
3.818441390991210938e+00
3.787191390991210938e+00
3.755941390991210938e+00
3.771566390991210938e+00
3.818441390991210938e+00
3.849691390991210938e+00
3.834066390991210938e+00
3.834066390991210938e+00
3.818441390991210938e+00
3.849691390991210938e+00
3.834066390991210938e+00
3.818441390991210938e+00
3.787191390991210938e+00
3.802816390991210938e+00
3.834066390991210938e+00
3.771566390991210938e+00
3.849691390991210938e+00
3.818441390991210938e+00
3.818441390991210938e+00
3.771566390991210938e+00
3.849691390991210938e+00
3.802816390991210938e+00
3.834066390991210938e+00
3.802816390991210938e+00
3.818441390991210938e+00
3.849691390991210938e+00
3.849691390991210938e+00
3.849691390991210938e+00
3.818441390991210938e+00
3.771566390991210938e+00
3.771566390991210938e+00
3.865316390991210938e+00
3.849691390991210938e+00
3.834066390991210938e+00
3.818441390991210938e+00
3.787191390991210938e+00
3.834066390991210938e+00
3.849691390991210938e+00
3.834066390991210938e+00
3.834066390991210938e+00
3.787191390991210938e+00
3.771566390991210938e+00
3.818441390991210938e+00
3.787191390991210938e+00
3.818441390991210938e+00
3.834066390991210938e+00
3.818441390991210938e+00
3.802816390991210938e+00
3.771566390991210938e+00
3.865316390991210938e+00
3.787191390991210938e+00
3.834066390991210938e+00
3.834066390991210938e+00
3.834066390991210938e+00
3.865316390991210938e+00
3.849691390991210938e+00
3.818441390991210938e+00
3.818441390991210938e+00
3.802816390991210938e+00
3.818441390991210938e+00
3.865316390991210938e+00
3.849691390991210938e+00
3.802816390991210938e+00
3.802816390991210938e+00
3.755941390991210938e+00
3.849691390991210938e+00
3.802816390991210938e+00
3.834066390991210938e+00
3.818441390991210938e+00
3.787191390991210938e+00
3.818441390991210938e+00
3.802816390991210938e+00
3.818441390991210938e+00
3.849691390991210938e+00
3.818441390991210938e+00
3.802816390991210938e+00
3.849691390991210938e+00
3.849691390991210938e+00
3.849691390991210938e+00
3.849691390991210938e+00
3.802816390991210938e+00
3.771566390991210938e+00
3.834066390991210938e+00
3.849691390991210938e+00
3.818441390991210938e+00
3.849691390991210938e+00
3.787191390991210938e+00
3.787191390991210938e+00
3.818441390991210938e+00
3.834066390991210938e+00
3.818441390991210938e+00
3.802816390991210938e+00
3.849691390991210938e+00
3.834066390991210938e+00
3.771566390991210938e+00
3.802816390991210938e+00
3.818441390991210938e+00
3.834066390991210938e+00
3.849691390991210938e+00
3.818441390991210938e+00
3.818441390991210938e+00
3.818441390991210938e+00
3.802816390991210938e+00
3.834066390991210938e+00
3.849691390991210938e+00
3.865316390991210938e+00
3.818441390991210938e+00
3.818441390991210938e+00
3.834066390991210938e+00
3.802816390991210938e+00
3.834066390991210938e+00
3.818441390991210938e+00
3.834066390991210938e+00
3.865316390991210938e+00
3.849691390991210938e+00
3.834066390991210938e+00
3.818441390991210938e+00
3.849691390991210938e+00
3.771566390991210938e+00
3.834066390991210938e+00
3.849691390991210938e+00
3.865316390991210938e+00
3.802816390991210938e+00
3.818441390991210938e+00
3.787191390991210938e+00
3.834066390991210938e+00
3.802816390991210938e+00
3.802816390991210938e+00
3.787191390991210938e+00
3.818441390991210938e+00
3.755941390991210938e+00
3.818441390991210938e+00
3.834066390991210938e+00
3.834066390991210938e+00
3.818441390991210938e+00
3.849691390991210938e+00
3.818441390991210938e+00
3.834066390991210938e+00
3.865316390991210938e+00
3.849691390991210938e+00
3.787191390991210938e+00
3.818441390991210938e+00
3.802816390991210938e+00
3.834066390991210938e+00
3.849691390991210938e+00
3.834066390991210938e+00
3.802816390991210938e+00
3.787191390991210938e+00
3.802816390991210938e+00
3.771566390991210938e+00
3.802816390991210938e+00
3.818441390991210938e+00
3.802816390991210938e+00
3.802816390991210938e+00
3.865316390991210938e+00
3.818441390991210938e+00
3.818441390991210938e+00
3.834066390991210938e+00
3.834066390991210938e+00
3.834066390991210938e+00
3.834066390991210938e+00
3.818441390991210938e+00
3.740316390991210938e+00
3.834066390991210938e+00
3.818441390991210938e+00
3.802816390991210938e+00
3.834066390991210938e+00
3.834066390991210938e+00
3.834066390991210938e+00
3.787191390991210938e+00
3.865316390991210938e+00
3.834066390991210938e+00
3.818441390991210938e+00
3.849691390991210938e+00
3.849691390991210938e+00
3.849691390991210938e+00
3.849691390991210938e+00
3.802816390991210938e+00
3.834066390991210938e+00
3.834066390991210938e+00
3.818441390991210938e+00
3.802816390991210938e+00
3.818441390991210938e+00
3.771566390991210938e+00
3.818441390991210938e+00
3.787191390991210938e+00
3.802816390991210938e+00
3.834066390991210938e+00
3.818441390991210938e+00
3.818441390991210938e+00
3.834066390991210938e+00
3.802816390991210938e+00
3.802816390991210938e+00
3.802816390991210938e+00
3.802816390991210938e+00
3.865316390991210938e+00
3.818441390991210938e+00
3.865316390991210938e+00
3.849691390991210938e+00
3.818441390991210938e+00
3.802816390991210938e+00
3.834066390991210938e+00
3.818441390991210938e+00
3.849691390991210938e+00
3.802816390991210938e+00
3.802816390991210938e+00
3.865316390991210938e+00
3.834066390991210938e+00
3.771566390991210938e+00
3.834066390991210938e+00
3.802816390991210938e+00
3.818441390991210938e+00
3.834066390991210938e+00
3.849691390991210938e+00
3.834066390991210938e+00
3.834066390991210938e+00
3.818441390991210938e+00
3.787191390991210938e+00
3.818441390991210938e+00
3.818441390991210938e+00
3.771566390991210938e+00
3.834066390991210938e+00
3.787191390991210938e+00
3.740316390991210938e+00
3.802816390991210938e+00
3.818441390991210938e+00
3.740316390991210938e+00
3.834066390991210938e+00
3.818441390991210938e+00
3.849691390991210938e+00
3.834066390991210938e+00
3.802816390991210938e+00
3.818441390991210938e+00
3.802816390991210938e+00
3.849691390991210938e+00
3.818441390991210938e+00
3.802816390991210938e+00
3.787191390991210938e+00
3.818441390991210938e+00
3.787191390991210938e+00
3.834066390991210938e+00
3.849691390991210938e+00
3.834066390991210938e+00
3.818441390991210938e+00
3.834066390991210938e+00
3.802816390991210938e+00
3.834066390991210938e+00
3.865316390991210938e+00
3.865316390991210938e+00
3.849691390991210938e+00
3.818441390991210938e+00
3.865316390991210938e+00
3.849691390991210938e+00
3.849691390991210938e+00
3.818441390991210938e+00
3.834066390991210938e+00
3.802816390991210938e+00
3.818441390991210938e+00
3.849691390991210938e+00
3.849691390991210938e+00
3.787191390991210938e+00
3.834066390991210938e+00
3.834066390991210938e+00
3.787191390991210938e+00
3.849691390991210938e+00
3.849691390991210938e+00
3.802816390991210938e+00
3.802816390991210938e+00
3.849691390991210938e+00
3.818441390991210938e+00
3.787191390991210938e+00
3.802816390991210938e+00
3.834066390991210938e+00
3.849691390991210938e+00
3.755941390991210938e+00
3.834066390991210938e+00
3.849691390991210938e+00
3.849691390991210938e+00
3.802816390991210938e+00
3.849691390991210938e+00
3.865316390991210938e+00
3.818441390991210938e+00
3.802816390991210938e+00
3.787191390991210938e+00
3.834066390991210938e+00
3.787191390991210938e+00
3.865316390991210938e+00
3.865316390991210938e+00
3.865316390991210938e+00
3.849691390991210938e+00
3.802816390991210938e+00
3.834066390991210938e+00
3.771566390991210938e+00
3.865316390991210938e+00
3.818441390991210938e+00
3.771566390991210938e+00
3.834066390991210938e+00
3.834066390991210938e+00
3.834066390991210938e+00
3.771566390991210938e+00
3.834066390991210938e+00
3.787191390991210938e+00
3.834066390991210938e+00
3.849691390991210938e+00
3.818441390991210938e+00
3.849691390991210938e+00
3.771566390991210938e+00
3.818441390991210938e+00
3.834066390991210938e+00
3.802816390991210938e+00
3.849691390991210938e+00
3.802816390991210938e+00
3.787191390991210938e+00
3.802816390991210938e+00
3.802816390991210938e+00
3.834066390991210938e+00
3.818441390991210938e+00
3.787191390991210938e+00
3.865316390991210938e+00
3.849691390991210938e+00
3.802816390991210938e+00
3.802816390991210938e+00
3.802816390991210938e+00
3.834066390991210938e+00
3.802816390991210938e+00
3.802816390991210938e+00
3.834066390991210938e+00
3.818441390991210938e+00
3.834066390991210938e+00
3.802816390991210938e+00
3.834066390991210938e+00
3.818441390991210938e+00
3.834066390991210938e+00
3.818441390991210938e+00
3.849691390991210938e+00
3.818441390991210938e+00
3.802816390991210938e+00
3.787191390991210938e+00
3.834066390991210938e+00
3.818441390991210938e+00
3.849691390991210938e+00
3.849691390991210938e+00
3.802816390991210938e+00
3.802816390991210938e+00
3.818441390991210938e+00
3.818441390991210938e+00
3.849691390991210938e+00
3.834066390991210938e+00
3.818441390991210938e+00
3.818441390991210938e+00
3.865316390991210938e+00
3.802816390991210938e+00
3.771566390991210938e+00
3.834066390991210938e+00
3.849691390991210938e+00
3.834066390991210938e+00
3.802816390991210938e+00
3.802816390991210938e+00
3.834066390991210938e+00
3.849691390991210938e+00
3.787191390991210938e+00
3.771566390991210938e+00
3.802816390991210938e+00
3.849691390991210938e+00
3.834066390991210938e+00
3.818441390991210938e+00
3.818441390991210938e+00
3.818441390991210938e+00
3.865316390991210938e+00
3.834066390991210938e+00
3.834066390991210938e+00
3.771566390991210938e+00
3.849691390991210938e+00
3.849691390991210938e+00
3.834066390991210938e+00
3.771566390991210938e+00
3.834066390991210938e+00
3.865316390991210938e+00
3.802816390991210938e+00
3.818441390991210938e+00
3.818441390991210938e+00
3.849691390991210938e+00
3.802816390991210938e+00
3.802816390991210938e+00
3.802816390991210938e+00
3.834066390991210938e+00
3.818441390991210938e+00
3.834066390991210938e+00
3.771566390991210938e+00
3.865316390991210938e+00
3.818441390991210938e+00
3.865316390991210938e+00
3.818441390991210938e+00
3.818441390991210938e+00
3.818441390991210938e+00
3.834066390991210938e+00
3.818441390991210938e+00
3.865316390991210938e+00
3.818441390991210938e+00
3.818441390991210938e+00
3.787191390991210938e+00
3.834066390991210938e+00
3.818441390991210938e+00
3.771566390991210938e+00
3.771566390991210938e+00
3.818441390991210938e+00
3.802816390991210938e+00
3.818441390991210938e+00
3.802816390991210938e+00
3.849691390991210938e+00
3.865316390991210938e+00
3.771566390991210938e+00
3.834066390991210938e+00
3.802816390991210938e+00
3.865316390991210938e+00
3.849691390991210938e+00
3.802816390991210938e+00
3.849691390991210938e+00
3.818441390991210938e+00
3.849691390991210938e+00
3.771566390991210938e+00
3.818441390991210938e+00
3.834066390991210938e+00
3.834066390991210938e+00
3.834066390991210938e+00
3.818441390991210938e+00
3.802816390991210938e+00
3.849691390991210938e+00
3.865316390991210938e+00
3.834066390991210938e+00
3.849691390991210938e+00
3.849691390991210938e+00
3.787191390991210938e+00
3.818441390991210938e+00
3.834066390991210938e+00
3.787191390991210938e+00
3.834066390991210938e+00
3.818441390991210938e+00
3.849691390991210938e+00
3.849691390991210938e+00
3.818441390991210938e+00
3.818441390991210938e+00
3.834066390991210938e+00
3.818441390991210938e+00
3.818441390991210938e+00
3.771566390991210938e+00
3.834066390991210938e+00
3.834066390991210938e+00
3.849691390991210938e+00
3.818441390991210938e+00
3.834066390991210938e+00
3.834066390991210938e+00
3.771566390991210938e+00
3.849691390991210938e+00
3.834066390991210938e+00
3.755941390991210938e+00
3.834066390991210938e+00
3.818441390991210938e+00
3.802816390991210938e+00
3.818441390991210938e+00
3.865316390991210938e+00
3.849691390991210938e+00
3.834066390991210938e+00
3.802816390991210938e+00
3.802816390991210938e+00
3.740316390991210938e+00
3.849691390991210938e+00
3.834066390991210938e+00
3.818441390991210938e+00
3.818441390991210938e+00
3.771566390991210938e+00
3.802816390991210938e+00
3.802816390991210938e+00
3.802816390991210938e+00
3.818441390991210938e+00
3.849691390991210938e+00
3.818441390991210938e+00
3.849691390991210938e+00
3.787191390991210938e+00
3.849691390991210938e+00
3.865316390991210938e+00
3.802816390991210938e+00
3.818441390991210938e+00
3.802816390991210938e+00
3.818441390991210938e+00
3.865316390991210938e+00
3.818441390991210938e+00
3.818441390991210938e+00
3.818441390991210938e+00
3.755941390991210938e+00
3.802816390991210938e+00
3.849691390991210938e+00
3.834066390991210938e+00
3.834066390991210938e+00
3.802816390991210938e+00
3.787191390991210938e+00
3.849691390991210938e+00
3.849691390991210938e+00
3.834066390991210938e+00
3.849691390991210938e+00
3.802816390991210938e+00
3.834066390991210938e+00
3.849691390991210938e+00
3.818441390991210938e+00
3.802816390991210938e+00
3.834066390991210938e+00
3.865316390991210938e+00
3.771566390991210938e+00
3.834066390991210938e+00
3.849691390991210938e+00
3.802816390991210938e+00
3.771566390991210938e+00
3.834066390991210938e+00
3.834066390991210938e+00
3.818441390991210938e+00
3.802816390991210938e+00
3.802816390991210938e+00
3.834066390991210938e+00
3.787191390991210938e+00
3.787191390991210938e+00
3.834066390991210938e+00
3.834066390991210938e+00
3.834066390991210938e+00
3.849691390991210938e+00
3.802816390991210938e+00
3.787191390991210938e+00
3.818441390991210938e+00
3.834066390991210938e+00
3.802816390991210938e+00
3.802816390991210938e+00
3.771566390991210938e+00
3.834066390991210938e+00
3.849691390991210938e+00
3.849691390991210938e+00
3.865316390991210938e+00
3.834066390991210938e+00
3.849691390991210938e+00
3.818441390991210938e+00
3.849691390991210938e+00
3.818441390991210938e+00
3.849691390991210938e+00
3.802816390991210938e+00
3.787191390991210938e+00
3.834066390991210938e+00
3.834066390991210938e+00
3.787191390991210938e+00
3.818441390991210938e+00
3.834066390991210938e+00
3.787191390991210938e+00
3.755941390991210938e+00
3.849691390991210938e+00
3.834066390991210938e+00
3.818441390991210938e+00
3.849691390991210938e+00
3.802816390991210938e+00
3.849691390991210938e+00
3.818441390991210938e+00
3.740316390991210938e+00
3.834066390991210938e+00
3.834066390991210938e+00
3.849691390991210938e+00
3.818441390991210938e+00
3.849691390991210938e+00
3.802816390991210938e+00
3.818441390991210938e+00
3.834066390991210938e+00
3.849691390991210938e+00
3.834066390991210938e+00
3.802816390991210938e+00
3.787191390991210938e+00
3.818441390991210938e+00
3.834066390991210938e+00
3.787191390991210938e+00
3.834066390991210938e+00
3.818441390991210938e+00
3.818441390991210938e+00
3.849691390991210938e+00
3.834066390991210938e+00
3.818441390991210938e+00
3.802816390991210938e+00
3.818441390991210938e+00
3.802816390991210938e+00
3.834066390991210938e+00
3.771566390991210938e+00
3.834066390991210938e+00
3.771566390991210938e+00
3.849691390991210938e+00
3.818441390991210938e+00
3.802816390991210938e+00
3.834066390991210938e+00
3.818441390991210938e+00
3.834066390991210938e+00
3.865316390991210938e+00
3.834066390991210938e+00
3.787191390991210938e+00
3.865316390991210938e+00
3.802816390991210938e+00
3.802816390991210938e+00
3.849691390991210938e+00
3.818441390991210938e+00
3.834066390991210938e+00
3.787191390991210938e+00
3.849691390991210938e+00
3.787191390991210938e+00
3.849691390991210938e+00
3.834066390991210938e+00
3.787191390991210938e+00
3.818441390991210938e+00
3.802816390991210938e+00
3.834066390991210938e+00
3.849691390991210938e+00
3.834066390991210938e+00
3.818441390991210938e+00
3.802816390991210938e+00
3.865316390991210938e+00
3.818441390991210938e+00
3.787191390991210938e+00
3.834066390991210938e+00
3.834066390991210938e+00
3.818441390991210938e+00
3.818441390991210938e+00
3.818441390991210938e+00
3.849691390991210938e+00
3.802816390991210938e+00
3.849691390991210938e+00
3.849691390991210938e+00
3.802816390991210938e+00
3.818441390991210938e+00
3.818441390991210938e+00
3.787191390991210938e+00
3.802816390991210938e+00
3.865316390991210938e+00
3.787191390991210938e+00
3.834066390991210938e+00
3.771566390991210938e+00
3.818441390991210938e+00
3.849691390991210938e+00
3.834066390991210938e+00
3.818441390991210938e+00
3.834066390991210938e+00
3.787191390991210938e+00
3.849691390991210938e+00
3.818441390991210938e+00
3.818441390991210938e+00
3.818441390991210938e+00
3.834066390991210938e+00
3.818441390991210938e+00
3.818441390991210938e+00
3.834066390991210938e+00
3.787191390991210938e+00
3.740316390991210938e+00
3.849691390991210938e+00
3.802816390991210938e+00
3.787191390991210938e+00
3.849691390991210938e+00
3.787191390991210938e+00
3.802816390991210938e+00
3.849691390991210938e+00
3.834066390991210938e+00
3.834066390991210938e+00
3.834066390991210938e+00
3.834066390991210938e+00
3.849691390991210938e+00
3.834066390991210938e+00
3.834066390991210938e+00
3.818441390991210938e+00
3.834066390991210938e+00
3.849691390991210938e+00
3.787191390991210938e+00
3.834066390991210938e+00
3.834066390991210938e+00
3.818441390991210938e+00
3.849691390991210938e+00
3.834066390991210938e+00
3.818441390991210938e+00
3.818441390991210938e+00
3.818441390991210938e+00
3.818441390991210938e+00
3.834066390991210938e+00
3.849691390991210938e+00
3.787191390991210938e+00
3.787191390991210938e+00
3.787191390991210938e+00
3.834066390991210938e+00
3.849691390991210938e+00
3.849691390991210938e+00
3.849691390991210938e+00
3.834066390991210938e+00
3.787191390991210938e+00
3.787191390991210938e+00
3.865316390991210938e+00
3.865316390991210938e+00
3.834066390991210938e+00
3.834066390991210938e+00
3.834066390991210938e+00
3.818441390991210938e+00
3.849691390991210938e+00
3.787191390991210938e+00
3.818441390991210938e+00
3.818441390991210938e+00
3.818441390991210938e+00
3.818441390991210938e+00
3.802816390991210938e+00
3.818441390991210938e+00
3.787191390991210938e+00
3.849691390991210938e+00
3.834066390991210938e+00
3.802816390991210938e+00
3.802816390991210938e+00
3.802816390991210938e+00
3.849691390991210938e+00
3.771566390991210938e+00
3.802816390991210938e+00
3.834066390991210938e+00
3.818441390991210938e+00
3.849691390991210938e+00
3.849691390991210938e+00
3.834066390991210938e+00
3.834066390991210938e+00
3.755941390991210938e+00
3.834066390991210938e+00
3.802816390991210938e+00
3.834066390991210938e+00
3.834066390991210938e+00
3.865316390991210938e+00
3.834066390991210938e+00
3.771566390991210938e+00
3.771566390991210938e+00
3.834066390991210938e+00
3.865316390991210938e+00
3.802816390991210938e+00
3.802816390991210938e+00
3.834066390991210938e+00
3.818441390991210938e+00
3.849691390991210938e+00
3.802816390991210938e+00
3.834066390991210938e+00
3.818441390991210938e+00
3.834066390991210938e+00
3.818441390991210938e+00
3.787191390991210938e+00
3.849691390991210938e+00
3.849691390991210938e+00
3.849691390991210938e+00
3.787191390991210938e+00
3.818441390991210938e+00
3.802816390991210938e+00
3.802816390991210938e+00
3.865316390991210938e+00
3.849691390991210938e+00
3.787191390991210938e+00
3.818441390991210938e+00
3.818441390991210938e+00
3.865316390991210938e+00
3.802816390991210938e+00
3.818441390991210938e+00
3.802816390991210938e+00
3.818441390991210938e+00
3.771566390991210938e+00
3.802816390991210938e+00
3.818441390991210938e+00
3.849691390991210938e+00
3.818441390991210938e+00
3.834066390991210938e+00
3.834066390991210938e+00
3.834066390991210938e+00
3.834066390991210938e+00
3.818441390991210938e+00
3.818441390991210938e+00
3.834066390991210938e+00
3.865316390991210938e+00
3.865316390991210938e+00
3.787191390991210938e+00
3.834066390991210938e+00
3.818441390991210938e+00
3.818441390991210938e+00
3.787191390991210938e+00
3.834066390991210938e+00
3.771566390991210938e+00
3.818441390991210938e+00
3.755941390991210938e+00
3.818441390991210938e+00
3.818441390991210938e+00
3.849691390991210938e+00
3.849691390991210938e+00
3.834066390991210938e+00
3.818441390991210938e+00
3.834066390991210938e+00
3.818441390991210938e+00
3.865316390991210938e+00
3.834066390991210938e+00
3.849691390991210938e+00
3.834066390991210938e+00
3.818441390991210938e+00
3.818441390991210938e+00
3.834066390991210938e+00
3.802816390991210938e+00
3.802816390991210938e+00
3.818441390991210938e+00
3.834066390991210938e+00
3.802816390991210938e+00
3.834066390991210938e+00
3.771566390991210938e+00
3.865316390991210938e+00
3.787191390991210938e+00
3.818441390991210938e+00
3.849691390991210938e+00
3.787191390991210938e+00
3.802816390991210938e+00
3.818441390991210938e+00
3.787191390991210938e+00
3.818441390991210938e+00
3.802816390991210938e+00
3.849691390991210938e+00
3.849691390991210938e+00
3.802816390991210938e+00
3.834066390991210938e+00
3.802816390991210938e+00
3.818441390991210938e+00
3.865316390991210938e+00
3.771566390991210938e+00
3.865316390991210938e+00
3.818441390991210938e+00
3.818441390991210938e+00
3.802816390991210938e+00
3.802816390991210938e+00
3.787191390991210938e+00
3.771566390991210938e+00
3.834066390991210938e+00
3.818441390991210938e+00
3.818441390991210938e+00
3.849691390991210938e+00
3.818441390991210938e+00
3.849691390991210938e+00
3.834066390991210938e+00
3.818441390991210938e+00
3.849691390991210938e+00
