1.024854882812500000e+04
1.028142578125000000e+04
1.052135839843750000e+04
9.896806640625000000e+03
1.057447851562500000e+04
1.030341113281250000e+04
1.010078320312500000e+04
1.031788281250000000e+04
1.003896875000000000e+04
9.622714843750000000e+03
1.002167187500000000e+04
9.484117187500000000e+03
9.772621093750000000e+03
8.861376953125000000e+03
8.344993164062500000e+03
8.775871093750000000e+03
7.561236328125000000e+03
6.943950683593750000e+03
6.065463867187500000e+03
5.401715332031250000e+03
3.817772949218750000e+03
2.760800048828125000e+03
2.149927246093750000e+03
2.142409667968750000e+03
2.879194824218750000e+03
2.915106689453125000e+03
2.962517578125000000e+03
2.348996582031250000e+03
1.695830444335937500e+03
1.532397949218750000e+03
1.309314575195312500e+03
1.490261474609375000e+03
1.541226928710937500e+03
1.664640747070312500e+03
1.858967285156250000e+03
1.463030029296875000e+03
1.460659790039062500e+03
1.413488403320312500e+03
1.247281738281250000e+03
1.255300415039062500e+03
1.132441406250000000e+03
1.206188964843750000e+03
1.198963378906250000e+03
1.269511230468750000e+03
1.220383911132812500e+03
1.248272949218750000e+03
1.063322998046875000e+03
9.635405273437500000e+02
1.041305419921875000e+03
1.000930664062500000e+03
1.087422119140625000e+03
1.054181884765625000e+03
9.996786499023437500e+02
9.924146728515625000e+02
9.251262207031250000e+02
7.805444335937500000e+02
8.636553955078125000e+02
9.248132934570312500e+02
9.242827758789062500e+02
8.979311523437500000e+02
9.250164794921875000e+02
9.504536132812500000e+02
8.081245727539062500e+02
9.534461669921875000e+02
8.037302856445312500e+02
8.572377929687500000e+02
8.549420166015625000e+02
8.952200927734375000e+02
7.130989379882812500e+02
7.125858154296875000e+02
8.649111328125000000e+02
8.045651855468750000e+02
7.917989501953125000e+02
7.153269653320312500e+02
7.521661376953125000e+02
8.385535888671875000e+02
9.941244506835937500e+02
7.846591796875000000e+02
7.358051757812500000e+02
7.709849853515625000e+02
6.805432128906250000e+02
6.629608154296875000e+02
8.545875854492187500e+02
9.770089111328125000e+02
7.067328491210937500e+02
7.270997314453125000e+02
6.746475219726562500e+02
6.849851684570312500e+02
6.948085937500000000e+02
7.316209106445312500e+02
7.963848876953125000e+02
7.533493652343750000e+02
5.615069580078125000e+02
7.286744995117187500e+02
6.679266357421875000e+02
5.703360595703125000e+02
7.135042724609375000e+02
6.779694824218750000e+02
7.239468994140625000e+02
6.633409423828125000e+02
6.742557373046875000e+02
6.888498535156250000e+02
7.376562500000000000e+02
6.506203613281250000e+02
6.237216796875000000e+02
6.414241943359375000e+02
5.572015991210937500e+02
6.398311767578125000e+02
6.813322753906250000e+02
8.832642822265625000e+02
6.332546386718750000e+02
6.244146728515625000e+02
6.490983886718750000e+02
6.379158935546875000e+02
5.714614868164062500e+02
6.637969970703125000e+02
5.622876586914062500e+02
6.049367675781250000e+02
5.920166015625000000e+02
6.524656982421875000e+02
5.568629150390625000e+02
6.295184326171875000e+02
6.192536621093750000e+02
5.937371826171875000e+02
5.842209472656250000e+02
5.532387695312500000e+02
5.542313842773437500e+02
5.288663330078125000e+02
5.848494262695312500e+02
5.933242797851562500e+02
4.962644348144531250e+02
5.185583496093750000e+02
5.541715087890625000e+02
5.968182983398437500e+02
5.508877563476562500e+02
5.493406372070312500e+02
5.697894897460937500e+02
6.042101440429687500e+02
5.579548339843750000e+02
5.354565429687500000e+02
5.572886962890625000e+02
5.102416381835937500e+02
5.350758666992187500e+02
5.500577392578125000e+02
6.628691406250000000e+02
5.060468139648437500e+02
4.882756958007812500e+02
5.035334472656250000e+02
5.177954101562500000e+02
4.920632934570312500e+02
5.472846069335937500e+02
5.050294189453125000e+02
6.076484375000000000e+02
5.251566162109375000e+02
7.037890625000000000e+02
5.383502807617187500e+02
4.857939758300781250e+02
4.880368041992187500e+02
4.826453857421875000e+02
5.067996215820312500e+02
6.314459228515625000e+02
5.278467407226562500e+02
4.656650085449218750e+02
5.202270507812500000e+02
4.843776855468750000e+02
5.170946655273437500e+02
5.024838867187500000e+02
4.658537597656250000e+02
4.945064392089843750e+02
4.100209350585937500e+02
4.451144714355468750e+02
6.798355712890625000e+02
5.346822509765625000e+02
4.906107177734375000e+02
4.518759765625000000e+02
4.636517639160156250e+02
4.872585449218750000e+02
4.422975463867187500e+02
4.710862121582031250e+02
4.019253540039062500e+02
4.108171386718750000e+02
4.478313903808593750e+02
4.341411743164062500e+02
4.393273315429687500e+02
4.207532958984375000e+02
4.761972351074218750e+02
4.252073059082031250e+02
4.874462585449218750e+02
4.408367919921875000e+02
3.994750671386718750e+02
3.917456665039062500e+02
4.466661682128906250e+02
4.625414428710937500e+02
5.104033203125000000e+02
3.968540039062500000e+02
4.370530395507812500e+02
4.204521484375000000e+02
4.341563415527343750e+02
4.132637634277343750e+02
4.616743164062500000e+02
4.167012329101562500e+02
4.097223510742187500e+02
3.988083801269531250e+02
3.695645751953125000e+02
4.646861877441406250e+02
6.391672363281250000e+02
3.623900451660156250e+02
3.947400512695312500e+02
3.932523803710937500e+02
3.791964721679687500e+02
4.512404174804687500e+02
3.994223022460937500e+02
3.805744934082031250e+02
4.569829101562500000e+02
3.780252075195312500e+02
6.087646484375000000e+02
3.933358154296875000e+02
4.195942993164062500e+02
4.032157287597656250e+02
4.340902099609375000e+02
3.478628845214843750e+02
3.747506713867187500e+02
3.423695373535156250e+02
3.386074218750000000e+02
3.884719238281250000e+02
4.013707580566406250e+02
3.465682373046875000e+02
3.478888854980468750e+02
3.785793457031250000e+02
3.604238891601562500e+02
4.013100585937500000e+02
3.775380859375000000e+02
3.453415527343750000e+02
3.353280029296875000e+02
3.416825256347656250e+02
3.418050842285156250e+02
3.332382507324218750e+02
3.234115295410156250e+02
3.329505004882812500e+02
3.750538940429687500e+02
5.955203857421875000e+02
3.633330078125000000e+02
3.289928588867187500e+02
3.596644897460937500e+02
3.883234558105468750e+02
3.210251770019531250e+02
3.341448669433593750e+02
3.680218505859375000e+02
3.207414245605468750e+02
3.734356079101562500e+02
3.411815185546875000e+02
3.786149597167968750e+02
3.528732299804687500e+02
3.703128662109375000e+02
3.078185424804687500e+02
3.603846130371093750e+02
3.246247558593750000e+02
3.225296325683593750e+02
3.027434082031250000e+02
3.832023315429687500e+02
2.986971435546875000e+02
2.946426391601562500e+02
3.326643066406250000e+02
5.124670410156250000e+02
3.031160278320312500e+02
3.955291442871093750e+02
3.055853271484375000e+02
3.339835510253906250e+02
3.336616821289062500e+02
2.988440856933593750e+02
3.081036376953125000e+02
3.238649902343750000e+02
2.784191284179687500e+02
3.028759460449218750e+02
3.130010375976562500e+02
3.482357788085937500e+02
3.205240173339843750e+02
3.263759765625000000e+02
3.107544860839843750e+02
2.878729248046875000e+02
2.671121826171875000e+02
3.812079772949218750e+02
2.839644775390625000e+02
2.567957153320312500e+02
2.912770080566406250e+02
2.568974609375000000e+02
2.660830688476562500e+02
2.710466918945312500e+02
3.124688720703125000e+02
3.114855346679687500e+02
3.149858398437500000e+02
2.774014282226562500e+02
2.641763305664062500e+02
3.172726135253906250e+02
2.370245056152343750e+02
2.817615356445312500e+02
2.821032104492187500e+02
2.948914489746093750e+02
2.984584350585937500e+02
3.270797729492187500e+02
2.820030822753906250e+02
2.737392272949218750e+02
2.598385925292968750e+02
3.427981567382812500e+02
2.668699340820312500e+02
2.951572875976562500e+02
2.499880218505859375e+02
2.893311767578125000e+02
2.886023864746093750e+02
2.777059326171875000e+02
2.471240692138671875e+02
4.826764221191406250e+02
2.439589233398437500e+02
2.530934906005859375e+02
4.838956909179687500e+02
3.123137207031250000e+02
3.131594848632812500e+02
3.102773437500000000e+02
2.588624267578125000e+02
2.799007568359375000e+02
2.256945190429687500e+02
2.767186889648437500e+02
2.518045349121093750e+02
2.663389282226562500e+02
2.398373413085937500e+02
2.411515502929687500e+02
2.819010925292968750e+02
2.490469055175781250e+02
2.365057525634765625e+02
2.245327453613281250e+02
2.237023620605468750e+02
2.864104614257812500e+02
2.927440185546875000e+02
2.964354858398437500e+02
2.815342407226562500e+02
2.471719665527343750e+02
2.642963256835937500e+02
2.612919921875000000e+02
2.239770050048828125e+02
2.416689453125000000e+02
2.456175842285156250e+02
2.667081909179687500e+02
2.110597839355468750e+02
4.236292724609375000e+02
2.349076843261718750e+02
2.075552062988281250e+02
1.997841796875000000e+02
2.301203918457031250e+02
2.188395080566406250e+02
2.208887786865234375e+02
2.444739685058593750e+02
2.222699890136718750e+02
2.220310974121093750e+02
2.756249084472656250e+02
2.421772766113281250e+02
2.604722290039062500e+02
2.260689392089843750e+02
2.741380004882812500e+02
2.526371154785156250e+02
2.219324645996093750e+02
2.413091583251953125e+02
2.562406005859375000e+02
2.272276306152343750e+02
1.889612121582031250e+02
2.061449279785156250e+02
2.108207550048828125e+02
1.999644470214843750e+02
2.064092407226562500e+02
2.063527526855468750e+02
2.063202972412109375e+02
1.977001037597656250e+02
4.921234130859375000e+02
2.031104278564453125e+02
1.805673522949218750e+02
1.946492919921875000e+02
1.978849029541015625e+02
2.092959289550781250e+02
1.955994262695312500e+02
2.159903717041015625e+02
2.629529113769531250e+02
2.065894470214843750e+02
1.896445312500000000e+02
2.137114868164062500e+02
2.956088562011718750e+02
2.401194305419921875e+02
1.863864288330078125e+02
1.964856567382812500e+02
1.969871368408203125e+02
2.152232208251953125e+02
1.609406585693359375e+02
1.915594787597656250e+02
1.881124877929687500e+02
2.070437316894531250e+02
1.674292297363281250e+02
2.161923828125000000e+02
1.702872467041015625e+02
1.662101745605468750e+02
2.202986755371093750e+02
1.523553009033203125e+02
1.723085479736328125e+02
1.589460296630859375e+02
1.721159057617187500e+02
1.868949584960937500e+02
2.163525543212890625e+02
3.806551818847656250e+02
1.762575378417968750e+02
2.469144287109375000e+02
2.038832702636718750e+02
1.800618438720703125e+02
1.730760192871093750e+02
1.607966156005859375e+02
1.966732788085937500e+02
1.720351257324218750e+02
1.454507141113281250e+02
1.802053527832031250e+02
1.777812805175781250e+02
1.900214843750000000e+02
1.825718994140625000e+02
1.294962615966796875e+02
3.444395141601562500e+02
1.652574157714843750e+02
1.769837646484375000e+02
1.519648437500000000e+02
1.647125549316406250e+02
1.273854751586914062e+02
1.800565032958984375e+02
1.994714355468750000e+02
1.718830108642578125e+02
1.771804199218750000e+02
1.389047088623046875e+02
1.760440673828125000e+02
1.788933715820312500e+02
1.997880554199218750e+02
1.472697448730468750e+02
1.577642364501953125e+02
1.688419799804687500e+02
1.811079101562500000e+02
1.517322692871093750e+02
1.949748535156250000e+02
1.879213562011718750e+02
1.373311920166015625e+02
1.563804779052734375e+02
1.368444366455078125e+02
1.379629821777343750e+02
1.647439880371093750e+02
1.375090332031250000e+02
1.524290618896484375e+02
1.581627197265625000e+02
3.239689941406250000e+02
2.068571166992187500e+02
1.554727630615234375e+02
1.553697052001953125e+02
1.640678710937500000e+02
1.540130767822265625e+02
1.580579833984375000e+02
1.460968933105468750e+02
1.407742767333984375e+02
1.267463150024414062e+02
1.563693847656250000e+02
2.250627136230468750e+02
1.731081848144531250e+02
1.340314941406250000e+02
1.498331298828125000e+02
1.664764709472656250e+02
1.610956268310546875e+02
1.458063049316406250e+02
1.298492431640625000e+02
1.503147583007812500e+02
1.297522583007812500e+02
1.540371704101562500e+02
1.360332031250000000e+02
1.329324951171875000e+02
1.721660766601562500e+02
1.525308837890625000e+02
1.420252075195312500e+02
1.257307815551757812e+02
1.173676757812500000e+02
1.255537261962890625e+02
1.163188018798828125e+02
1.309490051269531250e+02
1.623169250488281250e+02
1.263024597167968750e+02
1.262515563964843750e+02
1.865939636230468750e+02
1.715005187988281250e+02
3.348191833496093750e+02
1.516321105957031250e+02
1.604309234619140625e+02
1.375718688964843750e+02
1.452263641357421875e+02
1.756760253906250000e+02
1.279768753051757812e+02
1.273445968627929688e+02
1.789938354492187500e+02
1.587781982421875000e+02
1.419012756347656250e+02
1.181151962280273438e+02
9.908091735839843750e+01
1.264570617675781250e+02
1.317478942871093750e+02
1.300884552001953125e+02
1.327648773193359375e+02
1.462530212402343750e+02
1.096352462768554688e+02
1.631684417724609375e+02
1.360547332763671875e+02
1.206014175415039062e+02
1.243666992187500000e+02
3.510231018066406250e+02
1.249940872192382812e+02
1.579045410156250000e+02
1.597335357666015625e+02
1.368572082519531250e+02
1.051286773681640625e+02
1.051201934814453125e+02
1.592148132324218750e+02
1.124162368774414062e+02
1.091694107055664062e+02
1.214686279296875000e+02
1.123747863769531250e+02
1.331014862060546875e+02
1.053193664550781250e+02
1.457172546386718750e+02
1.053240737915039062e+02
1.540444335937500000e+02
1.099861450195312500e+02
3.004364013671875000e+02
1.495224914550781250e+02
1.306909484863281250e+02
1.337507629394531250e+02
1.540574035644531250e+02
1.290173950195312500e+02
1.470484771728515625e+02
1.486132812500000000e+02
1.202411422729492188e+02
1.255631637573242188e+02
1.197733840942382812e+02
1.472273712158203125e+02
1.103805999755859375e+02
1.087504577636718750e+02
1.444919891357421875e+02
9.972244262695312500e+01
9.228087615966796875e+01
1.231643981933593750e+02
1.373903961181640625e+02
1.254293518066406250e+02
1.199893722534179688e+02
9.673783874511718750e+01
1.500240173339843750e+02
7.957601928710937500e+01
3.030543823242187500e+02
1.162070922851562500e+02
1.274766540527343750e+02
1.189546966552734375e+02
9.565493011474609375e+01
8.345402526855468750e+01
1.327478790283203125e+02
1.200583343505859375e+02
1.303552551269531250e+02
1.594381103515625000e+02
8.933756256103515625e+01
1.231731872558593750e+02
1.168489074707031250e+02
1.003796310424804688e+02
1.211444244384765625e+02
1.068989486694335938e+02
8.099089050292968750e+01
1.102222747802734375e+02
1.064687957763671875e+02
1.196852264404296875e+02
1.145528945922851562e+02
8.321232604980468750e+01
1.130036087036132812e+02
1.217110519409179688e+02
1.181825866699218750e+02
1.070790863037109375e+02
1.057792053222656250e+02
8.776242065429687500e+01
1.070320587158203125e+02
1.028381347656250000e+02
1.152225799560546875e+02
3.127463378906250000e+02
1.063655853271484375e+02
1.073316192626953125e+02
9.977419281005859375e+01
9.569541168212890625e+01
1.186751251220703125e+02
1.682140197753906250e+02
1.368681640625000000e+02
1.062471466064453125e+02
9.821332550048828125e+01
8.073484802246093750e+01
9.871711730957031250e+01
1.142315521240234375e+02
9.346107482910156250e+01
9.908651733398437500e+01
1.503995971679687500e+02
8.808197021484375000e+01
1.203358078002929688e+02
7.860165405273437500e+01
1.303605346679687500e+02
1.160406341552734375e+02
1.050639877319335938e+02
7.046076965332031250e+01
9.386068725585937500e+01
9.469058227539062500e+01
2.875258178710937500e+02
1.115493164062500000e+02
1.111451339721679688e+02
1.088375244140625000e+02
8.512664794921875000e+01
8.585228729248046875e+01
9.570481109619140625e+01
7.897814941406250000e+01
9.013944244384765625e+01
1.091657409667968750e+02
8.896318054199218750e+01
9.703132629394531250e+01
8.566871643066406250e+01
1.440212097167968750e+02
9.817211914062500000e+01
1.002813873291015625e+02
1.095450820922851562e+02
7.332234954833984375e+01
1.061395797729492188e+02
1.126208953857421875e+02
7.154006958007812500e+01
2.677726440429687500e+02
1.296903991699218750e+02
9.618566894531250000e+01
1.296440429687500000e+02
9.881311035156250000e+01
1.019717559814453125e+02
7.893505096435546875e+01
1.094274749755859375e+02
1.054385681152343750e+02
7.828293609619140625e+01
8.832603454589843750e+01
1.095303726196289062e+02
1.393103637695312500e+02
1.073385314941406250e+02
8.433432006835937500e+01
9.977259826660156250e+01
7.636410522460937500e+01
8.726184082031250000e+01
1.071809463500976562e+02
8.839122772216796875e+01
7.498019409179687500e+01
5.806995391845703125e+01
7.633839416503906250e+01
8.842939758300781250e+01
8.523643493652343750e+01
1.117361373901367188e+02
8.420318603515625000e+01
7.488924407958984375e+01
9.707507324218750000e+01
9.606670379638671875e+01
7.552703857421875000e+01
7.866953277587890625e+01
1.108979721069335938e+02
9.259040832519531250e+01
8.708882141113281250e+01
8.160941314697265625e+01
9.968116760253906250e+01
8.621376037597656250e+01
7.810964965820312500e+01
1.116556243896484375e+02
8.339740753173828125e+01
6.891544342041015625e+01
6.491876983642578125e+01
3.229008178710937500e+02
7.441632843017578125e+01
1.222092132568359375e+02
7.380014038085937500e+01
8.061758422851562500e+01
8.186984252929687500e+01
8.265173339843750000e+01
8.461375427246093750e+01
8.051496887207031250e+01
6.966220855712890625e+01
7.082832336425781250e+01
6.692863464355468750e+01
7.706809997558593750e+01
8.740708923339843750e+01
1.012723922729492188e+02
8.509440612792968750e+01
6.343105316162109375e+01
8.562880706787109375e+01
6.557447814941406250e+01
9.710427856445312500e+01
1.009837112426757812e+02
9.093557739257812500e+01
7.830657196044921875e+01
2.896967468261718750e+02
9.233638000488281250e+01
7.599865722656250000e+01
8.560560607910156250e+01
9.161133575439453125e+01
8.496725463867187500e+01
9.443214416503906250e+01
1.130332489013671875e+02
6.992196655273437500e+01
9.136322021484375000e+01
8.086222839355468750e+01
1.051287384033203125e+02
5.811715698242187500e+01
9.329170989990234375e+01
8.731175231933593750e+01
1.028024063110351562e+02
8.020984649658203125e+01
9.015280914306640625e+01
7.908702087402343750e+01
2.513443603515625000e+02
9.466571807861328125e+01
7.168159484863281250e+01
9.419420623779296875e+01
6.968833160400390625e+01
1.043473281860351562e+02
7.530848693847656250e+01
6.453777313232421875e+01
6.485929870605468750e+01
8.041748809814453125e+01
1.075433883666992188e+02
9.810810089111328125e+01
7.819489288330078125e+01
8.146708679199218750e+01
1.111569213867187500e+02
6.016407394409179688e+01
7.594580841064453125e+01
2.624319763183593750e+02
5.477317810058593750e+01
7.039530944824218750e+01
6.514218902587890625e+01
7.089175415039062500e+01
6.901065063476562500e+01
8.667076110839843750e+01
7.097966003417968750e+01
5.964634323120117188e+01
9.148899078369140625e+01
1.005825500488281250e+02
6.617060852050781250e+01
6.877860260009765625e+01
6.198986816406250000e+01
1.174091339111328125e+02
1.011468276977539062e+02
7.233074951171875000e+01
9.857427215576171875e+01
1.378389739990234375e+02
1.026503143310546875e+02
9.538168334960937500e+01
6.817860412597656250e+01
8.643528747558593750e+01
5.968054962158203125e+01
7.020275878906250000e+01
6.005117416381835938e+01
8.699933624267578125e+01
7.264128112792968750e+01
9.406192016601562500e+01
8.530870056152343750e+01
6.677764892578125000e+01
8.448500061035156250e+01
7.950181579589843750e+01
9.799044799804687500e+01
8.350724792480468750e+01
9.323834228515625000e+01
9.768656158447265625e+01
7.494771575927734375e+01
2.734366760253906250e+02
4.879195404052734375e+01
8.631907653808593750e+01
5.752027893066406250e+01
7.273598480224609375e+01
6.414337921142578125e+01
8.531278991699218750e+01
8.728221130371093750e+01
6.532664489746093750e+01
9.429418182373046875e+01
1.019846343994140625e+02
6.298277282714843750e+01
7.161529541015625000e+01
5.528492736816406250e+01
2.505773468017578125e+02
8.241209411621093750e+01
9.918901062011718750e+01
7.834759521484375000e+01
8.540504455566406250e+01
7.675394439697265625e+01
8.578914642333984375e+01
8.575085449218750000e+01
7.876634216308593750e+01
7.070324707031250000e+01
8.180553436279296875e+01
1.113955307006835938e+02
8.213818359375000000e+01
8.275662231445312500e+01
7.759261322021484375e+01
8.976041412353515625e+01
7.844509887695312500e+01
6.978704071044921875e+01
6.576673126220703125e+01
9.025115203857421875e+01
7.176742553710937500e+01
5.767558288574218750e+01
6.335457229614257812e+01
5.079237365722656250e+01
7.732454681396484375e+01
8.018127441406250000e+01
8.079074859619140625e+01
5.708277130126953125e+01
5.979177856445312500e+01
6.978134155273437500e+01
5.158012390136718750e+01
6.794010925292968750e+01
6.314352798461914062e+01
1.038636398315429688e+02
7.151703643798828125e+01
1.050443649291992188e+02
8.291752624511718750e+01
5.996580505371093750e+01
5.546030807495117188e+01
8.738037109375000000e+01
8.142557525634765625e+01
9.750954437255859375e+01
6.461653900146484375e+01
6.360914611816406250e+01
8.302185821533203125e+01
1.097176589965820312e+02
8.527364349365234375e+01
7.077497100830078125e+01
6.202014160156250000e+01
2.791408996582031250e+02
5.668134307861328125e+01
6.735446929931640625e+01
5.842549896240234375e+01
7.917424774169921875e+01
8.289596557617187500e+01
5.986710357666015625e+01
6.953108978271484375e+01
8.231111145019531250e+01
6.450040435791015625e+01
5.164061737060546875e+01
8.914308166503906250e+01
7.063012695312500000e+01
7.083287048339843750e+01
6.364018249511718750e+01
9.244570922851562500e+01
5.403440856933593750e+01
1.277807083129882812e+02
7.211982727050781250e+01
6.065547943115234375e+01
7.969129180908203125e+01
6.502053833007812500e+01
7.933541870117187500e+01
5.343407058715820312e+01
5.990668487548828125e+01
6.047682952880859375e+01
2.520735473632812500e+02
7.957244873046875000e+01
6.199623870849609375e+01
8.235296630859375000e+01
6.192201232910156250e+01
2.346376342773437500e+02
5.814193344116210938e+01
9.828453826904296875e+01
7.944001007080078125e+01
8.053636169433593750e+01
3.788789749145507812e+01
7.708891296386718750e+01
7.409071350097656250e+01
6.054920578002929688e+01
6.879556274414062500e+01
9.924449157714843750e+01
8.416119384765625000e+01
7.057300567626953125e+01
6.285420989990234375e+01
6.891468811035156250e+01
7.028195190429687500e+01
8.780484771728515625e+01
7.271745300292968750e+01
8.985266876220703125e+01
5.493252563476562500e+01
7.797489929199218750e+01
4.333472442626953125e+01
5.826276397705078125e+01
6.160351943969726562e+01
4.911115264892578125e+01
6.322831726074218750e+01
6.396526718139648438e+01
8.168644714355468750e+01
5.554016113281250000e+01
5.688103866577148438e+01
6.121235656738281250e+01
7.206199645996093750e+01
8.995912933349609375e+01
2.571685180664062500e+02
6.421773529052734375e+01
5.270986175537109375e+01
1.225818939208984375e+02
6.005765533447265625e+01
5.414438629150390625e+01
6.376251220703125000e+01
7.834558868408203125e+01
7.867395019531250000e+01
8.183818817138671875e+01
5.330481719970703125e+01
7.238288116455078125e+01
7.856296539306640625e+01
6.184508514404296875e+01
9.045798492431640625e+01
6.962810516357421875e+01
6.030368041992187500e+01
6.663185119628906250e+01
4.708330535888671875e+01
8.825089263916015625e+01
9.987699127197265625e+01
8.262225341796875000e+01
6.697883605957031250e+01
7.271734619140625000e+01
6.387799072265625000e+01
2.615417480468750000e+02
6.108782958984375000e+01
6.684208679199218750e+01
6.247247695922851562e+01
9.160317993164062500e+01
8.411200714111328125e+01
4.947747802734375000e+01
6.578050994873046875e+01
8.660784912109375000e+01
5.846250915527343750e+01
8.209231567382812500e+01
7.026821899414062500e+01
6.245272445678710938e+01
5.974618530273437500e+01
7.074169921875000000e+01
7.137081909179687500e+01
5.315380477905273438e+01
6.811603546142578125e+01
5.881795120239257812e+01
4.629178237915039062e+01
5.974951934814453125e+01
1.153628997802734375e+02
4.689553833007812500e+01
5.346585083007812500e+01
5.056035995483398438e+01
6.892498779296875000e+01
7.937052917480468750e+01
8.197679901123046875e+01
5.695011901855468750e+01
4.005717468261718750e+01
6.394316482543945312e+01
8.209606933593750000e+01
6.181754302978515625e+01
4.181872177124023438e+01
6.919409179687500000e+01
7.384814453125000000e+01
7.087927246093750000e+01
5.796013259887695312e+01
7.978081512451171875e+01
8.165867614746093750e+01
6.607505035400390625e+01
8.419995880126953125e+01
2.879093627929687500e+02
7.490366363525390625e+01
6.571517181396484375e+01
5.417372131347656250e+01
5.329330062866210938e+01
7.313852691650390625e+01
8.139702606201171875e+01
6.517984771728515625e+01
7.257591247558593750e+01
9.400234985351562500e+01
6.033388137817382812e+01
9.431134033203125000e+01
5.697175216674804688e+01
2.513630065917968750e+02
5.149383926391601562e+01
6.704367065429687500e+01
7.813829040527343750e+01
6.088307952880859375e+01
6.838585662841796875e+01
7.780865478515625000e+01
5.533656311035156250e+01
9.685933685302734375e+01
6.805337524414062500e+01
4.785319519042968750e+01
4.414527511596679688e+01
8.165201568603515625e+01
7.426710510253906250e+01
6.135811996459960938e+01
8.163692474365234375e+01
7.819331359863281250e+01
1.004422607421875000e+02
5.411487197875976562e+01
5.108847427368164062e+01
6.225066375732421875e+01
9.460118103027343750e+01
5.752049636840820312e+01
5.950538253784179688e+01
8.431485748291015625e+01
5.181255340576171875e+01
5.569763565063476562e+01
5.788471603393554688e+01
6.356096649169921875e+01
4.809539413452148438e+01
7.230786895751953125e+01
6.018858718872070312e+01
3.927001190185546875e+01
2.655801696777343750e+02
6.389529800415039062e+01
7.557807922363281250e+01
4.842862701416015625e+01
6.419618988037109375e+01
6.998014831542968750e+01
7.246441650390625000e+01
5.081531524658203125e+01
6.500782775878906250e+01
5.762272644042968750e+01
6.501851654052734375e+01
5.522526550292968750e+01
5.382737350463867188e+01
5.816400527954101562e+01
6.042404174804687500e+01
6.314252471923828125e+01
6.807847595214843750e+01
2.936202087402343750e+02
7.729516601562500000e+01
8.035652923583984375e+01
9.768016815185546875e+01
7.672881317138671875e+01
7.292694854736328125e+01
6.648252868652343750e+01
7.031076812744140625e+01
6.462939453125000000e+01
6.409442901611328125e+01
5.775736236572265625e+01
8.426149749755859375e+01
6.225080108642578125e+01
9.655776977539062500e+01
5.621434020996093750e+01
7.893030548095703125e+01
4.717846679687500000e+01
4.845582580566406250e+01
8.686832427978515625e+01
8.056127166748046875e+01
4.862830734252929688e+01
9.279984283447265625e+01
6.535560607910156250e+01
4.427411270141601562e+01
4.988795471191406250e+01
6.002576828002929688e+01
6.686093902587890625e+01
8.171826934814453125e+01
1.020258560180664062e+02
8.570291900634765625e+01
5.727396392822265625e+01
6.360276412963867188e+01
5.554829406738281250e+01
7.960485076904296875e+01
6.130647277832031250e+01
7.357290649414062500e+01
6.438276672363281250e+01
6.909520721435546875e+01
5.038977813720703125e+01
7.055361175537109375e+01
7.370145416259765625e+01
2.548091430664062500e+02
8.677679443359375000e+01
5.651039505004882812e+01
4.577777099609375000e+01
7.276104736328125000e+01
4.597962570190429688e+01
7.677619934082031250e+01
5.320279312133789062e+01
7.216893005371093750e+01
6.547183227539062500e+01
2.625085449218750000e+02
5.668478393554687500e+01
7.938266754150390625e+01
4.787213897705078125e+01
5.818118286132812500e+01
5.343923950195312500e+01
6.917987823486328125e+01
4.236590576171875000e+01
5.672176742553710938e+01
5.486878967285156250e+01
5.091352844238281250e+01
8.843250274658203125e+01
8.639514160156250000e+01
6.491290283203125000e+01
1.058602523803710938e+02
6.646547698974609375e+01
5.332186508178710938e+01
6.196940994262695312e+01
5.651229858398437500e+01
7.755955505371093750e+01
4.055831909179687500e+01
4.757097625732421875e+01
6.055629730224609375e+01
6.017254638671875000e+01
8.016057586669921875e+01
6.257607269287109375e+01
7.520790100097656250e+01
6.233856201171875000e+01
5.381948089599609375e+01
6.547819519042968750e+01
8.592632293701171875e+01
4.844690704345703125e+01
4.429679107666015625e+01
7.376893615722656250e+01
6.781594085693359375e+01
5.936701202392578125e+01
2.410499114990234375e+02
6.323388290405273438e+01
5.414926528930664062e+01
7.356632232666015625e+01
6.472617340087890625e+01
7.761810302734375000e+01
5.809243011474609375e+01
4.930849456787109375e+01
6.175386810302734375e+01
9.245549011230468750e+01
7.985752868652343750e+01
5.617488861083984375e+01
5.333082580566406250e+01
9.336765289306640625e+01
6.139319229125976562e+01
5.481145858764648438e+01
7.555336761474609375e+01
7.642167663574218750e+01
5.482482528686523438e+01
4.795206069946289062e+01
4.224308776855468750e+01
5.254590606689453125e+01
4.474021530151367188e+01
1.049895782470703125e+02
5.943300628662109375e+01
4.950486755371093750e+01
7.054813385009765625e+01
2.515639343261718750e+02
4.809336090087890625e+01
4.875140380859375000e+01
5.739629364013671875e+01
6.075016784667968750e+01
6.359652709960937500e+01
4.737143707275390625e+01
6.260485076904296875e+01
4.636816787719726562e+01
5.796210479736328125e+01
2.418464660644531250e+02
7.078987121582031250e+01
6.326472091674804688e+01
5.874835968017578125e+01
5.221740341186523438e+01
5.449002838134765625e+01
8.389658355712890625e+01
5.879806137084960938e+01
7.653563690185546875e+01
8.631674957275390625e+01
4.854951477050781250e+01
5.133293914794921875e+01
1.018885650634765625e+02
5.891799163818359375e+01
5.858972549438476562e+01
6.520146179199218750e+01
8.440943145751953125e+01
4.343332672119140625e+01
6.709230041503906250e+01
6.270454406738281250e+01
3.634038162231445312e+01
1.028738098144531250e+02
2.492215270996093750e+02
9.901985168457031250e+01
5.442963790893554688e+01
3.625532531738281250e+01
6.991873168945312500e+01
6.994333648681640625e+01
8.247131347656250000e+01
8.108253479003906250e+01
5.431934356689453125e+01
8.273489379882812500e+01
5.278132629394531250e+01
6.387524795532226562e+01
6.054125976562500000e+01
5.812319183349609375e+01
7.671646881103515625e+01
8.648417663574218750e+01
5.597100830078125000e+01
6.573532867431640625e+01
5.867356491088867188e+01
5.739382553100585938e+01
5.402755737304687500e+01
5.552333831787109375e+01
4.534481430053710938e+01
9.889274597167968750e+01
9.785997772216796875e+01
5.164959716796875000e+01
4.723672866821289062e+01
8.338176727294921875e+01
8.229594421386718750e+01
4.553950881958007812e+01
7.704238891601562500e+01
6.184302902221679688e+01
4.348613739013671875e+01
4.921368408203125000e+01
5.813862991333007812e+01
2.421243286132812500e+02
6.924417114257812500e+01
6.565760040283203125e+01
8.500197601318359375e+01
6.266722869873046875e+01
4.357328033447265625e+01
6.247335052490234375e+01
7.306532287597656250e+01
6.394095993041992188e+01
6.560585784912109375e+01
7.037556457519531250e+01
5.460564804077148438e+01
6.072645950317382812e+01
4.533259201049804688e+01
4.627413940429687500e+01
6.257487869262695312e+01
5.149578094482421875e+01
4.890304565429687500e+01
5.880661010742187500e+01
6.045484924316406250e+01
4.205400848388671875e+01
7.384160614013671875e+01
6.482243347167968750e+01
4.482384490966796875e+01
5.355638122558593750e+01
4.953009033203125000e+01
4.780106353759765625e+01
5.236041259765625000e+01
7.229253387451171875e+01
6.594933319091796875e+01
2.823727416992187500e+02
7.159230041503906250e+01
6.142841720581054688e+01
8.924887084960937500e+01
5.225982284545898438e+01
4.837950515747070312e+01
5.161032485961914062e+01
5.921641159057617188e+01
6.970343017578125000e+01
5.930694580078125000e+01
4.197687911987304688e+01
8.713711547851562500e+01
5.236424255371093750e+01
5.392967605590820312e+01
4.475881195068359375e+01
4.495657348632812500e+01
6.666957092285156250e+01
2.674622802734375000e+02
5.015773773193359375e+01
5.244791030883789062e+01
5.005327606201171875e+01
5.417426681518554688e+01
4.757329177856445312e+01
4.779266738891601562e+01
6.772846221923828125e+01
4.632413101196289062e+01
6.046426773071289062e+01
4.879705047607421875e+01
7.312690734863281250e+01
5.825445556640625000e+01
5.877688598632812500e+01
7.241537475585937500e+01
4.988032150268554688e+01
6.816262817382812500e+01
4.552306747436523438e+01
8.809645080566406250e+01
8.016857147216796875e+01
8.168163299560546875e+01
7.425489807128906250e+01
5.027476882934570312e+01
3.832826232910156250e+01
8.532741546630859375e+01
6.277896881103515625e+01
6.398419189453125000e+01
6.776718139648437500e+01
6.024380874633789062e+01
2.407262878417968750e+02
6.169817733764648438e+01
5.766008758544921875e+01
5.302725219726562500e+01
6.234159088134765625e+01
7.882006835937500000e+01
7.638286590576171875e+01
9.152431488037109375e+01
7.232337951660156250e+01
4.795139694213867188e+01
4.467341995239257812e+01
4.053817367553710938e+01
4.310824203491210938e+01
7.484922027587890625e+01
8.441443634033203125e+01
5.489633941650390625e+01
6.056557083129882812e+01
7.256873321533203125e+01
5.959219360351562500e+01
5.451057815551757812e+01
3.745267486572265625e+01
4.797317123413085938e+01
3.679110717773437500e+01
2.490161895751953125e+02
3.715995025634765625e+01
6.176196289062500000e+01
6.954956817626953125e+01
5.059233093261718750e+01
5.548106765747070312e+01
7.371811676025390625e+01
9.570294189453125000e+01
6.567774963378906250e+01
6.289385986328125000e+01
7.129421234130859375e+01
8.285949707031250000e+01
6.153723526000976562e+01
5.924162292480468750e+01
4.426716995239257812e+01
4.771649551391601562e+01
9.647128295898437500e+01
6.783390808105468750e+01
5.501383590698242188e+01
6.097411346435546875e+01
3.973148345947265625e+01
4.837652206420898438e+01
4.182839202880859375e+01
6.152308654785156250e+01
7.544377136230468750e+01
4.637651443481445312e+01
5.376853561401367188e+01
6.182951354980468750e+01
3.794365310668945312e+01
7.369703674316406250e+01
3.757905578613281250e+01
4.502314758300781250e+01
5.938904571533203125e+01
5.890560531616210938e+01
4.406629562377929688e+01
3.635325241088867188e+01
2.716412048339843750e+02
4.628559112548828125e+01
7.292551422119140625e+01
7.423957824707031250e+01
1.026176681518554688e+02
7.150329589843750000e+01
4.279655075073242188e+01
6.124517059326171875e+01
4.914492034912109375e+01
5.532032394409179688e+01
6.895947265625000000e+01
5.907697296142578125e+01
