3.850264549255371094e+00
3.847800731658935547e+00
3.840610742568969727e+00
3.824284791946411133e+00
3.837125062942504883e+00
3.824798107147216797e+00
3.825958490371704102e+00
3.808368206024169922e+00
3.809564590454101562e+00
3.871406793594360352e+00
3.807863235473632812e+00
3.800992012023925781e+00
3.827372312545776367e+00
3.843023300170898438e+00
3.822001457214355469e+00
3.808735609054565430e+00
3.779969215393066406e+00
3.776067972183227539e+00
3.853381156921386719e+00
3.810902118682861328e+00
3.821753263473510742e+00
3.767660617828369141e+00
3.803826093673706055e+00
3.863190174102783203e+00
3.813186407089233398e+00
3.761972904205322266e+00
3.809691429138183594e+00
3.840041399002075195e+00
3.830594062805175781e+00
3.782349109649658203e+00
3.802198171615600586e+00
3.781333684921264648e+00
3.811438083648681641e+00
3.797693014144897461e+00
3.799194097518920898e+00
3.820708036422729492e+00
3.858142852783203125e+00
3.785970926284790039e+00
3.775538206100463867e+00
3.817310810089111328e+00
3.847462177276611328e+00
3.842172861099243164e+00
3.853761672973632812e+00
3.837825536727905273e+00
3.800605773925781250e+00
3.832462072372436523e+00
3.871990919113159180e+00
3.848980903625488281e+00
3.830519676208496094e+00
3.861492872238159180e+00
3.816300392150878906e+00
3.840745210647583008e+00
3.863436222076416016e+00
3.868118047714233398e+00
3.812633752822875977e+00
3.817801475524902344e+00
3.810309171676635742e+00
3.823647499084472656e+00
3.816633701324462891e+00
3.822518825531005859e+00
3.816386461257934570e+00
3.787143468856811523e+00
3.816482782363891602e+00
3.753740310668945312e+00
3.816601514816284180e+00
3.833631515502929688e+00
3.834160804748535156e+00
3.835378885269165039e+00
3.864850282669067383e+00
3.855272769927978516e+00
3.799457073211669922e+00
3.897934675216674805e+00
3.836376428604125977e+00
3.840706586837768555e+00
3.853757858276367188e+00
3.821116209030151367e+00
3.831889629364013672e+00
3.828370571136474609e+00
3.843585252761840820e+00
3.820318937301635742e+00
3.810558557510375977e+00
3.858052730560302734e+00
3.829882621765136719e+00
3.865880489349365234e+00
3.819416284561157227e+00
3.858855009078979492e+00
3.822077274322509766e+00
3.865148067474365234e+00
3.831169605255126953e+00
3.859150409698486328e+00
3.838925361633300781e+00
3.834534168243408203e+00
3.867592811584472656e+00
3.838269233703613281e+00
3.835489034652709961e+00
3.867467880249023438e+00
3.842966794967651367e+00
3.849212408065795898e+00
3.823959350585937500e+00
3.827763319015502930e+00
3.815360784530639648e+00
3.822830200195312500e+00
3.846632957458496094e+00
3.787170171737670898e+00
3.807531118392944336e+00
3.824511289596557617e+00
3.796938657760620117e+00
3.779695510864257812e+00
3.789682626724243164e+00
3.804246664047241211e+00
3.825343608856201172e+00
3.835224390029907227e+00
3.844925165176391602e+00
3.829260587692260742e+00
3.816224336624145508e+00
3.819037914276123047e+00
3.766483545303344727e+00
3.876650094985961914e+00
3.854337930679321289e+00
3.822383642196655273e+00
3.802408456802368164e+00
3.702692508697509766e+00
3.863755941390991211e+00
3.824175596237182617e+00
3.861665010452270508e+00
3.807451009750366211e+00
3.796227216720581055e+00
3.727210998535156250e+00
3.805274009704589844e+00
3.832178354263305664e+00
3.807178497314453125e+00
3.848268508911132812e+00
3.842860460281372070e+00
3.835420370101928711e+00
3.849689006805419922e+00
3.830701351165771484e+00
3.862372159957885742e+00
3.807906866073608398e+00
3.827278137207031250e+00
3.819028615951538086e+00
3.832007884979248047e+00
3.791781425476074219e+00
3.830811262130737305e+00
3.833245515823364258e+00
3.789534091949462891e+00
3.833882093429565430e+00
3.816128253936767578e+00
3.742052555084228516e+00
3.831648111343383789e+00
3.854026794433593750e+00
3.847166538238525391e+00
3.828619718551635742e+00
3.866914272308349609e+00
3.847732543945312500e+00
3.849542617797851562e+00
3.892911195755004883e+00
3.860339403152465820e+00
3.817733287811279297e+00
3.795005798339843750e+00
3.851138353347778320e+00
3.773908853530883789e+00
3.866490602493286133e+00
3.816359758377075195e+00
3.818254947662353516e+00
3.819664478302001953e+00
3.771545171737670898e+00
3.817505359649658203e+00
3.744245052337646484e+00
3.785198450088500977e+00
3.803009986877441406e+00
3.772160768508911133e+00
3.837727069854736328e+00
3.839732170104980469e+00
3.868321418762207031e+00
3.772456645965576172e+00
3.853529214859008789e+00
3.769201993942260742e+00
3.866290330886840820e+00
3.868373155593872070e+00
3.771400451660156250e+00
3.817325115203857422e+00
3.814896583557128906e+00
3.797715425491333008e+00
3.830801248550415039e+00
3.840994358062744141e+00
3.808565378189086914e+00
3.774246215820312500e+00
3.864685535430908203e+00
3.868449926376342773e+00
3.791942119598388672e+00
3.808714866638183594e+00
3.756508588790893555e+00
3.799003839492797852e+00
3.822955608367919922e+00
3.870449304580688477e+00
3.824258327484130859e+00
3.840448379516601562e+00
3.870430469512939453e+00
3.855494976043701172e+00
3.840542554855346680e+00
3.824586153030395508e+00
3.808086395263671875e+00
3.807929754257202148e+00
3.823554754257202148e+00
3.811359882354736328e+00
3.824240207672119141e+00
3.886739730834960938e+00
3.857211828231811523e+00
3.856523752212524414e+00
3.792934417724609375e+00
3.808617591857910156e+00
3.854804754257202148e+00
3.807929992675781250e+00
3.807929754257202148e+00
3.855489253997802734e+00
3.823556423187255859e+00
3.840550661087036133e+00
3.839179754257202148e+00
3.854804754257202148e+00
3.823554754257202148e+00
3.855401039123535156e+00
3.855187177658081055e+00
3.792304754257202148e+00
3.824591636657714844e+00
3.823554754257202148e+00
3.823555231094360352e+00
3.807929754257202148e+00
3.823554754257202148e+00
3.855492353439331055e+00
3.839179754257202148e+00
3.870429754257202148e+00
3.839179754257202148e+00
3.823555231094360352e+00
3.793537139892578125e+00
3.854804754257202148e+00
3.823691844940185547e+00
3.854804754257202148e+00
3.854806184768676758e+00
3.839027881622314453e+00
3.839181661605834961e+00
3.855663776397705078e+00
3.823554754257202148e+00
3.792500495910644531e+00
3.808619022369384766e+00
3.823560953140258789e+00
3.792409658432006836e+00
3.854808330535888672e+00
3.777369737625122070e+00
3.824929952621459961e+00
3.839051961898803711e+00
3.823555946350097656e+00
3.839180469512939453e+00
3.808609724044799805e+00
3.824586153030395508e+00
3.807929754257202148e+00
3.854804754257202148e+00
3.854804754257202148e+00
3.839179754257202148e+00
3.886054754257202148e+00
3.823554754257202148e+00
3.839179754257202148e+00
3.870443820953369141e+00
3.808874845504760742e+00
3.824794530868530273e+00
3.807929992675781250e+00
3.854804754257202148e+00
3.838938474655151367e+00
3.871117353439331055e+00
3.807930231094360352e+00
3.855312585830688477e+00
3.827549219131469727e+00
3.809197187423706055e+00
3.839179754257202148e+00
3.854844808578491211e+00
3.855833530426025391e+00
3.854804754257202148e+00
3.854807615280151367e+00
3.823640823364257812e+00
3.745531082153320312e+00
3.854805231094360352e+00
3.840450286865234375e+00
3.823555231094360352e+00
3.776679992675781250e+00
3.792304992675781250e+00
3.839179754257202148e+00
3.840229034423828125e+00
3.840455293655395508e+00
3.809973478317260742e+00
3.854774475097656250e+00
3.839860677719116211e+00
3.839264392852783203e+00
3.839452981948852539e+00
3.793680191040039062e+00
3.886742353439331055e+00
3.870429754257202148e+00
3.824930191040039062e+00
3.870432615280151367e+00
3.807929754257202148e+00
3.885798692703247070e+00
3.807929754257202148e+00
3.855492591857910156e+00
3.854809522628784180e+00
3.792304992675781250e+00
3.790434598922729492e+00
3.839179754257202148e+00
3.870440483093261719e+00
3.792304754257202148e+00
3.792307853698730469e+00
3.763358354568481445e+00
3.840951919555664062e+00
3.823554754257202148e+00
3.809371471405029297e+00
3.823568344116210938e+00
3.870429754257202148e+00
3.794660329818725586e+00
3.870430231094360352e+00
3.839179754257202148e+00
3.809305191040039062e+00
3.792304992675781250e+00
3.839710950851440430e+00
3.856180191040039062e+00
3.854804754257202148e+00
3.855492353439331055e+00
3.777367830276489258e+00
3.840543985366821289e+00
3.839867353439331055e+00
3.854804754257202148e+00
3.792304754257202148e+00
3.854697465896606445e+00
3.792142629623413086e+00
3.839179754257202148e+00
3.856831550598144531e+00
3.823554754257202148e+00
3.745429754257202148e+00
3.824117422103881836e+00
3.855492353439331055e+00
3.761054754257202148e+00
3.839850187301635742e+00
3.792304754257202148e+00
3.854804992675781250e+00
3.854913711547851562e+00
3.824732780456542969e+00
3.823562145233154297e+00
3.839179754257202148e+00
3.792999029159545898e+00
3.886054754257202148e+00
3.839181184768676758e+00
3.870428562164306641e+00
3.871117353439331055e+00
3.823554992675781250e+00
3.854804754257202148e+00
3.856180191040039062e+00
3.855411767959594727e+00
3.870429754257202148e+00
3.854804754257202148e+00
3.823554754257202148e+00
3.839872360229492188e+00
3.807929754257202148e+00
3.792992591857910156e+00
3.854804754257202148e+00
3.745429754257202148e+00
3.823483467102050781e+00
3.808617115020751953e+00
3.808617353439331055e+00
3.855836391448974609e+00
3.776679754257202148e+00
3.824242353439331055e+00
3.823554754257202148e+00
3.839867353439331055e+00
3.870429754257202148e+00
3.793326616287231445e+00
3.839888334274291992e+00
3.855836153030395508e+00
3.824605941772460938e+00
3.886742353439331055e+00
3.824343442916870117e+00
3.852668046951293945e+00
3.855492353439331055e+00
3.823554754257202148e+00
3.839193344116210938e+00
3.762324333190917969e+00
3.793343067169189453e+00
3.824930191040039062e+00
3.792304754257202148e+00
3.870429754257202148e+00
3.823555469512939453e+00
3.839179754257202148e+00
3.871461153030395508e+00
3.823562622070312500e+00
3.823013067245483398e+00
3.807929754257202148e+00
3.870429754257202148e+00
3.854804754257202148e+00
3.839179754257202148e+00
3.794367790222167969e+00
3.761541843414306641e+00
3.886054754257202148e+00
3.823554754257202148e+00
3.854805469512939453e+00
3.839179754257202148e+00
3.825617790222167969e+00
3.824242353439331055e+00
3.869992971420288086e+00
3.840533256530761719e+00
3.838464736938476562e+00
3.822821140289306641e+00
3.825273990631103516e+00
3.792304754257202148e+00
3.839179754257202148e+00
3.823554754257202148e+00
3.839184761047363281e+00
3.854804754257202148e+00
3.823554754257202148e+00
3.807930469512939453e+00
3.870280027389526367e+00
3.807929754257202148e+00
3.839179754257202148e+00
3.839018344879150391e+00
3.761054754257202148e+00
3.839180231094360352e+00
3.855493068695068359e+00
3.855492353439331055e+00
3.808617353439331055e+00
3.793332338333129883e+00
3.871119976043701172e+00
3.855492353439331055e+00
3.856180191040039062e+00
3.824242353439331055e+00
3.792992591857910156e+00
3.824242353439331055e+00
3.840211153030395508e+00
3.793336153030395508e+00
3.854652404785156250e+00
3.871117353439331055e+00
3.854804754257202148e+00
3.777711629867553711e+00
3.761842727661132812e+00
3.854804754257202148e+00
3.839179754257202148e+00
3.839873313903808594e+00
3.857552766799926758e+00
3.856522560119628906e+00
3.856867313385009766e+00
3.842509508132934570e+00
3.839590549468994141e+00
3.821804523468017578e+00
3.863742351531982422e+00
3.838357210159301758e+00
3.793753147125244141e+00
3.804156780242919922e+00
3.836959838867187500e+00
3.811943531036376953e+00
3.840025424957275391e+00
3.869539499282836914e+00
3.837770938873291016e+00
3.834358453750610352e+00
3.680954933166503906e+00
3.774033784866333008e+00
3.779715776443481445e+00
3.806511402130126953e+00
3.853504180908203125e+00
3.884486436843872070e+00
3.885989189147949219e+00
3.839663982391357422e+00
3.824208498001098633e+00
3.871478080749511719e+00
3.824401617050170898e+00
3.868738651275634766e+00
3.859059333801269531e+00
3.843729496002197266e+00
3.886922836303710938e+00
3.854210138320922852e+00
3.851552248001098633e+00
3.859423398971557617e+00
3.807435274124145508e+00
3.823918104171752930e+00
3.861497879028320312e+00
3.816260576248168945e+00
3.873475551605224609e+00
3.824777841567993164e+00
3.825807332992553711e+00
3.893463611602783203e+00
3.841045618057250977e+00
3.857059240341186523e+00
3.853662014007568359e+00
3.856329679489135742e+00
3.852245569229125977e+00
3.820651531219482422e+00
3.860497474670410156e+00
3.838511705398559570e+00
3.872082233428955078e+00
3.839715003967285156e+00
3.852417469024658203e+00
3.835780620574951172e+00
3.813278675079345703e+00
3.777558803558349609e+00
3.889684677124023438e+00
3.823727369308471680e+00
3.806230068206787109e+00
3.868558168411254883e+00
3.806058168411254883e+00
3.827382564544677734e+00
3.820307970046997070e+00
3.855340003967285156e+00
3.885214805603027344e+00
3.827012777328491211e+00
3.826324939727783203e+00
3.870105504989624023e+00
3.852245569229125977e+00
3.805886268615722656e+00
3.855855941772460938e+00
3.819963932037353516e+00
3.839027404785156250e+00
3.903590440750122070e+00
3.883495569229125977e+00
3.820651769638061523e+00
3.867354869842529297e+00
3.823402404785156250e+00
3.801932096481323242e+00
3.787338733673095703e+00
3.761761903762817383e+00
3.857059240341186523e+00
3.853276968002319336e+00
3.871480941772460938e+00
3.870277404785156250e+00
3.852933168411254883e+00
3.806746006011962891e+00
3.902730941772460938e+00
3.841606140136718750e+00
3.868558168411254883e+00
3.816869497299194336e+00
3.819104433059692383e+00
3.872340440750122070e+00
3.776011705398559570e+00
3.818761348724365234e+00
3.808808803558349609e+00
3.838683605194091797e+00
3.807089805603027344e+00
3.869761705398559570e+00
3.825121641159057617e+00
3.795590877532958984e+00
3.816869497299194336e+00
3.869929075241088867e+00
3.838339805603027344e+00
3.803651332855224609e+00
3.850526332855224609e+00
3.900839805603027344e+00
3.853276968002319336e+00
3.900496006011962891e+00
3.867182970046997070e+00
3.824949741363525391e+00
3.842121839523315430e+00
3.871996641159057617e+00
3.833698034286499023e+00
3.810008287429809570e+00
3.885214805603027344e+00
3.823574304580688477e+00
3.890887975692749023e+00
3.843491315841674805e+00
3.902902841567993164e+00
3.834557533264160156e+00
3.841090440750122070e+00
3.866667032241821289e+00
3.819963932037353516e+00
3.824090003967285156e+00
3.837651968002319336e+00
3.819276332855224609e+00
3.824090003967285156e+00
3.887793540954589844e+00
3.839021921157836914e+00
3.856027841567993164e+00
3.830794811248779297e+00
3.885730504989624023e+00
3.849150896072387695e+00
3.858090877532958984e+00
3.852761268615722656e+00
3.788886070251464844e+00
3.870277404785156250e+00
3.841778039932250977e+00
3.873371839523315430e+00
3.883495569229125977e+00
3.860153675079345703e+00
3.873371839523315430e+00
3.759181737899780273e+00
3.760902404785156250e+00
3.835932970046997070e+00
3.888309240341186523e+00
3.886590003967285156e+00
3.786994934082031250e+00
3.810356140136718750e+00
3.851901769638061523e+00
3.869073867797851562e+00
3.788370132446289062e+00
3.870277404785156250e+00
3.866838932037353516e+00
3.842637062072753906e+00
3.883323669433593750e+00
3.835588932037353516e+00
3.869933605194091797e+00
3.841573715209960938e+00
3.839715003967285156e+00
3.854652404785156250e+00
3.791464805603027344e+00
3.807605504989624023e+00
3.836448669433593750e+00
3.867182970046997070e+00
3.883839368820190430e+00
3.859122276306152344e+00
3.870105504989624023e+00
3.794903039932250977e+00
3.854480504989624023e+00
3.900839805603027344e+00
3.807949304580688477e+00
3.838511705398559570e+00
3.842465639114379883e+00
3.812247276306152344e+00
3.841262340545654297e+00
3.790605068206787109e+00
3.903074741363525391e+00
3.826668739318847656e+00
3.796795845031738281e+00
3.854308605194091797e+00
3.859122276306152344e+00
3.844012975692749023e+00
3.827526330947875977e+00
3.844184875488281250e+00
3.829935312271118164e+00
3.876122713088989258e+00
3.839371204376220703e+00
3.859122276306152344e+00
3.828216075897216797e+00
3.805370569229125977e+00
3.888653039932250977e+00
3.786307096481323242e+00
3.824090003967285156e+00
3.804854869842529297e+00
3.837136268615722656e+00
3.851729869842529297e+00
3.841262340545654297e+00
3.855855703353881836e+00
3.810871839523315430e+00
3.840574741363525391e+00
3.886246204376220703e+00
3.817576646804809570e+00
3.826840877532958984e+00
3.857363700866699219e+00
3.792496204376220703e+00
3.857574939727783203e+00
3.884183168411254883e+00
3.871506929397583008e+00
3.857057571411132812e+00
3.901475191116333008e+00
3.889856338500976562e+00
3.831138610839843750e+00
3.866686582565307617e+00
3.851405382156372070e+00
3.878244400024414062e+00
3.864967584609985352e+00
3.849514484405517578e+00
3.830451011657714844e+00
3.861185312271118164e+00
3.876466512680053711e+00
3.840058803558349609e+00
3.881451845169067383e+00
3.834721088409423828e+00
3.896217346191406250e+00
3.851920843124389648e+00
3.836124420166015625e+00
3.872788667678833008e+00
3.879904747009277344e+00
3.888995885848999023e+00
3.851901769638061523e+00
3.869933605194091797e+00
3.808110475540161133e+00
3.854639530181884766e+00
3.850526332855224609e+00
3.853621006011962891e+00
3.862709283828735352e+00
3.820651769638061523e+00
3.870277404785156250e+00
3.885902404785156250e+00
3.868901968002319336e+00
3.841308355331420898e+00
3.871649026870727539e+00
3.870429754257202148e+00
3.870429754257202148e+00
3.886054754257202148e+00
3.870429754257202148e+00
3.854804754257202148e+00
3.854804754257202148e+00
3.886054754257202148e+00
3.886054754257202148e+00
3.870429754257202148e+00
3.886054754257202148e+00
3.886054754257202148e+00
3.870429754257202148e+00
3.870429754257202148e+00
3.886054754257202148e+00
3.839179754257202148e+00
3.886054754257202148e+00
3.870429754257202148e+00
3.870429754257202148e+00
3.886054754257202148e+00
3.854804754257202148e+00
3.886054754257202148e+00
3.886054754257202148e+00
3.886054754257202148e+00
3.886054754257202148e+00
3.870429754257202148e+00
3.886054754257202148e+00
3.870429754257202148e+00
3.886054754257202148e+00
3.886054754257202148e+00
3.870429754257202148e+00
3.854804754257202148e+00
3.886054754257202148e+00
3.886054754257202148e+00
3.870429754257202148e+00
3.870429754257202148e+00
3.854804754257202148e+00
3.886054754257202148e+00
3.870429754257202148e+00
3.886054754257202148e+00
3.870429754257202148e+00
3.886054754257202148e+00
3.870429754257202148e+00
3.870429754257202148e+00
3.870429754257202148e+00
3.870429754257202148e+00
3.870429754257202148e+00
3.870429754257202148e+00
3.886054754257202148e+00
3.886054754257202148e+00
3.886054754257202148e+00
3.886054754257202148e+00
3.886054754257202148e+00
3.854804754257202148e+00
3.886054754257202148e+00
3.886054754257202148e+00
3.886054754257202148e+00
3.886054754257202148e+00
3.870429754257202148e+00
3.886054754257202148e+00
3.854804754257202148e+00
3.870429754257202148e+00
3.870429754257202148e+00
3.870429754257202148e+00
3.886054754257202148e+00
3.886054754257202148e+00
3.854804754257202148e+00
3.854804754257202148e+00
3.886054754257202148e+00
3.854804754257202148e+00
3.886054754257202148e+00
3.886054754257202148e+00
3.870429754257202148e+00
3.870429754257202148e+00
3.870429754257202148e+00
3.854804754257202148e+00
3.870429754257202148e+00
3.886054754257202148e+00
3.886054754257202148e+00
3.886054754257202148e+00
3.870429754257202148e+00
3.870429754257202148e+00
3.886054754257202148e+00
3.870429754257202148e+00
3.870429754257202148e+00
3.870429754257202148e+00
3.854804754257202148e+00
3.854804754257202148e+00
3.886054754257202148e+00
3.886054754257202148e+00
3.886054754257202148e+00
3.886054754257202148e+00
3.886054754257202148e+00
3.886054754257202148e+00
3.854804754257202148e+00
3.886054754257202148e+00
3.886054754257202148e+00
3.886054754257202148e+00
3.886054754257202148e+00
3.886054754257202148e+00
3.886054754257202148e+00
3.870429754257202148e+00
3.886054754257202148e+00
3.870429754257202148e+00
3.886054754257202148e+00
3.886054754257202148e+00
3.886054754257202148e+00
3.870429754257202148e+00
3.854804754257202148e+00
3.854804754257202148e+00
3.886054754257202148e+00
3.886054754257202148e+00
3.886054754257202148e+00
3.854804754257202148e+00
3.870429754257202148e+00
3.870429754257202148e+00
3.886054754257202148e+00
3.870429754257202148e+00
3.886054754257202148e+00
3.870429754257202148e+00
3.886054754257202148e+00
3.870429754257202148e+00
3.886054754257202148e+00
3.870429754257202148e+00
3.870429754257202148e+00
3.870429754257202148e+00
3.886054754257202148e+00
3.870429754257202148e+00
3.886054754257202148e+00
3.870429754257202148e+00
3.854804754257202148e+00
3.870429754257202148e+00
3.886054754257202148e+00
3.870429754257202148e+00
3.870429754257202148e+00
3.886054754257202148e+00
3.870429754257202148e+00
3.886054754257202148e+00
3.886054754257202148e+00
3.886054754257202148e+00
3.886054754257202148e+00
3.886054754257202148e+00
3.870429754257202148e+00
3.870429754257202148e+00
3.870429754257202148e+00
3.870429754257202148e+00
3.854804754257202148e+00
3.839179754257202148e+00
3.886054754257202148e+00
3.886054754257202148e+00
3.886054754257202148e+00
3.870429754257202148e+00
3.886054754257202148e+00
3.886054754257202148e+00
3.886054754257202148e+00
3.886054754257202148e+00
3.854804754257202148e+00
3.870429754257202148e+00
3.870429754257202148e+00
3.886054754257202148e+00
3.886054754257202148e+00
3.886054754257202148e+00
3.870429754257202148e+00
3.870429754257202148e+00
3.839179754257202148e+00
3.870429754257202148e+00
3.886054754257202148e+00
3.870429754257202148e+00
3.870429754257202148e+00
3.886054754257202148e+00
3.886054754257202148e+00
3.854804754257202148e+00
3.870429754257202148e+00
3.870429754257202148e+00
3.870429754257202148e+00
3.886054754257202148e+00
3.854804754257202148e+00
3.886054754257202148e+00
3.886054754257202148e+00
3.886054754257202148e+00
3.886054754257202148e+00
3.854804754257202148e+00
3.870429754257202148e+00
3.886054754257202148e+00
3.886054754257202148e+00
3.886054754257202148e+00
3.886054754257202148e+00
3.886054754257202148e+00
3.886054754257202148e+00
3.870429754257202148e+00
3.854804754257202148e+00
3.870429754257202148e+00
3.870429754257202148e+00
3.886054754257202148e+00
3.886054754257202148e+00
3.870429754257202148e+00
3.870429754257202148e+00
3.870429754257202148e+00
3.886054754257202148e+00
3.870429754257202148e+00
3.854804754257202148e+00
3.870429754257202148e+00
3.870429754257202148e+00
3.870429754257202148e+00
3.886054754257202148e+00
3.870429754257202148e+00
3.870429754257202148e+00
3.886054754257202148e+00
3.886054754257202148e+00
3.886054754257202148e+00
3.870429754257202148e+00
3.886054754257202148e+00
3.870429754257202148e+00
3.886054754257202148e+00
3.886054754257202148e+00
3.886054754257202148e+00
3.854804754257202148e+00
3.886054754257202148e+00
3.886054754257202148e+00
3.870429754257202148e+00
3.870429754257202148e+00
3.886054754257202148e+00
3.886054754257202148e+00
3.886054754257202148e+00
3.870429754257202148e+00
3.870429754257202148e+00
3.870429754257202148e+00
3.886054754257202148e+00
3.886054754257202148e+00
3.870429754257202148e+00
3.839179754257202148e+00
3.886054754257202148e+00
3.854804754257202148e+00
3.886054754257202148e+00
3.886054754257202148e+00
3.886054754257202148e+00
3.870429754257202148e+00
3.839179754257202148e+00
3.870429754257202148e+00
3.870429754257202148e+00
3.870429754257202148e+00
3.886054754257202148e+00
3.886054754257202148e+00
3.886054754257202148e+00
3.870429754257202148e+00
3.870429754257202148e+00
3.886054754257202148e+00
3.870429754257202148e+00
3.870429754257202148e+00
3.886054754257202148e+00
3.886054754257202148e+00
3.870429754257202148e+00
3.870429754257202148e+00
3.886054754257202148e+00
3.886054754257202148e+00
3.870429754257202148e+00
3.886054754257202148e+00
3.854804754257202148e+00
3.870429754257202148e+00
3.870429754257202148e+00
3.886054754257202148e+00
3.870429754257202148e+00
3.886054754257202148e+00
3.886054754257202148e+00
3.886054754257202148e+00
3.886054754257202148e+00
3.886054754257202148e+00
3.870429754257202148e+00
3.886054754257202148e+00
3.870429754257202148e+00
3.870429754257202148e+00
3.854804754257202148e+00
3.886054754257202148e+00
3.870429754257202148e+00
3.870429754257202148e+00
3.854804754257202148e+00
3.886054754257202148e+00
3.854804754257202148e+00
3.870429754257202148e+00
3.886054754257202148e+00
3.886054754257202148e+00
3.886054754257202148e+00
3.886054754257202148e+00
3.886054754257202148e+00
3.854804754257202148e+00
3.870429754257202148e+00
3.870429754257202148e+00
3.886054754257202148e+00
3.886054754257202148e+00
3.886054754257202148e+00
3.886054754257202148e+00
3.886054754257202148e+00
3.886054754257202148e+00
3.886054754257202148e+00
3.886054754257202148e+00
3.870429754257202148e+00
3.886054754257202148e+00
3.854804754257202148e+00
3.870429754257202148e+00
3.870429754257202148e+00
3.839179754257202148e+00
3.870429754257202148e+00
3.854804754257202148e+00
3.886054754257202148e+00
3.870429754257202148e+00
3.823554754257202148e+00
3.854804754257202148e+00
3.886054754257202148e+00
3.854804754257202148e+00
3.854804754257202148e+00
3.870429754257202148e+00
3.886054754257202148e+00
3.870429754257202148e+00
3.886054754257202148e+00
3.886054754257202148e+00
3.870429754257202148e+00
3.870429754257202148e+00
3.886054754257202148e+00
3.886054754257202148e+00
3.886054754257202148e+00
3.886054754257202148e+00
3.886054754257202148e+00
3.870429754257202148e+00
3.886054754257202148e+00
3.870429754257202148e+00
3.886054754257202148e+00
3.870429754257202148e+00
3.886054754257202148e+00
3.886054754257202148e+00
3.886054754257202148e+00
3.886054754257202148e+00
3.854804754257202148e+00
3.886054754257202148e+00
3.886054754257202148e+00
3.870429754257202148e+00
3.870429754257202148e+00
3.886054754257202148e+00
3.886054754257202148e+00
3.854804754257202148e+00
3.870429754257202148e+00
3.886054754257202148e+00
3.870429754257202148e+00
3.886054754257202148e+00
3.886054754257202148e+00
3.886054754257202148e+00
3.839179754257202148e+00
3.886054754257202148e+00
3.886054754257202148e+00
3.886054754257202148e+00
3.886054754257202148e+00
3.886054754257202148e+00
3.886054754257202148e+00
3.886054754257202148e+00
3.854804754257202148e+00
3.854804754257202148e+00
3.870429754257202148e+00
3.870429754257202148e+00
3.886054754257202148e+00
3.854804754257202148e+00
3.870429754257202148e+00
3.886054754257202148e+00
3.886054754257202148e+00
3.870429754257202148e+00
3.886054754257202148e+00
3.886054754257202148e+00
3.870429754257202148e+00
3.886054754257202148e+00
3.886054754257202148e+00
3.870429754257202148e+00
3.870429754257202148e+00
3.870429754257202148e+00
3.870429754257202148e+00
3.870429754257202148e+00
3.886054754257202148e+00
3.839179754257202148e+00
3.870429754257202148e+00
3.870429754257202148e+00
3.870429754257202148e+00
3.870429754257202148e+00
3.886054754257202148e+00
3.886054754257202148e+00
3.886054754257202148e+00
3.870429754257202148e+00
3.886054754257202148e+00
3.886054754257202148e+00
3.886054754257202148e+00
3.886054754257202148e+00
3.886054754257202148e+00
3.870429754257202148e+00
3.886054754257202148e+00
3.886054754257202148e+00
3.886054754257202148e+00
3.886054754257202148e+00
3.870429754257202148e+00
3.886054754257202148e+00
3.870429754257202148e+00
3.886054754257202148e+00
3.839179754257202148e+00
3.886054754257202148e+00
3.886054754257202148e+00
3.886054754257202148e+00
3.886054754257202148e+00
3.870429754257202148e+00
3.870429754257202148e+00
3.870429754257202148e+00
3.886054754257202148e+00
3.839179754257202148e+00
3.839179754257202148e+00
3.870429754257202148e+00
3.870429754257202148e+00
3.886054754257202148e+00
3.886054754257202148e+00
3.854804754257202148e+00
3.886054754257202148e+00
3.886054754257202148e+00
3.870429754257202148e+00
3.870429754257202148e+00
3.839179754257202148e+00
3.886054754257202148e+00
3.870429754257202148e+00
3.886054754257202148e+00
3.886054754257202148e+00
3.886054754257202148e+00
3.870429754257202148e+00
3.870429754257202148e+00
3.886054754257202148e+00
3.886054754257202148e+00
3.854804754257202148e+00
3.886054754257202148e+00
3.886054754257202148e+00
3.870429754257202148e+00
3.870429754257202148e+00
3.870429754257202148e+00
3.886054754257202148e+00
3.886054754257202148e+00
3.886054754257202148e+00
3.870429754257202148e+00
3.886054754257202148e+00
3.886054754257202148e+00
3.870429754257202148e+00
3.886054754257202148e+00
3.886054754257202148e+00
3.854804754257202148e+00
3.870429754257202148e+00
3.870429754257202148e+00
3.870429754257202148e+00
3.870429754257202148e+00
3.854804754257202148e+00
3.854804754257202148e+00
3.870429754257202148e+00
3.886054754257202148e+00
3.870429754257202148e+00
3.886054754257202148e+00
3.886054754257202148e+00
3.870429754257202148e+00
3.886054754257202148e+00
3.886054754257202148e+00
3.854804754257202148e+00
3.886054754257202148e+00
3.886054754257202148e+00
3.886054754257202148e+00
3.886054754257202148e+00
3.886054754257202148e+00
3.823554754257202148e+00
3.886054754257202148e+00
3.886054754257202148e+00
3.854804754257202148e+00
3.886054754257202148e+00
3.870429754257202148e+00
3.886054754257202148e+00
3.870429754257202148e+00
3.854804754257202148e+00
3.886054754257202148e+00
3.886054754257202148e+00
3.886054754257202148e+00
3.870429754257202148e+00
3.886054754257202148e+00
3.886054754257202148e+00
3.870429754257202148e+00
3.886054754257202148e+00
3.870429754257202148e+00
3.854804754257202148e+00
3.886054754257202148e+00
3.886054754257202148e+00
3.886054754257202148e+00
3.870429754257202148e+00
3.886054754257202148e+00
3.854804754257202148e+00
3.870429754257202148e+00
3.870429754257202148e+00
3.886054754257202148e+00
3.870429754257202148e+00
3.886054754257202148e+00
3.870429754257202148e+00
3.870429754257202148e+00
3.870429754257202148e+00
3.870429754257202148e+00
3.886054754257202148e+00
3.870429754257202148e+00
3.870429754257202148e+00
3.870429754257202148e+00
3.870429754257202148e+00
3.854804754257202148e+00
3.886054754257202148e+00
3.886054754257202148e+00
3.886054754257202148e+00
3.886054754257202148e+00
3.886054754257202148e+00
3.870429754257202148e+00
3.886054754257202148e+00
3.870429754257202148e+00
3.886054754257202148e+00
3.870429754257202148e+00
3.839179754257202148e+00
3.870429754257202148e+00
3.870429754257202148e+00
3.886054754257202148e+00
3.854804754257202148e+00
3.854804754257202148e+00
3.886054754257202148e+00
3.886054754257202148e+00
3.886054754257202148e+00
3.854804754257202148e+00
3.886054754257202148e+00
3.886054754257202148e+00
3.854804754257202148e+00
3.886054754257202148e+00
3.870429754257202148e+00
3.886054754257202148e+00
3.854804754257202148e+00
3.886054754257202148e+00
3.886054754257202148e+00
3.886054754257202148e+00
3.854804754257202148e+00
3.870429754257202148e+00
3.886054754257202148e+00
3.870429754257202148e+00
3.870429754257202148e+00
3.870429754257202148e+00
3.886054754257202148e+00
3.886054754257202148e+00
3.886054754257202148e+00
3.886054754257202148e+00
3.886054754257202148e+00
3.886054754257202148e+00
3.886054754257202148e+00
3.886054754257202148e+00
3.886054754257202148e+00
3.886054754257202148e+00
3.886054754257202148e+00
3.854804754257202148e+00
3.886054754257202148e+00
3.870429754257202148e+00
3.870429754257202148e+00
3.886054754257202148e+00
3.886054754257202148e+00
3.854804754257202148e+00
3.886054754257202148e+00
3.854804754257202148e+00
3.886054754257202148e+00
3.886054754257202148e+00
3.870429754257202148e+00
3.886054754257202148e+00
3.870429754257202148e+00
3.870429754257202148e+00
3.886054754257202148e+00
3.886054754257202148e+00
3.870429754257202148e+00
3.870429754257202148e+00
3.886054754257202148e+00
3.886054754257202148e+00
3.886054754257202148e+00
3.854804754257202148e+00
3.870429754257202148e+00
3.870429754257202148e+00
3.870429754257202148e+00
3.886054754257202148e+00
3.870429754257202148e+00
3.886054754257202148e+00
3.886054754257202148e+00
3.886054754257202148e+00
3.854804754257202148e+00
3.854804754257202148e+00
3.886054754257202148e+00
3.870429754257202148e+00
3.886054754257202148e+00
3.870429754257202148e+00
3.886054754257202148e+00
3.886054754257202148e+00
3.886054754257202148e+00
3.886054754257202148e+00
3.886054754257202148e+00
3.870429754257202148e+00
3.886054754257202148e+00
3.886054754257202148e+00
3.839179754257202148e+00
3.870429754257202148e+00
3.886054754257202148e+00
3.870429754257202148e+00
3.886054754257202148e+00
3.886054754257202148e+00
3.886054754257202148e+00
3.886054754257202148e+00
3.854804754257202148e+00
3.870429754257202148e+00
3.870429754257202148e+00
3.870429754257202148e+00
3.886054754257202148e+00
3.839179754257202148e+00
3.870429754257202148e+00
3.886054754257202148e+00
3.870429754257202148e+00
3.839179754257202148e+00
3.886054754257202148e+00
3.870429754257202148e+00
3.886054754257202148e+00
3.886054754257202148e+00
3.886054754257202148e+00
3.886054754257202148e+00
3.870429754257202148e+00
3.886054754257202148e+00
3.870429754257202148e+00
3.870429754257202148e+00
3.886054754257202148e+00
3.886054754257202148e+00
3.870429754257202148e+00
3.870429754257202148e+00
3.886054754257202148e+00
3.886054754257202148e+00
3.870429754257202148e+00
3.886054754257202148e+00
3.886054754257202148e+00
3.886054754257202148e+00
3.886054754257202148e+00
3.886054754257202148e+00
3.870429754257202148e+00
3.870429754257202148e+00
3.886054754257202148e+00
3.870429754257202148e+00
3.886054754257202148e+00
3.886054754257202148e+00
3.886054754257202148e+00
3.870429754257202148e+00
3.854804754257202148e+00
3.886054754257202148e+00
3.870429754257202148e+00
3.854804754257202148e+00
3.870429754257202148e+00
3.870429754257202148e+00
3.886054754257202148e+00
3.870429754257202148e+00
3.886054754257202148e+00
3.886054754257202148e+00
3.839179754257202148e+00
3.870429754257202148e+00
3.870429754257202148e+00
3.854804754257202148e+00
3.854804754257202148e+00
3.886054754257202148e+00
3.886054754257202148e+00
3.886054754257202148e+00
3.886054754257202148e+00
3.870429754257202148e+00
3.870429754257202148e+00
3.870429754257202148e+00
3.886054754257202148e+00
3.854804754257202148e+00
3.886054754257202148e+00
3.870429754257202148e+00
3.870429754257202148e+00
3.870429754257202148e+00
3.886054754257202148e+00
3.886054754257202148e+00
3.886054754257202148e+00
3.886054754257202148e+00
3.886054754257202148e+00
3.870429754257202148e+00
3.886054754257202148e+00
3.870429754257202148e+00
3.870429754257202148e+00
3.870429754257202148e+00
3.886054754257202148e+00
3.870429754257202148e+00
3.870429754257202148e+00
3.886054754257202148e+00
3.870429754257202148e+00
3.886054754257202148e+00
3.854804754257202148e+00
3.886054754257202148e+00
3.870429754257202148e+00
3.886054754257202148e+00
3.870429754257202148e+00
3.854804754257202148e+00
3.886054754257202148e+00
3.854804754257202148e+00
3.886054754257202148e+00
3.886054754257202148e+00
3.870429754257202148e+00
3.886054754257202148e+00
3.886054754257202148e+00
3.886054754257202148e+00
3.886054754257202148e+00
3.886054754257202148e+00
3.886054754257202148e+00
3.870429754257202148e+00
3.870429754257202148e+00
3.870429754257202148e+00
3.886054754257202148e+00
3.870429754257202148e+00
3.870429754257202148e+00
3.870429754257202148e+00
3.886054754257202148e+00
3.839179754257202148e+00
3.886054754257202148e+00
3.854804754257202148e+00
3.870429754257202148e+00
3.870429754257202148e+00
3.886054754257202148e+00
3.870429754257202148e+00
3.870429754257202148e+00
3.870429754257202148e+00
3.886054754257202148e+00
3.886054754257202148e+00
3.823554754257202148e+00
3.870429754257202148e+00
3.886054754257202148e+00
3.870429754257202148e+00
3.854804754257202148e+00
3.886054754257202148e+00
3.886054754257202148e+00
3.870429754257202148e+00
3.886054754257202148e+00
3.870429754257202148e+00
3.886054754257202148e+00
3.886054754257202148e+00
3.870429754257202148e+00
3.870429754257202148e+00
3.886054754257202148e+00
3.886054754257202148e+00
3.886054754257202148e+00
3.886054754257202148e+00
3.886054754257202148e+00
3.870429754257202148e+00
3.854804754257202148e+00
3.886054754257202148e+00
3.886054754257202148e+00
3.870429754257202148e+00
3.886054754257202148e+00
3.886054754257202148e+00
3.854804754257202148e+00
3.870429754257202148e+00
3.870429754257202148e+00
3.886054754257202148e+00
3.886054754257202148e+00
3.886054754257202148e+00
3.854804754257202148e+00
3.870429754257202148e+00
3.886054754257202148e+00
3.854804754257202148e+00
3.886054754257202148e+00
3.886054754257202148e+00
3.886054754257202148e+00
3.870429754257202148e+00
3.886054754257202148e+00
3.886054754257202148e+00
3.870429754257202148e+00
3.886054754257202148e+00
3.854804754257202148e+00
3.886054754257202148e+00
3.854804754257202148e+00
3.886054754257202148e+00
3.870429754257202148e+00
3.854804754257202148e+00
3.886054754257202148e+00
3.870429754257202148e+00
3.886054754257202148e+00
3.886054754257202148e+00
3.886054754257202148e+00
3.886054754257202148e+00
3.886054754257202148e+00
3.886054754257202148e+00
3.854804754257202148e+00
3.886054754257202148e+00
3.886054754257202148e+00
3.870429754257202148e+00
3.886054754257202148e+00
3.886054754257202148e+00
3.886054754257202148e+00
3.870429754257202148e+00
3.870429754257202148e+00
3.886054754257202148e+00
3.886054754257202148e+00
3.870429754257202148e+00
3.839179754257202148e+00
3.886054754257202148e+00
3.886054754257202148e+00
3.886054754257202148e+00
3.870429754257202148e+00
3.870429754257202148e+00
3.886054754257202148e+00
3.886054754257202148e+00
3.870429754257202148e+00
3.886054754257202148e+00
3.870429754257202148e+00
3.886054754257202148e+00
3.886054754257202148e+00
3.870429754257202148e+00
3.854804754257202148e+00
3.870429754257202148e+00
3.870429754257202148e+00
3.870429754257202148e+00
3.886054754257202148e+00
3.854804754257202148e+00
3.870429754257202148e+00
3.854804754257202148e+00
3.886054754257202148e+00
3.886054754257202148e+00
3.854804754257202148e+00
3.870429754257202148e+00
3.886054754257202148e+00
3.870429754257202148e+00
3.886054754257202148e+00
3.886054754257202148e+00
3.854804754257202148e+00
3.854804754257202148e+00
3.823554754257202148e+00
3.870429754257202148e+00
3.870429754257202148e+00
3.886054754257202148e+00
3.854804754257202148e+00
3.886054754257202148e+00
3.886054754257202148e+00
3.886054754257202148e+00
3.886054754257202148e+00
3.870429754257202148e+00
3.886054754257202148e+00
3.886054754257202148e+00
3.870429754257202148e+00
3.870429754257202148e+00
3.870429754257202148e+00
3.886054754257202148e+00
3.886054754257202148e+00
3.870429754257202148e+00
3.870429754257202148e+00
3.886054754257202148e+00
3.870429754257202148e+00
3.886054754257202148e+00
3.886054754257202148e+00
3.886054754257202148e+00
3.870429754257202148e+00
3.870429754257202148e+00
3.886054754257202148e+00
3.886054754257202148e+00
3.839179754257202148e+00
3.886054754257202148e+00
3.870429754257202148e+00
3.870429754257202148e+00
3.886054754257202148e+00
3.886054754257202148e+00
3.870429754257202148e+00
3.886054754257202148e+00
3.854804754257202148e+00
3.870429754257202148e+00
3.870429754257202148e+00
3.886054754257202148e+00
3.886054754257202148e+00
3.886054754257202148e+00
3.886054754257202148e+00
3.886054754257202148e+00
3.886054754257202148e+00
3.839179754257202148e+00
3.870429754257202148e+00
3.886054754257202148e+00
3.886054754257202148e+00
3.886054754257202148e+00
3.870429754257202148e+00
3.886054754257202148e+00
