1.435500799999999977e+01
1.412701799999999963e+01
1.390266599999999997e+01
1.368189600000000006e+01
1.346464899999999965e+01
1.325087100000000007e+01
1.304050499999999957e+01
1.283349800000000052e+01
1.262979499999999966e+01
1.242934600000000067e+01
1.223207999999999984e+01
1.203796299999999952e+01
1.184696399999999983e+01
1.165899899999999967e+01
1.147405400000000064e+01
1.129206399999999988e+01
1.111298200000000058e+01
1.093674399999999913e+01
1.076332200000000050e+01
1.059270599999999973e+01
1.042479900000000015e+01
1.025959399999999988e+01
1.009705199999999969e+01
9.937068999999999264e+00
9.779683999999999600e+00
9.624817999999999429e+00
9.472386999999999446e+00
9.322438000000000002e+00
9.174844999999999473e+00
9.029657000000000266e+00
8.886794999999999334e+00
8.746173000000000641e+00
8.607849999999999113e+00
8.471695999999999671e+00
8.337771999999999295e+00
8.205940999999999264e+00
8.076278000000000290e+00
7.948641000000000290e+00
7.823101000000000305e+00
7.699575000000000280e+00
7.577971999999999930e+00
7.458376000000000339e+00
7.340692999999999913e+00
7.224912999999999919e+00
7.110929999999999751e+00
6.998823999999999934e+00
6.888462999999999781e+00
6.779922000000000004e+00
6.673085000000000377e+00
6.568018000000000356e+00
6.464622000000000313e+00
6.362841999999999665e+00
6.262762999999999636e+00
6.164240999999999637e+00
6.067358999999999725e+00
5.972023000000000081e+00
5.878169999999999895e+00
5.785874999999999879e+00
5.695020999999999667e+00
5.605691000000000201e+00
5.517814999999999692e+00
5.431292000000000009e+00
5.346219999999999750e+00
5.262469000000000285e+00
5.180064999999999920e+00
5.099057000000000173e+00
5.019295999999999758e+00
4.940889000000000308e+00
4.863688999999999929e+00
4.787790000000000212e+00
4.713071000000000232e+00
4.639566000000000301e+00
4.567299000000000220e+00
4.496164000000000271e+00
4.426237999999999673e+00
4.357389999999999652e+00
4.289709000000000216e+00
4.223082999999999920e+00
4.157587999999999617e+00
4.093115000000000059e+00
4.029739000000000182e+00
3.967353000000000129e+00
3.906041000000000096e+00
3.845676999999999790e+00
3.786344000000000154e+00
3.727939000000000114e+00
3.670547000000000004e+00
3.614040999999999837e+00
3.558505999999999947e+00
3.503840999999999983e+00
3.450115999999999961e+00
3.397238000000000202e+00
3.345229999999999926e+00
3.294119999999999937e+00
3.243813999999999975e+00
3.194390999999999980e+00
3.145776999999999823e+00
3.097926999999999875e+00
3.050873000000000168e+00
3.004634999999999945e+00
2.959131999999999874e+00
2.914422000000000068e+00
2.870423999999999864e+00
2.827208000000000165e+00
2.784670999999999896e+00
2.742879999999999985e+00
2.701754000000000211e+00
2.661354999999999915e+00
2.621599999999999930e+00
2.582556999999999992e+00
2.544131999999999838e+00
2.506400000000000183e+00
2.469265000000000043e+00
2.432802999999999827e+00
2.396919000000000022e+00
2.361690999999999985e+00
2.327049000000000145e+00
2.292968999999999813e+00
2.259517000000000220e+00
2.226595999999999798e+00
2.194287999999999794e+00
2.162519000000000080e+00
2.131317999999999824e+00
2.100640999999999980e+00
2.070462000000000025e+00
2.040840000000000209e+00
2.011730000000000018e+00
1.983100000000000085e+00
1.955003999999999964e+00
1.927421999999999969e+00
1.900274999999999936e+00
1.873634999999999939e+00
1.847491999999999912e+00
1.821760000000000046e+00
1.796515000000000084e+00
1.771746999999999961e+00
1.747370000000000090e+00
1.723459999999999992e+00
1.699950000000000072e+00
1.676895000000000024e+00
1.654258000000000006e+00
1.632058999999999926e+00
1.610241999999999951e+00
1.588794000000000040e+00
1.567774000000000001e+00
1.547104999999999952e+00
1.526875999999999900e+00
1.506999999999999895e+00
1.487463999999999897e+00
1.468066000000000093e+00
1.449279999999999902e+00
1.430849999999999955e+00
1.412512999999999908e+00
1.394741000000000009e+00
1.377337999999999951e+00
1.360014999999999974e+00
1.343294999999999906e+00
1.326875999999999944e+00
1.310742000000000074e+00
1.294980999999999938e+00
1.279501999999999917e+00
1.264062000000000019e+00
1.249184000000000072e+00
1.234339999999999993e+00
1.220008999999999899e+00
1.206024999999999903e+00
1.192296000000000022e+00
1.178581000000000101e+00
1.165351000000000026e+00
1.152465000000000073e+00
1.139814000000000105e+00
1.127159000000000022e+00
1.115021000000000040e+00
1.102875999999999967e+00
1.091196000000000055e+00
1.079828000000000010e+00
1.068669000000000091e+00
1.057487000000000066e+00
1.046794999999999920e+00
1.036075999999999997e+00
1.025797000000000070e+00
1.015730999999999939e+00
1.005673999999999957e+00
9.960750000000000437e-01
9.866489999999999982e-01
9.774969999999999493e-01
9.685190000000000188e-01
9.594840000000000035e-01
9.508969999999999922e-01
9.422549999999999537e-01
9.340049999999999741e-01
9.260119999999999463e-01
9.181289999999999729e-01
9.104640000000000510e-01
9.027260000000000284e-01
8.954090000000000105e-01
8.880169999999999453e-01
8.809869999999999646e-01
8.741200000000000081e-01
8.674889999999999546e-01
8.609780000000000211e-01
8.545139999999999958e-01
8.483450000000000157e-01
8.422889999999999544e-01
8.361309999999999576e-01
8.303570000000000118e-01
8.246470000000000189e-01
8.191859999999999697e-01
8.138189999999999591e-01
8.085409999999999542e-01
8.034339999999999815e-01
7.982050000000000534e-01
7.933040000000000092e-01
7.885100000000000442e-01
7.838880000000000292e-01
7.792390000000000150e-01
7.747589999999999755e-01
7.702299999999999702e-01
7.659669999999999535e-01
7.618110000000000159e-01
7.578359999999999541e-01
7.539620000000000211e-01
7.499500000000000055e-01
7.462649999999999562e-01
7.426730000000000276e-01
7.390759999999999552e-01
7.356129999999999614e-01
7.323319999999999830e-01
7.290990000000000526e-01
7.259889999999999954e-01
7.227900000000000436e-01
7.198010000000000241e-01
7.167879999999999807e-01
7.138679999999999470e-01
7.108780000000000099e-01
7.081800000000000317e-01
7.054629999999999512e-01
7.028299999999999548e-01
7.002190000000000358e-01
6.977970000000000006e-01
6.953439999999999621e-01
6.929710000000000036e-01
6.906700000000000061e-01
6.884930000000000216e-01
6.863479999999999581e-01
6.842829999999999746e-01
6.821540000000000381e-01
6.802000000000000268e-01
6.780749999999999833e-01
6.762179999999999858e-01
6.743139999999999690e-01
6.725130000000000274e-01
6.705870000000000442e-01
6.687980000000000036e-01
6.671719999999999873e-01
6.656279999999999974e-01
6.640779999999999461e-01
6.625830000000000330e-01
6.610340000000000105e-01
6.595349999999999824e-01
6.581500000000000128e-01
6.567800000000000304e-01
6.553670000000000329e-01
6.540909999999999780e-01
6.528450000000000086e-01
6.516110000000000513e-01
6.504349999999999854e-01
6.490709999999999535e-01
6.477469999999999617e-01
6.466079999999999606e-01
6.454889999999999795e-01
6.444499999999999673e-01
6.433480000000000310e-01
6.421670000000000433e-01
6.411329999999999529e-01
6.401449999999999640e-01
6.392320000000000224e-01
6.382719999999999505e-01
6.372889999999999944e-01
6.363959999999999617e-01
6.354969999999999786e-01
6.346990000000000132e-01
6.337239999999999540e-01
6.329179999999999806e-01
6.320850000000000080e-01
6.312910000000000466e-01
6.305359999999999854e-01
6.296589999999999687e-01
6.289109999999999978e-01
6.282600000000000406e-01
6.276140000000000052e-01
6.268719999999999848e-01
6.260809999999999986e-01
6.250999999999999890e-01
6.244499999999999496e-01
6.238120000000000331e-01
6.232619999999999827e-01
6.226559999999999873e-01
6.221210000000000351e-01
6.214619999999999589e-01
6.208960000000000035e-01
6.203020000000000200e-01
6.197740000000000471e-01
6.192630000000000079e-01
6.187120000000000397e-01
6.181240000000000068e-01
6.176869999999999861e-01
6.172480000000000189e-01
6.168289999999999607e-01
6.162840000000000540e-01
6.158740000000000325e-01
6.153880000000000461e-01
6.150240000000000151e-01
6.146399999999999642e-01
6.141529999999999490e-01
6.138139999999999707e-01
6.133889999999999620e-01
6.130430000000000046e-01
6.126420000000000199e-01
6.121950000000000447e-01
6.116890000000000382e-01
6.109970000000000123e-01
6.106260000000000021e-01
6.102149999999999519e-01
6.097839999999999927e-01
6.095099999999999962e-01
6.092100000000000293e-01
6.088780000000000303e-01
6.086219999999999963e-01
6.082239999999999869e-01
6.079459999999999864e-01
6.075869999999999882e-01
6.073349999999999582e-01
6.070719999999999450e-01
6.067019999999999635e-01
6.064540000000000486e-01
6.062340000000000506e-01
6.059889999999999999e-01
6.056610000000000049e-01
6.051600000000000312e-01
6.049560000000000493e-01
6.046909999999999785e-01
6.043760000000000243e-01
6.040429999999999966e-01
6.037740000000000329e-01
6.035190000000000277e-01
6.033039999999999514e-01
6.029879999999999685e-01
6.027940000000000520e-01
6.023370000000000113e-01
6.021339999999999471e-01
6.019330000000000513e-01
6.014730000000000354e-01
6.011750000000000149e-01
6.010140000000000482e-01
6.007270000000000110e-01
6.005719999999999947e-01
6.003870000000000040e-01
6.002070000000000460e-01
5.997749999999999471e-01
5.995489999999999986e-01
5.992809999999999526e-01
5.991069999999999451e-01
5.989339999999999664e-01
5.985179999999999945e-01
5.982619999999999605e-01
5.980119999999999880e-01
5.978700000000000125e-01
5.977069999999999883e-01
5.975460000000000216e-01
5.973070000000000324e-01
5.971720000000000361e-01
5.970159999999999911e-01
5.967850000000000099e-01
5.966329999999999689e-01
5.964819999999999567e-01
5.963610000000000300e-01
5.962049999999999850e-01
5.960199999999999942e-01
5.957980000000000498e-01
5.954190000000000316e-01
5.951319999999999943e-01
5.949539999999999829e-01
5.945890000000000342e-01
5.944570000000000132e-01
5.941800000000000415e-01
5.940100000000000380e-01
5.937409999999999632e-01
5.935749999999999638e-01
5.932269999999999488e-01
5.929680000000000506e-01
5.928080000000000016e-01
5.926709999999999479e-01
5.924190000000000289e-01
5.920870000000000299e-01
5.919330000000000425e-01
5.916890000000000205e-01
5.915610000000000035e-01
5.914409999999999945e-01
5.912039999999999518e-01
5.908849999999999936e-01
5.907390000000000141e-01
5.905099999999999794e-01
5.901170000000000027e-01
5.899919999999999609e-01
5.897689999999999877e-01
5.896289999999999587e-01
5.894129999999999647e-01
5.892760000000000220e-01
5.891610000000000458e-01
5.888660000000000005e-01
5.884960000000000191e-01
5.882870000000000044e-01
5.881560000000000121e-01
5.880379999999999496e-01
5.877409999999999579e-01
5.874530000000000030e-01
5.873260000000000147e-01
5.871300000000000407e-01
5.870060000000000278e-01
5.868910000000000515e-01
5.866479999999999473e-01
5.862979999999999858e-01
5.861079999999999623e-01
5.857689999999999841e-01
5.856580000000000119e-01
5.855069999999999997e-01
5.853310000000000457e-01
5.852159999999999584e-01
5.849699999999999900e-01
5.847170000000000423e-01
5.845679999999999765e-01
5.844019999999999770e-01
5.842870000000000008e-01
5.840509999999999868e-01
5.837949999999999529e-01
5.834810000000000274e-01
5.832319999999999727e-01
5.830729999999999524e-01
5.828309999999999880e-01
5.826040000000000108e-01
5.823690000000000255e-01
5.821340000000000403e-01
5.818370000000000486e-01
5.816160000000000219e-01
5.813260000000000094e-01
5.810990000000000322e-01
5.808780000000000054e-01
5.806609999999999827e-01
5.803829999999999822e-01
5.800969999999999738e-01
5.798259999999999525e-01
5.796099999999999586e-01
5.794030000000000014e-01
5.792929999999999469e-01
5.791490000000000249e-01
5.789469999999999894e-01
5.786719999999999642e-01
5.784150000000000125e-01
5.782110000000000305e-01
5.779590000000000005e-01
5.778200000000000003e-01
5.776280000000000303e-01
5.774920000000000053e-01
5.772490000000000121e-01
5.769849999999999701e-01
5.768119999999999914e-01
5.765719999999999734e-01
5.763779999999999459e-01
5.761429999999999607e-01
5.760100000000000220e-01
5.757769999999999833e-01
5.756470000000000198e-01
5.754179999999999851e-01
5.752159999999999496e-01
5.751140000000000141e-01
5.749309999999999699e-01
5.747050000000000214e-01
5.745780000000000332e-01
5.741770000000000485e-01
5.740800000000000347e-01
5.736919999999999797e-01
5.735179999999999723e-01
5.731410000000000116e-01
5.730460000000000553e-01
5.726809999999999956e-01
5.723850000000000326e-01
5.722930000000000517e-01
5.722030000000000172e-01
5.718509999999999982e-01
5.716790000000000482e-01
5.713369999999999838e-01
5.712500000000000355e-01
5.711540000000000505e-01
5.710690000000000488e-01
5.709760000000000391e-01
5.707630000000000203e-01
5.706790000000000473e-01
5.705890000000000128e-01
