1.438652899999999946e+01
1.415803999999999974e+01
1.393319800000000086e+01
1.371194599999999930e+01
1.349422400000000088e+01
1.327997900000000087e+01
1.306915399999999927e+01
1.286169499999999921e+01
1.265755000000000052e+01
1.245666499999999921e+01
1.225898699999999941e+01
1.206446799999999975e+01
1.187305699999999931e+01
1.168470399999999998e+01
1.149935999999999936e+01
1.131697800000000065e+01
1.113751000000000069e+01
1.096091099999999940e+01
1.078713499999999925e+01
1.061613700000000016e+01
1.044787299999999952e+01
1.028229999999999933e+01
1.011937499999999979e+01
9.959056000000000353e+00
9.801301999999999737e+00
9.646072000000000202e+00
9.493327000000000737e+00
9.343026000000000053e+00
9.195131999999999195e+00
9.049604999999999677e+00
8.906409000000000020e+00
8.765508000000000521e+00
8.626863000000000170e+00
8.490439000000000291e+00
8.356201999999999686e+00
8.224116999999999678e+00
8.094172000000000367e+00
7.966313000000000422e+00
7.840474999999999639e+00
7.716681999999999597e+00
7.594847999999999821e+00
7.474994999999999834e+00
7.357021999999999728e+00
7.240985000000000227e+00
7.126782000000000394e+00
7.014439000000000313e+00
6.903872999999999927e+00
6.795112999999999737e+00
6.688055999999999557e+00
6.582760999999999640e+00
6.479131999999999891e+00
6.377200000000000202e+00
6.276862000000000386e+00
6.178181999999999618e+00
6.081062000000000189e+00
5.985538000000000025e+00
5.891505999999999688e+00
5.798983999999999916e+00
5.707967000000000013e+00
5.618452999999999697e+00
5.530350000000000321e+00
5.443666999999999589e+00
5.358386999999999567e+00
5.274513999999999925e+00
5.191966999999999999e+00
5.110784999999999911e+00
5.030879999999999797e+00
4.952259999999999884e+00
4.874953999999999787e+00
4.798868999999999829e+00
4.724019000000000190e+00
4.650415999999999883e+00
4.577973000000000070e+00
4.506706000000000323e+00
4.436626000000000403e+00
4.367644000000000304e+00
4.299795999999999729e+00
4.233081000000000316e+00
4.167422000000000182e+00
4.102833999999999648e+00
4.039331999999999923e+00
3.976822999999999997e+00
3.915347000000000133e+00
3.854909000000000141e+00
3.795422999999999991e+00
3.736949000000000076e+00
3.679399000000000086e+00
3.622789000000000037e+00
3.567054999999999865e+00
3.512315000000000076e+00
3.458452999999999999e+00
3.405511000000000177e+00
3.353410999999999920e+00
3.302159000000000066e+00
3.251701000000000175e+00
3.202154999999999863e+00
3.153414999999999857e+00
3.105510000000000215e+00
3.058374999999999844e+00
3.012001999999999846e+00
2.966349000000000125e+00
2.921521999999999952e+00
2.877377000000000073e+00
2.834036999999999917e+00
2.791415999999999897e+00
2.749534999999999840e+00
2.708336000000000077e+00
2.667825000000000113e+00
2.627924000000000149e+00
2.588770999999999933e+00
2.550270999999999955e+00
2.512449999999999850e+00
2.475171000000000010e+00
2.438600999999999797e+00
2.402644000000000002e+00
2.367309000000000108e+00
2.332567000000000057e+00
2.298399999999999999e+00
2.264835999999999849e+00
2.231771000000000171e+00
2.199370000000000047e+00
2.167515999999999998e+00
2.136181999999999803e+00
2.105407000000000028e+00
2.075150999999999968e+00
2.045431000000000221e+00
2.016150000000000109e+00
1.987446000000000046e+00
1.959278999999999993e+00
1.931504000000000110e+00
1.904282999999999948e+00
1.877547999999999995e+00
1.851280999999999954e+00
1.825512999999999941e+00
1.800173000000000023e+00
1.775204000000000004e+00
1.750764999999999905e+00
1.726790000000000047e+00
1.703214999999999923e+00
1.679983000000000004e+00
1.657254000000000005e+00
1.634965999999999919e+00
1.612972000000000072e+00
1.591452000000000089e+00
1.570330000000000004e+00
1.549595999999999973e+00
1.529279000000000055e+00
1.509222999999999981e+00
1.489619000000000026e+00
1.470420999999999978e+00
1.451462000000000030e+00
1.432941000000000020e+00
1.414687999999999946e+00
1.396854000000000040e+00
1.379394999999999927e+00
1.362158999999999898e+00
1.345339000000000063e+00
1.328829000000000038e+00
1.312642000000000087e+00
1.296775999999999929e+00
1.281128999999999962e+00
1.265870999999999968e+00
1.250831000000000026e+00
1.236161000000000065e+00
1.221815000000000095e+00
1.207646999999999915e+00
1.193848000000000020e+00
1.180307999999999913e+00
1.167048000000000085e+00
1.153979000000000088e+00
1.141248000000000040e+00
1.128792000000000018e+00
1.116571999999999898e+00
1.104611000000000010e+00
1.092819999999999903e+00
1.081388000000000016e+00
1.070159000000000082e+00
1.059085999999999972e+00
1.048319999999999919e+00
1.037711000000000050e+00
1.027438999999999991e+00
1.017277999999999905e+00
1.007427000000000072e+00
9.978059999999999707e-01
9.882859999999999978e-01
9.790349999999999886e-01
9.700339999999999518e-01
9.611210000000000031e-01
9.524679999999999813e-01
9.440009999999999790e-01
9.356649999999999689e-01
9.276039999999999841e-01
9.196389999999999842e-01
9.118969999999999576e-01
9.043870000000000520e-01
8.970289999999999653e-01
8.898160000000000514e-01
8.827650000000000219e-01
8.758200000000000429e-01
8.691429999999999989e-01
8.625730000000000341e-01
8.560980000000000256e-01
8.498599999999999488e-01
8.436700000000000310e-01
8.376799999999999802e-01
8.318959999999999688e-01
8.261340000000000350e-01
8.206280000000000241e-01
8.152580000000000382e-01
8.099629999999999885e-01
8.047320000000000029e-01
7.995630000000000237e-01
7.945860000000000145e-01
7.897659999999999680e-01
7.850430000000000463e-01
7.804210000000000313e-01
7.758420000000000316e-01
7.714779999999999971e-01
7.672719999999999541e-01
7.631350000000000078e-01
7.590550000000000352e-01
7.550839999999999774e-01
7.511320000000000219e-01
7.473499999999999588e-01
7.436920000000000197e-01
7.401010000000000089e-01
7.365979999999999750e-01
7.331889999999999796e-01
7.297839999999999883e-01
7.265490000000000004e-01
7.233859999999999735e-01
7.201269999999999616e-01
7.171229999999999549e-01
7.141990000000000283e-01
7.112669999999999826e-01
7.084939999999999571e-01
7.057839999999999669e-01
7.029689999999999550e-01
7.004629999999999468e-01
6.978830000000000311e-01
6.954430000000000334e-01
6.928910000000000347e-01
6.906379999999999741e-01
6.882970000000000477e-01
6.859279999999999822e-01
6.837109999999999577e-01
6.816870000000000429e-01
6.796499999999999764e-01
6.775010000000000199e-01
6.754879999999999773e-01
6.736060000000000381e-01
6.716100000000000403e-01
6.698849999999999527e-01
6.680719999999999992e-01
6.662190000000000056e-01
6.645649999999999613e-01
6.628049999999999775e-01
6.612109999999999932e-01
6.597399999999999931e-01
6.581660000000000288e-01
6.565670000000000117e-01
6.550730000000000164e-01
6.537429999999999630e-01
6.523280000000000189e-01
6.510080000000000311e-01
6.495870000000000255e-01
6.483229999999999826e-01
6.469709999999999628e-01
6.457110000000000349e-01
6.444260000000000543e-01
6.432330000000000547e-01
6.421810000000000018e-01
6.410959999999999992e-01
6.399240000000000483e-01
6.388329999999999842e-01
6.377180000000000071e-01
6.367930000000000534e-01
6.357660000000000533e-01
6.348289999999999766e-01
6.338899999999999535e-01
6.328930000000000389e-01
6.320799999999999752e-01
6.311649999999999761e-01
6.302349999999999897e-01
6.293609999999999483e-01
6.284750000000000059e-01
6.276680000000000037e-01
6.268029999999999990e-01
6.260459999999999914e-01
6.252959999999999630e-01
6.245760000000000201e-01
6.238629999999999454e-01
6.231320000000000192e-01
6.223689999999999500e-01
6.216289999999999871e-01
6.209829999999999517e-01
6.203429999999999778e-01
6.197279999999999456e-01
6.191159999999999997e-01
6.184389999999999610e-01
6.179200000000000248e-01
6.173570000000000446e-01
6.167960000000000109e-01
6.162590000000000012e-01
6.157369999999999788e-01
6.152069999999999483e-01
6.146479999999999722e-01
6.140609999999999680e-01
6.135270000000000445e-01
6.129649999999999821e-01
6.125469999999999526e-01
6.120790000000000397e-01
6.116319999999999535e-01
6.111450000000000493e-01
6.106310000000000349e-01
6.101999999999999647e-01
6.096859999999999502e-01
6.092790000000000150e-01
6.088630000000000431e-01
6.083779999999999744e-01
6.079940000000000344e-01
6.075340000000000185e-01
6.071659999999999835e-01
6.067930000000000268e-01
6.063849999999999518e-01
6.060370000000000479e-01
6.057259999999999867e-01
6.053060000000000107e-01
6.049649999999999750e-01
6.046399999999999553e-01
6.043140000000000178e-01
6.040010000000000101e-01
6.036359999999999504e-01
6.033600000000000074e-01
6.029790000000000427e-01
