1.440050899999999956e+01
1.421890299999999918e+01
1.403959799999999980e+01
1.386256400000000077e+01
1.368777299999999997e+01
1.351519900000000085e+01
1.334481000000000073e+01
1.317658199999999979e+01
1.301048499999999919e+01
1.284649600000000014e+01
1.268458399999999919e+01
1.252472500000000011e+01
1.236689200000000000e+01
1.221106400000000036e+01
1.205721100000000057e+01
1.190531000000000006e+01
1.175533199999999923e+01
1.160725599999999957e+01
1.146105900000000055e+01
1.131671900000000086e+01
1.117419199999999968e+01
1.103349000000000046e+01
1.089455599999999968e+01
1.075740200000000080e+01
1.062198500000000045e+01
1.048827600000000082e+01
1.035627400000000087e+01
1.022593600000000080e+01
1.009726399999999913e+01
9.970207999999999515e+00
9.844784000000000646e+00
9.720947000000000671e+00
9.598672999999999789e+00
9.477961999999999776e+00
9.358772000000000091e+00
9.241108000000000544e+00
9.124928000000000594e+00
9.010230999999999213e+00
8.896993000000000151e+00
8.785182999999999964e+00
8.674804999999999211e+00
8.565811999999999315e+00
8.458220999999999989e+00
8.351997000000000781e+00
8.247104999999999464e+00
8.143568999999999392e+00
8.041334000000000870e+00
7.940405000000000157e+00
7.840752000000000166e+00
7.742371000000000336e+00
7.645240000000000258e+00
7.549343000000000359e+00
7.454676000000000080e+00
7.361202999999999719e+00
7.268926000000000442e+00
7.177824000000000204e+00
7.087882999999999711e+00
6.999086000000000141e+00
6.911417000000000144e+00
6.824875999999999721e+00
6.739415000000000155e+00
6.655062000000000033e+00
6.571750999999999898e+00
6.489529000000000103e+00
6.408343000000000345e+00
6.328210999999999586e+00
6.249079000000000050e+00
6.170958999999999861e+00
6.093850999999999907e+00
6.017717000000000205e+00
5.942571000000000048e+00
5.868357999999999741e+00
5.795118999999999687e+00
5.722790999999999961e+00
5.651388999999999996e+00
5.580900999999999890e+00
5.511313000000000351e+00
5.442618999999999652e+00
5.374799999999999578e+00
5.307850000000000179e+00
5.241759000000000057e+00
5.176511999999999780e+00
5.112103000000000286e+00
5.048510000000000275e+00
4.985739999999999839e+00
4.923777000000000292e+00
4.862599999999999589e+00
4.802216999999999736e+00
4.742600999999999623e+00
4.683756999999999948e+00
4.625670000000000393e+00
4.568327000000000027e+00
4.511724000000000068e+00
4.455833000000000155e+00
4.400674999999999670e+00
4.346227999999999980e+00
4.292483999999999966e+00
4.239434000000000147e+00
4.187057000000000251e+00
4.135366999999999571e+00
4.084344999999999892e+00
4.033972999999999587e+00
3.984230999999999856e+00
3.935160999999999909e+00
3.886708000000000052e+00
3.838868999999999865e+00
3.791679999999999939e+00
3.745098000000000038e+00
3.699106000000000005e+00
3.653706000000000120e+00
3.608918000000000070e+00
3.564706999999999848e+00
3.521046999999999816e+00
3.477956999999999965e+00
3.435437999999999992e+00
3.393463000000000118e+00
3.352053000000000171e+00
3.311157000000000128e+00
3.270801000000000069e+00
3.230980000000000185e+00
3.191663999999999835e+00
3.152868999999999922e+00
3.114602999999999788e+00
3.076833000000000151e+00
3.039541999999999966e+00
3.002726000000000006e+00
2.966397000000000173e+00
2.930474999999999941e+00
2.895093999999999834e+00
2.860091999999999857e+00
2.825635000000000119e+00
2.791545999999999861e+00
2.757995000000000196e+00
2.724781000000000120e+00
2.692086999999999897e+00
2.659844000000000097e+00
2.627937999999999885e+00
2.596531999999999840e+00
2.565513000000000154e+00
2.534945000000000004e+00
2.504674000000000067e+00
2.474823000000000217e+00
2.445415999999999812e+00
2.416421999999999848e+00
2.387833999999999790e+00
2.359534000000000020e+00
2.331693000000000016e+00
2.304168999999999912e+00
2.276966999999999963e+00
2.250215999999999994e+00
2.223752999999999869e+00
2.197741000000000167e+00
2.172032999999999880e+00
2.146692999999999962e+00
2.121602000000000210e+00
2.096852000000000160e+00
2.072512999999999828e+00
2.048528999999999822e+00
2.024780999999999942e+00
2.001408000000000076e+00
1.978282000000000096e+00
1.955543000000000031e+00
1.933057000000000025e+00
1.910848000000000102e+00
1.889013000000000053e+00
1.867469000000000046e+00
1.846171000000000006e+00
1.825223999999999958e+00
1.804489999999999927e+00
1.784073000000000020e+00
1.763905999999999974e+00
1.744089000000000000e+00
1.724490999999999996e+00
1.705154000000000059e+00
1.686079000000000105e+00
1.667359999999999953e+00
1.648813000000000084e+00
1.630530999999999953e+00
1.612505000000000077e+00
1.594792999999999905e+00
1.577231000000000050e+00
1.559949999999999948e+00
1.542907000000000028e+00
1.526192999999999911e+00
1.509597000000000078e+00
1.493276999999999965e+00
1.477159000000000111e+00
1.461305000000000076e+00
1.445656000000000052e+00
1.430298999999999987e+00
1.415079999999999893e+00
1.400114000000000081e+00
1.385345000000000049e+00
1.370838000000000001e+00
1.356475000000000097e+00
1.342414999999999914e+00
1.328489000000000031e+00
1.314824999999999910e+00
1.301338000000000106e+00
1.288011999999999935e+00
1.274885000000000046e+00
1.262021999999999977e+00
1.249260999999999955e+00
1.236758999999999942e+00
1.224377000000000049e+00
1.212193000000000076e+00
1.200245999999999924e+00
1.188418999999999892e+00
1.176808000000000076e+00
1.165335000000000010e+00
1.154039000000000037e+00
1.142991000000000090e+00
1.132031999999999927e+00
1.121277000000000079e+00
1.110627999999999949e+00
1.100165000000000060e+00
1.089922000000000057e+00
1.079776000000000069e+00
1.069790999999999936e+00
1.060049999999999937e+00
1.050324000000000035e+00
1.040858000000000061e+00
1.031457000000000068e+00
1.022226999999999997e+00
1.013136999999999954e+00
1.004277000000000086e+00
9.954800000000000315e-01
9.867899999999999450e-01
9.783250000000000002e-01
9.699349999999999916e-01
9.616820000000000368e-01
9.535649999999999959e-01
9.455230000000000024e-01
9.376280000000000170e-01
9.299579999999999513e-01
9.223449999999999704e-01
9.148709999999999898e-01
9.074839999999999574e-01
9.002130000000000409e-01
8.931040000000000090e-01
8.860500000000000043e-01
8.791769999999999863e-01
8.723769999999999580e-01
8.656939999999999635e-01
8.591360000000000108e-01
8.526759999999999895e-01
8.463019999999999987e-01
8.400689999999999547e-01
8.339109999999999578e-01
8.278670000000000195e-01
8.218360000000000110e-01
8.160309999999999508e-01
8.102409999999999890e-01
8.046119999999999939e-01
7.990629999999999677e-01
7.935240000000000071e-01
7.882090000000000485e-01
7.828610000000000291e-01
7.777309999999999501e-01
7.726859999999999840e-01
7.677370000000000028e-01
7.628629999999999578e-01
7.580789999999999473e-01
7.532560000000000366e-01
7.486540000000000417e-01
7.441290000000000404e-01
7.395800000000000152e-01
7.351820000000000022e-01
7.307660000000000267e-01
7.265629999999999589e-01
7.224260000000000126e-01
7.182420000000000471e-01
7.142429999999999612e-01
7.101680000000000215e-01
7.063160000000000549e-01
7.023880000000000123e-01
6.987309999999999910e-01
6.950979999999999936e-01
6.914169999999999483e-01
6.879600000000000160e-01
6.843820000000000459e-01
6.808750000000000080e-01
6.775569999999999649e-01
6.740239999999999565e-01
6.708410000000000206e-01
6.677560000000000162e-01
6.646840000000000526e-01
6.614290000000000447e-01
6.582059999999999578e-01
6.552339999999999831e-01
6.522409999999999597e-01
6.493090000000000250e-01
6.465359999999999996e-01
6.438390000000000502e-01
6.412120000000000042e-01
6.385800000000000365e-01
6.359329999999999705e-01
6.333959999999999591e-01
6.309900000000000508e-01
6.285519999999999996e-01
6.261229999999999851e-01
6.236509999999999554e-01
6.213560000000000194e-01
6.191280000000000117e-01
6.168479999999999519e-01
6.146829999999999794e-01
6.125620000000000509e-01
6.105429999999999469e-01
6.083530000000000326e-01
6.063530000000000308e-01
6.044070000000000276e-01
6.025430000000000508e-01
6.006749999999999590e-01
5.987259999999999804e-01
5.969149999999999734e-01
5.951579999999999648e-01
5.934690000000000243e-01
5.917769999999999975e-01
5.900320000000000009e-01
5.884110000000000174e-01
5.868259999999999588e-01
5.852979999999999849e-01
5.834420000000000162e-01
5.819499999999999673e-01
5.801619999999999555e-01
5.787299999999999667e-01
5.772559999999999913e-01
5.756189999999999918e-01
5.739459999999999562e-01
5.726219999999999644e-01
5.713080000000000380e-01
5.699250000000000149e-01
5.686809999999999921e-01
5.674639999999999684e-01
5.660969999999999613e-01
5.649279999999999857e-01
5.637360000000000149e-01
5.622759999999999980e-01
5.611760000000000081e-01
5.598570000000000491e-01
5.584529999999999772e-01
5.571829999999999838e-01
5.558400000000000007e-01
5.546159999999999979e-01
5.536400000000000210e-01
5.524940000000000406e-01
5.515560000000000462e-01
5.503740000000000299e-01
5.492749999999999577e-01
5.481380000000000141e-01
5.471420000000000172e-01
5.459640000000000049e-01
5.450059999999999905e-01
5.439850000000000518e-01
5.429340000000000277e-01
5.418049999999999811e-01
5.409110000000000307e-01
5.400190000000000268e-01
5.390329999999999844e-01
5.381850000000000245e-01
5.373050000000000326e-01
5.362820000000000364e-01
5.354349999999999943e-01
5.345220000000000526e-01
5.335450000000000470e-01
5.326640000000000263e-01
5.317380000000000440e-01
5.309899999999999620e-01
5.302189999999999959e-01
5.293900000000000272e-01
5.284940000000000193e-01
5.277910000000000101e-01
5.270679999999999810e-01
5.262879999999999781e-01
5.254389999999999894e-01
5.247779999999999667e-01
5.240979999999999528e-01
5.233619999999999939e-01
5.225769999999999582e-01
5.219549999999999468e-01
5.213160000000000016e-01
5.206899999999999862e-01
5.199240000000000528e-01
5.192449999999999566e-01
5.186479999999999979e-01
5.180590000000000472e-01
5.174090000000000078e-01
5.166880000000000361e-01
5.161240000000000272e-01
5.155690000000000550e-01
5.149529999999999941e-01
5.142660000000000009e-01
5.137310000000000487e-01
5.132069999999999688e-01
5.126230000000000508e-01
5.121109999999999829e-01
5.115849999999999564e-01
5.110259999999999803e-01
5.104589999999999961e-01
5.099249999999999616e-01
5.092689999999999717e-01
5.086899999999999755e-01
5.080780000000000296e-01
5.075760000000000272e-01
5.069799999999999862e-01
5.065410000000000190e-01
5.060590000000000366e-01
5.054710000000000036e-01
5.050499999999999989e-01
5.046159999999999535e-01
5.041579999999999950e-01
5.036040000000000516e-01
5.031200000000000117e-01
5.025800000000000267e-01
5.021689999999999765e-01
5.017660000000000453e-01
5.012579999999999814e-01
5.008190000000000142e-01
5.003640000000000310e-01
4.999779999999999780e-01
4.995350000000000068e-01
4.991729999999999778e-01
4.987630000000000119e-01
4.982400000000000162e-01
4.978710000000000080e-01
4.974520000000000053e-01
4.970319999999999738e-01
4.965280000000000249e-01
4.961430000000000007e-01
4.957239999999999980e-01
4.953429999999999778e-01
4.949060000000000126e-01
4.945109999999999784e-01
4.940309999999999979e-01
4.936280000000000112e-01
4.932469999999999910e-01
4.928310000000000191e-01
4.924600000000000088e-01
4.919999999999999929e-01
4.916329999999999867e-01
4.913190000000000057e-01
4.910010000000000208e-01
4.906460000000000266e-01
4.900950000000000029e-01
4.897059999999999746e-01
4.893620000000000192e-01
4.888370000000000215e-01
4.884609999999999785e-01
4.881289999999999796e-01
4.877259999999999929e-01
4.874009999999999732e-01
4.870340000000000225e-01
4.865260000000000140e-01
4.862119999999999775e-01
4.857170000000000099e-01
4.852179999999999827e-01
4.848339999999999872e-01
4.843959999999999932e-01
4.840430000000000010e-01
4.836409999999999876e-01
4.833430000000000226e-01
4.829729999999999857e-01
4.826799999999999979e-01
4.821980000000000155e-01
4.818169999999999953e-01
4.815300000000000136e-01
4.811489999999999934e-01
4.807049999999999934e-01
4.802799999999999847e-01
4.799590000000000245e-01
4.795470000000000010e-01
4.792549999999999866e-01
4.788649999999999851e-01
4.784309999999999952e-01
4.780079999999999885e-01
4.776250000000000218e-01
4.772080000000000211e-01
4.768459999999999921e-01
4.764869999999999939e-01
4.761279999999999957e-01
4.757170000000000010e-01
4.753879999999999773e-01
4.750229999999999730e-01
4.746739999999999848e-01
4.743339999999999779e-01
4.740610000000000102e-01
4.737199999999999744e-01
4.733629999999999782e-01
4.730219999999999980e-01
4.726899999999999991e-01
4.723419999999999841e-01
4.720190000000000219e-01
4.717569999999999819e-01
4.713709999999999845e-01
4.710309999999999775e-01
4.706850000000000200e-01
4.703680000000000083e-01
4.701130000000000031e-01
4.697970000000000201e-01
4.694920000000000204e-01
