1.440226400000000062e+01
1.422062599999999932e+01
1.404129000000000005e+01
1.386422999999999917e+01
1.368941200000000080e+01
1.351681100000000058e+01
1.334639499999999934e+01
1.317814000000000085e+01
1.301201799999999942e+01
1.284799699999999945e+01
1.268605900000000020e+01
1.252616100000000010e+01
1.236830199999999991e+01
1.221244000000000085e+01
1.205855799999999967e+01
1.190662299999999973e+01
1.175661799999999957e+01
1.160851000000000077e+01
1.146228499999999961e+01
1.131790499999999966e+01
1.117536499999999933e+01
1.103463299999999947e+01
1.089568500000000029e+01
1.075847899999999946e+01
1.062303400000000053e+01
1.048928599999999989e+01
1.035725799999999985e+01
1.022688100000000055e+01
1.009818199999999955e+01
9.971092999999999762e+00
9.845639000000000252e+00
9.721776999999999447e+00
9.599467000000000638e+00
9.478730999999999796e+00
9.359505000000000408e+00
9.241816000000000031e+00
9.125598999999999350e+00
9.010880999999999474e+00
8.897619000000000611e+00
8.785774999999999224e+00
8.675375000000000725e+00
8.566354999999999720e+00
8.458742000000000871e+00
8.352475999999999345e+00
8.247579999999999245e+00
8.144000000000000128e+00
8.041755000000000209e+00
7.940775000000000361e+00
7.841117999999999810e+00
7.742703999999999809e+00
7.645552000000000348e+00
7.549640000000000128e+00
7.454951999999999579e+00
7.361462000000000394e+00
7.269171000000000049e+00
7.178035999999999639e+00
7.088072999999999624e+00
6.999259000000000341e+00
6.911579999999999835e+00
6.824993000000000087e+00
6.739523000000000152e+00
6.655156999999999989e+00
6.571843000000000323e+00
6.489602999999999788e+00
6.408388000000000417e+00
6.328209000000000195e+00
6.249074000000000240e+00
6.170933999999999919e+00
6.093786999999999843e+00
6.017652000000000001e+00
5.942460999999999771e+00
5.868221000000000132e+00
5.794971000000000316e+00
5.722622000000000320e+00
5.651206000000000174e+00
5.580693000000000126e+00
5.511097000000000357e+00
5.442376000000000325e+00
5.374543000000000070e+00
5.307582000000000022e+00
5.241474000000000188e+00
5.176174999999999748e+00
5.111741999999999564e+00
5.048115000000000130e+00
4.985331999999999653e+00
4.923271999999999871e+00
4.862079999999999735e+00
4.801599999999999646e+00
4.741973999999999911e+00
4.683081999999999745e+00
4.624896999999999814e+00
4.567508000000000123e+00
4.510856000000000421e+00
4.454933999999999727e+00
4.399740000000000428e+00
4.345258000000000287e+00
4.291439999999999699e+00
4.238350999999999758e+00
4.185931000000000068e+00
4.134201000000000015e+00
4.083097999999999672e+00
4.032693000000000083e+00
3.982940000000000147e+00
3.933787999999999840e+00
3.885310000000000041e+00
3.837438000000000127e+00
3.790205999999999964e+00
3.743539999999999868e+00
3.697522999999999893e+00
3.652076999999999796e+00
3.607232999999999912e+00
3.562956999999999930e+00
3.519267999999999841e+00
3.476132999999999917e+00
3.433559999999999945e+00
3.391560999999999826e+00
3.350086999999999815e+00
3.309162000000000159e+00
3.268761000000000028e+00
3.228895000000000071e+00
3.189540000000000042e+00
3.150687000000000015e+00
3.112353000000000147e+00
3.074519000000000002e+00
3.037180000000000213e+00
3.000318000000000040e+00
2.963888999999999996e+00
2.928014000000000117e+00
2.892570000000000086e+00
2.857597999999999860e+00
2.823103999999999836e+00
2.789057999999999815e+00
2.755444999999999922e+00
2.722224000000000199e+00
2.689502000000000059e+00
2.657198999999999867e+00
2.625322999999999851e+00
2.593887000000000054e+00
2.562861999999999973e+00
2.532246999999999915e+00
2.501965999999999912e+00
2.472154999999999880e+00
2.442721999999999838e+00
2.413699999999999957e+00
2.385051999999999950e+00
2.356784000000000212e+00
2.328857999999999873e+00
2.301276000000000099e+00
2.274118999999999780e+00
2.247332999999999803e+00
2.220905999999999825e+00
2.194795000000000051e+00
2.169004000000000154e+00
2.143623999999999974e+00
2.118549999999999933e+00
2.093783999999999867e+00
2.069427000000000127e+00
2.045351999999999837e+00
2.021640999999999799e+00
1.998185000000000100e+00
1.975074999999999914e+00
1.952318999999999916e+00
1.929872999999999950e+00
1.907655000000000101e+00
1.885777000000000037e+00
1.864263999999999921e+00
1.842942000000000080e+00
1.821949000000000041e+00
1.801284000000000107e+00
1.780866999999999978e+00
1.760688999999999949e+00
1.740785999999999945e+00
1.721203000000000038e+00
1.701770999999999923e+00
1.682760000000000034e+00
1.663980999999999932e+00
1.645493000000000094e+00
1.627185000000000104e+00
1.609180999999999973e+00
1.591377000000000042e+00
1.573825000000000029e+00
1.556569000000000091e+00
1.539417999999999953e+00
1.522590000000000110e+00
1.506002000000000063e+00
1.489738999999999924e+00
1.473616000000000037e+00
1.457723000000000102e+00
1.442104000000000052e+00
1.426746999999999987e+00
1.411521000000000026e+00
1.396516000000000091e+00
1.381658999999999970e+00
1.367081999999999908e+00
1.352759000000000045e+00
1.338648000000000060e+00
1.324702999999999964e+00
1.311032999999999893e+00
1.297479999999999967e+00
1.284124000000000043e+00
1.270896999999999943e+00
1.257929999999999993e+00
1.245170000000000110e+00
1.232587000000000099e+00
1.220120000000000093e+00
1.207773999999999903e+00
1.195667999999999953e+00
1.183812000000000086e+00
1.172172999999999909e+00
1.160689000000000082e+00
1.149358000000000102e+00
1.138125000000000053e+00
1.127170999999999923e+00
1.116347999999999896e+00
1.105704000000000020e+00
1.095247000000000082e+00
1.084932999999999925e+00
1.074605000000000032e+00
1.064586000000000032e+00
1.054637999999999964e+00
1.044960000000000111e+00
1.035414999999999974e+00
1.026000999999999941e+00
1.016639000000000070e+00
1.007508000000000070e+00
9.984359999999999902e-01
9.894290000000000029e-01
9.807329999999999659e-01
9.721910000000000274e-01
9.637750000000000483e-01
9.554909999999999792e-01
9.473540000000000294e-01
9.393359999999999488e-01
9.314609999999999834e-01
9.236229999999999718e-01
9.157980000000000009e-01
9.083020000000000538e-01
9.007420000000000426e-01
8.934680000000000399e-01
8.861419999999999852e-01
8.790850000000000053e-01
8.722119999999999873e-01
8.652320000000000011e-01
8.585129999999999706e-01
8.519520000000000426e-01
8.453979999999999828e-01
8.390309999999999713e-01
8.326139999999999652e-01
8.265139999999999709e-01
8.203009999999999469e-01
8.143519999999999648e-01
8.084789999999999477e-01
8.027579999999999716e-01
7.969589999999999730e-01
7.914280000000000204e-01
7.859490000000000087e-01
7.805760000000000476e-01
7.752090000000000369e-01
7.700939999999999452e-01
7.648369999999999891e-01
7.598179999999999934e-01
7.549019999999999619e-01
7.500449999999999617e-01
7.453689999999999483e-01
7.405450000000000088e-01
7.359369999999999523e-01
7.313420000000000476e-01
7.267630000000000479e-01
7.224909999999999943e-01
7.180729999999999613e-01
7.137520000000000531e-01
7.096230000000000038e-01
7.056230000000000002e-01
7.015130000000000532e-01
6.976560000000000539e-01
6.937069999999999625e-01
6.898729999999999585e-01
6.860530000000000239e-01
6.823960000000000026e-01
6.789140000000000175e-01
6.752960000000000074e-01
6.718520000000000048e-01
6.683789999999999454e-01
6.651200000000000445e-01
6.617619999999999614e-01
6.584719999999999462e-01
6.553930000000000033e-01
6.522740000000000204e-01
6.491479999999999473e-01
6.460580000000000211e-01
6.430479999999999530e-01
6.400989999999999736e-01
6.371639999999999526e-01
6.343269999999999742e-01
6.315100000000000158e-01
6.287800000000000056e-01
6.260980000000000434e-01
6.236249999999999849e-01
6.210790000000000477e-01
6.185070000000000290e-01
6.160229999999999873e-01
6.135819999999999608e-01
6.113399999999999945e-01
6.089569999999999705e-01
6.065979999999999706e-01
6.042269999999999586e-01
6.020069999999999588e-01
5.997829999999999551e-01
5.976479999999999571e-01
5.955489999999999950e-01
5.934460000000000290e-01
5.914359999999999618e-01
5.894570000000000087e-01
5.874679999999999902e-01
5.855660000000000309e-01
5.837849999999999984e-01
5.819060000000000343e-01
5.801180000000000225e-01
5.783700000000000507e-01
5.765820000000000389e-01
5.748900000000000121e-01
5.732439999999999758e-01
5.715609999999999857e-01
5.699670000000000014e-01
5.682110000000000216e-01
5.666179999999999550e-01
5.651230000000000420e-01
5.636480000000000379e-01
5.622509999999999453e-01
5.608319999999999972e-01
5.593740000000000379e-01
5.580199999999999605e-01
5.564959999999999907e-01
5.551829999999999821e-01
5.539349999999999552e-01
5.524890000000000079e-01
5.512399999999999523e-01
5.500650000000000261e-01
5.486929999999999863e-01
5.475139999999999452e-01
5.464059999999999473e-01
5.451040000000000330e-01
5.439129999999999798e-01
5.428669999999999884e-01
5.418070000000000386e-01
5.405870000000000397e-01
5.395459999999999701e-01
5.385450000000000514e-01
5.373860000000000303e-01
5.364229999999999832e-01
5.353059999999999485e-01
5.343539999999999957e-01
5.334299999999999597e-01
5.323639999999999484e-01
5.313989999999999547e-01
5.305389999999999828e-01
5.296100000000000252e-01
5.286650000000000515e-01
5.278509999999999591e-01
5.270160000000000400e-01
5.260629999999999473e-01
5.252580000000000027e-01
5.244910000000000405e-01
5.235840000000000494e-01
5.227749999999999897e-01
5.220609999999999973e-01
5.212339999999999751e-01
5.203799999999999537e-01
5.197049999999999725e-01
5.189599999999999769e-01
5.182309999999999972e-01
5.175440000000000040e-01
5.167890000000000539e-01
5.161280000000000312e-01
5.153550000000000075e-01
5.146340000000000359e-01
5.138909999999999867e-01
5.131599999999999495e-01
5.125490000000000324e-01
5.118430000000000479e-01
5.111360000000000348e-01
5.105549999999999811e-01
5.098439999999999639e-01
5.093130000000000157e-01
5.087209999999999788e-01
5.078780000000000516e-01
5.072309999999999874e-01
5.066180000000000128e-01
5.059799999999999853e-01
5.053750000000000187e-01
5.048660000000000370e-01
5.042900000000000160e-01
5.037939999999999641e-01
5.030139999999999612e-01
5.024579999999999602e-01
5.018730000000000135e-01
5.013819999999999943e-01
5.006359999999999699e-01
5.000949999999999562e-01
4.995410000000000128e-01
4.988199999999999856e-01
4.981169999999999765e-01
4.974279999999999813e-01
4.966659999999999964e-01
4.961400000000000254e-01
4.956409999999999982e-01
4.951249999999999818e-01
4.944169999999999954e-01
4.940080000000000027e-01
4.935329999999999995e-01
4.928509999999999835e-01
4.924029999999999796e-01
4.918600000000000194e-01
4.913669999999999982e-01
4.907349999999999768e-01
4.901190000000000269e-01
4.896400000000000197e-01
4.889519999999999977e-01
4.884890000000000065e-01
4.880260000000000153e-01
4.874620000000000064e-01
4.869430000000000147e-01
4.862949999999999773e-01
4.858580000000000121e-01
4.854200000000000181e-01
4.848779999999999757e-01
4.843919999999999892e-01
4.839939999999999798e-01
4.835220000000000073e-01
4.831360000000000099e-01
4.826670000000000127e-01
4.822890000000000232e-01
4.819200000000000150e-01
4.815570000000000128e-01
4.811570000000000014e-01
4.807429999999999759e-01
4.801309999999999745e-01
4.797460000000000058e-01
4.794070000000000276e-01
4.788160000000000194e-01
4.784809999999999897e-01
4.781009999999999982e-01
4.778350000000000097e-01
4.775099999999999900e-01
4.770490000000000008e-01
4.765900000000000136e-01
4.762350000000000194e-01
4.758879999999999777e-01
4.755849999999999800e-01
4.751429999999999820e-01
4.747979999999999978e-01
4.744670000000000276e-01
4.741569999999999951e-01
4.738359999999999794e-01
4.735380000000000145e-01
4.732810000000000072e-01
4.728620000000000045e-01
4.725520000000000276e-01
4.720059999999999811e-01
4.716790000000000149e-01
4.711850000000000205e-01
4.708780000000000188e-01
4.703439999999999843e-01
4.700460000000000194e-01
4.695280000000000009e-01
4.692689999999999917e-01
4.687649999999999872e-01
4.683720000000000105e-01
4.681119999999999726e-01
4.677410000000000179e-01
4.672459999999999947e-01
4.668950000000000045e-01
4.666170000000000040e-01
4.663709999999999800e-01
4.661040000000000183e-01
4.657680000000000153e-01
4.655059999999999754e-01
4.650299999999999989e-01
4.645099999999999785e-01
4.640009999999999968e-01
4.636719999999999731e-01
4.633360000000000256e-01
4.629079999999999862e-01
4.625929999999999764e-01
4.621689999999999965e-01
4.618470000000000075e-01
4.614889999999999826e-01
4.612280000000000268e-01
4.608090000000000241e-01
4.605029999999999957e-01
4.602029999999999732e-01
4.598400000000000265e-01
4.595870000000000233e-01
4.592359999999999776e-01
4.589889999999999803e-01
4.587040000000000006e-01
4.584250000000000269e-01
4.580879999999999952e-01
4.577550000000000230e-01
4.574849999999999750e-01
