4.510794639587402344e+00
4.507730960845947266e+00
4.501365661621093750e+00
4.397766590118408203e+00
4.357522010803222656e+00
4.295190811157226562e+00
4.326439857482910156e+00
4.295189857482910156e+00
4.373313426971435547e+00
4.373314857482910156e+00
4.373314857482910156e+00
4.326439857482910156e+00
4.326439857482910156e+00
4.279564857482910156e+00
4.404564857482910156e+00
4.342064857482910156e+00
4.326439857482910156e+00
4.357689857482910156e+00
4.310814857482910156e+00
4.357689857482910156e+00
4.357689857482910156e+00
4.373314857482910156e+00
4.404565334320068359e+00
4.310814857482910156e+00
4.357689857482910156e+00
4.295189857482910156e+00
4.326439857482910156e+00
4.357689857482910156e+00
4.420189857482910156e+00
4.435815334320068359e+00
4.326439857482910156e+00
4.295189857482910156e+00
4.357689857482910156e+00
4.342064857482910156e+00
4.295189857482910156e+00
4.326439857482910156e+00
4.295189857482910156e+00
4.295189857482910156e+00
4.357689857482910156e+00
4.467065334320068359e+00
4.295189857482910156e+00
4.373314857482910156e+00
4.295189857482910156e+00
4.373314857482910156e+00
4.420190334320068359e+00
4.388939857482910156e+00
4.404564857482910156e+00
4.279564857482910156e+00
4.279564857482910156e+00
4.310814857482910156e+00
4.310814857482910156e+00
4.295189857482910156e+00
4.232689857482910156e+00
4.326439857482910156e+00
4.357689857482910156e+00
4.373314857482910156e+00
4.310814857482910156e+00
4.373314857482910156e+00
4.310814857482910156e+00
4.185814857482910156e+00
4.373314857482910156e+00
4.420189857482910156e+00
4.420190334320068359e+00
4.295189857482910156e+00
4.467065334320068359e+00
4.357689857482910156e+00
4.295189857482910156e+00
4.373314857482910156e+00
4.357689857482910156e+00
4.342064857482910156e+00
4.404564857482910156e+00
4.373314857482910156e+00
4.388939857482910156e+00
4.342064857482910156e+00
4.279564857482910156e+00
4.342064857482910156e+00
4.279564857482910156e+00
4.279564857482910156e+00
4.388939857482910156e+00
4.357689857482910156e+00
4.388939857482910156e+00
4.326439857482910156e+00
4.326439857482910156e+00
4.357689857482910156e+00
4.404564857482910156e+00
4.263939857482910156e+00
4.279564857482910156e+00
4.373314857482910156e+00
4.388939857482910156e+00
4.342064857482910156e+00
4.310814857482910156e+00
4.373314857482910156e+00
4.357689857482910156e+00
4.279564857482910156e+00
4.420190334320068359e+00
4.310814857482910156e+00
4.451440334320068359e+00
4.342064857482910156e+00
4.357689857482910156e+00
4.326439857482910156e+00
4.388939857482910156e+00
4.326439857482910156e+00
4.248314857482910156e+00
4.295189857482910156e+00
4.310814857482910156e+00
4.404564857482910156e+00
4.342064857482910156e+00
4.326439857482910156e+00
4.388939857482910156e+00
4.435815334320068359e+00
4.248314857482910156e+00
4.326439857482910156e+00
4.310814857482910156e+00
4.357689857482910156e+00
4.342064857482910156e+00
4.342064857482910156e+00
4.373314857482910156e+00
4.373314857482910156e+00
4.404564857482910156e+00
4.373314857482910156e+00
4.388940334320068359e+00
4.373314857482910156e+00
4.310814857482910156e+00
4.404564857482910156e+00
4.342064857482910156e+00
4.263939857482910156e+00
4.232689857482910156e+00
4.342064857482910156e+00
4.310814857482910156e+00
4.342064857482910156e+00
4.357689857482910156e+00
4.342064857482910156e+00
4.342064857482910156e+00
4.279564857482910156e+00
4.326439857482910156e+00
4.388939857482910156e+00
4.326439857482910156e+00
4.342064857482910156e+00
4.373314857482910156e+00
4.342064857482910156e+00
4.357689857482910156e+00
4.373314857482910156e+00
4.295189857482910156e+00
4.295189857482910156e+00
4.326439857482910156e+00
4.248314857482910156e+00
4.404564857482910156e+00
4.373314857482910156e+00
4.342064857482910156e+00
4.310814857482910156e+00
4.232689857482910156e+00
4.388939857482910156e+00
4.326439857482910156e+00
4.388939857482910156e+00
4.420190334320068359e+00
4.451440334320068359e+00
4.388939857482910156e+00
4.435815334320068359e+00
4.388940334320068359e+00
4.232689857482910156e+00
4.420189857482910156e+00
4.326439857482910156e+00
4.310814857482910156e+00
4.295189857482910156e+00
4.388939857482910156e+00
4.295189857482910156e+00
4.326439857482910156e+00
4.388939857482910156e+00
4.310814857482910156e+00
4.342064857482910156e+00
4.342064857482910156e+00
4.373314857482910156e+00
4.326439857482910156e+00
4.326439857482910156e+00
4.388939857482910156e+00
4.248314857482910156e+00
4.373314857482910156e+00
4.342064857482910156e+00
4.357689857482910156e+00
4.310814857482910156e+00
4.373314857482910156e+00
4.388939857482910156e+00
4.388939857482910156e+00
4.310814857482910156e+00
4.357689857482910156e+00
4.404564857482910156e+00
4.326439857482910156e+00
4.388939857482910156e+00
4.217064857482910156e+00
4.310814857482910156e+00
4.310814857482910156e+00
4.373314857482910156e+00
4.295189857482910156e+00
4.404564857482910156e+00
4.373314857482910156e+00
4.326439857482910156e+00
4.326439857482910156e+00
4.357689857482910156e+00
4.357689857482910156e+00
4.388939857482910156e+00
4.326439857482910156e+00
4.326439857482910156e+00
4.310814857482910156e+00
4.357689857482910156e+00
4.342064857482910156e+00
4.326439857482910156e+00
4.388939857482910156e+00
4.279564857482910156e+00
4.342064857482910156e+00
4.420190334320068359e+00
4.342064857482910156e+00
4.388939857482910156e+00
4.263939857482910156e+00
4.373314857482910156e+00
4.263939857482910156e+00
4.388939857482910156e+00
4.342064857482910156e+00
4.342064857482910156e+00
4.373314857482910156e+00
4.342064857482910156e+00
4.295189857482910156e+00
4.388939857482910156e+00
4.357689857482910156e+00
4.342064857482910156e+00
4.295189857482910156e+00
4.404564857482910156e+00
4.342064857482910156e+00
4.326439857482910156e+00
4.310814857482910156e+00
4.404564857482910156e+00
4.342064857482910156e+00
4.357689857482910156e+00
4.295189857482910156e+00
4.279564857482910156e+00
4.310814857482910156e+00
4.357689857482910156e+00
4.435815334320068359e+00
4.357689857482910156e+00
4.326439857482910156e+00
4.310814857482910156e+00
4.357689857482910156e+00
4.326439857482910156e+00
4.373314857482910156e+00
4.404564857482910156e+00
4.263939857482910156e+00
4.310814857482910156e+00
4.326439857482910156e+00
4.388939857482910156e+00
4.232689857482910156e+00
4.373314857482910156e+00
4.326439857482910156e+00
4.342064857482910156e+00
4.342064857482910156e+00
4.342064857482910156e+00
4.404564857482910156e+00
4.295189857482910156e+00
4.373314857482910156e+00
4.388939857482910156e+00
4.310814857482910156e+00
4.326439857482910156e+00
4.388939857482910156e+00
4.295189857482910156e+00
4.342064857482910156e+00
4.295189857482910156e+00
4.295189857482910156e+00
4.310814857482910156e+00
4.388939857482910156e+00
4.310814857482910156e+00
4.420189857482910156e+00
4.357689857482910156e+00
4.373314857482910156e+00
4.357689857482910156e+00
4.357689857482910156e+00
4.404564857482910156e+00
4.373314857482910156e+00
4.326439857482910156e+00
4.373314857482910156e+00
4.326439857482910156e+00
4.342064857482910156e+00
4.357689857482910156e+00
4.310814857482910156e+00
4.279564857482910156e+00
4.388939857482910156e+00
4.342064857482910156e+00
4.357689857482910156e+00
4.279564857482910156e+00
