8.138147840000000000e+08
1.014222400000000000e+09
1.097624576000000000e+09
1.095435648000000000e+09
9.766901760000000000e+08
1.462184064000000000e+09
8.949806080000000000e+08
1.176543872000000000e+09
1.462860928000000000e+09
8.944321280000000000e+08
1.219240192000000000e+09
9.731368960000000000e+08
1.055150272000000000e+09
8.128572160000000000e+08
7.743433600000000000e+08
1.300898560000000000e+09
1.298349568000000000e+09
1.177732736000000000e+09
8.939164800000000000e+08
1.135435008000000000e+09
9.335712000000000000e+08
1.177297920000000000e+09
1.016684096000000000e+09
1.258029568000000000e+09
1.176148480000000000e+09
1.015895552000000000e+09
1.055865472000000000e+09
9.321152000000000000e+08
1.254922368000000000e+09
8.104265600000000000e+08
1.136850176000000000e+09
1.052250880000000000e+09
1.172840320000000000e+09
9.665995520000000000e+08
1.047082944000000000e+09
9.269354240000000000e+08
8.845983360000000000e+08
9.632393600000000000e+08
9.192179200000000000e+08
1.156750336000000000e+09
1.318048640000000000e+09
1.205803904000000000e+09
1.141210752000000000e+09
1.021616256000000000e+09
9.212917760000000000e+08
8.898913280000000000e+08
1.195619840000000000e+09
9.330112000000000000e+08
9.052456960000000000e+08
1.070712896000000000e+09
9.740721920000000000e+08
5.793441920000000000e+08
1.187604608000000000e+09
1.083700480000000000e+09
1.170014592000000000e+09
5.189124160000000000e+08
7.978856960000000000e+08
1.064868352000000000e+09
8.828987520000000000e+08
8.989293440000000000e+08
8.837571200000000000e+08
8.896393600000000000e+08
7.693688320000000000e+08
8.843553920000000000e+08
8.195218560000000000e+08
9.020984320000000000e+08
8.798121600000000000e+08
9.701699200000000000e+08
9.636353280000000000e+08
8.924408320000000000e+08
6.296862720000000000e+08
6.572864000000000000e+08
8.821599360000000000e+08
7.710182400000000000e+08
8.765237120000000000e+08
9.175006080000000000e+08
8.296826240000000000e+08
7.322306560000000000e+08
8.261577600000000000e+08
6.902355840000000000e+08
9.569562880000000000e+08
9.294517120000000000e+08
8.602860800000000000e+08
8.385406080000000000e+08
8.391687040000000000e+08
9.191962240000000000e+08
8.386007680000000000e+08
8.881865600000000000e+08
5.802734720000000000e+08
8.083651200000000000e+08
8.633810560000000000e+08
7.520328960000000000e+08
8.027197440000000000e+08
8.096984960000000000e+08
9.660552960000000000e+08
5.649587200000000000e+08
8.177930880000000000e+08
7.688265600000000000e+08
7.523566720000000000e+08
1.004425216000000000e+09
7.543843200000000000e+08
7.953579520000000000e+08
7.622442880000000000e+08
7.880158080000000000e+08
7.565774720000000000e+08
8.476670080000000000e+08
7.928324480000000000e+08
7.285651840000000000e+08
7.816862080000000000e+08
8.423443840000000000e+08
6.887607680000000000e+08
8.023104640000000000e+08
6.737066880000000000e+08
7.947050880000000000e+08
6.627470080000000000e+08
6.832298880000000000e+08
8.019755520000000000e+08
7.474922880000000000e+08
8.129630080000000000e+08
8.332017280000000000e+08
6.003872000000000000e+08
6.346896000000000000e+08
9.174974720000000000e+08
8.198961920000000000e+08
7.991514240000000000e+08
7.357866880000000000e+08
7.695952640000000000e+08
7.205505280000000000e+08
7.030318720000000000e+08
6.705016320000000000e+08
7.557165440000000000e+08
6.917510400000000000e+08
7.977508480000000000e+08
8.559524480000000000e+08
6.469475200000000000e+08
7.513832320000000000e+08
7.612655360000000000e+08
6.512668160000000000e+08
7.232232960000000000e+08
8.382890880000000000e+08
7.372518400000000000e+08
6.550298880000000000e+08
7.009887360000000000e+08
6.850354560000000000e+08
7.934373760000000000e+08
6.258629120000000000e+08
7.149765760000000000e+08
8.238723200000000000e+08
6.391066880000000000e+08
6.773434240000000000e+08
5.931702400000000000e+08
6.317623040000000000e+08
7.973061760000000000e+08
7.925797760000000000e+08
7.120755840000000000e+08
6.931603840000000000e+08
7.728283520000000000e+08
7.196631680000000000e+08
7.009568000000000000e+08
6.289556480000000000e+08
6.336818560000000000e+08
7.515843200000000000e+08
5.721735680000000000e+08
7.203402880000000000e+08
6.819202560000000000e+08
6.509175040000000000e+08
6.118561920000000000e+08
7.858968960000000000e+08
7.462992640000000000e+08
7.439452800000000000e+08
5.907835520000000000e+08
5.600855040000000000e+08
7.583180160000000000e+08
6.421777280000000000e+08
7.197944960000000000e+08
6.945959040000000000e+08
7.127662720000000000e+08
6.494390400000000000e+08
5.953728640000000000e+08
6.479270400000000000e+08
6.749429760000000000e+08
6.672887040000000000e+08
6.530375680000000000e+08
5.969751680000000000e+08
6.262871680000000000e+08
5.902106880000000000e+08
6.233736960000000000e+08
5.705027840000000000e+08
6.355765760000000000e+08
5.745344640000000000e+08
6.625139840000000000e+08
6.426529920000000000e+08
6.315664000000000000e+08
6.883002240000000000e+08
6.740194560000000000e+08
5.412266240000000000e+08
5.081494720000000000e+08
5.827544320000000000e+08
5.799471360000000000e+08
6.769632000000000000e+08
5.903945600000000000e+08
5.762076800000000000e+08
4.970914240000000000e+08
6.270958720000000000e+08
7.030356480000000000e+08
4.731473920000000000e+08
5.572296960000000000e+08
4.921466240000000000e+08
5.180584640000000000e+08
5.559502080000000000e+08
4.277207040000000000e+08
5.714005120000000000e+08
6.745459840000000000e+08
4.562220480000000000e+08
6.454345600000000000e+08
5.110703360000000000e+08
5.648748160000000000e+08
4.680850240000000000e+08
5.442221440000000000e+08
4.222834240000000000e+08
5.265961280000000000e+08
5.054115200000000000e+08
4.748029440000000000e+08
3.787794560000000000e+08
5.584828160000000000e+08
5.128928000000000000e+08
4.460500800000000000e+08
5.174041280000000000e+08
4.373308160000000000e+08
3.036924160000000000e+08
4.299714560000000000e+08
4.961757760000000000e+08
5.092002560000000000e+08
4.540352000000000000e+08
4.030417600000000000e+08
4.348599360000000000e+08
3.745536640000000000e+08
3.534528640000000000e+08
4.085045440000000000e+08
3.388200640000000000e+08
3.979394880000000000e+08
3.262660160000000000e+08
3.597970560000000000e+08
3.495181760000000000e+08
3.910631040000000000e+08
3.330455360000000000e+08
3.811214720000000000e+08
3.715798400000000000e+08
2.868362560000000000e+08
2.375313760000000000e+08
2.790277760000000000e+08
4.197735360000000000e+08
3.493426240000000000e+08
2.974099840000000000e+08
3.203403520000000000e+08
2.071580800000000000e+08
2.954288960000000000e+08
2.586059200000000000e+08
2.638056320000000000e+08
2.503980960000000000e+08
2.387210880000000000e+08
2.314925280000000000e+08
2.355894240000000000e+08
2.612180000000000000e+08
2.067506080000000000e+08
2.496676960000000000e+08
2.436341120000000000e+08
1.951854400000000000e+08
2.243918240000000000e+08
1.954882240000000000e+08
2.135439840000000000e+08
1.861481600000000000e+08
1.640467200000000000e+08
2.089151520000000000e+08
2.203365440000000000e+08
1.616325920000000000e+08
1.492902720000000000e+08
1.952390880000000000e+08
2.262523200000000000e+08
1.803307200000000000e+08
9.746573600000000000e+07
1.624497280000000000e+08
1.352114400000000000e+08
1.721831840000000000e+08
2.061037120000000000e+08
1.343752640000000000e+08
1.067169360000000000e+08
1.170912560000000000e+08
1.613914080000000000e+08
1.622940640000000000e+08
1.455836480000000000e+08
1.109067040000000000e+08
1.418110400000000000e+08
1.262752000000000000e+08
1.423658240000000000e+08
8.390593600000000000e+07
1.652927360000000000e+08
1.318363280000000000e+08
1.606527360000000000e+08
1.170077280000000000e+08
9.607222400000000000e+07
1.672295680000000000e+08
1.516330560000000000e+08
1.418969760000000000e+08
1.032143200000000000e+08
9.352529600000000000e+07
1.113882720000000000e+08
1.156805920000000000e+08
1.655789120000000000e+08
1.378908800000000000e+08
1.008579200000000000e+08
1.049987360000000000e+08
9.489582400000000000e+07
1.188866400000000000e+08
1.412130880000000000e+08
1.257158320000000000e+08
1.223683360000000000e+08
1.323551840000000000e+08
1.398839360000000000e+08
1.013808320000000000e+08
7.504360800000000000e+07
1.179682320000000000e+08
1.160455040000000000e+08
1.467292800000000000e+08
1.014449440000000000e+08
1.188240960000000000e+08
1.376071040000000000e+08
1.801413280000000000e+08
1.084704960000000000e+08
8.821412800000000000e+07
1.170178880000000000e+08
9.005645600000000000e+07
8.401259200000000000e+07
1.010691520000000000e+08
1.334751680000000000e+08
1.311459520000000000e+08
1.080788000000000000e+08
1.103953280000000000e+08
1.120417120000000000e+08
1.107800000000000000e+08
9.669132800000000000e+07
1.342003920000000000e+08
1.320707360000000000e+08
1.068655680000000000e+08
7.217493600000000000e+07
1.045783680000000000e+08
8.879187200000000000e+07
1.597344640000000000e+08
1.068226720000000000e+08
1.133790160000000000e+08
1.033009280000000000e+08
9.325422400000000000e+07
6.997137600000000000e+07
1.287684160000000000e+08
9.571664000000000000e+07
1.363436000000000000e+08
9.723056800000000000e+07
9.805307200000000000e+07
7.590387200000000000e+07
8.513708800000000000e+07
1.177260480000000000e+08
5.143270000000000000e+07
9.920378400000000000e+07
7.070475200000000000e+07
8.356449600000000000e+07
1.339380880000000000e+08
7.302633600000000000e+07
1.024281840000000000e+08
9.655979200000000000e+07
1.196545120000000000e+08
1.523075520000000000e+08
1.027148480000000000e+08
1.406568320000000000e+08
1.203572160000000000e+08
7.340414400000000000e+07
8.454784000000000000e+07
8.762926400000000000e+07
1.183347840000000000e+08
1.255676400000000000e+08
9.344500800000000000e+07
7.921744000000000000e+07
9.236189600000000000e+07
8.454584800000000000e+07
7.779052800000000000e+07
9.182041600000000000e+07
8.988488800000000000e+07
9.601389600000000000e+07
8.771158400000000000e+07
9.443973600000000000e+07
9.949140800000000000e+07
1.026012960000000000e+08
1.387538240000000000e+08
8.243854400000000000e+07
7.275176000000000000e+07
6.824350400000000000e+07
9.043448000000000000e+07
6.823347200000000000e+07
6.424895600000000000e+07
1.157836480000000000e+08
1.114464800000000000e+08
1.120078000000000000e+08
7.255264000000000000e+07
1.169346160000000000e+08
7.785983200000000000e+07
8.561013600000000000e+07
8.872537600000000000e+07
1.254614160000000000e+08
1.207793200000000000e+08
1.193217440000000000e+08
9.369324000000000000e+07
1.064266640000000000e+08
9.206584000000000000e+07
8.910500000000000000e+07
6.973372800000000000e+07
8.652939200000000000e+07
6.930590400000000000e+07
9.840592000000000000e+07
6.904822400000000000e+07
7.136702400000000000e+07
1.548918080000000000e+08
7.986444000000000000e+07
1.017693680000000000e+08
6.193903600000000000e+07
1.086895440000000000e+08
1.205340800000000000e+08
1.144510080000000000e+08
1.092564240000000000e+08
1.054722880000000000e+08
8.115687200000000000e+07
5.677740000000000000e+07
7.880465600000000000e+07
9.199468800000000000e+07
6.014458800000000000e+07
7.061052800000000000e+07
1.073637600000000000e+08
1.007643280000000000e+08
8.584634400000000000e+07
9.528151200000000000e+07
8.733848000000000000e+07
8.357814400000000000e+07
1.038536960000000000e+08
8.923252800000000000e+07
1.066648320000000000e+08
9.216219200000000000e+07
8.293123200000000000e+07
8.035739200000000000e+07
6.834840800000000000e+07
9.806227200000000000e+07
9.659382400000000000e+07
1.055072000000000000e+08
8.643348000000000000e+07
8.591929600000000000e+07
8.977281600000000000e+07
1.019750080000000000e+08
1.032896320000000000e+08
1.232089840000000000e+08
7.959114400000000000e+07
1.052699120000000000e+08
9.685197600000000000e+07
8.697180800000000000e+07
1.036526640000000000e+08
8.898713600000000000e+07
9.252180800000000000e+07
9.145913600000000000e+07
9.415313600000000000e+07
1.038029760000000000e+08
8.394583200000000000e+07
7.489340800000000000e+07
6.123547200000000000e+07
9.507002400000000000e+07
1.248864160000000000e+08
6.695849200000000000e+07
7.243218400000000000e+07
1.036055200000000000e+08
9.636043200000000000e+07
7.309709600000000000e+07
9.536038400000000000e+07
6.353772800000000000e+07
1.016419920000000000e+08
1.192120160000000000e+08
5.926354000000000000e+07
8.774536000000000000e+07
6.590717600000000000e+07
7.703176800000000000e+07
5.704489200000000000e+07
1.071911040000000000e+08
7.960774400000000000e+07
7.152425600000000000e+07
8.972430400000000000e+07
1.090437120000000000e+08
7.124093600000000000e+07
9.423507200000000000e+07
7.622531200000000000e+07
9.055549600000000000e+07
6.638496000000000000e+07
9.398774400000000000e+07
1.020368960000000000e+08
8.657026400000000000e+07
7.596009600000000000e+07
6.102619200000000000e+07
7.368349600000000000e+07
7.437792000000000000e+07
9.132119200000000000e+07
1.111594480000000000e+08
7.142569600000000000e+07
6.518672000000000000e+07
8.129952000000000000e+07
1.029982720000000000e+08
5.418575600000000000e+07
8.698606400000000000e+07
7.817467200000000000e+07
1.015867680000000000e+08
4.527359200000000000e+07
1.056743040000000000e+08
5.902904800000000000e+07
9.061619200000000000e+07
6.320789200000000000e+07
7.264611200000000000e+07
8.886024000000000000e+07
6.755054400000000000e+07
8.402560000000000000e+07
9.206840000000000000e+07
6.901137600000000000e+07
6.027251200000000000e+07
9.687696800000000000e+07
7.861413600000000000e+07
8.945850400000000000e+07
8.283086400000000000e+07
6.217968400000000000e+07
9.246756000000000000e+07
1.005971360000000000e+08
1.007568160000000000e+08
8.492036800000000000e+07
9.539539200000000000e+07
8.283208800000000000e+07
7.875008000000000000e+07
8.721705600000000000e+07
8.791677600000000000e+07
9.685738400000000000e+07
7.708856800000000000e+07
6.517224000000000000e+07
6.833356000000000000e+07
9.276576000000000000e+07
9.440872000000000000e+07
6.923232000000000000e+07
1.093108400000000000e+08
6.307870000000000000e+07
5.439622800000000000e+07
7.342480800000000000e+07
6.138168400000000000e+07
1.185833760000000000e+08
9.494330400000000000e+07
6.584487200000000000e+07
6.751229600000000000e+07
6.205747200000000000e+07
1.236036800000000000e+08
5.860256800000000000e+07
1.144176160000000000e+08
6.753678400000000000e+07
6.406274400000000000e+07
1.140968000000000000e+08
6.536957600000000000e+07
7.175377600000000000e+07
1.056291840000000000e+08
9.396643200000000000e+07
6.754440000000000000e+07
1.149650160000000000e+08
5.549854400000000000e+07
6.456303200000000000e+07
7.540081600000000000e+07
6.731897600000000000e+07
8.497144000000000000e+07
7.085519200000000000e+07
6.259912800000000000e+07
7.302508800000000000e+07
8.615802400000000000e+07
9.201856000000000000e+07
7.147527200000000000e+07
1.018628400000000000e+08
9.141951200000000000e+07
5.719131200000000000e+07
6.897734400000000000e+07
1.132495360000000000e+08
1.008701680000000000e+08
6.304754000000000000e+07
6.744955200000000000e+07
6.524771200000000000e+07
7.597924000000000000e+07
6.979964800000000000e+07
5.377280000000000000e+07
7.751490400000000000e+07
6.134845600000000000e+07
7.612994400000000000e+07
8.822374400000000000e+07
8.211061600000000000e+07
7.162195200000000000e+07
7.964823200000000000e+07
8.633553600000000000e+07
1.108267840000000000e+08
6.428794000000000000e+07
