5.752098000000000000e+07
4.380680000000000000e+07
4.661299200000000000e+07
4.780301600000000000e+07
4.139417600000000000e+07
4.614452800000000000e+07
5.926843200000000000e+07
5.280025600000000000e+07
4.943772800000000000e+07
5.291540400000000000e+07
4.493407600000000000e+07
4.207624400000000000e+07
4.774207200000000000e+07
4.049201600000000000e+07
6.371301200000000000e+07
3.954924800000000000e+07
4.509692800000000000e+07
4.055233200000000000e+07
4.290107600000000000e+07
4.320680000000000000e+07
3.636819200000000000e+07
5.364696800000000000e+07
4.269298400000000000e+07
5.255594400000000000e+07
9.837968384000000000e+09
6.397786000000000000e+07
4.461053600000000000e+07
5.422066400000000000e+07
8.238695680000000000e+08
3.982697200000000000e+07
4.469456800000000000e+07
5.834692800000000000e+07
4.851567600000000000e+07
4.470022800000000000e+07
4.783431200000000000e+07
4.416111200000000000e+07
5.327143200000000000e+07
4.302476000000000000e+07
5.300643600000000000e+07
4.378140400000000000e+07
4.526066000000000000e+07
4.453019600000000000e+07
4.123504400000000000e+07
5.074656400000000000e+07
3.584542800000000000e+07
5.520812400000000000e+07
4.417610000000000000e+07
4.810932800000000000e+07
5.213077600000000000e+07
4.091379200000000000e+07
4.706398400000000000e+07
1.172908240000000000e+08
5.092927200000000000e+07
4.027016400000000000e+07
4.187773600000000000e+07
3.523788400000000000e+07
2.923377200000000000e+07
2.830015000000000000e+07
2.253994800000000000e+07
2.086666400000000000e+07
2.111169600000000000e+07
2.982772400000000000e+07
1.944447000000000000e+07
1.409092400000000000e+07
1.258598300000000000e+07
3.710033920000000000e+08
1.068706500000000000e+07
9.178669000000000000e+06
1.590496400000000000e+07
1.012687800000000000e+07
1.081121000000000000e+07
1.054716700000000000e+07
1.077977100000000000e+07
1.129015200000000000e+07
1.268396300000000000e+07
1.875247400000000000e+07
5.997963520000000000e+08
9.053451000000000000e+06
9.005465000000000000e+06
9.696989000000000000e+06
1.019484800000000000e+07
1.023102100000000000e+07
8.662736000000000000e+06
8.135798000000000000e+06
1.110184100000000000e+07
7.587872000000000000e+06
6.552984500000000000e+06
6.312543000000000000e+06
7.481038500000000000e+06
7.148132000000000000e+07
1.846692800000000000e+07
6.115462000000000000e+06
6.966004000000000000e+06
5.356877000000000000e+06
6.171402500000000000e+06
5.100971000000000000e+06
6.469930500000000000e+06
5.953607000000000000e+06
4.329902500000000000e+06
8.148565000000000000e+06
6.157142500000000000e+06
7.461292000000000000e+06
5.539816000000000000e+06
5.806553000000000000e+06
5.056034500000000000e+06
6.867560000000000000e+06
7.759532000000000000e+06
5.579870500000000000e+06
6.032077000000000000e+06
5.758284000000000000e+06
5.923121000000000000e+06
5.808108000000000000e+06
4.042429500000000000e+06
4.435992000000000000e+06
5.974419000000000000e+06
4.013329250000000000e+06
5.665551000000000000e+06
5.395175500000000000e+06
4.621359500000000000e+06
5.649100500000000000e+06
3.820301250000000000e+06
6.342381200000000000e+07
7.782780000000000000e+06
5.034971500000000000e+06
5.522313000000000000e+06
1.376356000000000000e+07
5.742192500000000000e+06
5.391657500000000000e+06
5.690500500000000000e+06
3.826783750000000000e+06
9.466778624000000000e+09
4.836862500000000000e+06
4.983634000000000000e+06
5.023763000000000000e+06
4.541617000000000000e+06
8.142047500000000000e+06
6.708693500000000000e+06
5.772905500000000000e+06
5.789186500000000000e+06
6.818687000000000000e+06
5.509332000000000000e+06
6.038304500000000000e+06
5.099293500000000000e+06
1.074993400000000000e+07
3.731091250000000000e+06
4.055282250000000000e+06
5.269938500000000000e+06
7.628100000000000000e+06
5.127319500000000000e+06
3.069029120000000000e+08
3.853329500000000000e+06
7.345949000000000000e+06
6.721438400000000000e+07
5.027768000000000000e+06
4.659048000000000000e+06
4.223142000000000000e+06
6.133966000000000000e+06
1.722550800000000000e+07
4.520543500000000000e+06
3.226630500000000000e+06
3.131336000000000000e+06
4.673910000000000000e+06
3.508921500000000000e+06
4.747572500000000000e+06
4.452591500000000000e+06
9.251957760000000000e+09
2.317625600000000000e+07
6.100199600000000000e+07
4.910909000000000000e+06
3.313932250000000000e+06
6.916697000000000000e+06
1.133762880000000000e+08
5.391264000000000000e+06
4.831288500000000000e+06
5.554185000000000000e+06
6.371934000000000000e+06
7.406902000000000000e+06
8.259851000000000000e+06
4.409029500000000000e+06
9.629616000000000000e+06
6.117407000000000000e+06
6.567676500000000000e+06
8.198038000000000000e+06
8.756595000000000000e+06
6.415251500000000000e+06
5.704454500000000000e+06
7.635208500000000000e+06
4.321280000000000000e+06
2.607201500000000000e+06
2.672967500000000000e+06
4.708270000000000000e+06
4.186868000000000000e+06
5.549403500000000000e+06
4.425863000000000000e+06
3.845022000000000000e+06
5.016310000000000000e+06
3.454400000000000000e+06
4.207744500000000000e+06
5.209965500000000000e+06
4.685340500000000000e+06
6.329770000000000000e+06
4.249597000000000000e+06
2.193930500000000000e+06
4.980530500000000000e+06
7.828332800000000000e+07
5.931532000000000000e+06
3.373424500000000000e+06
4.196559500000000000e+06
5.741162000000000000e+06
4.163051500000000000e+06
3.961746250000000000e+06
3.510666000000000000e+06
3.799132250000000000e+06
4.988139000000000000e+06
4.625210000000000000e+06
4.357375500000000000e+06
1.089157200000000000e+07
5.374927500000000000e+06
5.004918500000000000e+06
3.567806500000000000e+06
4.299807000000000000e+06
3.832039250000000000e+06
2.958086000000000000e+06
3.915675750000000000e+06
3.411578750000000000e+06
2.988303680000000000e+08
3.320063500000000000e+06
4.374048500000000000e+06
3.444690250000000000e+06
4.959274000000000000e+06
6.498691200000000000e+07
5.694502500000000000e+06
3.947068500000000000e+06
4.472847000000000000e+06
3.494551750000000000e+06
4.023003250000000000e+06
2.567225750000000000e+06
3.298941250000000000e+06
3.648438500000000000e+06
5.185867000000000000e+06
2.989976000000000000e+06
3.350873000000000000e+06
1.068604640000000000e+08
3.948190250000000000e+06
4.986604500000000000e+06
4.634305500000000000e+06
4.113605500000000000e+06
4.796632000000000000e+06
5.131317500000000000e+06
8.824699904000000000e+09
8.971371000000000000e+06
4.262120500000000000e+06
1.839518200000000000e+07
7.511496000000000000e+06
9.285607000000000000e+06
1.467061400000000000e+07
1.161034200000000000e+07
1.814959600000000000e+07
8.720295000000000000e+06
1.138055000000000000e+07
9.919734000000000000e+06
1.364184900000000000e+07
8.058164500000000000e+06
7.940876000000000000e+06
8.302199000000000000e+06
6.209787000000000000e+06
7.659474000000000000e+06
3.034227840000000000e+08
2.679910600000000000e+07
7.404515500000000000e+06
5.189431000000000000e+06
5.451685000000000000e+06
4.530792000000000000e+06
3.756418250000000000e+06
6.786868000000000000e+07
5.367228000000000000e+06
4.335813500000000000e+06
2.894741000000000000e+06
3.780428750000000000e+06
4.012182000000000000e+06
4.260346000000000000e+06
3.338009750000000000e+06
5.389164500000000000e+06
4.326855500000000000e+06
4.030489750000000000e+06
4.337741500000000000e+06
8.407745536000000000e+09
4.274931000000000000e+06
3.510018750000000000e+06
3.652889600000000000e+07
4.665744000000000000e+06
3.474443500000000000e+06
4.198273000000000000e+06
5.949633500000000000e+06
2.981222000000000000e+06
7.624239500000000000e+06
4.918333000000000000e+06
6.777234000000000000e+06
5.066462500000000000e+06
6.389810500000000000e+06
1.029973200000000000e+07
4.956900000000000000e+06
6.642536000000000000e+06
5.773257000000000000e+06
6.927137000000000000e+06
5.309873500000000000e+06
5.237079500000000000e+06
6.528022000000000000e+06
6.585670000000000000e+06
3.766906500000000000e+06
4.343387000000000000e+06
4.761036500000000000e+06
3.154930000000000000e+06
4.548796800000000000e+07
3.699665250000000000e+06
3.934683750000000000e+06
4.375152500000000000e+06
4.042296000000000000e+06
2.837991000000000000e+06
4.054000000000000000e+06
4.224571500000000000e+06
3.561186250000000000e+06
3.929414750000000000e+06
4.901509000000000000e+06
3.659313750000000000e+06
9.497863000000000000e+06
5.930894000000000000e+06
4.314075500000000000e+06
4.075214000000000000e+06
3.975257750000000000e+06
4.542480500000000000e+06
5.774509500000000000e+06
3.312765000000000000e+06
3.624516500000000000e+06
3.168517000000000000e+06
5.337746000000000000e+07
4.651288000000000000e+06
3.577994000000000000e+06
3.246221250000000000e+06
3.485802000000000000e+06
3.195374750000000000e+06
8.750697600000000000e+07
4.796045000000000000e+06
4.082785000000000000e+06
3.992298500000000000e+06
2.342632800000000000e+08
4.606084500000000000e+06
4.283987500000000000e+06
2.717405750000000000e+06
4.951034000000000000e+06
4.096515750000000000e+06
3.747951600000000000e+07
3.585694250000000000e+06
2.585964000000000000e+06
3.955284000000000000e+06
3.169092250000000000e+06
3.309842000000000000e+06
3.442250750000000000e+06
2.772373250000000000e+06
3.397311250000000000e+06
3.330936750000000000e+06
3.870653750000000000e+06
2.422540000000000000e+06
3.830264000000000000e+06
3.885244000000000000e+06
7.572558848000000000e+09
2.589801000000000000e+06
3.920246750000000000e+06
4.628063000000000000e+06
6.957652000000000000e+06
8.492582000000000000e+06
1.189094000000000000e+07
6.711019000000000000e+06
8.170552000000000000e+06
6.077950500000000000e+06
6.820147500000000000e+06
1.239543300000000000e+07
9.763376000000000000e+06
8.768601000000000000e+06
5.158850000000000000e+06
6.836674000000000000e+06
8.753832000000000000e+06
7.103260000000000000e+06
3.960621250000000000e+06
8.125641500000000000e+06
3.502845000000000000e+06
8.388561000000000000e+06
5.296310500000000000e+06
5.356455500000000000e+06
4.692169000000000000e+06
9.972766000000000000e+06
5.235649500000000000e+06
4.067791000000000000e+06
4.895168000000000000e+06
4.826813000000000000e+06
3.853047500000000000e+06
5.214408000000000000e+06
5.128286000000000000e+06
5.209140500000000000e+06
3.894001500000000000e+06
4.768340500000000000e+06
4.488939000000000000e+06
4.255560000000000000e+06
4.266621000000000000e+06
3.796947250000000000e+06
4.537158500000000000e+06
3.663156250000000000e+06
3.503310250000000000e+06
5.674993000000000000e+06
3.926510750000000000e+06
3.932930750000000000e+06
4.224266000000000000e+06
3.809778750000000000e+06
3.121042750000000000e+06
3.576954750000000000e+06
3.509852000000000000e+06
4.402534500000000000e+06
3.675606000000000000e+06
3.082542500000000000e+06
3.313529750000000000e+06
4.353625000000000000e+06
2.155568400000000000e+07
4.383116500000000000e+06
1.826673280000000000e+08
4.538689000000000000e+06
5.512633000000000000e+06
2.675601500000000000e+06
3.452943500000000000e+06
4.127938500000000000e+06
2.730062750000000000e+06
2.467982750000000000e+06
3.561932250000000000e+06
3.407564400000000000e+07
3.494303500000000000e+06
4.629851500000000000e+06
2.897114000000000000e+06
3.309531500000000000e+06
2.763704500000000000e+06
3.601770500000000000e+06
5.310304400000000000e+07
3.613052500000000000e+06
3.274340000000000000e+06
3.203196500000000000e+06
3.489539500000000000e+06
2.978261000000000000e+06
4.185364000000000000e+07
2.125227500000000000e+06
3.613250500000000000e+06
2.673863500000000000e+06
2.386323500000000000e+06
2.473208250000000000e+06
8.861119000000000000e+06
3.766871750000000000e+06
2.141588000000000000e+06
2.703865500000000000e+06
6.248227840000000000e+09
2.771272000000000000e+06
3.474173250000000000e+06
4.131075000000000000e+06
5.295954500000000000e+06
5.050826000000000000e+06
7.850944000000000000e+06
9.517766000000000000e+06
8.216902500000000000e+06
8.976715000000000000e+06
4.523176960000000000e+09
6.919378000000000000e+06
1.151528900000000000e+07
1.392255000000000000e+07
1.022631200000000000e+07
1.387975400000000000e+07
2.504444400000000000e+07
2.654145200000000000e+07
1.319364500000000000e+07
9.734905000000000000e+06
8.407746000000000000e+06
1.299559200000000000e+07
6.454485000000000000e+06
9.647989000000000000e+06
7.731310500000000000e+06
8.665592000000000000e+06
1.185205800000000000e+07
1.142433700000000000e+07
1.114360500000000000e+07
8.786202000000000000e+06
9.914337000000000000e+06
5.095930000000000000e+07
7.837640500000000000e+06
6.646040000000000000e+06
1.434860400000000000e+07
6.795090500000000000e+06
1.359119200000000000e+07
1.398111700000000000e+07
8.324271000000000000e+06
8.418119000000000000e+06
6.277400000000000000e+06
5.609819500000000000e+06
6.158245500000000000e+06
7.702438000000000000e+06
5.131309500000000000e+06
6.063011000000000000e+06
3.580794500000000000e+06
5.735873500000000000e+06
5.461568000000000000e+06
4.918028500000000000e+06
5.802852500000000000e+06
4.297874000000000000e+06
3.748620750000000000e+06
4.945045000000000000e+06
1.390832400000000000e+07
3.946749500000000000e+06
4.611790500000000000e+06
1.079050300000000000e+07
2.916759000000000000e+06
5.863689500000000000e+06
3.965668250000000000e+06
3.694295500000000000e+06
3.756394500000000000e+06
3.252385250000000000e+06
3.773730500000000000e+06
2.848778250000000000e+06
4.440345200000000000e+07
2.863330500000000000e+06
2.457800750000000000e+06
3.114702000000000000e+06
4.024778750000000000e+06
3.868278400000000000e+08
2.922275000000000000e+06
3.903379250000000000e+06
4.627151500000000000e+06
4.334014000000000000e+06
1.471448200000000000e+07
6.785493500000000000e+06
6.311106000000000000e+06
7.375112500000000000e+06
4.728075000000000000e+06
9.975792000000000000e+06
9.466606000000000000e+06
9.198667200000000000e+07
5.793950000000000000e+06
8.194407500000000000e+06
7.446851500000000000e+06
2.925036250000000000e+06
5.931090000000000000e+06
4.292410500000000000e+06
4.007436000000000000e+06
2.630914500000000000e+06
3.788244250000000000e+06
4.593958500000000000e+06
2.142470400000000000e+09
8.932069000000000000e+06
4.915030000000000000e+06
5.657616000000000000e+06
6.488220000000000000e+06
9.173189000000000000e+06
7.725610000000000000e+06
6.733389500000000000e+06
4.411501500000000000e+06
8.579224000000000000e+06
6.889091500000000000e+06
4.638692500000000000e+06
3.686931250000000000e+06
4.782381000000000000e+06
3.492097000000000000e+06
4.712392000000000000e+06
3.692188750000000000e+06
3.447978250000000000e+06
3.633340500000000000e+06
3.274393500000000000e+06
3.968637500000000000e+06
5.175127500000000000e+06
3.244404000000000000e+06
2.983290750000000000e+06
3.586762500000000000e+06
3.835990000000000000e+06
3.078020500000000000e+06
2.824870750000000000e+06
3.704765000000000000e+06
6.117207000000000000e+06
4.513542500000000000e+06
3.790654000000000000e+06
4.044705750000000000e+06
3.603476750000000000e+06
3.641602500000000000e+06
3.313424500000000000e+06
3.414033500000000000e+06
4.207630500000000000e+06
3.202782750000000000e+06
7.392659000000000000e+06
3.745272000000000000e+06
4.502631200000000000e+07
3.829649000000000000e+06
4.170517500000000000e+06
3.062914250000000000e+06
4.447777000000000000e+06
6.583860000000000000e+06
3.055079500000000000e+06
3.934587500000000000e+06
3.062624500000000000e+06
3.655242250000000000e+06
2.718498500000000000e+06
2.518892750000000000e+06
1.332559800000000000e+07
3.866037500000000000e+06
8.956464640000000000e+08
2.966449250000000000e+06
1.957257750000000000e+06
2.461241500000000000e+06
3.226400250000000000e+06
2.606161250000000000e+06
4.265595500000000000e+06
2.814008500000000000e+06
2.947554500000000000e+06
2.314935500000000000e+06
2.290036000000000000e+06
4.943817000000000000e+06
2.880908000000000000e+06
3.918084750000000000e+06
2.001152750000000000e+06
2.474139000000000000e+06
2.444039250000000000e+06
2.341667000000000000e+06
2.455202000000000000e+06
2.482773250000000000e+06
2.263280250000000000e+06
2.664203750000000000e+06
2.736094000000000000e+06
2.122620500000000000e+06
2.184739500000000000e+06
2.587396500000000000e+06
2.350646500000000000e+06
4.550265500000000000e+06
5.113807500000000000e+06
2.870311000000000000e+06
2.598105000000000000e+06
1.407718300000000000e+07
2.833467250000000000e+06
3.776149250000000000e+06
2.097371250000000000e+06
2.364576500000000000e+06
2.139322500000000000e+06
2.262248500000000000e+06
1.850101500000000000e+06
1.596809250000000000e+06
2.558353750000000000e+06
1.867903250000000000e+06
2.577764750000000000e+06
2.316330500000000000e+06
5.795785200000000000e+07
2.445720500000000000e+06
2.218839500000000000e+06
1.899731125000000000e+06
3.478790500000000000e+06
3.046860500000000000e+06
3.277744000000000000e+06
4.121091500000000000e+06
2.855511000000000000e+06
4.959411000000000000e+06
3.282606500000000000e+06
2.647080500000000000e+06
3.234107500000000000e+06
3.169139250000000000e+06
1.915165500000000000e+06
3.034375000000000000e+06
2.384983250000000000e+06
2.315182750000000000e+06
2.380159000000000000e+06
6.706422400000000000e+07
1.471238750000000000e+06
2.140400250000000000e+06
2.335312250000000000e+06
3.165957000000000000e+06
3.013948750000000000e+06
2.196469500000000000e+06
4.194195750000000000e+06
2.331571250000000000e+06
5.056984000000000000e+06
2.887499750000000000e+06
2.566956500000000000e+06
2.098914000000000000e+06
2.808884500000000000e+06
1.900137250000000000e+06
3.205096750000000000e+06
3.100745600000000000e+07
1.826195250000000000e+06
2.388944500000000000e+06
2.264984750000000000e+06
2.364128250000000000e+06
2.905549500000000000e+06
1.648507500000000000e+06
2.702683500000000000e+06
1.746704000000000000e+06
2.689878000000000000e+06
2.641613500000000000e+06
1.849909250000000000e+06
2.843541500000000000e+06
3.996147750000000000e+06
6.100419840000000000e+08
4.607715500000000000e+06
1.773287125000000000e+06
2.276528750000000000e+06
1.819088250000000000e+06
1.971826250000000000e+06
1.967027500000000000e+06
2.233075000000000000e+06
1.987346000000000000e+06
2.833493500000000000e+06
2.598105500000000000e+06
4.705877500000000000e+06
1.847824250000000000e+06
2.500623000000000000e+06
2.356789000000000000e+06
2.374984500000000000e+06
2.269228250000000000e+06
1.809532250000000000e+06
2.528139250000000000e+06
2.324361500000000000e+06
2.325459500000000000e+06
2.648739500000000000e+06
1.450207000000000000e+06
1.697066250000000000e+06
2.496127000000000000e+06
2.174204500000000000e+06
2.608117500000000000e+06
4.831788000000000000e+06
2.198777000000000000e+06
2.648113500000000000e+06
1.508735000000000000e+06
3.784842000000000000e+06
3.332611000000000000e+06
4.084882250000000000e+06
1.554025375000000000e+06
1.901426500000000000e+06
1.863120625000000000e+06
1.986775600000000000e+07
2.354963000000000000e+06
3.010503250000000000e+06
1.690753250000000000e+06
1.588719000000000000e+06
2.673410500000000000e+06
5.062317200000000000e+07
1.870516375000000000e+06
2.103863250000000000e+06
1.777819250000000000e+06
2.695202250000000000e+06
1.730967500000000000e+06
2.700848750000000000e+06
1.572777125000000000e+06
1.667827750000000000e+06
2.165352500000000000e+06
1.758660500000000000e+06
2.251504500000000000e+06
1.606277500000000000e+06
1.927506375000000000e+06
1.620536500000000000e+06
2.001403000000000000e+06
2.422093250000000000e+06
1.775720000000000000e+06
1.902583750000000000e+06
2.492205500000000000e+06
1.837542500000000000e+06
3.272147750000000000e+06
2.102625000000000000e+06
1.670870000000000000e+06
2.004666750000000000e+06
2.108304500000000000e+06
2.676805250000000000e+06
1.348283125000000000e+06
2.126402500000000000e+06
1.859805250000000000e+06
1.454626125000000000e+06
1.826020625000000000e+06
3.852045500000000000e+06
2.343045750000000000e+06
2.245608500000000000e+06
2.213475000000000000e+06
2.012977375000000000e+06
1.941253250000000000e+06
2.404746500000000000e+06
1.689180000000000000e+06
3.072069500000000000e+06
1.846495750000000000e+06
2.051735750000000000e+06
1.613446750000000000e+06
3.708254000000000000e+06
1.642153125000000000e+06
2.390155500000000000e+06
5.332463680000000000e+08
1.608164875000000000e+06
4.970873000000000000e+06
2.046443000000000000e+06
1.584642125000000000e+06
2.017595750000000000e+06
7.018067840000000000e+08
2.262498500000000000e+06
2.201872750000000000e+06
2.842949000000000000e+06
1.669854875000000000e+06
1.498953500000000000e+06
1.902116750000000000e+06
1.721913250000000000e+06
1.701071250000000000e+06
1.753616000000000000e+06
1.382023125000000000e+06
2.189486500000000000e+06
2.006895500000000000e+06
1.893592250000000000e+06
1.857690500000000000e+06
1.783585000000000000e+06
1.786188750000000000e+06
1.739430000000000000e+06
1.871296750000000000e+06
1.468964250000000000e+06
2.263047250000000000e+06
2.295019750000000000e+06
1.901502875000000000e+06
1.902183750000000000e+06
2.250642000000000000e+06
1.850150875000000000e+06
2.409972000000000000e+06
1.746054000000000000e+06
1.555344750000000000e+06
2.148691000000000000e+06
3.067410800000000000e+07
2.654609000000000000e+06
1.568236875000000000e+06
1.394681250000000000e+06
1.943132750000000000e+06
1.606737125000000000e+06
1.751580875000000000e+06
2.202073000000000000e+06
1.675022500000000000e+06
2.067524125000000000e+06
1.248764500000000000e+06
2.135118000000000000e+06
4.658557600000000000e+07
2.618052000000000000e+06
1.672313000000000000e+06
3.266524000000000000e+06
2.246761000000000000e+06
2.695737500000000000e+06
1.292205750000000000e+06
4.010168500000000000e+06
2.284965000000000000e+06
1.784778625000000000e+06
1.124069000000000000e+06
3.110909250000000000e+06
1.634259250000000000e+06
1.167690000000000000e+06
1.773623500000000000e+06
5.384445500000000000e+06
2.211644000000000000e+06
1.645839750000000000e+06
1.938418875000000000e+06
1.857650125000000000e+06
1.863605250000000000e+06
2.878368750000000000e+06
4.565670000000000000e+06
1.531974500000000000e+06
1.403962125000000000e+06
2.740420250000000000e+06
1.774705000000000000e+06
1.784838250000000000e+06
1.721262500000000000e+06
1.844743375000000000e+06
1.956043875000000000e+06
1.799918375000000000e+06
1.874276250000000000e+06
1.395495500000000000e+06
4.402636500000000000e+06
3.728802000000000000e+06
2.921024000000000000e+06
1.374444500000000000e+06
1.433036625000000000e+06
1.948455500000000000e+06
1.730343750000000000e+06
2.149445000000000000e+06
1.660690000000000000e+06
2.210201000000000000e+06
1.611975250000000000e+06
1.119686240000000000e+08
1.761044125000000000e+06
5.645902500000000000e+06
3.057441000000000000e+06
1.083064880000000000e+08
1.885695750000000000e+06
1.557754000000000000e+06
1.889285250000000000e+06
2.238759500000000000e+06
2.219567750000000000e+06
3.652570250000000000e+06
2.455367250000000000e+06
4.277761500000000000e+06
2.380785250000000000e+06
1.349344600000000000e+07
4.530071500000000000e+06
4.218679000000000000e+06
2.237315000000000000e+06
2.741685750000000000e+06
1.921949500000000000e+06
1.845046250000000000e+06
2.310093250000000000e+06
2.604801000000000000e+06
1.890676500000000000e+06
2.205059500000000000e+06
2.867009750000000000e+06
2.317234000000000000e+06
2.554565000000000000e+06
1.860857875000000000e+06
3.002247250000000000e+06
1.962857625000000000e+06
1.610585500000000000e+06
2.022542125000000000e+06
1.627876375000000000e+06
2.170207500000000000e+06
1.610948750000000000e+06
1.930005125000000000e+06
2.110821500000000000e+06
1.773267625000000000e+06
3.033009500000000000e+06
2.082904000000000000e+06
1.315210375000000000e+06
1.911782375000000000e+06
1.543828500000000000e+06
1.782765500000000000e+06
1.520592000000000000e+06
1.319405375000000000e+06
1.895820750000000000e+06
2.262420000000000000e+06
1.157744240000000000e+08
1.403514875000000000e+06
2.559122750000000000e+06
5.408383000000000000e+06
3.541161000000000000e+06
2.997177750000000000e+06
2.537466500000000000e+06
3.820943000000000000e+06
3.097572500000000000e+06
2.459086250000000000e+06
3.054250000000000000e+06
3.398014000000000000e+06
3.324102750000000000e+06
3.258189500000000000e+06
2.580390750000000000e+06
2.936987250000000000e+06
2.453945500000000000e+06
2.703142000000000000e+06
2.382368500000000000e+06
2.422053500000000000e+06
2.457127000000000000e+06
2.360939250000000000e+06
1.807302250000000000e+06
1.998190000000000000e+06
1.986137250000000000e+06
1.925381500000000000e+06
2.250677750000000000e+06
1.758503250000000000e+06
3.750181750000000000e+06
2.286404750000000000e+06
2.487903500000000000e+06
1.722172000000000000e+06
3.782335000000000000e+06
2.259957500000000000e+06
2.396992000000000000e+06
1.824241500000000000e+06
1.487072875000000000e+06
1.945540375000000000e+06
2.541405500000000000e+06
3.011612250000000000e+06
2.022873250000000000e+06
1.557895875000000000e+06
2.281184750000000000e+06
8.013617920000000000e+08
1.798263000000000000e+06
1.620436000000000000e+06
1.757720000000000000e+06
1.898259200000000000e+07
6.327065500000000000e+06
1.739081125000000000e+06
2.174037000000000000e+06
1.880006250000000000e+06
2.338877000000000000e+06
1.866037750000000000e+06
1.798274750000000000e+06
2.210975500000000000e+06
2.054316000000000000e+06
3.227680750000000000e+06
1.817293000000000000e+06
1.796809000000000000e+06
1.370168375000000000e+06
1.326360250000000000e+06
1.674047250000000000e+06
2.489423500000000000e+06
1.939853000000000000e+06
9.448230000000000000e+06
1.576816625000000000e+06
1.242755500000000000e+06
1.456082125000000000e+06
2.900557500000000000e+06
1.350077750000000000e+06
1.723112500000000000e+06
1.408702375000000000e+06
3.366217750000000000e+06
1.239029125000000000e+06
1.378492625000000000e+06
1.637480500000000000e+06
1.571132125000000000e+06
1.498399875000000000e+06
2.592029250000000000e+06
1.707142875000000000e+06
1.431889750000000000e+06
2.382555750000000000e+06
1.405907500000000000e+06
1.102414976000000000e+09
1.208167000000000000e+06
5.318808500000000000e+06
2.119976000000000000e+06
2.210009500000000000e+06
2.421739000000000000e+06
2.345325750000000000e+06
1.889525625000000000e+06
3.642338250000000000e+06
1.940414500000000000e+06
3.981409500000000000e+06
2.863782000000000000e+06
2.462180000000000000e+06
2.045330500000000000e+06
1.748984000000000000e+06
1.645470250000000000e+06
1.700930000000000000e+06
1.771357500000000000e+06
1.820629750000000000e+06
1.671382250000000000e+06
2.722432750000000000e+06
1.317153000000000000e+06
1.966460000000000000e+06
1.826924625000000000e+06
2.215800500000000000e+06
1.906768750000000000e+06
2.253998500000000000e+06
1.719087125000000000e+06
2.893988000000000000e+06
1.490310000000000000e+06
1.823653875000000000e+06
2.077573875000000000e+06
1.619194250000000000e+06
1.373526250000000000e+06
2.074097000000000000e+06
8.664943200000000000e+07
2.012750750000000000e+06
1.385422500000000000e+06
2.136008500000000000e+06
3.589498000000000000e+07
1.756723500000000000e+06
3.540846250000000000e+06
3.238104250000000000e+06
2.854400250000000000e+06
2.069814500000000000e+06
4.542793500000000000e+06
8.356440000000000000e+07
6.998331500000000000e+06
2.296834750000000000e+06
2.152358250000000000e+06
1.579619500000000000e+06
1.639486250000000000e+06
2.952848250000000000e+06
2.618330750000000000e+06
2.288635750000000000e+06
2.673155750000000000e+06
1.710079500000000000e+06
2.578716000000000000e+06
1.880939500000000000e+06
2.124931000000000000e+06
2.288726500000000000e+06
1.647241375000000000e+06
1.991978500000000000e+06
1.891208750000000000e+06
2.876793000000000000e+06
2.915856000000000000e+06
1.485012500000000000e+06
1.494273000000000000e+06
2.285234500000000000e+06
2.197792000000000000e+06
1.695588000000000000e+06
1.765163375000000000e+06
1.496889000000000000e+06
1.565090500000000000e+06
1.176952250000000000e+06
4.017507250000000000e+06
1.646665000000000000e+06
2.415149750000000000e+06
1.218258375000000000e+06
1.292061500000000000e+06
1.443853000000000000e+06
2.774825000000000000e+07
1.725227875000000000e+06
1.711441250000000000e+06
1.802639625000000000e+06
1.887657500000000000e+06
1.463215000000000000e+06
1.534063250000000000e+06
2.147848500000000000e+06
1.612359500000000000e+06
3.417629250000000000e+06
1.519127875000000000e+06
2.061672750000000000e+06
1.335035125000000000e+06
1.665311500000000000e+06
1.475527875000000000e+06
1.636131625000000000e+06
1.370345125000000000e+06
1.825978500000000000e+06
1.479835500000000000e+06
5.858684160000000000e+08
1.822328125000000000e+06
1.893979500000000000e+06
1.815285625000000000e+06
1.206683000000000000e+06
1.484471875000000000e+06
2.095119250000000000e+06
1.399336500000000000e+06
1.563504750000000000e+06
4.012294750000000000e+06
1.187100000000000000e+06
3.173574750000000000e+06
1.349960875000000000e+06
2.010223875000000000e+06
4.393754240000000000e+08
1.950376125000000000e+06
1.677503750000000000e+06
1.661469125000000000e+06
1.918781500000000000e+06
2.067220500000000000e+06
2.167805250000000000e+06
2.355412250000000000e+06
4.955120400000000000e+07
1.922529750000000000e+06
2.149837500000000000e+06
2.534068000000000000e+06
1.563267000000000000e+06
1.908220000000000000e+06
2.487364000000000000e+06
1.578598250000000000e+06
1.766539375000000000e+06
1.278489375000000000e+06
1.316382875000000000e+06
2.053538875000000000e+06
1.342401500000000000e+06
1.995310750000000000e+06
1.863616875000000000e+06
1.566832000000000000e+06
1.738268875000000000e+06
2.191026500000000000e+06
1.293439375000000000e+06
1.104638375000000000e+06
1.644387125000000000e+06
1.338661500000000000e+06
1.413630750000000000e+06
1.750374250000000000e+06
1.800600750000000000e+06
1.424001000000000000e+06
1.962764875000000000e+06
1.317096000000000000e+06
1.213866250000000000e+06
1.482527750000000000e+06
1.811836250000000000e+06
1.254330250000000000e+06
3.037513500000000000e+06
4.518327000000000000e+06
1.286322375000000000e+06
2.132903750000000000e+06
1.332607000000000000e+06
1.464066500000000000e+06
1.359654125000000000e+06
1.297471250000000000e+06
1.290368750000000000e+06
1.893435000000000000e+06
1.335662875000000000e+06
1.054214750000000000e+06
2.391080000000000000e+06
1.603168250000000000e+06
1.388735750000000000e+06
1.842015400000000000e+07
2.173192750000000000e+06
1.872738000000000000e+06
1.629076000000000000e+06
1.168969875000000000e+06
1.917255625000000000e+06
1.585740000000000000e+06
1.972564250000000000e+06
1.391666500000000000e+06
1.554244250000000000e+06
2.338282500000000000e+06
5.416374000000000000e+07
1.046355000000000000e+06
1.434402000000000000e+06
1.293341625000000000e+06
1.558916500000000000e+06
3.294537500000000000e+06
2.061732375000000000e+06
1.491387125000000000e+06
1.471174250000000000e+06
2.941442000000000000e+06
1.752651625000000000e+06
1.840211750000000000e+06
1.407247250000000000e+06
1.338475750000000000e+06
1.735783000000000000e+06
2.051508125000000000e+06
1.798726750000000000e+06
1.341132000000000000e+06
2.333217750000000000e+06
1.820791750000000000e+06
1.653238250000000000e+06
1.406840750000000000e+06
1.227372500000000000e+06
1.462868125000000000e+06
1.387012750000000000e+06
1.785290875000000000e+06
1.499395875000000000e+06
1.234684500000000000e+06
1.212209000000000000e+06
1.374735500000000000e+06
1.244082875000000000e+06
2.092646000000000000e+06
1.181714875000000000e+06
1.142170000000000000e+06
1.411172250000000000e+06
1.109709625000000000e+06
1.324520125000000000e+06
1.316138250000000000e+06
1.696927375000000000e+06
1.701342750000000000e+06
1.490122000000000000e+06
2.137234750000000000e+06
2.376195500000000000e+06
1.708161375000000000e+06
1.254107500000000000e+06
1.370937750000000000e+06
1.892203000000000000e+07
1.333883875000000000e+06
2.303182000000000000e+06
1.135228288000000000e+09
1.541047250000000000e+06
1.730887000000000000e+06
1.489572375000000000e+06
1.570536375000000000e+06
1.863582000000000000e+06
1.145932875000000000e+06
1.623850250000000000e+06
2.295658500000000000e+06
1.234758750000000000e+06
2.098859500000000000e+06
2.022637750000000000e+06
1.529609750000000000e+06
3.954299200000000000e+07
6.028032000000000000e+06
1.769770250000000000e+06
1.243104750000000000e+06
1.564759500000000000e+06
1.374966125000000000e+06
2.299673500000000000e+06
1.316870125000000000e+06
1.231887125000000000e+06
1.547821750000000000e+06
1.400275875000000000e+06
1.512572750000000000e+06
1.670875500000000000e+06
2.129400250000000000e+06
7.039070000000000000e+06
1.734271750000000000e+06
1.534953250000000000e+06
2.480614500000000000e+06
1.041143375000000000e+06
1.446358625000000000e+06
9.337790000000000000e+05
1.498901875000000000e+06
1.254491500000000000e+06
1.369654656000000000e+09
2.085506875000000000e+06
2.303252500000000000e+06
1.329310875000000000e+06
2.051952750000000000e+06
1.680708750000000000e+06
1.389755250000000000e+06
2.002640625000000000e+06
2.427993250000000000e+06
1.929173000000000000e+06
1.841339500000000000e+06
2.443112000000000000e+06
1.726579375000000000e+06
1.226226375000000000e+06
1.556787500000000000e+06
1.918674875000000000e+06
1.091480250000000000e+06
1.125267500000000000e+06
1.314051250000000000e+06
2.061557750000000000e+06
1.837631000000000000e+06
1.914074750000000000e+06
1.735938125000000000e+06
1.539005125000000000e+06
1.167395125000000000e+06
1.191523750000000000e+06
2.152661750000000000e+06
1.514906875000000000e+06
1.141003500000000000e+06
1.121755750000000000e+06
1.282485250000000000e+06
2.008710750000000000e+06
2.988233000000000000e+06
1.020859000000000000e+06
1.311705625000000000e+06
1.723393750000000000e+06
1.310597750000000000e+06
5.664443200000000000e+07
1.193317000000000000e+06
1.509282500000000000e+06
1.289534125000000000e+06
1.523767750000000000e+06
3.116720250000000000e+06
1.518003375000000000e+06
1.720453000000000000e+06
1.997981750000000000e+06
1.549585250000000000e+06
1.287368875000000000e+06
1.506409500000000000e+06
1.393861250000000000e+06
9.905302500000000000e+05
1.187070500000000000e+06
1.740921500000000000e+06
1.352498875000000000e+06
1.607836875000000000e+06
1.822969375000000000e+06
1.172465500000000000e+06
1.233817750000000000e+06
1.792302625000000000e+06
1.385579500000000000e+06
1.540597625000000000e+06
1.536316000000000000e+06
1.382996000000000000e+06
1.277135200000000000e+07
1.287444875000000000e+06
1.737021500000000000e+06
1.327695625000000000e+06
2.834870250000000000e+06
8.329428480000000000e+08
1.203205500000000000e+06
1.249212500000000000e+06
1.476689125000000000e+06
1.480697625000000000e+06
1.250343375000000000e+06
1.164750625000000000e+06
1.263664875000000000e+06
2.345466000000000000e+06
9.942071875000000000e+05
1.460726500000000000e+06
2.523170000000000000e+07
1.887908500000000000e+06
1.227967500000000000e+06
1.222174125000000000e+06
1.647924750000000000e+06
1.716881000000000000e+06
1.994087500000000000e+06
1.037146750000000000e+06
1.696675500000000000e+06
1.766751750000000000e+06
1.180213000000000000e+06
1.231245500000000000e+06
1.271915500000000000e+06
1.372487000000000000e+06
1.423922000000000000e+06
1.636519000000000000e+06
1.240614875000000000e+06
4.894519000000000000e+06
1.659794500000000000e+06
1.031169250000000000e+06
9.190954375000000000e+05
1.392214250000000000e+06
1.349360000000000000e+06
1.214871125000000000e+06
1.333249000000000000e+06
1.344274000000000000e+06
1.704371750000000000e+06
1.037064250000000000e+06
1.418467875000000000e+06
1.335485375000000000e+06
1.686232000000000000e+06
2.174806500000000000e+06
1.427390750000000000e+06
1.433863250000000000e+06
1.391411625000000000e+06
1.211626125000000000e+06
1.558836750000000000e+06
1.074669875000000000e+06
1.506586500000000000e+06
1.710854000000000000e+06
1.529349000000000000e+06
1.284278500000000000e+06
1.032778500000000000e+06
1.636034250000000000e+06
1.207672625000000000e+06
1.199340000000000000e+06
1.047402750000000000e+06
1.236065750000000000e+06
1.579896750000000000e+06
1.813412000000000000e+06
1.002611875000000000e+06
2.403121750000000000e+06
9.981908750000000000e+05
1.939345625000000000e+06
4.657830000000000000e+06
1.271434250000000000e+06
1.314995500000000000e+06
1.262684875000000000e+06
1.911131500000000000e+06
1.762805250000000000e+06
1.330857250000000000e+06
1.569198625000000000e+06
1.052660375000000000e+06
1.298951250000000000e+06
1.218937875000000000e+06
1.255926875000000000e+06
1.279858250000000000e+06
1.086796875000000000e+06
6.063650560000000000e+08
1.162793750000000000e+06
1.947565500000000000e+06
1.430125500000000000e+06
1.936436875000000000e+06
1.843729250000000000e+06
2.119155500000000000e+06
2.860965250000000000e+06
1.675504250000000000e+06
2.447157750000000000e+06
2.487245500000000000e+06
1.821554000000000000e+06
1.948326375000000000e+06
1.332046000000000000e+06
2.919575500000000000e+06
1.396360250000000000e+06
1.438993250000000000e+06
1.114819250000000000e+06
9.426735625000000000e+05
1.632207500000000000e+06
5.518215600000000000e+07
1.504907500000000000e+06
2.771989000000000000e+06
1.882779750000000000e+06
2.403902250000000000e+06
3.339589200000000000e+07
2.893658250000000000e+06
2.664261750000000000e+06
3.004023000000000000e+06
1.431713125000000000e+06
2.946565750000000000e+06
2.494074500000000000e+06
1.527259750000000000e+06
2.283304500000000000e+06
2.115703500000000000e+06
1.411258000000000000e+06
2.461188400000000000e+07
2.413503000000000000e+06
2.589260500000000000e+06
1.452640000000000000e+06
1.409574000000000000e+06
1.294714500000000000e+06
1.321502750000000000e+06
1.098406375000000000e+06
1.213517824000000000e+09
1.226690000000000000e+06
2.005581375000000000e+06
1.295399250000000000e+06
1.294540125000000000e+06
2.067136375000000000e+06
1.795226125000000000e+06
2.473681750000000000e+06
2.963428000000000000e+06
2.112940250000000000e+06
3.704039250000000000e+06
1.687653500000000000e+06
1.617572750000000000e+06
1.027632750000000000e+06
2.517280000000000000e+06
1.718094875000000000e+06
1.453238375000000000e+06
1.448702000000000000e+06
2.201322250000000000e+06
1.387699500000000000e+06
1.736040750000000000e+06
1.854744875000000000e+06
5.290077500000000000e+06
2.108965500000000000e+06
1.534714750000000000e+06
1.361089875000000000e+06
1.436156625000000000e+06
1.286822875000000000e+06
1.600537250000000000e+06
1.527481750000000000e+06
1.107893250000000000e+06
1.012555500000000000e+06
1.720953125000000000e+06
2.306504500000000000e+06
1.524338750000000000e+06
1.174536500000000000e+07
1.784302080000000000e+08
1.616497375000000000e+06
2.476990000000000000e+06
2.464734250000000000e+06
2.890909250000000000e+06
2.859601500000000000e+06
3.301598250000000000e+06
3.910703250000000000e+06
3.705978500000000000e+06
2.414407250000000000e+06
3.797227750000000000e+06
3.649637750000000000e+06
2.271984000000000000e+06
2.479589000000000000e+06
2.274151750000000000e+06
1.536928000000000000e+06
2.282379000000000000e+06
2.036670375000000000e+06
1.692402000000000000e+06
1.070994900000000000e+07
1.711216750000000000e+06
2.338164250000000000e+06
1.562245750000000000e+06
1.663665625000000000e+06
1.041796500000000000e+06
2.332107500000000000e+06
1.646119125000000000e+06
1.445141875000000000e+06
1.640846875000000000e+06
1.788411000000000000e+06
1.459013000000000000e+06
4.841448000000000000e+06
1.907273875000000000e+06
1.555295750000000000e+06
5.077978400000000000e+07
1.491095000000000000e+06
1.136033250000000000e+06
1.197566375000000000e+06
1.526889000000000000e+06
1.695264875000000000e+06
2.133395250000000000e+06
1.866814875000000000e+06
1.750131500000000000e+06
2.252383000000000000e+06
1.582367500000000000e+06
1.914650000000000000e+06
1.127943625000000000e+06
1.250764250000000000e+06
1.235750375000000000e+06
1.263092000000000000e+06
1.234220500000000000e+06
1.185471000000000000e+06
1.139652375000000000e+06
1.481294750000000000e+06
1.214594250000000000e+06
1.556360875000000000e+06
1.646101500000000000e+06
1.692146375000000000e+06
1.213472000000000000e+06
1.349965250000000000e+06
1.519916750000000000e+06
1.792866375000000000e+06
1.412984500000000000e+06
1.788037375000000000e+06
2.408450000000000000e+06
1.575914125000000000e+06
1.364821250000000000e+06
1.964199500000000000e+06
1.441113750000000000e+06
2.191893500000000000e+06
1.211184750000000000e+06
2.018698250000000000e+06
1.374945500000000000e+06
1.500956750000000000e+06
3.863028250000000000e+06
1.445791875000000000e+06
1.103672704000000000e+09
4.810590800000000000e+07
1.919166625000000000e+06
1.338859750000000000e+06
1.563419750000000000e+06
1.269146125000000000e+06
1.922620500000000000e+06
2.845902500000000000e+06
1.580860375000000000e+06
4.400793500000000000e+06
2.692173750000000000e+06
2.378899750000000000e+06
1.962489000000000000e+06
1.624207750000000000e+06
2.222212750000000000e+06
1.625679000000000000e+06
1.609947500000000000e+06
1.298134250000000000e+06
2.009579750000000000e+06
2.513474500000000000e+06
1.778629500000000000e+06
2.072567625000000000e+06
1.752173250000000000e+06
1.704306250000000000e+06
1.992884375000000000e+06
2.224429800000000000e+07
9.305718400000000000e+07
1.832893000000000000e+06
1.820430750000000000e+06
2.006095000000000000e+06
3.964490000000000000e+06
3.347411000000000000e+06
3.160376750000000000e+06
3.392550500000000000e+06
2.311915750000000000e+06
2.540604750000000000e+06
4.943036500000000000e+06
2.671128500000000000e+06
2.383335000000000000e+06
2.451434250000000000e+06
1.950377500000000000e+06
2.482875000000000000e+06
1.847980125000000000e+06
4.943813760000000000e+08
1.271278250000000000e+06
2.523326250000000000e+06
2.884236250000000000e+06
2.521567000000000000e+06
3.039345500000000000e+06
1.757028250000000000e+06
1.430739500000000000e+06
1.934318750000000000e+06
1.769778750000000000e+06
1.806764125000000000e+06
1.442697500000000000e+06
1.527238375000000000e+06
2.401417250000000000e+06
1.338387125000000000e+06
1.994985250000000000e+06
1.335227250000000000e+06
2.740035500000000000e+06
1.769065375000000000e+06
1.373952250000000000e+06
1.805088000000000000e+06
1.141467375000000000e+06
1.285671250000000000e+06
2.253262000000000000e+06
1.259506125000000000e+06
1.763710000000000000e+06
2.105037750000000000e+06
1.492149250000000000e+06
1.276562625000000000e+06
4.167634000000000000e+07
1.261295125000000000e+06
1.999548875000000000e+06
1.531983125000000000e+06
5.824350000000000000e+06
2.373163000000000000e+06
1.391691750000000000e+06
1.700440125000000000e+06
1.499641250000000000e+06
2.932231750000000000e+06
1.424161250000000000e+06
1.527575500000000000e+06
1.224512875000000000e+06
1.114789250000000000e+06
1.418224625000000000e+06
2.573186250000000000e+06
1.169340500000000000e+06
1.004450250000000000e+06
9.951413750000000000e+05
2.019643000000000000e+06
1.297965750000000000e+06
1.208553000000000000e+06
1.060893875000000000e+06
1.040674625000000000e+06
1.287698080000000000e+08
1.865655500000000000e+06
1.796207375000000000e+06
1.480328625000000000e+06
1.772374000000000000e+06
1.916889375000000000e+06
2.959745000000000000e+06
2.510319500000000000e+06
2.322269500000000000e+06
3.235835500000000000e+06
2.764990250000000000e+06
2.981138250000000000e+06
2.606900000000000000e+06
3.302351500000000000e+06
2.065912375000000000e+06
1.636274500000000000e+06
5.024208000000000000e+06
1.080586875000000000e+06
1.753014375000000000e+06
2.131502750000000000e+06
1.492728625000000000e+06
1.715556500000000000e+06
1.338015000000000000e+06
1.483277000000000000e+06
1.885731625000000000e+06
1.390341375000000000e+06
7.479470080000000000e+08
1.299557125000000000e+06
1.667134250000000000e+06
1.611608750000000000e+06
2.098888500000000000e+06
1.911353500000000000e+06
1.195575500000000000e+06
1.759503000000000000e+06
2.355518250000000000e+06
1.166495750000000000e+06
2.588620000000000000e+06
1.851983625000000000e+06
1.485654750000000000e+06
2.021282400000000000e+07
1.586817000000000000e+06
1.849217500000000000e+06
1.704323375000000000e+06
1.952643500000000000e+06
1.488640125000000000e+06
1.521764250000000000e+06
1.375348250000000000e+06
1.271559250000000000e+06
1.430883250000000000e+06
8.892622080000000000e+08
2.604571000000000000e+06
1.355352000000000000e+06
1.507519875000000000e+06
9.710104375000000000e+05
1.522805875000000000e+06
1.614413500000000000e+06
1.385516500000000000e+06
1.296570750000000000e+06
1.739191375000000000e+06
5.972809000000000000e+06
1.732871750000000000e+06
1.594133625000000000e+06
1.201222000000000000e+06
1.676133750000000000e+06
9.568076250000000000e+05
1.573233250000000000e+06
1.456788500000000000e+06
2.123307250000000000e+06
1.103491875000000000e+06
1.102029500000000000e+06
2.260763750000000000e+06
1.525223000000000000e+06
1.431011125000000000e+06
1.003640437500000000e+06
1.290432000000000000e+06
1.856814750000000000e+06
1.058188375000000000e+06
1.748305875000000000e+06
9.359771250000000000e+05
1.264095250000000000e+06
8.459420625000000000e+05
1.407002500000000000e+06
5.910440400000000000e+07
1.384777750000000000e+06
1.649019125000000000e+06
1.130471875000000000e+06
9.653986875000000000e+05
1.389157875000000000e+06
9.822295000000000000e+05
1.089126500000000000e+06
2.255740000000000000e+06
1.139904250000000000e+06
1.348952750000000000e+06
9.300514375000000000e+05
1.595067250000000000e+06
4.200394500000000000e+06
1.260182375000000000e+06
1.578569250000000000e+06
9.386927500000000000e+05
1.562464750000000000e+06
1.043733125000000000e+06
1.187868000000000000e+06
2.198679500000000000e+06
1.103954125000000000e+06
1.844529250000000000e+06
1.210961875000000000e+06
1.633661500000000000e+06
1.414867000000000000e+06
1.071157000000000000e+06
1.278130875000000000e+06
9.338727500000000000e+05
9.302750000000000000e+05
1.414931500000000000e+06
1.565996375000000000e+06
1.692529000000000000e+06
1.996665500000000000e+06
1.280998375000000000e+06
1.208280375000000000e+06
1.621546250000000000e+06
1.134852000000000000e+06
1.154629875000000000e+06
1.353111500000000000e+06
1.073953750000000000e+06
1.180821875000000000e+06
1.103944750000000000e+06
1.336575375000000000e+06
1.572560250000000000e+06
2.009436500000000000e+06
1.253603000000000000e+06
1.630021000000000000e+06
1.418742250000000000e+06
1.096338750000000000e+06
1.311510000000000000e+06
1.264762375000000000e+06
2.643272500000000000e+06
1.004029937500000000e+06
1.500996750000000000e+06
2.906370400000000000e+07
3.376713600000000000e+07
1.761575125000000000e+06
1.447806250000000000e+06
1.616899250000000000e+06
1.193590250000000000e+06
9.912556250000000000e+05
4.580954500000000000e+06
5.501828000000000000e+06
1.067841500000000000e+06
1.519520250000000000e+06
1.285365875000000000e+06
8.236241920000000000e+08
1.730789750000000000e+06
1.392896500000000000e+06
1.505095000000000000e+06
2.314113000000000000e+06
2.549554500000000000e+06
1.368164250000000000e+06
2.430569250000000000e+06
1.817657625000000000e+06
1.735101000000000000e+06
1.188855000000000000e+06
1.955473000000000000e+06
1.241021250000000000e+06
1.063305000000000000e+06
1.328005000000000000e+06
1.174064500000000000e+06
1.532509250000000000e+06
1.532349250000000000e+06
1.169332000000000000e+06
1.165237250000000000e+06
1.394423000000000000e+06
1.587067250000000000e+06
1.191920750000000000e+06
2.549562500000000000e+06
1.356305500000000000e+06
6.947996160000000000e+08
1.091316875000000000e+06
1.481717750000000000e+06
1.443975375000000000e+06
1.584285900000000000e+07
1.618202000000000000e+06
2.047955625000000000e+06
1.138648250000000000e+06
2.156606000000000000e+06
2.226156750000000000e+06
2.015306500000000000e+06
1.872356875000000000e+06
2.384750750000000000e+06
2.127329250000000000e+06
1.231431625000000000e+06
1.370868875000000000e+06
1.658247500000000000e+06
1.787634000000000000e+06
1.340454750000000000e+06
1.254161000000000000e+06
1.472568875000000000e+06
2.266422500000000000e+06
1.403401625000000000e+06
1.383812875000000000e+06
1.409135000000000000e+06
1.963244875000000000e+06
1.176704500000000000e+06
1.232766125000000000e+06
9.363477500000000000e+05
9.743300000000000000e+05
1.902507750000000000e+06
9.215348125000000000e+05
1.002566812500000000e+06
1.596022500000000000e+06
1.541860250000000000e+06
1.627883250000000000e+06
1.410660375000000000e+06
3.835157600000000000e+07
1.761500375000000000e+06
1.366722375000000000e+06
1.307652250000000000e+06
1.665235000000000000e+06
8.265473750000000000e+05
1.110866625000000000e+06
1.074522500000000000e+06
1.080774750000000000e+06
1.298309125000000000e+06
1.227308250000000000e+06
1.100956125000000000e+06
1.518508250000000000e+06
1.329613375000000000e+06
9.655537500000000000e+05
1.215146375000000000e+06
1.234068000000000000e+06
2.357058000000000000e+06
1.336053500000000000e+06
1.394755250000000000e+06
1.551146500000000000e+06
2.775026250000000000e+06
1.115871250000000000e+06
4.985375000000000000e+06
1.112762500000000000e+06
1.333555750000000000e+06
1.751392750000000000e+06
1.203386125000000000e+06
1.690235250000000000e+06
2.701365200000000000e+07
1.144318500000000000e+06
1.144993250000000000e+06
1.118654875000000000e+06
1.306431750000000000e+06
1.152575625000000000e+06
1.329733375000000000e+06
9.656405000000000000e+05
4.375811500000000000e+06
1.237621500000000000e+06
1.237749750000000000e+06
1.034672500000000000e+06
1.233511250000000000e+06
1.368684750000000000e+06
1.733462500000000000e+06
9.805687500000000000e+05
1.190116750000000000e+06
1.525667250000000000e+06
1.202067375000000000e+06
1.607282750000000000e+06
1.272297000000000000e+06
1.020329250000000000e+06
1.505144000000000000e+06
1.245642375000000000e+06
8.580890000000000000e+05
1.098874125000000000e+06
9.349738750000000000e+05
2.401306250000000000e+06
1.110705750000000000e+06
1.321704750000000000e+06
1.180406250000000000e+06
8.230878750000000000e+05
1.022960250000000000e+06
1.239415250000000000e+06
1.014429750000000000e+06
1.180764750000000000e+06
1.195606625000000000e+06
1.394591250000000000e+06
1.175290750000000000e+06
1.325135750000000000e+06
1.404804125000000000e+06
1.463093875000000000e+06
1.473091375000000000e+06
1.848464750000000000e+06
1.275263000000000000e+06
1.212508250000000000e+06
5.419559000000000000e+06
9.167563125000000000e+05
1.203021750000000000e+06
1.647272250000000000e+06
1.040063125000000000e+06
5.871142400000000000e+08
1.160770750000000000e+06
6.821310400000000000e+07
1.837010500000000000e+06
1.346778250000000000e+06
1.439020750000000000e+06
1.400106500000000000e+06
1.503379750000000000e+06
1.838012000000000000e+06
2.010781750000000000e+06
1.615924375000000000e+06
2.414188500000000000e+06
1.292908000000000000e+06
1.398261750000000000e+06
2.557501000000000000e+06
1.038521937500000000e+06
9.394613750000000000e+05
9.163598750000000000e+05
1.210064000000000000e+06
1.104236375000000000e+06
1.489188750000000000e+06
1.229878125000000000e+06
1.188490000000000000e+06
1.144914500000000000e+06
1.757876250000000000e+06
1.529534250000000000e+06
6.137863000000000000e+06
1.440970240000000000e+09
1.857991875000000000e+06
1.451147250000000000e+06
1.480527750000000000e+06
3.844849250000000000e+06
2.021503500000000000e+06
3.239347000000000000e+06
2.046597500000000000e+06
3.211358500000000000e+06
2.487699500000000000e+06
4.453150800000000000e+07
4.124970500000000000e+06
1.901061750000000000e+06
2.231330500000000000e+06
1.858702750000000000e+06
1.721910750000000000e+06
1.809263000000000000e+06
2.301459750000000000e+06
1.716694250000000000e+06
1.422027250000000000e+06
1.789934000000000000e+06
1.334821375000000000e+06
1.583978250000000000e+06
1.247007250000000000e+06
1.201007875000000000e+06
1.255925250000000000e+06
2.011824250000000000e+06
1.082184250000000000e+06
1.641558500000000000e+06
1.290729500000000000e+06
1.216382375000000000e+06
1.119841625000000000e+06
2.352045000000000000e+06
1.751019500000000000e+06
2.029227500000000000e+06
1.314756000000000000e+06
9.835553600000000000e+07
1.829080500000000000e+06
1.575170375000000000e+06
1.704056000000000000e+06
2.013597250000000000e+06
3.544372750000000000e+06
1.615308750000000000e+06
1.659879625000000000e+06
1.154345875000000000e+06
2.308198250000000000e+06
1.608074750000000000e+06
2.209982000000000000e+06
1.499150375000000000e+06
1.979283125000000000e+06
1.592756375000000000e+06
1.208560750000000000e+06
1.962493250000000000e+06
1.536381250000000000e+06
1.091773400000000000e+07
1.620217000000000000e+06
1.427569125000000000e+06
1.134197625000000000e+06
3.139925000000000000e+06
1.927690000000000000e+06
1.363273875000000000e+06
2.133078750000000000e+06
1.296699000000000000e+06
1.370990750000000000e+06
9.820320000000000000e+05
1.217079875000000000e+06
1.198234500000000000e+06
1.603264250000000000e+06
1.571876750000000000e+06
1.641849750000000000e+06
1.426710250000000000e+06
1.158207000000000000e+06
1.323342250000000000e+06
3.219776000000000000e+06
1.139402875000000000e+06
1.470046375000000000e+06
9.367368750000000000e+05
1.522481375000000000e+06
1.239182125000000000e+06
1.564709000000000000e+06
1.263066125000000000e+06
2.035031500000000000e+06
8.987166875000000000e+05
1.590407296000000000e+09
1.178953500000000000e+06
1.203053750000000000e+06
1.387640000000000000e+06
1.932850750000000000e+06
2.986136500000000000e+06
2.265702250000000000e+06
3.187021750000000000e+06
5.197238000000000000e+06
3.061278750000000000e+06
2.803186000000000000e+06
1.997997000000000000e+06
1.437946000000000000e+06
2.423093500000000000e+06
2.563981250000000000e+06
1.385721000000000000e+06
1.614881375000000000e+06
1.478058375000000000e+06
2.733004500000000000e+06
2.404356750000000000e+06
2.026886125000000000e+06
1.549570250000000000e+06
2.873086000000000000e+06
1.179501500000000000e+06
1.051319000000000000e+07
1.726719200000000000e+08
2.178262500000000000e+06
1.948636250000000000e+06
2.775384250000000000e+06
3.414903250000000000e+06
4.553340500000000000e+06
4.070286250000000000e+06
4.928560000000000000e+06
4.106269750000000000e+06
2.562945750000000000e+06
4.569355500000000000e+06
5.560359500000000000e+06
5.491253000000000000e+06
4.921312500000000000e+06
2.443819360000000000e+08
6.652668000000000000e+06
2.758292000000000000e+06
3.438288750000000000e+06
2.260348500000000000e+06
3.542736000000000000e+06
1.931240500000000000e+06
3.278801500000000000e+06
1.958873750000000000e+06
3.028968750000000000e+06
1.605786750000000000e+06
1.598976750000000000e+06
2.046993000000000000e+06
4.019407200000000000e+07
2.412106500000000000e+06
1.416110500000000000e+06
1.734823500000000000e+06
1.839630000000000000e+06
1.856869000000000000e+06
2.337814500000000000e+06
1.796956500000000000e+06
1.733062250000000000e+06
1.734472000000000000e+06
1.878833750000000000e+06
1.902098000000000000e+06
1.681545000000000000e+06
1.232553750000000000e+06
1.395553750000000000e+06
1.509341750000000000e+06
4.387926000000000000e+06
1.587664750000000000e+06
1.481098500000000000e+06
1.458746125000000000e+06
2.242556500000000000e+06
2.203443750000000000e+06
1.319510250000000000e+06
1.360756125000000000e+06
1.271686000000000000e+06
1.111300250000000000e+06
2.015597250000000000e+06
1.162403750000000000e+06
2.874831500000000000e+06
2.742611500000000000e+06
1.420673500000000000e+06
1.457966875000000000e+06
1.620495375000000000e+06
1.914038560000000000e+08
1.577952750000000000e+06
1.973617000000000000e+06
2.306958000000000000e+06
1.998905500000000000e+06
3.113139000000000000e+06
4.303314000000000000e+06
3.421838000000000000e+06
3.741348000000000000e+06
2.899486750000000000e+06
3.180721500000000000e+06
2.962307500000000000e+06
2.420551500000000000e+06
2.053284000000000000e+06
2.550029500000000000e+06
1.843403250000000000e+06
1.501112000000000000e+06
2.308894000000000000e+06
2.599179000000000000e+06
2.195989000000000000e+06
8.598985600000000000e+07
1.617474500000000000e+06
1.861653500000000000e+06
2.521414500000000000e+06
1.761047750000000000e+06
2.482716750000000000e+06
8.174479360000000000e+08
1.510948125000000000e+06
3.144840400000000000e+07
2.180667500000000000e+06
3.153039250000000000e+06
1.354242000000000000e+06
2.432190500000000000e+06
2.235711000000000000e+06
1.992352750000000000e+06
1.589629375000000000e+06
1.793814625000000000e+06
1.563829750000000000e+06
1.642465750000000000e+06
1.962630250000000000e+06
1.780165500000000000e+06
1.150449000000000000e+06
1.893076625000000000e+06
4.851889500000000000e+06
1.244938500000000000e+06
1.192585375000000000e+06
1.585854500000000000e+06
1.287474250000000000e+06
2.160627000000000000e+06
1.299291500000000000e+06
1.095174500000000000e+06
1.691137500000000000e+06
8.729402500000000000e+05
1.441933625000000000e+06
1.542426250000000000e+06
1.277023250000000000e+06
1.481937625000000000e+06
1.217521500000000000e+06
1.370427625000000000e+06
1.218749750000000000e+06
3.670368500000000000e+06
1.379819250000000000e+06
9.182060625000000000e+05
1.393955750000000000e+06
1.978680375000000000e+06
1.251010250000000000e+06
1.363427375000000000e+06
1.265541250000000000e+06
1.523481250000000000e+06
1.256008375000000000e+06
2.248448000000000000e+06
1.602328750000000000e+06
1.056421250000000000e+06
3.898220000000000000e+06
1.261497250000000000e+06
1.241244000000000000e+06
2.118395250000000000e+06
1.031915625000000000e+06
1.460733875000000000e+06
1.399557500000000000e+06
2.073835250000000000e+06
9.197448750000000000e+05
3.255792000000000000e+06
1.400471250000000000e+06
1.824729750000000000e+06
1.065081625000000000e+06
1.284586750000000000e+06
1.086690750000000000e+06
1.250231500000000000e+06
1.087468375000000000e+06
1.248177500000000000e+06
1.142164000000000000e+06
1.097573750000000000e+06
1.365097875000000000e+06
1.001748062500000000e+06
1.761798750000000000e+06
1.057172875000000000e+06
1.037391750000000000e+06
1.249811000000000000e+06
1.204766375000000000e+06
8.947421250000000000e+05
1.287825500000000000e+06
9.257651200000000000e+07
1.338698625000000000e+06
3.694252400000000000e+07
1.402818750000000000e+06
1.159190000000000000e+06
1.604582250000000000e+06
1.736026125000000000e+06
1.382328000000000000e+06
1.889876000000000000e+06
5.240755000000000000e+06
2.144336500000000000e+06
2.022967750000000000e+06
2.019154000000000000e+06
1.188583250000000000e+06
1.673613250000000000e+06
1.132726250000000000e+06
1.460157250000000000e+06
1.181472750000000000e+06
2.072556250000000000e+06
1.693097250000000000e+06
1.628694000000000000e+06
1.829025000000000000e+06
1.272302250000000000e+06
4.351680000000000000e+06
1.255135375000000000e+06
1.011410250000000000e+06
1.702133000000000000e+06
1.482697500000000000e+06
8.226232500000000000e+05
1.029418875000000000e+06
1.343223375000000000e+06
7.261737600000000000e+08
1.711886500000000000e+06
1.388248750000000000e+06
1.326777000000000000e+06
1.522628500000000000e+06
1.733125500000000000e+06
1.262243625000000000e+06
2.815998750000000000e+06
1.829169125000000000e+06
1.822726875000000000e+06
1.567311250000000000e+06
1.677669750000000000e+06
2.675135750000000000e+06
1.449689500000000000e+06
1.393632250000000000e+06
1.621956125000000000e+06
1.690765500000000000e+06
1.805174000000000000e+06
2.319513750000000000e+06
1.256634125000000000e+06
1.331294000000000000e+06
1.513544000000000000e+06
1.420126125000000000e+06
1.025996250000000000e+06
9.746143125000000000e+05
1.299533250000000000e+06
9.120116250000000000e+05
1.497877750000000000e+06
1.084978625000000000e+06
1.389701750000000000e+06
1.483697250000000000e+06
1.600593000000000000e+06
1.044111250000000000e+06
1.014473875000000000e+06
1.173052625000000000e+06
1.873862500000000000e+06
1.236141250000000000e+06
2.149194000000000000e+06
1.438088125000000000e+06
1.443934750000000000e+06
1.616593000000000000e+06
2.022433000000000000e+07
1.242482625000000000e+06
7.936198750000000000e+05
1.048459750000000000e+06
9.631410000000000000e+05
1.208868750000000000e+06
1.231117750000000000e+06
1.810481500000000000e+06
1.000948000000000000e+06
1.351236500000000000e+06
9.067435000000000000e+05
9.579803125000000000e+05
9.502913280000000000e+08
1.768193750000000000e+06
1.818947750000000000e+06
1.248622500000000000e+06
2.081105375000000000e+06
1.508594750000000000e+06
4.101253200000000000e+07
1.010277187500000000e+06
1.461402500000000000e+06
1.334605000000000000e+06
2.722953500000000000e+06
1.825723750000000000e+06
1.256283125000000000e+06
2.213870250000000000e+06
9.827228750000000000e+05
5.113409000000000000e+06
1.124414750000000000e+06
1.180405500000000000e+06
1.182619000000000000e+06
1.333288125000000000e+06
1.611363875000000000e+06
2.150200500000000000e+06
1.411964750000000000e+06
1.242881500000000000e+06
1.401623000000000000e+06
1.039066750000000000e+06
1.164631375000000000e+06
1.479001750000000000e+06
1.165194250000000000e+06
1.380031000000000000e+06
8.411232500000000000e+05
2.447428750000000000e+06
1.730663375000000000e+06
1.351669000000000000e+06
1.128321375000000000e+06
1.298884500000000000e+06
9.639520625000000000e+05
1.198551250000000000e+06
1.584189500000000000e+06
1.792298625000000000e+06
1.428145125000000000e+06
2.512149500000000000e+06
1.006796625000000000e+06
1.628358375000000000e+06
1.132609750000000000e+06
1.035958625000000000e+06
1.077823000000000000e+06
2.780473200000000000e+07
1.069861375000000000e+06
1.022814875000000000e+06
8.414306250000000000e+05
1.573222000000000000e+06
1.223320500000000000e+06
1.602091250000000000e+06
1.662943875000000000e+06
1.343315500000000000e+06
1.317097625000000000e+06
1.323060750000000000e+06
3.724715200000000000e+07
4.398578000000000000e+06
1.249485375000000000e+06
9.451867500000000000e+05
1.355229250000000000e+06
1.376149500000000000e+06
1.259471125000000000e+06
1.097631750000000000e+06
1.040853125000000000e+06
1.289475125000000000e+06
1.732662250000000000e+06
1.940469250000000000e+06
1.079206750000000000e+06
1.354401375000000000e+06
1.150884500000000000e+06
1.262920375000000000e+06
8.274492160000000000e+08
1.129991750000000000e+06
1.590234750000000000e+06
2.719445250000000000e+06
1.604227250000000000e+06
1.590506000000000000e+06
2.092912000000000000e+06
1.462782625000000000e+06
2.447720500000000000e+06
2.197619250000000000e+06
1.366188000000000000e+06
1.350539875000000000e+06
1.671481000000000000e+06
1.426289625000000000e+06
1.151362625000000000e+06
2.109487750000000000e+06
1.804354500000000000e+06
4.056770250000000000e+06
1.004282375000000000e+06
1.300926500000000000e+06
2.618231500000000000e+06
1.215053250000000000e+06
1.430026875000000000e+06
1.741405250000000000e+06
2.456244500000000000e+06
1.417907875000000000e+06
1.273899750000000000e+06
2.092247625000000000e+06
1.540467750000000000e+06
1.828239375000000000e+06
1.517792250000000000e+06
1.381741500000000000e+06
1.585255500000000000e+06
1.260651000000000000e+06
1.613448500000000000e+06
1.123207625000000000e+06
1.045954750000000000e+06
1.042787750000000000e+06
9.519613440000000000e+08
1.829344125000000000e+06
1.419947750000000000e+06
1.267361375000000000e+06
6.742019200000000000e+07
2.021689625000000000e+06
2.267963250000000000e+06
2.345758500000000000e+06
3.339327250000000000e+06
2.274244500000000000e+06
4.180984750000000000e+06
3.545951500000000000e+06
4.815643500000000000e+06
4.707679500000000000e+06
3.888535500000000000e+06
2.447133750000000000e+06
3.532453750000000000e+06
2.498522000000000000e+06
2.478043500000000000e+06
3.213531250000000000e+06
1.456721000000000000e+06
1.622949125000000000e+06
1.641749125000000000e+06
4.636917500000000000e+06
1.991797000000000000e+06
2.035027250000000000e+06
5.566570400000000000e+07
1.170185750000000000e+06
1.416450000000000000e+06
1.636478250000000000e+06
1.436560000000000000e+06
1.567413625000000000e+06
1.667411875000000000e+06
8.392421000000000000e+06
1.488963750000000000e+06
1.291374875000000000e+06
1.364915250000000000e+06
1.392832000000000000e+06
1.418374250000000000e+06
1.367418250000000000e+06
1.872298500000000000e+06
1.743799375000000000e+06
1.102213625000000000e+06
1.383614250000000000e+06
1.296038750000000000e+06
4.198030000000000000e+06
1.131491000000000000e+06
1.644115250000000000e+06
1.773014750000000000e+06
2.049903750000000000e+06
1.094613125000000000e+06
2.041809750000000000e+06
1.064377500000000000e+06
1.500331000000000000e+06
1.619377375000000000e+06
1.821088500000000000e+06
1.303137250000000000e+06
1.424688250000000000e+06
1.122204875000000000e+06
1.063565875000000000e+06
1.222151000000000000e+06
1.444916000000000000e+06
3.968026500000000000e+06
1.123577500000000000e+06
1.485938000000000000e+06
1.266269375000000000e+06
1.303493500000000000e+06
9.524737600000000000e+07
1.226721250000000000e+06
1.448078750000000000e+06
1.651687375000000000e+06
1.470471250000000000e+06
8.060266500000000000e+06
1.090986625000000000e+06
1.639202750000000000e+06
2.293585250000000000e+06
1.249936500000000000e+06
2.202224500000000000e+06
1.850663000000000000e+06
1.853863500000000000e+06
1.851192375000000000e+06
1.776127250000000000e+06
1.276386375000000000e+06
1.215566125000000000e+06
1.266857875000000000e+06
1.545592750000000000e+06
1.521282500000000000e+06
1.558253875000000000e+06
1.108506625000000000e+06
1.319159750000000000e+06
1.088781125000000000e+06
1.128009000000000000e+06
1.525101500000000000e+06
1.489599500000000000e+06
1.127771000000000000e+06
1.414475875000000000e+06
1.359330500000000000e+06
2.182964750000000000e+06
1.323359250000000000e+06
2.224415250000000000e+06
1.822399500000000000e+06
4.828954400000000000e+07
1.381733504000000000e+09
1.178939500000000000e+06
1.385641750000000000e+06
1.146255875000000000e+06
2.873473500000000000e+06
2.244847500000000000e+06
2.185955750000000000e+06
3.151485250000000000e+06
2.227971500000000000e+06
3.058296500000000000e+06
1.942052500000000000e+06
2.682524250000000000e+06
1.002245500000000000e+06
2.295430500000000000e+06
1.138482000000000000e+06
1.374706500000000000e+06
1.498646375000000000e+06
2.074316250000000000e+06
1.707065375000000000e+06
4.077916500000000000e+06
1.662338500000000000e+06
1.879204250000000000e+06
1.359181125000000000e+06
1.158761750000000000e+06
1.484192000000000000e+06
1.606982250000000000e+06
1.280765750000000000e+06
1.575343875000000000e+06
1.832227000000000000e+06
1.742165125000000000e+06
1.316999000000000000e+06
1.328274250000000000e+06
1.587139375000000000e+06
1.425828480000000000e+08
3.104297500000000000e+06
9.551892500000000000e+05
2.348373000000000000e+06
2.311358000000000000e+06
2.581210500000000000e+06
2.947791750000000000e+06
3.048287750000000000e+06
1.409890750000000000e+06
2.711227500000000000e+06
7.033153500000000000e+06
4.098045000000000000e+06
4.669624000000000000e+06
3.120994500000000000e+06
2.305316000000000000e+06
2.321479250000000000e+06
4.080887250000000000e+06
2.555007000000000000e+06
2.029935750000000000e+06
2.849647750000000000e+06
1.623541375000000000e+06
1.722675000000000000e+06
2.819141000000000000e+06
1.559677250000000000e+06
2.478312750000000000e+06
3.101568250000000000e+06
1.617011000000000000e+06
1.266877000000000000e+06
1.882957500000000000e+06
1.104988125000000000e+06
2.061573000000000000e+06
1.362206500000000000e+06
1.625836000000000000e+06
1.219490500000000000e+06
1.419239125000000000e+06
1.701680750000000000e+06
1.739288000000000000e+06
1.454022625000000000e+06
1.902386000000000000e+06
9.010755200000000000e+08
9.902681250000000000e+05
2.187572500000000000e+06
1.715026875000000000e+06
1.589933125000000000e+06
1.457331250000000000e+06
1.408870750000000000e+06
2.051473250000000000e+06
1.893369750000000000e+06
1.541359000000000000e+06
2.088843375000000000e+06
1.704438125000000000e+06
1.301443500000000000e+06
1.342410750000000000e+06
4.703607000000000000e+06
1.340094250000000000e+06
2.947075200000000000e+07
3.106948500000000000e+06
1.184269875000000000e+06
9.353221250000000000e+05
1.352505125000000000e+06
1.673892250000000000e+06
1.372208500000000000e+06
1.213499000000000000e+06
1.508402750000000000e+06
1.493156625000000000e+06
1.244189625000000000e+06
1.214727250000000000e+06
6.758686720000000000e+08
1.600755500000000000e+06
1.385044750000000000e+06
1.435522000000000000e+06
1.998992000000000000e+06
2.545988750000000000e+06
9.942388000000000000e+07
1.951799750000000000e+06
3.337262750000000000e+06
3.995354000000000000e+06
4.088201500000000000e+06
2.630659000000000000e+06
2.686714000000000000e+06
3.449525000000000000e+06
2.671477500000000000e+06
2.831649750000000000e+06
2.488321500000000000e+06
2.466969750000000000e+06
2.647572250000000000e+06
2.190367000000000000e+06
1.707838250000000000e+06
2.143299000000000000e+06
1.948468500000000000e+06
1.629730000000000000e+06
1.865698000000000000e+06
2.277170250000000000e+06
1.769381125000000000e+06
1.623844250000000000e+06
1.812229250000000000e+06
1.618383750000000000e+06
1.466867500000000000e+06
1.790594625000000000e+06
1.470540000000000000e+06
2.595631750000000000e+06
1.433024500000000000e+06
1.587125750000000000e+06
1.541632500000000000e+06
1.470044250000000000e+06
1.377558250000000000e+06
1.635682500000000000e+06
1.115681500000000000e+06
1.810008500000000000e+06
1.380858250000000000e+06
1.235879875000000000e+06
1.310373000000000000e+06
1.167204875000000000e+06
1.572323000000000000e+06
2.019103750000000000e+06
1.716097250000000000e+06
1.208165250000000000e+06
1.198388125000000000e+06
1.256120625000000000e+06
1.027807625000000000e+06
1.098318250000000000e+06
1.586993000000000000e+06
1.279732375000000000e+06
1.223230000000000000e+06
1.105291250000000000e+06
1.795406750000000000e+06
2.229276250000000000e+06
1.084446250000000000e+06
1.342296125000000000e+06
1.506472875000000000e+06
1.280054250000000000e+06
6.158602800000000000e+07
1.335464000000000000e+06
1.082650000000000000e+06
1.666113000000000000e+06
1.474889125000000000e+06
1.305314625000000000e+06
1.751434000000000000e+06
1.774617250000000000e+06
1.665410750000000000e+06
1.702913250000000000e+06
1.939415375000000000e+06
1.391197375000000000e+06
1.859087250000000000e+06
2.092653375000000000e+06
1.714866500000000000e+06
1.667070625000000000e+06
1.223773000000000000e+06
1.105081728000000000e+09
1.640797000000000000e+06
2.383048000000000000e+06
2.013153250000000000e+06
2.171842500000000000e+06
1.392576250000000000e+06
2.464106750000000000e+06
2.899343250000000000e+06
2.239123000000000000e+06
3.906081250000000000e+06
2.206521250000000000e+06
2.695980000000000000e+06
8.545648000000000000e+06
1.858528500000000000e+06
2.954363250000000000e+06
2.404100500000000000e+06
1.887470500000000000e+06
1.232522500000000000e+06
1.722794250000000000e+06
4.236597600000000000e+07
1.844090500000000000e+06
1.385693750000000000e+06
2.446475500000000000e+06
1.196803625000000000e+06
1.606016125000000000e+06
1.492885750000000000e+06
2.499315500000000000e+06
1.726533375000000000e+06
2.851474250000000000e+06
1.289187250000000000e+06
1.686842000000000000e+06
1.774615000000000000e+06
1.348988000000000000e+06
1.445470000000000000e+06
1.356390250000000000e+06
1.172258250000000000e+06
1.570959625000000000e+06
1.304432375000000000e+06
1.569853625000000000e+06
2.063848750000000000e+06
1.119899250000000000e+06
1.389984125000000000e+06
4.293271200000000000e+07
1.428494875000000000e+06
1.620517125000000000e+06
1.232873250000000000e+06
1.538558625000000000e+06
1.627387500000000000e+06
1.728662000000000000e+06
1.776021625000000000e+06
1.913132875000000000e+06
2.115314000000000000e+06
2.195219500000000000e+06
1.199984000000000000e+06
9.794381250000000000e+05
1.189935250000000000e+06
1.201306125000000000e+06
1.274656125000000000e+06
1.251184500000000000e+06
1.318820875000000000e+06
7.438673000000000000e+06
1.495192250000000000e+06
1.377449750000000000e+06
1.049212500000000000e+06
1.050922625000000000e+06
3.525485750000000000e+06
1.057679750000000000e+06
2.538660500000000000e+06
1.479600875000000000e+06
1.022196000000000000e+06
9.158360625000000000e+05
1.262459750000000000e+06
1.331442000000000000e+06
1.350834000000000000e+06
1.435015625000000000e+06
9.719362500000000000e+05
1.390419875000000000e+06
1.394365250000000000e+06
8.228158750000000000e+05
9.797748000000000000e+07
9.378203125000000000e+05
1.122444500000000000e+06
1.429086250000000000e+06
1.294697875000000000e+06
1.437526375000000000e+06
1.444875250000000000e+06
1.687054375000000000e+06
2.039178500000000000e+06
2.102423000000000000e+06
2.267581750000000000e+06
1.252765375000000000e+06
2.138036500000000000e+06
8.688416000000000000e+08
4.950345500000000000e+06
2.223707500000000000e+06
2.407264000000000000e+06
3.367858500000000000e+06
2.621621750000000000e+06
2.679836750000000000e+06
4.475720000000000000e+06
2.830467000000000000e+06
4.068885250000000000e+06
2.758020500000000000e+06
2.966325750000000000e+06
1.829770125000000000e+06
2.536053250000000000e+06
2.311682500000000000e+06
2.191202000000000000e+06
1.647593250000000000e+06
1.656490000000000000e+06
1.801002500000000000e+06
1.339392000000000000e+06
1.572898000000000000e+06
1.306128000000000000e+06
1.091196500000000000e+06
2.862221250000000000e+06
1.624934625000000000e+06
1.171007500000000000e+06
1.541062000000000000e+06
1.669192000000000000e+06
1.898519750000000000e+06
1.240293000000000000e+06
1.663211250000000000e+06
1.173843456000000000e+09
2.763536750000000000e+06
1.365294000000000000e+06
1.333910750000000000e+06
1.567564125000000000e+06
1.786628625000000000e+06
2.195605750000000000e+06
2.426434000000000000e+06
2.881826750000000000e+06
1.556262750000000000e+06
3.912938000000000000e+07
1.892488000000000000e+06
2.974985500000000000e+06
1.924997250000000000e+06
1.037288937500000000e+06
2.149692500000000000e+06
3.583403000000000000e+06
1.740716500000000000e+06
1.121787250000000000e+06
1.400454750000000000e+06
1.988779500000000000e+06
1.506202500000000000e+06
2.651287750000000000e+06
2.010444875000000000e+06
2.040103500000000000e+06
1.672702625000000000e+06
6.880621000000000000e+06
1.660766125000000000e+06
2.937848400000000000e+07
1.305477750000000000e+06
1.542849500000000000e+06
1.529802000000000000e+06
1.261551500000000000e+06
1.268775000000000000e+06
1.023463250000000000e+06
5.080592000000000000e+06
1.091243375000000000e+06
1.492981500000000000e+06
1.924224500000000000e+06
1.598303500000000000e+06
1.774120750000000000e+06
1.178806625000000000e+06
1.697154000000000000e+06
1.023193562500000000e+06
1.681535500000000000e+06
7.115691000000000000e+06
1.552367750000000000e+06
1.832153750000000000e+06
2.338210750000000000e+06
1.460444250000000000e+06
1.155912750000000000e+06
1.370320375000000000e+06
1.594233375000000000e+06
1.051520125000000000e+06
1.660953250000000000e+06
1.359917500000000000e+06
1.069039250000000000e+06
1.488196250000000000e+06
1.104793750000000000e+06
7.906036250000000000e+05
1.085951250000000000e+06
1.027838500000000000e+06
1.199183500000000000e+06
1.469870250000000000e+06
1.010381125000000000e+06
1.718535125000000000e+06
1.224375250000000000e+06
1.189631500000000000e+06
8.670591250000000000e+05
1.106922375000000000e+06
1.456006750000000000e+06
1.126856375000000000e+06
5.838346800000000000e+07
1.176782250000000000e+06
9.157998750000000000e+05
1.383097250000000000e+06
1.625311875000000000e+06
1.050790750000000000e+06
1.290320750000000000e+06
1.022574500000000000e+06
3.812771600000000000e+07
1.004435500000000000e+06
4.047317000000000000e+06
1.261128000000000000e+06
1.351862125000000000e+06
9.377278125000000000e+05
1.159609875000000000e+06
1.529002125000000000e+06
1.125202250000000000e+06
1.132447375000000000e+06
1.228437875000000000e+06
1.479258000000000000e+06
1.204424500000000000e+06
8.780598750000000000e+05
9.421463750000000000e+05
2.485453000000000000e+06
9.272261250000000000e+05
1.262779375000000000e+06
1.485145125000000000e+06
1.181138176000000000e+09
1.064428750000000000e+06
1.620335875000000000e+06
1.695303750000000000e+06
1.214901625000000000e+06
1.972149500000000000e+06
2.712838000000000000e+06
2.441809250000000000e+06
2.523093500000000000e+06
2.476544000000000000e+06
2.172928500000000000e+06
2.290533500000000000e+06
1.870469250000000000e+06
2.377987000000000000e+06
1.270024875000000000e+06
1.856924750000000000e+06
2.536582750000000000e+06
1.120379875000000000e+06
1.490997500000000000e+06
1.346664875000000000e+06
1.327333500000000000e+06
1.241049125000000000e+06
1.396670500000000000e+06
1.844701500000000000e+06
1.046364500000000000e+06
1.671376750000000000e+06
1.052803750000000000e+06
1.367728750000000000e+06
2.186677500000000000e+06
9.680085000000000000e+05
1.310019750000000000e+06
1.835646000000000000e+06
1.732970125000000000e+06
1.311817000000000000e+06
1.191819500000000000e+06
1.079791625000000000e+06
1.208252375000000000e+06
1.055391750000000000e+06
1.067535000000000000e+06
8.984697500000000000e+05
1.587273500000000000e+06
2.167205500000000000e+06
1.318299625000000000e+06
1.000966784000000000e+09
1.774725200000000000e+07
1.171292250000000000e+06
9.609588750000000000e+05
1.381128375000000000e+06
1.145920250000000000e+06
1.666888750000000000e+06
2.685396000000000000e+06
3.348685250000000000e+06
1.712382250000000000e+06
1.522425750000000000e+06
1.288545000000000000e+06
1.732653375000000000e+06
1.307965875000000000e+06
3.235730250000000000e+06
1.317603750000000000e+06
3.403558000000000000e+07
1.386065500000000000e+06
1.831166750000000000e+06
2.083129750000000000e+06
1.591892000000000000e+06
1.340559625000000000e+06
1.133861500000000000e+06
2.554470500000000000e+06
1.314370375000000000e+06
1.416183000000000000e+06
1.340835250000000000e+06
1.282043875000000000e+06
3.640861600000000000e+07
9.865172500000000000e+05
1.070426500000000000e+06
1.338274500000000000e+06
1.441521500000000000e+06
9.584410000000000000e+05
1.592809125000000000e+06
1.353211750000000000e+06
1.248918375000000000e+06
1.429356625000000000e+06
1.175954125000000000e+06
3.300011600000000000e+07
1.690069000000000000e+06
2.367155750000000000e+06
1.996015500000000000e+06
1.268351875000000000e+06
1.136899125000000000e+06
3.135009500000000000e+06
1.148034250000000000e+06
1.068882750000000000e+06
5.515251000000000000e+06
7.500252500000000000e+05
1.415364500000000000e+06
1.517415875000000000e+06
7.990465000000000000e+05
9.783656250000000000e+05
1.297594500000000000e+06
9.058270625000000000e+05
1.294703125000000000e+06
9.537277500000000000e+05
9.224718750000000000e+05
1.079180500000000000e+06
9.232255000000000000e+05
1.128355625000000000e+06
2.166364750000000000e+06
6.256630000000000000e+05
1.610338750000000000e+06
2.198210000000000000e+06
1.357737875000000000e+06
9.316776250000000000e+05
1.358581750000000000e+06
1.610608125000000000e+06
1.089119000000000000e+06
9.064700160000000000e+08
9.584253750000000000e+05
8.410705000000000000e+05
1.487091875000000000e+06
2.006427250000000000e+06
2.702114500000000000e+06
1.760946750000000000e+06
2.513818750000000000e+06
1.504356000000000000e+06
1.806860000000000000e+06
2.244652000000000000e+06
2.263114500000000000e+06
1.358740250000000000e+06
1.990125500000000000e+06
2.202393000000000000e+06
8.663820625000000000e+05
1.687473500000000000e+06
1.093254625000000000e+06
2.007300000000000000e+06
1.328846625000000000e+06
1.254770250000000000e+06
1.417809000000000000e+06
1.628957000000000000e+06
1.163965500000000000e+06
1.456062500000000000e+06
9.710446250000000000e+05
1.182641875000000000e+06
2.203505000000000000e+07
1.392827375000000000e+06
8.664204000000000000e+07
1.419521875000000000e+06
1.449169625000000000e+06
1.243926250000000000e+06
1.810327750000000000e+06
1.434240000000000000e+06
1.958482625000000000e+06
2.237562250000000000e+06
1.836566250000000000e+06
3.275233000000000000e+06
2.722396500000000000e+06
1.891567750000000000e+06
4.473004000000000000e+06
2.247738000000000000e+06
2.103270500000000000e+06
2.871178500000000000e+06
1.154951125000000000e+06
4.449208000000000000e+06
3.284825500000000000e+06
1.796410125000000000e+06
1.426454000000000000e+06
4.895864500000000000e+06
1.975743125000000000e+06
1.089083750000000000e+06
2.696391500000000000e+06
1.268889875000000000e+06
1.646770875000000000e+06
1.004648687500000000e+06
1.538810000000000000e+06
1.195889625000000000e+06
1.410401000000000000e+06
1.206047875000000000e+06
1.282120375000000000e+06
1.170953250000000000e+06
1.194687375000000000e+06
2.320904000000000000e+06
2.227214250000000000e+06
1.846075750000000000e+06
2.174956250000000000e+06
1.105108750000000000e+06
1.548250750000000000e+06
1.169811375000000000e+06
1.746354000000000000e+06
1.686520500000000000e+06
1.304256625000000000e+06
9.570863125000000000e+05
1.307304250000000000e+06
1.399894750000000000e+06
1.154014000000000000e+06
1.439709750000000000e+06
9.135511875000000000e+05
1.561812250000000000e+06
8.823481250000000000e+05
1.292888375000000000e+06
1.806077000000000000e+06
4.339269760000000000e+08
1.774533500000000000e+06
1.418896500000000000e+06
7.873904375000000000e+05
1.320923625000000000e+06
1.431663875000000000e+06
1.533550750000000000e+06
1.125490875000000000e+06
1.475686750000000000e+06
1.483140875000000000e+06
4.044719500000000000e+06
1.023652875000000000e+06
2.168038000000000000e+06
1.956488500000000000e+06
9.797955625000000000e+05
1.054430500000000000e+06
9.358291250000000000e+05
1.270048500000000000e+06
1.988357125000000000e+06
1.330091375000000000e+06
1.035916937500000000e+06
9.756356875000000000e+05
1.206693250000000000e+06
1.440946375000000000e+06
2.342031000000000000e+06
9.876930000000000000e+05
1.248948250000000000e+06
2.259623000000000000e+06
1.254511375000000000e+06
8.013113125000000000e+05
1.742534125000000000e+06
1.136612875000000000e+06
1.081714625000000000e+06
2.100817500000000000e+06
9.964278750000000000e+05
1.339979750000000000e+06
3.026153000000000000e+06
1.252145750000000000e+06
2.452033500000000000e+06
1.494738500000000000e+06
2.048858125000000000e+06
1.869195200000000000e+07
1.076554125000000000e+06
1.595944750000000000e+06
1.320561000000000000e+06
9.495803125000000000e+05
1.045680312500000000e+06
1.716719125000000000e+06
1.312403750000000000e+06
1.273537250000000000e+06
1.255418750000000000e+06
1.298272250000000000e+06
4.534957440000000000e+08
1.184700750000000000e+06
1.492039500000000000e+06
1.215998500000000000e+06
1.310967500000000000e+06
1.391789750000000000e+06
1.588884250000000000e+06
1.337277000000000000e+06
2.015792500000000000e+06
1.309161375000000000e+06
1.169338375000000000e+06
5.328494400000000000e+07
1.605058750000000000e+06
1.873837500000000000e+06
1.306148875000000000e+06
2.181460750000000000e+06
1.694153250000000000e+06
1.055687500000000000e+06
7.389907840000000000e+08
1.562804375000000000e+06
1.312357875000000000e+06
1.586238875000000000e+06
1.264413250000000000e+06
1.233310750000000000e+06
1.262437125000000000e+06
1.272445500000000000e+06
1.367763250000000000e+06
1.308560625000000000e+06
1.245188500000000000e+06
1.042215375000000000e+06
1.469507000000000000e+06
1.664664500000000000e+06
3.159471250000000000e+06
1.377185125000000000e+06
1.097489750000000000e+06
2.002988750000000000e+06
1.510348750000000000e+06
9.554771250000000000e+05
1.075528500000000000e+06
1.855035250000000000e+06
1.671693500000000000e+06
1.519318125000000000e+06
4.331896800000000000e+07
1.474309125000000000e+06
1.244870750000000000e+06
4.402950500000000000e+06
1.441553750000000000e+06
1.758672000000000000e+06
9.637440000000000000e+05
1.486333875000000000e+06
1.341359750000000000e+06
1.532445500000000000e+06
1.039756000000000000e+06
9.422262500000000000e+05
2.381612400000000000e+07
1.202459500000000000e+06
1.994300500000000000e+06
8.566528750000000000e+05
1.374558750000000000e+06
2.660929250000000000e+06
9.655668750000000000e+05
7.987548125000000000e+05
1.282425625000000000e+06
2.082322750000000000e+06
9.883596250000000000e+05
1.218175875000000000e+06
1.008427625000000000e+06
9.163521875000000000e+05
1.077008875000000000e+06
1.603746500000000000e+06
1.144303250000000000e+06
1.197743000000000000e+06
8.721597500000000000e+05
1.324549125000000000e+06
8.459237500000000000e+05
1.323581000000000000e+06
1.346003250000000000e+06
1.178070750000000000e+06
1.206865750000000000e+06
1.216179000000000000e+06
1.362957125000000000e+06
1.218751875000000000e+06
9.149061250000000000e+05
1.510613125000000000e+06
1.336978250000000000e+06
1.001242250000000000e+06
8.949750000000000000e+05
1.106586500000000000e+06
1.096316375000000000e+06
1.162137000000000000e+06
9.602730000000000000e+05
9.794325000000000000e+05
1.232281625000000000e+06
9.158433125000000000e+05
1.184364500000000000e+06
9.976127500000000000e+05
1.647094500000000000e+06
9.108053750000000000e+05
1.012940750000000000e+06
1.217318750000000000e+06
8.926160000000000000e+05
1.039863312500000000e+06
9.433050625000000000e+05
1.959577000000000000e+06
1.056765875000000000e+06
1.132796250000000000e+06
9.178141250000000000e+05
1.117111625000000000e+06
9.472382500000000000e+05
1.460566250000000000e+06
2.227951250000000000e+06
1.123597750000000000e+06
1.262828375000000000e+06
1.773517250000000000e+06
9.102076875000000000e+05
3.686343600000000000e+07
1.092387250000000000e+06
1.246376500000000000e+06
1.133622250000000000e+06
1.468026000000000000e+06
9.414326250000000000e+05
1.272111125000000000e+06
1.027448875000000000e+06
1.620715625000000000e+06
1.309175875000000000e+06
1.415438875000000000e+06
1.057479375000000000e+06
7.665613125000000000e+05
2.609672250000000000e+06
1.893920500000000000e+06
1.347031400000000000e+07
1.346049750000000000e+06
1.123030000000000000e+06
1.539424000000000000e+06
6.290933760000000000e+08
1.242191125000000000e+06
1.227614625000000000e+06
1.371553375000000000e+06
1.281804250000000000e+06
1.593007000000000000e+06
1.524691125000000000e+06
1.659602250000000000e+06
1.864111750000000000e+06
1.272471750000000000e+06
5.286331500000000000e+06
1.831328625000000000e+06
1.684403750000000000e+06
1.517389500000000000e+06
1.620035750000000000e+06
1.198376625000000000e+06
1.253968750000000000e+06
8.738727500000000000e+05
9.094689375000000000e+05
1.333099500000000000e+06
1.440984125000000000e+06
1.481442250000000000e+06
1.212743375000000000e+06
9.778772500000000000e+05
1.367478875000000000e+06
1.486469000000000000e+06
1.217029625000000000e+06
1.262816375000000000e+06
8.372875625000000000e+05
1.310108125000000000e+06
1.139527625000000000e+06
8.907022500000000000e+05
1.204465750000000000e+06
1.187509750000000000e+06
1.031133000000000000e+06
1.364793750000000000e+06
7.223448000000000000e+06
9.795230000000000000e+05
1.498467750000000000e+06
1.458518250000000000e+06
1.158851125000000000e+06
1.264796000000000000e+06
1.139281500000000000e+06
1.190351875000000000e+06
9.146872500000000000e+05
1.595426375000000000e+06
1.359287000000000000e+06
8.160535000000000000e+05
9.597796250000000000e+05
1.332593625000000000e+06
9.152926250000000000e+05
2.148810200000000000e+07
1.114273375000000000e+06
1.139633250000000000e+06
1.074298250000000000e+06
1.214769500000000000e+06
1.549018000000000000e+06
1.236178125000000000e+06
7.549856250000000000e+05
1.091824625000000000e+06
1.165301000000000000e+06
8.333048750000000000e+05
1.405407250000000000e+06
1.127567125000000000e+06
2.075084500000000000e+06
1.615991000000000000e+06
1.256738500000000000e+06
2.117447500000000000e+06
1.038621375000000000e+06
1.975474000000000000e+06
1.738245440000000000e+08
1.165305500000000000e+06
8.977370000000000000e+05
1.396832000000000000e+06
1.254303500000000000e+06
1.419294250000000000e+06
1.246108750000000000e+06
1.132897625000000000e+06
1.089107375000000000e+06
1.296004600000000000e+07
1.591583750000000000e+06
2.798364500000000000e+06
1.834977125000000000e+06
1.639120750000000000e+06
8.075226250000000000e+05
5.070940160000000000e+08
7.896970625000000000e+05
1.518549375000000000e+06
1.061043750000000000e+06
1.445774375000000000e+06
1.237280000000000000e+06
1.084803125000000000e+06
1.765827250000000000e+06
1.087180500000000000e+06
1.152386500000000000e+06
1.221028000000000000e+06
1.121307500000000000e+06
1.388444375000000000e+06
8.994073125000000000e+05
1.296997600000000000e+07
1.273231750000000000e+06
1.110390000000000000e+06
1.319378000000000000e+06
1.037733625000000000e+06
1.123818250000000000e+06
1.063067500000000000e+06
8.763274375000000000e+05
1.397971250000000000e+06
8.316268750000000000e+05
9.365447500000000000e+05
1.279409125000000000e+06
6.763505000000000000e+05
1.130794000000000000e+06
1.053678500000000000e+06
9.260066250000000000e+05
1.008492875000000000e+06
1.506883625000000000e+06
1.050303375000000000e+06
2.707319500000000000e+06
1.766794250000000000e+06
1.235487500000000000e+06
8.804022500000000000e+05
9.935596000000000000e+06
4.782985000000000000e+06
1.330400000000000000e+06
2.092813875000000000e+06
1.092619500000000000e+06
9.421705000000000000e+05
1.066890000000000000e+06
1.026383000000000000e+06
1.065525375000000000e+06
1.511688125000000000e+06
1.661006500000000000e+06
1.105499000000000000e+06
8.476461250000000000e+05
9.767415000000000000e+05
1.005620437500000000e+06
1.051246125000000000e+06
2.944867500000000000e+06
6.497930000000000000e+05
7.715857500000000000e+05
1.817761000000000000e+06
1.000112250000000000e+06
9.321125625000000000e+05
9.369093750000000000e+05
9.356757500000000000e+05
1.078650000000000000e+06
1.176793375000000000e+06
8.501368125000000000e+05
7.962439375000000000e+05
1.294227500000000000e+06
1.384939875000000000e+06
1.818667750000000000e+06
1.232304500000000000e+06
9.010372500000000000e+05
9.849067500000000000e+05
3.738072960000000000e+08
1.070438500000000000e+06
1.197467625000000000e+06
1.002677500000000000e+06
8.236458125000000000e+05
1.355930250000000000e+06
8.964393750000000000e+05
8.631279375000000000e+05
1.146109000000000000e+06
1.093003500000000000e+06
8.561491250000000000e+05
1.325266500000000000e+06
1.492787250000000000e+06
1.065696750000000000e+06
9.045476250000000000e+05
9.172063750000000000e+05
8.445702500000000000e+05
1.112056500000000000e+06
9.971221875000000000e+05
1.491394250000000000e+06
1.474961750000000000e+06
9.720326250000000000e+05
9.950948750000000000e+05
1.064259625000000000e+06
1.037591562500000000e+06
9.687883125000000000e+05
1.638494000000000000e+06
1.355315750000000000e+06
8.490715625000000000e+05
1.386503000000000000e+06
1.673627800000000000e+07
1.814218250000000000e+06
1.178610000000000000e+06
8.388229375000000000e+05
1.537812250000000000e+06
2.171174500000000000e+06
4.667680800000000000e+07
1.258028375000000000e+06
9.158538750000000000e+05
9.120476250000000000e+05
1.103218750000000000e+06
1.969730250000000000e+06
1.323625875000000000e+06
1.126141875000000000e+06
9.792333125000000000e+05
1.647178375000000000e+06
8.086823750000000000e+05
1.248481500000000000e+06
1.188177125000000000e+06
8.747271875000000000e+05
1.695457250000000000e+06
3.045112500000000000e+06
8.619723125000000000e+05
1.506009875000000000e+06
2.046660000000000000e+06
7.409758125000000000e+05
9.260333750000000000e+05
8.916162500000000000e+05
1.249849750000000000e+06
9.044698125000000000e+05
1.131576000000000000e+06
8.672047500000000000e+05
7.746135625000000000e+05
1.144948500000000000e+06
1.559024250000000000e+06
1.216866500000000000e+06
9.246751250000000000e+05
1.377224000000000000e+06
1.172160000000000000e+06
1.008608000000000000e+06
7.475947500000000000e+05
9.692156250000000000e+05
1.089094500000000000e+06
1.358140000000000000e+06
8.168093750000000000e+05
3.799383250000000000e+06
1.170815375000000000e+06
9.783475625000000000e+05
1.108574375000000000e+06
8.816124375000000000e+05
1.152204375000000000e+06
1.121847875000000000e+06
1.393184750000000000e+06
8.427876250000000000e+05
1.654465750000000000e+06
1.231109000000000000e+06
9.410485000000000000e+05
8.384397500000000000e+05
1.089848125000000000e+06
1.259592250000000000e+06
1.338868375000000000e+06
8.781842500000000000e+05
9.740966250000000000e+05
2.039068375000000000e+06
1.224783750000000000e+06
1.312602000000000000e+06
1.632318000000000000e+06
7.362362500000000000e+05
1.135937750000000000e+06
1.000570375000000000e+06
1.023626625000000000e+06
8.143910625000000000e+05
1.547182750000000000e+06
6.287954375000000000e+05
1.602563250000000000e+06
1.321594875000000000e+06
1.114702250000000000e+06
1.189085750000000000e+06
1.309056125000000000e+06
1.623734100000000000e+07
7.234265000000000000e+05
1.092345500000000000e+06
1.587422500000000000e+06
1.251077000000000000e+06
1.813974000000000000e+06
8.137486250000000000e+05
2.297558500000000000e+06
1.071551375000000000e+06
1.053996625000000000e+06
8.521200000000000000e+05
8.140704000000000000e+08
8.126720000000000000e+05
1.054994250000000000e+06
1.004701250000000000e+06
8.914380000000000000e+05
7.675876250000000000e+05
9.100425000000000000e+05
1.189921875000000000e+06
1.120528000000000000e+06
1.341587000000000000e+06
1.168059250000000000e+06
1.173897625000000000e+06
9.956141250000000000e+05
1.468005500000000000e+06
3.875203500000000000e+06
1.159795375000000000e+06
1.383331000000000000e+06
9.978520000000000000e+05
1.028525187500000000e+06
2.104586200000000000e+07
1.065623375000000000e+06
1.062648750000000000e+06
1.722821250000000000e+06
8.362485000000000000e+05
1.582347250000000000e+06
8.977599375000000000e+05
1.084240750000000000e+06
1.101030750000000000e+06
9.612411250000000000e+05
6.930670400000000000e+07
1.199289500000000000e+06
8.033705000000000000e+05
7.597780000000000000e+05
9.704096250000000000e+05
1.379999000000000000e+06
1.159391625000000000e+06
1.246018250000000000e+06
9.499092500000000000e+05
1.210690875000000000e+06
9.979939375000000000e+05
8.381558750000000000e+05
9.870741250000000000e+05
8.576672500000000000e+05
1.268078500000000000e+06
1.033992375000000000e+06
1.240798000000000000e+06
1.121247375000000000e+06
1.165321500000000000e+06
1.428025750000000000e+06
1.044464562500000000e+06
9.345838750000000000e+05
1.023141250000000000e+06
1.261272625000000000e+06
8.833156250000000000e+05
1.131825625000000000e+06
1.008653875000000000e+06
8.877694375000000000e+05
1.092977125000000000e+06
1.263341875000000000e+06
1.006002875000000000e+06
8.701958750000000000e+05
1.988793000000000000e+06
1.058908750000000000e+06
1.791551000000000000e+06
1.029376812500000000e+06
1.109824000000000000e+06
1.018922750000000000e+06
1.144493625000000000e+06
6.338152320000000000e+08
1.169867875000000000e+06
