9.688159000000000631e+00
9.394076999999999344e+00
9.110089000000000325e+00
8.835511000000000337e+00
8.570441999999999894e+00
8.314543000000000461e+00
8.066967999999999250e+00
7.828082000000000207e+00
7.597497999999999863e+00
7.374799999999999578e+00
7.160060999999999787e+00
6.952679999999999971e+00
6.752637000000000000e+00
6.559701999999999700e+00
6.373765999999999821e+00
6.194181000000000381e+00
6.021417999999999715e+00
5.854676999999999687e+00
5.693829000000000029e+00
5.538692000000000171e+00
5.389565000000000161e+00
5.245688999999999602e+00
5.106984999999999886e+00
4.973671000000000397e+00
4.845347000000000293e+00
4.721975999999999729e+00
4.603602000000000416e+00
4.489377000000000173e+00
4.379697000000000173e+00
4.274053999999999576e+00
4.172693999999999903e+00
4.075605999999999618e+00
3.982110000000000039e+00
3.892824000000000062e+00
3.806648000000000032e+00
3.724040000000000017e+00
3.644810000000000105e+00
3.568157999999999941e+00
3.495598999999999901e+00
3.425488999999999784e+00
3.358480000000000132e+00
3.295122000000000106e+00
3.233512999999999860e+00
3.175145999999999802e+00
3.118437999999999821e+00
3.065033000000000118e+00
3.013101999999999947e+00
2.964659000000000155e+00
2.917489999999999917e+00
2.873282000000000114e+00
2.830726999999999993e+00
2.790881000000000167e+00
2.751002999999999865e+00
2.713106999999999935e+00
2.677232000000000056e+00
2.644452999999999943e+00
2.611886999999999848e+00
2.581068000000000140e+00
2.551429000000000169e+00
2.523429999999999840e+00
2.496896000000000004e+00
2.471772000000000080e+00
2.448735000000000106e+00
2.425482999999999834e+00
2.403703000000000145e+00
2.382789999999999964e+00
2.363055999999999823e+00
2.344123000000000179e+00
2.326007000000000158e+00
2.310007999999999839e+00
2.294961999999999946e+00
2.279374999999999929e+00
2.264587000000000128e+00
2.250307999999999975e+00
2.236896000000000218e+00
2.224793000000000021e+00
2.212721000000000160e+00
2.201213999999999782e+00
2.190449000000000090e+00
2.179879999999999818e+00
2.170729999999999826e+00
2.161258000000000123e+00
2.151784999999999837e+00
2.143460000000000143e+00
2.135390000000000121e+00
2.127888000000000002e+00
2.119409000000000098e+00
2.112975000000000048e+00
2.106034000000000184e+00
2.099676999999999794e+00
2.093516000000000155e+00
2.088211999999999957e+00
2.082673000000000219e+00
2.077116000000000184e+00
2.071702999999999850e+00
2.066797000000000217e+00
2.061700000000000088e+00
2.056630999999999876e+00
2.051375999999999866e+00
2.047223999999999933e+00
2.042469999999999786e+00
2.038351000000000024e+00
2.034314000000000178e+00
2.030790999999999791e+00
2.026244999999999852e+00
2.022778999999999883e+00
2.019715000000000149e+00
2.016188999999999787e+00
2.013103000000000087e+00
2.009371999999999936e+00
2.006027000000000005e+00
2.003176999999999985e+00
2.000138000000000194e+00
1.997880000000000100e+00
1.994930000000000092e+00
1.991881000000000013e+00
1.989937000000000067e+00
1.987225999999999937e+00
1.983975000000000044e+00
1.981430999999999942e+00
1.979743000000000031e+00
1.976798999999999973e+00
1.974657000000000107e+00
1.972348999999999908e+00
1.970263000000000098e+00
1.968312000000000062e+00
1.966817999999999955e+00
1.964687999999999990e+00
1.962382999999999988e+00
1.961322999999999928e+00
1.960137000000000018e+00
1.958426000000000000e+00
1.956501999999999963e+00
1.954048999999999925e+00
1.951804000000000094e+00
1.950240999999999891e+00
1.949068000000000023e+00
1.946924000000000099e+00
1.946067999999999909e+00
1.944428999999999963e+00
1.943286000000000069e+00
1.940984999999999960e+00
1.938803000000000054e+00
1.937067000000000094e+00
1.935882000000000103e+00
1.933850000000000069e+00
1.931788999999999978e+00
1.930874999999999897e+00
1.928840000000000110e+00
1.926900000000000057e+00
1.926063999999999998e+00
1.924396999999999913e+00
1.923546999999999896e+00
1.921224000000000043e+00
1.918676999999999966e+00
1.917418000000000067e+00
1.916673000000000071e+00
1.915972999999999926e+00
1.914617999999999931e+00
1.913016999999999967e+00
1.910943999999999976e+00
1.910458999999999907e+00
1.908987999999999907e+00
1.906519000000000075e+00
1.906071000000000071e+00
1.905677999999999983e+00
1.904201000000000032e+00
1.903388000000000080e+00
1.901313000000000031e+00
1.899345000000000061e+00
1.898015999999999925e+00
1.896617999999999915e+00
1.896257999999999999e+00
1.893766999999999978e+00
1.892433999999999950e+00
1.891655000000000086e+00
1.891199999999999992e+00
1.889073000000000002e+00
1.888104999999999922e+00
1.886891000000000096e+00
1.885524999999999896e+00
1.885169000000000095e+00
1.884306999999999954e+00
1.882100000000000106e+00
1.880319999999999991e+00
1.879985000000000017e+00
1.879326999999999970e+00
1.877367000000000008e+00
1.877045999999999992e+00
1.876179999999999959e+00
1.875831000000000026e+00
1.873982000000000037e+00
1.873571000000000097e+00
1.872462000000000071e+00
1.871382000000000101e+00
1.869741000000000097e+00
1.869455000000000089e+00
1.868819000000000008e+00
1.868544999999999900e+00
1.867752999999999997e+00
1.866940999999999962e+00
1.865134000000000070e+00
1.864875999999999978e+00
1.863248000000000015e+00
