9.637579999999999814e+00
9.343980999999999426e+00
9.060472999999999999e+00
8.786414999999999864e+00
8.521712000000000842e+00
8.266009000000000384e+00
8.019125999999999976e+00
7.780653000000000041e+00
7.550243000000000038e+00
7.327820000000000000e+00
7.112918999999999770e+00
6.905655999999999572e+00
6.705554000000000237e+00
6.512491999999999948e+00
6.325873999999999775e+00
6.146453000000000166e+00
5.973343999999999987e+00
5.806220999999999854e+00
5.645266000000000339e+00
5.490097999999999701e+00
5.340850999999999793e+00
5.196920000000000428e+00
5.058051999999999992e+00
4.924218999999999902e+00
4.795373999999999803e+00
4.671299999999999564e+00
4.552120000000000388e+00
4.437561999999999784e+00
4.327854000000000312e+00
4.221834999999999560e+00
4.120154999999999568e+00
4.021900999999999726e+00
3.928113999999999884e+00
3.837979999999999947e+00
3.751135999999999804e+00
3.668244000000000060e+00
3.588548999999999989e+00
3.512119999999999909e+00
3.438794999999999824e+00
3.368980999999999781e+00
3.301531000000000216e+00
3.237524000000000068e+00
3.176130000000000120e+00
3.116505000000000081e+00
3.060318000000000094e+00
3.006838000000000122e+00
2.955564999999999998e+00
2.905441000000000162e+00
2.857626999999999917e+00
2.811636000000000024e+00
2.768946000000000129e+00
2.728809000000000040e+00
2.689535999999999927e+00
2.651676000000000144e+00
2.616718000000000099e+00
2.583524000000000154e+00
2.550521999999999956e+00
2.519213999999999842e+00
2.489364999999999828e+00
2.462471999999999994e+00
2.435486000000000040e+00
2.410012000000000043e+00
2.386779000000000206e+00
2.363579000000000097e+00
2.341525999999999996e+00
2.321860000000000035e+00
2.301911000000000040e+00
2.282563999999999815e+00
2.264670999999999879e+00
2.248731999999999953e+00
2.232235000000000191e+00
2.216596000000000011e+00
2.202939999999999898e+00
2.190166000000000057e+00
2.177859000000000211e+00
2.165338000000000207e+00
2.152751999999999999e+00
2.141557999999999851e+00
2.130231000000000208e+00
2.120508000000000060e+00
2.110192000000000068e+00
2.100782999999999845e+00
2.092471000000000192e+00
2.084493999999999847e+00
2.076408999999999949e+00
2.068074999999999886e+00
2.060411999999999910e+00
2.053786999999999807e+00
2.046574000000000115e+00
2.039778000000000091e+00
2.034393999999999814e+00
2.028589999999999893e+00
2.022556999999999938e+00
2.017849000000000004e+00
2.013495999999999952e+00
2.008303999999999867e+00
2.003365000000000062e+00
1.999462999999999990e+00
1.994968000000000075e+00
1.991352000000000011e+00
1.986596000000000029e+00
1.982317000000000107e+00
1.978544999999999998e+00
1.974186999999999914e+00
1.971475000000000088e+00
1.967659999999999965e+00
1.964410999999999907e+00
1.960676000000000085e+00
1.958358999999999961e+00
1.954827000000000092e+00
1.952804999999999902e+00
1.949386000000000063e+00
1.946140999999999899e+00
1.944287000000000099e+00
1.942485999999999935e+00
1.939896000000000065e+00
1.936711000000000071e+00
1.933978999999999893e+00
1.930876000000000037e+00
1.929314999999999891e+00
1.926490999999999953e+00
1.925092999999999943e+00
1.923346999999999918e+00
1.920951999999999993e+00
1.919632999999999923e+00
1.917397000000000018e+00
1.914949000000000012e+00
1.913921999999999901e+00
1.912668999999999953e+00
1.910047000000000050e+00
1.908908999999999967e+00
1.907475999999999949e+00
1.905048999999999992e+00
1.903982999999999981e+00
1.901812000000000058e+00
1.899481999999999893e+00
1.898474999999999913e+00
1.895963999999999983e+00
1.894433000000000034e+00
1.892562000000000078e+00
1.891793000000000058e+00
1.890079999999999982e+00
1.889202000000000048e+00
1.888597999999999999e+00
1.886527999999999983e+00
1.884204999999999908e+00
1.882173000000000096e+00
1.880401999999999907e+00
1.878627000000000047e+00
1.877694999999999892e+00
1.876060999999999979e+00
1.875539000000000067e+00
1.874514000000000014e+00
1.872737000000000096e+00
1.870565000000000033e+00
1.869058000000000108e+00
1.867915999999999910e+00
1.867277000000000076e+00
1.865855000000000041e+00
1.865391999999999939e+00
1.864295000000000035e+00
1.862957999999999892e+00
1.861161999999999983e+00
1.859474999999999989e+00
1.858252000000000015e+00
1.856991999999999976e+00
1.855320999999999998e+00
1.854000000000000092e+00
1.851715000000000000e+00
1.850657999999999914e+00
1.848853000000000080e+00
1.848154000000000075e+00
1.847717000000000054e+00
1.846567999999999987e+00
1.845917000000000030e+00
1.845409999999999995e+00
1.845012000000000096e+00
1.843190000000000106e+00
1.842572000000000099e+00
1.840505000000000058e+00
1.839487000000000094e+00
1.837801000000000018e+00
1.836619999999999919e+00
1.835455000000000059e+00
1.833785999999999916e+00
1.832257999999999942e+00
1.831703999999999999e+00
1.829520999999999953e+00
1.829134999999999955e+00
1.828773999999999900e+00
1.828532999999999964e+00
1.827714000000000061e+00
1.825380999999999920e+00
1.824411000000000005e+00
1.822729000000000044e+00
1.822122000000000019e+00
1.821792999999999996e+00
1.820920000000000094e+00
1.820216999999999974e+00
1.818230000000000013e+00
1.817657999999999996e+00
1.816756999999999955e+00
1.815752999999999950e+00
1.814993000000000078e+00
1.813423000000000007e+00
1.811277000000000026e+00
1.810262000000000038e+00
1.809059999999999890e+00
1.808715000000000073e+00
1.808194999999999997e+00
1.807177000000000033e+00
1.805295000000000094e+00
1.804799000000000042e+00
1.803995000000000015e+00
1.803528000000000020e+00
1.803153000000000006e+00
1.802145000000000108e+00
1.800226000000000104e+00
1.799263000000000057e+00
1.797511000000000081e+00
1.797069000000000027e+00
1.796335999999999933e+00
1.794734999999999969e+00
1.792772000000000032e+00
1.792467999999999950e+00
1.791004000000000040e+00
1.790319999999999911e+00
1.788834000000000035e+00
1.787809999999999899e+00
1.786384999999999890e+00
1.785740000000000105e+00
1.785420999999999925e+00
1.784723000000000059e+00
1.783365000000000089e+00
1.782979000000000092e+00
1.781422000000000061e+00
1.780435999999999908e+00
1.779223999999999917e+00
1.778377000000000097e+00
1.777930000000000010e+00
1.777571000000000012e+00
1.776027999999999940e+00
1.775396999999999892e+00
1.774591999999999947e+00
1.774253999999999998e+00
1.773489000000000093e+00
1.773168999999999995e+00
1.772483000000000031e+00
1.771360000000000046e+00
1.770488999999999979e+00
