9.666672000000000153e+00
9.372887999999999664e+00
9.088971000000000799e+00
8.814629000000000048e+00
8.549550999999999235e+00
8.293727999999999767e+00
8.046583000000000041e+00
7.807693000000000438e+00
7.577138999999999847e+00
7.354649000000000214e+00
7.139863000000000071e+00
6.932591000000000392e+00
6.732376000000000360e+00
6.539296000000000220e+00
6.352828999999999837e+00
6.173232999999999748e+00
6.000000000000000000e+00
5.832959999999999923e+00
5.672095999999999805e+00
5.516820000000000057e+00
5.367359999999999687e+00
5.223419999999999952e+00
5.084270000000000067e+00
4.950834000000000401e+00
4.822371000000000407e+00
4.698668999999999762e+00
4.579864999999999853e+00
4.464980999999999867e+00
4.355101999999999585e+00
4.249286999999999814e+00
4.147791999999999923e+00
4.050201000000000384e+00
3.956624999999999837e+00
3.866248999999999825e+00
3.779901000000000177e+00
3.697163000000000199e+00
3.617466999999999988e+00
3.540442000000000089e+00
3.467486000000000068e+00
3.397625000000000117e+00
3.330461999999999811e+00
3.265463000000000005e+00
3.204136000000000095e+00
3.145550000000000068e+00
3.088566999999999840e+00
3.035363999999999951e+00
2.983305999999999791e+00
2.933338000000000001e+00
2.886210999999999860e+00
2.841445999999999916e+00
2.798830000000000151e+00
2.757188000000000194e+00
2.718926000000000176e+00
2.680604999999999905e+00
2.644721000000000100e+00
2.610358999999999874e+00
2.577458000000000027e+00
2.546380999999999784e+00
2.516605999999999899e+00
2.488442000000000043e+00
2.462231000000000058e+00
2.437523999999999802e+00
2.414149000000000100e+00
2.390985000000000138e+00
2.368900000000000006e+00
2.349203000000000152e+00
2.329200000000000159e+00
2.310331999999999830e+00
2.292257999999999907e+00
2.276295999999999875e+00
2.259933000000000192e+00
2.245267999999999819e+00
2.230520999999999976e+00
2.217353999999999825e+00
2.203888000000000069e+00
2.191184999999999938e+00
2.179270999999999958e+00
2.168509999999999938e+00
2.157321000000000044e+00
2.147794999999999899e+00
2.138011000000000106e+00
2.128849000000000213e+00
2.119717000000000073e+00
2.111009999999999831e+00
2.103172999999999959e+00
2.096277000000000168e+00
2.088626999999999789e+00
2.081351999999999869e+00
2.075232000000000188e+00
2.069523999999999919e+00
2.063318999999999903e+00
2.056912000000000074e+00
2.051940000000000097e+00
2.046278000000000041e+00
2.040802999999999923e+00
2.036131000000000135e+00
2.031540000000000123e+00
2.026466999999999796e+00
2.022419000000000189e+00
2.018295999999999868e+00
2.014866000000000046e+00
2.010339999999999794e+00
2.006095999999999879e+00
2.002114000000000171e+00
1.998709000000000069e+00
1.995265000000000066e+00
1.992301000000000100e+00
1.989530999999999938e+00
1.986105000000000009e+00
1.983791000000000082e+00
1.981654999999999944e+00
1.978695000000000093e+00
1.975597000000000047e+00
1.972518999999999911e+00
1.970136000000000109e+00
1.967883000000000049e+00
1.965530999999999917e+00
1.963697999999999944e+00
1.961813999999999947e+00
1.959575000000000067e+00
1.957230000000000025e+00
1.955535000000000023e+00
1.953332999999999986e+00
1.951764999999999972e+00
1.949449999999999905e+00
1.946946000000000065e+00
1.945524000000000031e+00
1.943130000000000024e+00
1.941769000000000078e+00
1.939249000000000001e+00
1.937729999999999952e+00
1.936439999999999939e+00
1.935260999999999898e+00
1.933008000000000060e+00
1.931645999999999974e+00
1.929367999999999972e+00
1.928465000000000096e+00
1.927227999999999941e+00
1.924792999999999976e+00
1.923518000000000061e+00
1.922722999999999960e+00
1.921637999999999957e+00
1.920533999999999963e+00
1.918808000000000069e+00
1.917769000000000057e+00
1.916366000000000014e+00
1.915114999999999901e+00
1.914444000000000035e+00
1.913426000000000071e+00
1.911410000000000053e+00
1.910082999999999975e+00
1.907647000000000093e+00
1.906123000000000012e+00
1.904555999999999916e+00
1.904126999999999903e+00
1.903226000000000084e+00
1.902312999999999921e+00
1.901105000000000045e+00
1.899815000000000031e+00
1.897785999999999973e+00
1.897442999999999991e+00
1.895982000000000056e+00
1.895450000000000079e+00
1.894106999999999985e+00
1.892878999999999978e+00
1.891744000000000092e+00
1.891431000000000084e+00
1.889599000000000029e+00
1.887459999999999916e+00
1.886846000000000023e+00
1.885696999999999957e+00
1.884460000000000024e+00
1.882716999999999974e+00
1.881696000000000035e+00
1.881115000000000093e+00
1.880144999999999955e+00
1.879617000000000093e+00
1.878813000000000066e+00
1.877861999999999920e+00
1.876868999999999899e+00
1.876125000000000043e+00
1.875714000000000103e+00
1.874781000000000031e+00
1.874455999999999900e+00
1.873518999999999934e+00
1.872627000000000042e+00
1.871741000000000099e+00
1.870794999999999986e+00
1.869807999999999915e+00
1.868948000000000054e+00
1.868573000000000039e+00
1.867877999999999927e+00
1.867343999999999893e+00
1.865906999999999982e+00
1.863928000000000029e+00
1.862818000000000085e+00
1.862471999999999905e+00
1.861606000000000094e+00
1.861118000000000050e+00
1.859779000000000071e+00
1.859010000000000051e+00
1.858084000000000069e+00
1.857625999999999999e+00
1.856352000000000002e+00
1.855069999999999997e+00
1.853815999999999908e+00
1.853572999999999915e+00
1.852678000000000047e+00
1.852292000000000050e+00
1.851110999999999951e+00
1.849234999999999962e+00
1.848842000000000096e+00
1.847857000000000083e+00
1.846079999999999943e+00
1.844956000000000040e+00
1.844594999999999985e+00
1.843514000000000097e+00
1.843177000000000065e+00
1.842381000000000046e+00
1.840762000000000009e+00
1.840424000000000060e+00
1.839336000000000082e+00
1.838400000000000034e+00
1.837115000000000054e+00
1.835436000000000067e+00
