9.642770000000000508e+00
9.349811000000000760e+00
9.066843999999999681e+00
8.793169999999999931e+00
8.528857000000000355e+00
8.273811000000000249e+00
8.027352999999999739e+00
7.789507999999999655e+00
7.559319999999999595e+00
7.337317999999999785e+00
7.123109999999999609e+00
6.916557000000000066e+00
6.717178999999999789e+00
6.524719000000000158e+00
6.339236999999999789e+00
6.160133000000000081e+00
5.987553000000000125e+00
5.820736000000000132e+00
5.660528000000000226e+00
5.505798000000000414e+00
5.356950999999999574e+00
5.213199000000000360e+00
5.074889999999999901e+00
4.941389000000000031e+00
4.813422000000000089e+00
4.690326999999999913e+00
4.571992999999999974e+00
4.457643000000000022e+00
4.347846999999999795e+00
4.242422000000000359e+00
4.141288000000000302e+00
4.044056000000000317e+00
3.950575000000000170e+00
3.861155000000000115e+00
3.775225999999999971e+00
3.692674999999999930e+00
3.613821999999999868e+00
3.538336999999999843e+00
3.465742000000000100e+00
3.396192000000000100e+00
3.329692000000000096e+00
3.265483999999999831e+00
3.204380000000000006e+00
3.144967999999999986e+00
3.089205999999999896e+00
3.034949000000000119e+00
2.984493000000000062e+00
2.936008999999999869e+00
2.888703000000000021e+00
2.844484000000000012e+00
2.801044000000000089e+00
2.759729999999999794e+00
2.721293000000000184e+00
2.684442999999999913e+00
2.648601999999999901e+00
2.614154999999999784e+00
2.582853000000000065e+00
2.551560999999999968e+00
2.521892999999999940e+00
2.493688000000000127e+00
2.467077999999999882e+00
2.441689999999999916e+00
2.417637000000000036e+00
2.395538000000000167e+00
2.374197000000000113e+00
2.353404999999999969e+00
2.333785000000000220e+00
2.315017000000000102e+00
2.296699999999999964e+00
2.280498000000000136e+00
2.263955999999999857e+00
2.248740999999999879e+00
2.233721000000000068e+00
2.219551000000000052e+00
2.206214999999999815e+00
2.193633000000000166e+00
2.181655999999999818e+00
2.170303999999999789e+00
2.158878000000000075e+00
2.149548999999999932e+00
2.139654000000000167e+00
2.130260999999999960e+00
2.121494999999999909e+00
2.113004000000000104e+00
2.104738000000000220e+00
2.096963000000000132e+00
2.089367000000000196e+00
2.082323999999999842e+00
2.075578999999999841e+00
2.069122000000000128e+00
2.062574000000000130e+00
2.056163000000000185e+00
2.050283999999999995e+00
2.044901999999999997e+00
2.039356000000000169e+00
2.034231999999999818e+00
2.029507999999999868e+00
2.024436000000000124e+00
2.020360000000000156e+00
2.016189999999999927e+00
2.011827999999999950e+00
2.007184000000000079e+00
2.003603000000000023e+00
1.999733999999999901e+00
1.996461999999999959e+00
1.992793999999999954e+00
1.990046999999999899e+00
1.987467000000000095e+00
1.984127999999999892e+00
1.981800000000000006e+00
1.978386999999999896e+00
1.975435000000000052e+00
1.973243999999999998e+00
1.970096999999999987e+00
1.967648000000000064e+00
1.964920999999999918e+00
1.962129999999999930e+00
1.960151999999999894e+00
1.957394000000000078e+00
1.954774000000000012e+00
1.952236000000000082e+00
1.949967999999999924e+00
1.948385000000000034e+00
1.946042000000000050e+00
1.944463999999999970e+00
1.942382999999999971e+00
1.940118999999999927e+00
1.938654000000000099e+00
1.937319999999999931e+00
1.935324999999999962e+00
1.933837999999999946e+00
1.931734999999999980e+00
1.930509999999999948e+00
1.929114999999999913e+00
1.927051000000000069e+00
1.925005999999999995e+00
1.923068000000000000e+00
1.921135000000000037e+00
1.920088000000000017e+00
1.918390000000000040e+00
1.916625000000000023e+00
1.915885000000000060e+00
1.914301999999999948e+00
1.912641000000000036e+00
1.910944999999999894e+00
1.908973000000000031e+00
1.907407999999999992e+00
1.906760999999999928e+00
1.905261000000000093e+00
1.902884000000000020e+00
1.901748999999999912e+00
1.900288999999999895e+00
1.899809999999999999e+00
1.898012999999999950e+00
1.896579999999999933e+00
1.895035999999999943e+00
1.893961999999999923e+00
1.892644999999999911e+00
1.892098000000000058e+00
1.890371000000000024e+00
1.889653999999999945e+00
1.888544999999999918e+00
1.886325000000000029e+00
1.884951000000000043e+00
1.883402999999999938e+00
1.882995999999999892e+00
1.881696999999999953e+00
1.880735000000000046e+00
1.879677999999999960e+00
1.878368000000000038e+00
1.877887000000000084e+00
1.876295999999999964e+00
1.875642999999999949e+00
1.874506999999999923e+00
1.872543999999999986e+00
1.872101999999999933e+00
1.869909999999999961e+00
1.868767000000000067e+00
1.867585999999999968e+00
1.866991000000000067e+00
1.866192000000000073e+00
1.865374000000000088e+00
1.864497000000000071e+00
1.863539000000000057e+00
1.863191000000000042e+00
1.862570000000000059e+00
1.861321000000000003e+00
1.860570999999999975e+00
1.859664999999999901e+00
1.857993000000000006e+00
1.856490999999999891e+00
1.855577999999999950e+00
1.854986999999999941e+00
1.853226000000000040e+00
1.851221000000000005e+00
1.850662999999999947e+00
1.849809000000000037e+00
1.848872000000000071e+00
1.848031999999999897e+00
1.847210999999999936e+00
1.846753000000000089e+00
1.846228999999999898e+00
1.845790999999999960e+00
1.845069999999999988e+00
1.843547999999999965e+00
1.842805999999999944e+00
1.842044000000000015e+00
1.841062999999999894e+00
1.839944999999999942e+00
1.839522000000000101e+00
1.838475999999999999e+00
1.838162000000000074e+00
1.837550999999999934e+00
1.836775999999999964e+00
1.835939999999999905e+00
1.835455000000000059e+00
1.834724000000000022e+00
1.833414000000000099e+00
1.833009000000000110e+00
1.832373000000000030e+00
1.830753000000000075e+00
1.830367000000000077e+00
1.829185999999999979e+00
1.827660999999999980e+00
1.826921000000000017e+00
1.826237000000000110e+00
1.825682000000000027e+00
1.825317999999999996e+00
1.824643000000000015e+00
1.823717999999999950e+00
1.822170999999999985e+00
1.821461999999999914e+00
1.820159000000000082e+00
1.819418999999999897e+00
1.819061000000000039e+00
1.818465999999999916e+00
1.818024000000000084e+00
1.817231999999999958e+00
1.816661000000000081e+00
1.815585999999999922e+00
1.814982000000000095e+00
1.814796999999999993e+00
1.813847999999999905e+00
1.812923000000000062e+00
1.812653999999999987e+00
1.812237000000000098e+00
1.811566999999999927e+00
1.810216999999999965e+00
1.809690000000000021e+00
1.808950000000000058e+00
1.807660999999999962e+00
1.806683999999999957e+00
1.806122999999999923e+00
1.805225999999999997e+00
1.804901000000000089e+00
1.804122000000000003e+00
1.802666000000000102e+00
1.801727999999999996e+00
1.800292000000000003e+00
1.799711999999999978e+00
1.798248000000000069e+00
1.797938000000000036e+00
1.797541000000000055e+00
1.797064999999999912e+00
1.796124999999999972e+00
1.795434999999999892e+00
1.794524000000000008e+00
1.794200999999999935e+00
1.793986999999999998e+00
1.793161999999999923e+00
1.791790999999999912e+00
1.791098000000000079e+00
1.790556000000000036e+00
1.789441999999999977e+00
1.788845000000000018e+00
1.788640999999999925e+00
1.788330999999999893e+00
1.787838999999999956e+00
1.787222000000000088e+00
1.786554999999999893e+00
1.785506999999999955e+00
1.784629999999999939e+00
1.783374000000000015e+00
1.782494000000000023e+00
1.781487000000000043e+00
1.781126999999999905e+00
1.780616999999999894e+00
1.779328999999999938e+00
1.778267000000000042e+00
1.777220000000000022e+00
1.776607000000000047e+00
1.776013999999999982e+00
1.775867000000000084e+00
1.774799999999999933e+00
1.773490000000000011e+00
1.772785999999999973e+00
1.772337000000000051e+00
1.771271000000000040e+00
1.771014000000000088e+00
1.770437000000000038e+00
1.769598000000000004e+00
1.768162999999999929e+00
1.767458999999999891e+00
1.766408999999999896e+00
1.765306000000000042e+00
1.764974000000000043e+00
1.764529999999999932e+00
1.763654999999999973e+00
1.762794999999999890e+00
1.761381000000000085e+00
1.760793000000000053e+00
1.759705999999999992e+00
1.758458999999999994e+00
1.757654000000000050e+00
1.757093000000000016e+00
1.756364000000000036e+00
1.755797999999999970e+00
1.754707000000000017e+00
1.754532999999999898e+00
1.754296999999999995e+00
1.753989000000000020e+00
1.753543999999999992e+00
1.752715000000000023e+00
1.751760999999999902e+00
1.751190999999999942e+00
1.750594999999999901e+00
1.750140000000000029e+00
1.749058999999999919e+00
1.748035000000000005e+00
1.746818999999999900e+00
1.746590000000000087e+00
1.746153999999999984e+00
1.746007000000000087e+00
1.745624999999999982e+00
1.744841000000000086e+00
1.744140000000000024e+00
1.743635999999999964e+00
1.743025000000000047e+00
1.742521999999999904e+00
1.742312000000000083e+00
1.740863999999999967e+00
1.740663000000000071e+00
1.739224000000000103e+00
1.738574000000000064e+00
1.738161999999999985e+00
1.736850000000000005e+00
1.736309000000000102e+00
1.736108999999999902e+00
1.735149999999999970e+00
