4.806615126062883995e+06
4.533093469017136842e+06
4.282712221274252050e+06
4.050057391140745021e+06
3.833608139803199563e+06
3.636900193399196956e+06
3.456183701649991330e+06
3.290472786072858609e+06
3.136220349285627250e+06
2.992586706037320662e+06
2.860528762170598377e+06
2.735377212083023973e+06
2.622256788267196156e+06
2.517083379702358972e+06
2.417859071820045821e+06
2.328211244076259434e+06
2.240340824573455844e+06
2.165114357079439797e+06
2.090350591161765391e+06
2.018721943567186594e+06
1.952473893057776382e+06
1.893894198650970357e+06
1.834910425766152563e+06
1.780628514441949315e+06
1.727931597287819488e+06
1.679869848542760126e+06
1.636411260397438193e+06
1.594884446901868330e+06
1.554623043559643906e+06
1.519023207471854985e+06
1.479284487831928534e+06
1.444479896719744429e+06
1.407914127535067732e+06
1.375754895683852490e+06
1.346433484078346519e+06
1.315311947798481211e+06
1.284335187574707204e+06
1.258567828116002493e+06
1.226943853800523095e+06
1.205464780368477339e+06
1.184732815752688795e+06
1.158767832264190773e+06
1.134214337248441763e+06
1.115284023411425296e+06
1.097072795469661476e+06
1.082020855401354609e+06
1.065653834082891699e+06
1.050407699069566326e+06
1.030132044837151654e+06
1.010402966377262492e+06
9.945574480570275337e+05
9.783207872638819972e+05
9.620900649235895835e+05
9.461236287868575891e+05
9.274583656485547544e+05
9.168241317906781333e+05
9.005528771784506971e+05
8.839125230635666521e+05
8.709226238417437999e+05
8.591174297601772705e+05
8.477718573930818820e+05
8.368660341204529395e+05
8.260210588975205319e+05
8.141795800843859324e+05
8.029512386660776101e+05
7.910254320610989816e+05
7.787753693210245110e+05
7.687595010874314466e+05
7.561655390457350295e+05
7.446281850923625752e+05
7.344044380169335054e+05
7.248575333031065529e+05
7.153447188747861655e+05
7.063424520451234421e+05
6.970018685810951283e+05
6.889464799685081234e+05
6.805191807092747185e+05
6.722262678243030095e+05
6.666962664450512966e+05
6.601543439684327459e+05
6.540313920580364065e+05
6.482474132305802777e+05
6.425849006598501001e+05
6.355062317254234804e+05
6.300312300306458492e+05
6.232957506125204964e+05
6.171536347691644914e+05
6.113281727001888212e+05
6.053680572169787483e+05
5.979414352418391500e+05
5.921217850142128300e+05
5.853266484858454205e+05
5.789311109633255983e+05
5.751781594298066339e+05
5.706994283330853796e+05
5.648454219817840494e+05
5.602462315239559393e+05
5.562162554752805736e+05
5.510564307954811957e+05
5.465086630789031042e+05
5.417764007225867826e+05
5.359265874107021373e+05
5.314781988817069214e+05
5.275495397292823764e+05
5.240455898653063341e+05
5.179705641227866872e+05
5.135094367117585498e+05
5.088780327721414506e+05
5.045098685780811356e+05
4.990169044090156094e+05
4.950364213107148535e+05
4.919404461202845559e+05
4.867109157041514409e+05
4.817117316316373763e+05
4.771731079310536734e+05
4.725504620476518176e+05
4.685627695177018759e+05
4.648910199453630485e+05
4.603397798198948149e+05
4.563401074762602220e+05
4.525780590386362746e+05
4.487596478988759336e+05
4.449095937674726010e+05
4.410091780178528861e+05
4.376135406109040487e+05
4.336701207568775280e+05
4.298301572403014870e+05
4.267019908508192166e+05
4.231699401701021707e+05
4.190152440015784814e+05
4.160732098647080129e+05
4.124844848229206400e+05
4.080530915863891132e+05
4.038206767567005591e+05
4.007126108951503411e+05
3.973115139719770523e+05
3.945357635752861970e+05
3.908930871403036872e+05
3.874430846382020973e+05
3.849290421673748060e+05
3.812402527467515320e+05
3.791198357182910549e+05
3.760061234090491780e+05
3.726096365118174581e+05
3.692575261402316974e+05
3.665337393882991746e+05
3.641695307992732269e+05
3.615281922382877092e+05
3.591454242399698123e+05
3.566492235013096943e+05
3.546454778583065490e+05
3.518267777686433401e+05
3.497018022487134440e+05
3.472330522237746045e+05
3.447999972127146320e+05
3.419886511297304532e+05
3.393619233050311450e+05
3.368432244781948975e+05
3.346266490052236477e+05
3.318497055380400852e+05
3.293281010033506318e+05
3.270483673750344315e+05
3.250496002728649182e+05
3.223671870734012336e+05
3.200367540738377138e+05
3.178441025981578860e+05
3.154505234078575158e+05
3.138465592644594726e+05
3.120867263610101654e+05
3.100032868902701885e+05
3.078665613155068131e+05
3.065490866611544625e+05
3.043929723128931364e+05
3.024438965643546544e+05
3.004153070975176524e+05
2.984146340948449797e+05
2.965274079251131043e+05
2.947161540397281642e+05
2.925215146324110101e+05
2.903764069119279156e+05
2.886868019147831947e+05
2.870002858707364067e+05
2.852606187723379117e+05
2.836541134161027148e+05
2.817611387786191772e+05
2.802087694274272071e+05
2.781235944233433111e+05
2.768121201242146199e+05
2.749706575029827654e+05
2.734146043869407731e+05
2.717037211673787679e+05
2.700044638926317566e+05
2.678286216341486434e+05
2.665670183735095197e+05
2.649189296068094554e+05
2.629643487465411308e+05
2.613209068983461766e+05
2.596506835860217398e+05
2.575106610399844940e+05
2.557530563541324518e+05
2.545091043063158577e+05
2.526828228868611332e+05
2.510865823935986264e+05
2.495153626644203032e+05
2.481552195072827162e+05
2.466053809759780706e+05
2.447838640525110532e+05
2.433566448284946964e+05
2.413705540768155188e+05
2.397919539138311520e+05
2.383882801082336227e+05
2.371850184391107177e+05
2.359252892547882802e+05
2.345637765647318447e+05
2.330609994439835718e+05
2.320474921180403908e+05
2.302186219014410162e+05
2.283534732798222103e+05
2.267788558815727010e+05
2.253835994464141841e+05
2.243224860453433939e+05
2.226978026027756860e+05
2.215384685464917275e+05
2.199467566711490799e+05
2.183928895400856854e+05
2.167287351724291220e+05
2.151844842390654667e+05
2.137546784561546228e+05
2.124176338153146498e+05
2.112938895519536454e+05
2.103535747540302982e+05
2.092868625279706612e+05
2.080491039374630200e+05
2.067893613751204102e+05
2.054684513055633870e+05
2.041632073440331733e+05
2.029974317364407470e+05
2.017811027863021591e+05
2.006589962913892814e+05
1.995785287092516082e+05
1.982879985714565846e+05
1.970668842909765081e+05
1.955040405898008321e+05
1.943709163505487377e+05
1.931275491611585312e+05
1.920304511984249984e+05
1.909768817008410115e+05
1.897416173108734365e+05
1.889614781521100958e+05
1.876756936699132493e+05
1.865699772871855821e+05
1.853003454577648954e+05
1.842785347841219918e+05
1.833933611138066044e+05
1.823714973022247723e+05
1.813550601851321990e+05
1.802014622672929254e+05
1.791724880741347733e+05
1.783627989736276504e+05
1.770992218148231332e+05
1.761082261481764726e+05
1.749630341866147355e+05
1.742482786125742132e+05
1.734843021271762555e+05
1.724102335526234529e+05
1.714434298354981001e+05
1.704176917634183192e+05
1.689984481623760366e+05
1.679466820158374030e+05
1.668999173063423077e+05
1.660101660377076187e+05
1.650233631068236136e+05
1.639240606740645890e+05
1.630964192582262331e+05
1.621180303543092159e+05
1.612120599336354935e+05
1.602952290594067599e+05
1.592831974378179293e+05
1.582813539381655573e+05
1.571258773318582971e+05
1.562736605883707234e+05
1.554450831377909344e+05
1.546357736383832817e+05
1.539528613689876511e+05
1.530771879814383574e+05
1.520649204839422891e+05
1.510937207986543654e+05
1.502490934664827073e+05
1.495032436460213503e+05
1.486320667873579077e+05
1.476752683946601755e+05
1.465768534214338579e+05
1.455739673144650878e+05
1.446599346445216506e+05
1.440314525597505562e+05
1.431028864756807743e+05
1.423329683757888852e+05
1.414042929944304342e+05
1.407241820928193920e+05
1.398980518648407597e+05
1.392725240803888300e+05
1.385244481758656038e+05
1.378182032324398460e+05
1.371774945807225595e+05
1.363844098357648472e+05
1.356511380505074922e+05
1.349567786413810973e+05
1.343235158586133912e+05
1.337302591241165064e+05
1.329584641845893348e+05
1.322014830899536319e+05
1.314272429029984050e+05
1.308101886033562769e+05
1.301873524364016193e+05
1.295121661132946465e+05
1.287728124659305904e+05
1.281183384377308394e+05
1.273860035404913215e+05
1.266666199650112976e+05
1.258051902024086303e+05
1.251693226754033094e+05
1.245107847437243909e+05
1.238059134682060831e+05
1.230939526660295232e+05
1.223885112756220042e+05
1.218011096728967532e+05
1.213099686029621807e+05
1.206009836690531956e+05
1.199219330517596682e+05
1.192513190617277287e+05
1.185883795510559285e+05
1.179813492099327559e+05
1.174863958031394432e+05
1.170335696708208270e+05
1.164492469839955884e+05
1.159708467889725289e+05
1.154963516809107678e+05
1.148384552960218425e+05
1.142765237055470934e+05
1.135986047868939349e+05
1.129398673811484477e+05
1.122551489440752484e+05
1.116348222921626875e+05
1.111641142273145379e+05
1.105350883662390115e+05
1.099458608917630045e+05
1.092825172295467055e+05
1.087573937871663511e+05
1.080567620565937978e+05
1.074534521459926473e+05
1.068674164419260487e+05
1.063123237076425430e+05
1.058398665959219652e+05
1.051801737069681549e+05
1.046939075823679595e+05
1.041151443732813495e+05
1.035397818299814535e+05
1.030352812567473738e+05
1.024405811999204452e+05
1.018970021534499829e+05
1.013262622191771952e+05
1.007760524585819076e+05
1.002684449693288771e+05
9.976022523767687380e+04
9.929431521239822905e+04
9.877295214250909339e+04
9.830655298186869186e+04
9.782285221100770286e+04
9.726524143006681697e+04
9.670178312902351900e+04
9.627301113454041479e+04
9.581740702813467942e+04
9.543790750599358580e+04
9.499218196666918811e+04
9.442332138512036181e+04
9.401952166607877007e+04
9.352743858166332939e+04
9.304191655597429781e+04
9.252569889019931725e+04
9.201025919911419624e+04
9.146527883865449985e+04
9.100045097199900192e+04
9.056019037698014290e+04
9.003400533972035919e+04
8.971944428852894634e+04
8.932382994513465383e+04
8.880963372033578344e+04
8.818224475854846241e+04
8.775024003737073508e+04
8.742167567214064184e+04
8.702019498636999924e+04
8.656783864077423641e+04
8.622022647503441840e+04
8.573137322386134474e+04
8.537458838055346860e+04
8.502629332920484012e+04
8.465403875069692731e+04
8.423076879640865081e+04
8.368149276001520047e+04
8.321559819818061078e+04
8.265361395994677150e+04
8.215519941839737294e+04
8.166598265743599040e+04
8.121481101557469810e+04
8.071425423943517671e+04
8.017485443580218998e+04
7.986535975141180097e+04
7.945584784203213349e+04
7.915292504458382609e+04
7.876733036841789726e+04
7.851016799235048529e+04
7.804642520906220307e+04
7.763348093331966083e+04
7.719183580699801678e+04
7.694401657727565907e+04
7.654773138559814834e+04
7.610888616630683828e+04
7.577111113884043880e+04
7.534033870894048596e+04
7.503082212702871766e+04
7.463748003441328183e+04
7.429473985298798652e+04
7.386057974126772024e+04
7.345106792834689259e+04
7.297823604822905327e+04
7.253768785716476850e+04
7.223255446535166993e+04
7.176815260386535374e+04
7.142753917730877583e+04
7.109151833409993560e+04
7.072218304761830950e+04
7.036810613224051485e+04
7.005317327358578041e+04
6.969641103436399135e+04
6.930143555683463637e+04
6.898148992187183467e+04
6.866192108751139313e+04
6.828919031975320831e+04
6.795918744167282421e+04
6.761911429252379457e+04
6.725645008926608716e+04
6.692014249618498434e+04
6.658871453115707845e+04
6.627523771648196271e+04
6.591212963880607276e+04
6.559570366444747197e+04
6.528382469745137496e+04
6.491690787220768834e+04
6.463097494177290355e+04
6.433146309861537156e+04
6.407855994563368586e+04
6.368148387764052313e+04
6.343155576812466461e+04
6.305740979395191243e+04
6.268216582639454282e+04
6.237453301709270454e+04
6.205440884267735237e+04
6.175013860913403187e+04
6.143173347406822722e+04
6.111064411522259616e+04
6.078971251920385112e+04
6.056885056615784561e+04
6.032705002529076592e+04
6.003536948166613001e+04
5.978079346967194579e+04
5.950032024132028164e+04
5.918558104947859101e+04
5.889274441811525321e+04
5.853155490559313330e+04
5.820921918753654609e+04
5.794777026653257781e+04
5.769272238809226110e+04
5.742303032007439469e+04
5.715599801132257562e+04
5.685567721869058005e+04
5.657883378522521525e+04
5.625251905003900174e+04
5.596297911927278619e+04
5.571064946232739749e+04
5.540982014861139032e+04
5.510741599340738321e+04
5.487246917761729856e+04
5.461087160010234948e+04
5.433034715822783619e+04
5.409810987925946392e+04
5.384759464409400971e+04
5.362327584036137705e+04
5.341428182309410477e+04
5.316811370398828876e+04
5.293757133878357126e+04
5.268757359089311649e+04
5.243505396041397762e+04
5.214861295024876017e+04
5.183322263503377326e+04
5.163512530606881046e+04
5.136844058269316156e+04
5.109472646701966005e+04
5.086158068716716662e+04
5.061700470243329619e+04
5.037162158993595222e+04
