4.790258991647467017e+06
4.523951663070975803e+06
4.264799688202001154e+06
4.026156306426549796e+06
3.818101629735036287e+06
3.619942158379515633e+06
3.443867595950283576e+06
3.273625676249762066e+06
3.119962097268545069e+06
2.974028999578542542e+06
2.842720167253690306e+06
2.722370214821847156e+06
2.615392246474869549e+06
2.506211361807489302e+06
2.410947483145504259e+06
2.323967437780355569e+06
2.238997290151144378e+06
2.162546916313234717e+06
2.088933038684868487e+06
2.023698974171854788e+06
1.961600298489374109e+06
1.897313007088233717e+06
1.837606438027530210e+06
1.783505588416870683e+06
1.731759568476205459e+06
1.687368996109244879e+06
1.646331794837458991e+06
1.607476414921207121e+06
1.568081509692513617e+06
1.533355567680507898e+06
1.500194578913455596e+06
1.470095691922844155e+06
1.441577921286105411e+06
1.411933756156114396e+06
1.386199769789571408e+06
1.362253611573565984e+06
1.336623121131806867e+06
1.312934843419877579e+06
1.291973168107465375e+06
1.271019663305744994e+06
1.246480924209960969e+06
1.225259371073932620e+06
1.200062940117237158e+06
1.178345600048656808e+06
1.154551808791449992e+06
1.134430899597306503e+06
1.117239712718791794e+06
1.099674346466075163e+06
1.080804655623699771e+06
1.066376227358052973e+06
1.050650475292905467e+06
1.034741394921320491e+06
1.021680324218826951e+06
1.007514760689622606e+06
9.934667267168129329e+05
9.793056939557407750e+05
9.653611861875150353e+05
9.526562031448348425e+05
9.340698060419680551e+05
9.201781451424033148e+05
9.079976590996513842e+05
8.930208246900980594e+05
8.779666506354934536e+05
8.650386294281703886e+05
8.505952418494283920e+05
8.390340876567160012e+05
8.261215587476292858e+05
8.152411527732770192e+05
8.011271167886948679e+05
7.881844774555482436e+05
7.788542613287088461e+05
7.667823273544542026e+05
7.550455112317929743e+05
7.443853893676550360e+05
7.344703063404174754e+05
7.265632718778112903e+05
7.187833736524734413e+05
7.113006187886984553e+05
7.035925006122753257e+05
6.957122632907206425e+05
6.883824367935733171e+05
6.818701462659511017e+05
6.740210217656941386e+05
6.664746565286520636e+05
6.597081155617554905e+05
6.532725707773669856e+05
6.472820569107722258e+05
6.419084092260304606e+05
6.347528906011012150e+05
6.285017618562211283e+05
6.231533600842993474e+05
6.173090460479700705e+05
6.117091953398252372e+05
6.071533572386272717e+05
6.024248754813020350e+05
5.948352568440531613e+05
5.895461132260396844e+05
5.822916050185748609e+05
5.767672773547775578e+05
5.700134994060938479e+05
5.659462021748689003e+05
5.622780151228042087e+05
5.566278531799740158e+05
5.519136414116079686e+05
5.477952116311923601e+05
5.421553970835444052e+05
5.381983473647483625e+05
5.343340429850156652e+05
5.306253318515726132e+05
5.267239939912824193e+05
5.220631475483393879e+05
5.160704426613019314e+05
5.121888252450724249e+05
5.067921197119532153e+05
5.021908712836195482e+05
4.978980671650492586e+05
4.939070403186629992e+05
4.904165523338640924e+05
4.871774102216507308e+05
4.830083469408206292e+05
4.787837015662590857e+05
4.742616786345472792e+05
4.702155481286704889e+05
4.653377247874095920e+05
4.605846153395770234e+05
4.545363099174507079e+05
4.504582663190505118e+05
4.468101339166734251e+05
4.420282821531870286e+05
4.380421602220107452e+05
4.341117791790370829e+05
4.307988264149965253e+05
4.262373697232977138e+05
4.225419354324374581e+05
4.185266632884228602e+05
4.151197441212828271e+05
4.120153692336509121e+05
4.090124699102915474e+05
4.067428960881147068e+05
4.040012148649276351e+05
4.015895007618724485e+05
3.985073901573748444e+05
3.952734345710848575e+05
3.914177552931081736e+05
3.883908184479071060e+05
3.860626264061740367e+05
3.835231105175479315e+05
3.804118970468455809e+05
3.769726143645100528e+05
3.732381876573032932e+05
3.705064210586370900e+05
3.680445055158142350e+05
3.646674418781631975e+05
3.625042236312864698e+05
3.591351680517034256e+05
3.570146571036587702e+05
3.544075395161047927e+05
3.519872513113506720e+05
3.485412045403088559e+05
3.465460555349997594e+05
3.446086551776844426e+05
3.421585492435040069e+05
3.399948430058262311e+05
3.373829433265804546e+05
3.352851924872624804e+05
3.333256823646574048e+05
3.309595467649284983e+05
3.284587207433074364e+05
3.258878116855703411e+05
3.236508293002278078e+05
3.217661798980407184e+05
3.193435996597356861e+05
3.171052090389964869e+05
3.153285660481591476e+05
3.131966453676026431e+05
3.111610806518848985e+05
3.094498076687051798e+05
3.075274010025310563e+05
3.057616531857738155e+05
3.035503470974679803e+05
3.007703439541527769e+05
2.984065964383531245e+05
2.966651653770525591e+05
2.943154439448288758e+05
2.923869092904896825e+05
2.902867708279892686e+05
2.883591167780903634e+05
2.863242331398203969e+05
2.842872315952195786e+05
2.823389312716179411e+05
2.805455059324032627e+05
2.784769077068704064e+05
2.765817372312034131e+05
2.747326140967086540e+05
2.732663436834884924e+05
2.714047868520094198e+05
2.696805014965608134e+05
2.678153713678157073e+05
2.659712951880223700e+05
2.640424224730707356e+05
2.624394759079345968e+05
2.609320218600934604e+05
2.593647197288385651e+05
2.573344214813242143e+05
2.552588729240052053e+05
2.536847816247627197e+05
2.522394651356303948e+05
2.507951604840027867e+05
2.488722900446655985e+05
2.476561644231335958e+05
2.460998724404430832e+05
2.447325640559000021e+05
2.435223483155273425e+05
2.423019961009067192e+05
2.405077559098720958e+05
2.391981649703374715e+05
2.376676421175893629e+05
2.360887050762991421e+05
2.348455852437998983e+05
2.334914378981312911e+05
2.318026543324236700e+05
2.304475779374683043e+05
2.288007246792947990e+05
2.271279795431098028e+05
2.256846299607185647e+05
2.242108080044811941e+05
2.226861367194275954e+05
2.211941633678132785e+05
2.196435112943480781e+05
2.183793815043821523e+05
2.171209796677757986e+05
2.158970992364342965e+05
2.147072500285934075e+05
2.131704875690928311e+05
2.121072404332126025e+05
2.109653803453281871e+05
2.097705057211407402e+05
2.082789833246009657e+05
2.070916911229239195e+05
2.057072945595202618e+05
2.047114613130804501e+05
2.033558372619119182e+05
2.021908483555501443e+05
2.010832485098581819e+05
1.998873620414411416e+05
1.985526557927589747e+05
1.973955798039146466e+05
1.961858080814327113e+05
1.951336920606614731e+05
1.941835084787879605e+05
1.932981262097687286e+05
1.919510319603660027e+05
1.910461694091880927e+05
1.899999258969425573e+05
1.888031684258411697e+05
1.877972530466824828e+05
1.866733045556698344e+05
1.856073481874942372e+05
1.842514910022724362e+05
1.830379115668142622e+05
1.818068833805231552e+05
1.808338251502678904e+05
1.798445504538058012e+05
1.789647744714821456e+05
1.777047359177363105e+05
1.766024208300015016e+05
1.756873151830878342e+05
1.745083070906078210e+05
1.734859688620783854e+05
1.725768905939501128e+05
1.716699119965191057e+05
1.704809710025194800e+05
1.694247829605679726e+05
1.684376181244882173e+05
1.675471008256574860e+05
1.663770380876989220e+05
1.652433234260218451e+05
1.642955512111140124e+05
1.632962804560349323e+05
1.624166855051196762e+05
1.615670189599433506e+05
1.606825314169018529e+05
1.597548221413094143e+05
1.589380976166066830e+05
1.581433099072137848e+05
1.571083909387576859e+05
1.562095519229692291e+05
1.553462991228767496e+05
1.544004087549303658e+05
1.533813133732475399e+05
1.523373472616034269e+05
1.515859113415029133e+05
1.508432400809976389e+05
1.500139992779946188e+05
1.492142809784924320e+05
1.483382060261280276e+05
1.474483847991405055e+05
1.466603181703449809e+05
1.459448449027203606e+05
1.452084013748638099e+05
1.445298594709946483e+05
1.437806997170912509e+05
1.430582609022792894e+05
1.423970243904049566e+05
1.415187022131035919e+05
1.408769031970429642e+05
1.401353524971451261e+05
1.393942652142315637e+05
1.386184781691590033e+05
1.378576284773355583e+05
1.370623494539911335e+05
1.363558659622523992e+05
1.356175389416238468e+05
