4.812646473313167691e+06
4.546394336050406098e+06
4.301750026414229535e+06
4.077787543661083095e+06
3.871582566754993983e+06
3.681151189784901682e+06
3.501852568590638228e+06
3.337895896815069951e+06
3.187394255852415226e+06
3.046419037680272944e+06
2.911398313751580659e+06
2.789554744921247009e+06
2.675208421185637824e+06
2.570453585359132383e+06
2.472434681420614012e+06
2.377102645209493581e+06
2.292682343350483105e+06
2.209888910082668997e+06
2.135893799804013222e+06
2.064942761720479699e+06
2.000207625296869315e+06
1.942414955729178153e+06
1.887989044510801090e+06
1.836946794149751775e+06
1.790165887841526885e+06
1.745832087235907791e+06
1.696144432878481923e+06
1.649190806168054463e+06
1.603779582423607819e+06
1.559725351374108810e+06
1.525761786060360726e+06
1.493788810788516887e+06
1.464590164852370042e+06
1.437074781149116345e+06
1.402296268514524912e+06
1.374013383736074204e+06
1.342796449917360907e+06
1.317388958187076496e+06
1.295924216503654141e+06
1.271521975605746266e+06
1.251024736543245846e+06
1.229070743871385930e+06
1.209011951814040774e+06
1.189695620496072108e+06
1.170407519003650639e+06
1.150200776521308115e+06
1.133336900941541418e+06
1.118596083315537544e+06
1.098170803362875944e+06
1.082954524367991136e+06
1.064263949009418720e+06
1.048208421064528171e+06
1.026550530609901063e+06
1.006758751495530712e+06
9.838403509011133574e+05
9.652940827454508981e+05
9.448142837068794761e+05
9.253010326573322527e+05
9.115944770533891860e+05
8.956348778553628363e+05
8.823204702655613655e+05
8.668300710316249169e+05
8.532161853747920832e+05
8.395202781537348637e+05
8.271141085382092278e+05
8.150576969569486100e+05
8.047147770518813049e+05
7.910661312656254740e+05
7.822677527150099631e+05
7.687075819962394889e+05
7.608551206623447360e+05
7.511020580980061786e+05
7.436128787647177232e+05
7.355688100836090744e+05
7.259189056692401646e+05
7.158749778398519848e+05
7.064243173557471018e+05
6.974497826353738783e+05
6.896157020058727358e+05
6.828301622532316251e+05
6.756473079059796873e+05
6.674054446805809857e+05
6.588638260691785254e+05
6.498588128682688111e+05
6.414969473214288009e+05
6.319741333008729853e+05
6.250308511663621757e+05
6.194754108830661280e+05
6.147290923087047413e+05
6.083620832844726974e+05
6.031566026658401825e+05
5.984633658324843273e+05
5.920160153154848376e+05
5.865074559379892889e+05
5.800311723520627711e+05
5.736904830037781503e+05
5.673706366205047816e+05
5.625380859173062490e+05
5.570066042322842404e+05
5.524963058165230323e+05
5.482333889761841856e+05
5.428996990683670156e+05
5.383982186415485339e+05
5.336979551754421555e+05
5.281686192797134863e+05
5.239112926463950425e+05
5.196830728737867903e+05
5.149613358452676330e+05
5.098396841087514767e+05
5.057923770614974783e+05
5.026415814812614117e+05
4.969297840435431572e+05
4.915050663429662236e+05
4.870124484329558327e+05
4.829184438806475373e+05
4.782221704777168343e+05
4.728282452512539458e+05
4.687290504854930332e+05
4.649659397950847633e+05
4.607299892953336239e+05
4.567462488945774967e+05
4.526885589295406244e+05
4.489159705489865155e+05
4.445272572129924083e+05
4.413334502452980960e+05
4.375956785996420076e+05
4.341850196798754041e+05
4.305056366871171049e+05
4.263112050864148769e+05
4.230801438939927612e+05
4.192592304190806462e+05
4.154714025718178600e+05
4.122439241480965866e+05
4.086847562471329002e+05
4.050702905355755938e+05
4.020287261988470564e+05
3.983500407370931935e+05
3.957202571622472606e+05
3.930491315261152922e+05
3.908185820442605764e+05
3.874714458790683420e+05
3.837860645759408944e+05
3.816706280218165484e+05
3.788300325710528414e+05
3.761763849725770997e+05
3.735944059571970720e+05
3.713407672551875585e+05
3.688678064364743768e+05
3.664247084074955201e+05
3.637489515793981263e+05
3.613259572213072097e+05
3.585618574948136229e+05
3.562496756444416242e+05
3.530487716097343364e+05
3.501155736462967470e+05
3.475249235966990818e+05
3.444377643443371635e+05
3.419181536889428389e+05
3.395492122422347893e+05
3.374009512039937545e+05
3.350185108805395430e+05
3.323384297132671927e+05
3.304760158126584720e+05
3.280446885423142230e+05
3.249625445608452428e+05
3.222924935946574551e+05
3.197598086114018806e+05
3.171338500136234215e+05
3.150441701869514072e+05
3.129909333009727416e+05
3.105303708072311711e+05
3.081911191609641537e+05
3.061322215026363265e+05
3.040416630245550768e+05
3.023400175019555027e+05
3.003744677219832665e+05
2.985448206825131783e+05
2.965910547005041153e+05
2.941321800821668003e+05
2.925813698737762752e+05
2.908387569150628406e+05
2.888917308397808229e+05
2.870889075344891171e+05
2.853330629855951411e+05
2.836052484221255872e+05
2.818832329224664136e+05
2.797023058926914237e+05
2.781651692378019798e+05
2.767246214879729669e+05
2.750204018879317446e+05
2.736156437833821983e+05
2.722159266146756709e+05
2.702359569985849666e+05
2.683480482325070188e+05
2.667630830910670920e+05
2.652802982521183440e+05
2.635818475972856977e+05
2.619126030467524542e+05
2.601792231876681908e+05
2.585837422251655953e+05
2.568467984771209885e+05
2.548632123316966754e+05
2.530297346916664101e+05
2.514937732141319430e+05
2.496327656601755007e+05
2.479935421288738144e+05
2.463436834745085216e+05
2.446358395726753224e+05
2.432902581506143033e+05
2.417601646430466790e+05
2.404759876839037170e+05
2.390040630619466829e+05
2.376292023277900007e+05
2.362724838026870857e+05
2.346283998182877840e+05
2.331026730047044985e+05
2.315364675043477619e+05
2.303699727383521385e+05
2.291688253660281189e+05
2.276746907082329562e+05
2.266354637937628722e+05
2.251282722726643842e+05
2.238946982062190073e+05
2.224278362279769208e+05
2.210961669923910813e+05
2.198364510466890933e+05
2.187693566808074247e+05
2.176799917358752282e+05
2.164013152867475001e+05
2.151887707057199441e+05
2.139133578796261281e+05
2.127097950941512245e+05
2.115189279476013908e+05
2.103317261632329610e+05
2.090342833592837851e+05
2.078286360184533114e+05
2.066692588795099291e+05
2.055449494143616175e+05
2.041557141678200860e+05
2.029741778651255881e+05
2.018134178853584453e+05
2.006638121269025141e+05
1.996614389556613169e+05
1.985259556417849963e+05
1.974555556458313076e+05
1.963681857194979966e+05
1.951871983527095581e+05
1.941479921205931751e+05
1.930811361883799545e+05
1.917867274953344313e+05
1.907001453182365512e+05
1.895817960116975883e+05
1.883835627623354085e+05
1.872112092183541972e+05
1.861919381768529420e+05
1.852082094588097825e+05
1.841497253663295123e+05
1.831998921906338655e+05
1.820330719296698226e+05
1.809882883698783116e+05
1.800947398789089639e+05
1.792693652767775056e+05
1.782966129755682487e+05
1.770802012764442770e+05
1.761280977786566946e+05
1.752893685300596117e+05
1.742707142504511576e+05
1.730332870904893789e+05
1.720222684993432194e+05
1.708857341599599458e+05
1.698744186836936569e+05
1.689345680847345502e+05
1.679659627464792866e+05
1.670548888491122052e+05
1.658747159887435846e+05
1.651178299682874349e+05
1.645505030026885506e+05
1.636433335301391489e+05
1.627092573477874103e+05
1.617957507106465055e+05
1.607620196893221000e+05
1.599458099458028737e+05
1.590815741890992504e+05
1.579830138285006396e+05
1.571723813957466336e+05
1.561731776105691097e+05
1.555245098777992825e+05
1.547447991892748105e+05
1.536733155833178316e+05
1.528293256394931232e+05
1.521198962065029191e+05
1.515221979994071007e+05
1.506930819354005507e+05
1.499213682957851270e+05
1.490429550317885005e+05
1.483026714027072594e+05
1.475508876134578604e+05
1.468488658461747109e+05
1.461534023133906303e+05
1.452342058941977739e+05
1.445010360607026669e+05
1.438096437650456501e+05
1.429891507343566045e+05
1.421529845853709558e+05
1.414388057113925170e+05
1.408206725513929559e+05
1.400747400845884695e+05
1.394163962335846154e+05
1.386877292016091815e+05
1.381242291166214854e+05
1.371482383456553507e+05
1.362841773218004964e+05
1.353676756057260500e+05
1.345206565771358146e+05
1.338306207787587773e+05
1.330874964866248483e+05
1.321773125235250336e+05
1.313993223888496868e+05
1.307633031875934103e+05
1.301666421392939228e+05
1.294348378449907759e+05
1.286648770121759298e+05
1.279324131144618441e+05
1.274664840135390550e+05
1.270145252679856058e+05
1.263330809025514463e+05
1.257413962254412327e+05
1.250331684328295087e+05
1.243923643487966474e+05
1.238729613726212119e+05
1.233166292038272077e+05
1.228079050626721582e+05
1.221596898626394104e+05
1.215597397684916650e+05
1.210552173155081400e+05
1.204412766926152108e+05
1.198048137664475944e+05
1.191501953711457900e+05
1.184262501062709489e+05
1.178507085308903479e+05
1.174190333588011708e+05
1.169851931506729161e+05
1.165217783146284637e+05
1.160744957671044685e+05
1.155147530866480083e+05
1.148884337849140720e+05
1.144656620781710662e+05
1.139035903810217860e+05
1.133382320351588278e+05
1.129196807762200187e+05
1.124641262321778195e+05
1.119320480105360039e+05
1.114501973030834342e+05
1.110963731012552889e+05
1.106228324710401794e+05
1.102190616132668511e+05
1.096507002537726512e+05
1.092302891689106909e+05
1.087819490848334099e+05
1.083402829558540107e+05
1.077912651811839169e+05
1.073180435589440458e+05
1.068705821850370266e+05
1.062592498628452449e+05
1.058065368539243063e+05
1.051851638763347582e+05
1.047248101119481871e+05
1.042759829311637441e+05
1.038442163225211989e+05
1.033466920652397530e+05
1.028467672401687014e+05
1.021984906310328224e+05
1.018048834070659359e+05
1.012835066725217330e+05
1.007673039135356667e+05
1.001531052106514544e+05
9.960513723569926515e+04
9.897326273364343797e+04
9.834267549707036233e+04
9.777894804629930877e+04
9.729817942806852807e+04
9.691890590469914605e+04
9.644316830507006671e+04
9.600372148638400540e+04
9.549696671884169336e+04
9.513359275230811909e+04
9.473580171598763263e+04
9.413844512709276751e+04
9.375582399236335186e+04
9.336143913976594922e+04
9.301679847936668375e+04
9.243907122256788716e+04
9.195983198587961670e+04
9.145190087546086579e+04
9.105971093925405876e+04
9.070339709866129851e+04
9.032951122761672013e+04
8.992379153909497836e+04
8.965552447150151420e+04
8.919333101951755816e+04
8.882177012122729502e+04
8.843725712729022780e+04
8.805610617660445860e+04
8.765662576044379966e+04
8.727048352548426192e+04
8.686219646895182086e+04
8.640488171914406121e+04
8.593008838653661951e+04
8.548930904275487410e+04
8.514622976209815533e+04
8.485555496482603485e+04
8.456576166449885932e+04
8.425108930063841399e+04
8.386878112001299451e+04
8.349286512936117651e+04
8.313575849448257941e+04
8.273541950480542437e+04
8.229406725684265257e+04
8.184732899643767450e+04
8.149548010126153531e+04
8.115531469626477337e+04
8.082728837554679194e+04
8.044771092255989788e+04
8.009764218216722657e+04
7.970854232555399358e+04
7.937530564810245414e+04
7.902550972139443911e+04
7.871466387390048476e+04
7.842778037523767853e+04
7.807400737168242631e+04
7.762417315977513499e+04
7.717511675581691088e+04
7.683850293594101095e+04
7.643076260056129831e+04
7.599761446088248340e+04
7.558375230237333744e+04
7.524108770954498323e+04
7.479895241296289896e+04
7.433165589393887785e+04
7.392324203313783801e+04
7.363133516283320205e+04
7.313550963732665696e+04
7.278459786332088697e+04
7.241746077393638552e+04
7.205772227025536995e+04
7.174144274854661489e+04
7.135169122376597079e+04
7.102400287107886106e+04
7.078984114937044797e+04
7.046082618036726490e+04
7.016556033565617690e+04
6.990384860704415769e+04
6.966037863234404358e+04
6.936722049347328721e+04
6.911327570831525372e+04
6.871206431020640593e+04
6.837777281209599460e+04
6.804983750759913528e+04
6.774968618113825505e+04
6.738201986308535561e+04
6.708893052423952031e+04
6.677246822769599385e+04
6.638749718498052971e+04
6.605066851747664623e+04
6.572804283442183805e+04
6.539131535201496445e+04
6.506263167256687302e+04
6.470802246680362441e+04
6.441198847335280152e+04
6.402769783984476089e+04
6.374458878045200254e+04
6.344150663615352096e+04
6.312487435922751320e+04
6.279615959572963038e+04
6.248534392914351338e+04
6.214835362728716427e+04
6.190781965908330312e+04
6.162237457871731021e+04
6.129293947322987515e+04
6.103642250547318690e+04
6.078791794403213862e+04
6.058381924739628448e+04
6.024417507799003943e+04
5.996803106164800556e+04
5.973126580948734772e+04
5.945082443564495770e+04
5.916056788630005758e+04
5.884142194925530202e+04
5.856234992538571532e+04
5.826205237799070164e+04
5.799649259074485599e+04
5.776943976821779506e+04
5.748449324341380270e+04
5.724261207472019305e+04
5.701801011146965175e+04
5.680752496297121979e+04
5.657975377495657449e+04
5.638916827324011683e+04
5.612317793679323950e+04
5.590491523708005116e+04
