3.268273500671977217e+03
2.727248602313495212e+03
2.321141933172980316e+03
2.023468483323458486e+03
1.809175280248084164e+03
1.660104793186382039e+03
1.555949792018896915e+03
1.484986514821874607e+03
1.334579481442648103e+03
1.230713512899838179e+03
1.160269949283136384e+03
1.041011960244403099e+03
9.482849151554912623e+02
8.841601601114000459e+02
8.337062450752623590e+02
7.968833618069869544e+02
7.495309223999147434e+02
7.161785788242887065e+02
6.892555822724498285e+02
6.700006983986310161e+02
6.560618544321368972e+02
6.452081377132884654e+02
6.380816633639034308e+02
6.299847059252044801e+02
6.177103703147325859e+02
6.097638680561518640e+02
6.042443967999581673e+02
6.004363559737896594e+02
5.961798943642742188e+02
5.917725163950660772e+02
5.883732013788976474e+02
5.849089385914676313e+02
5.828014783941362111e+02
5.804088262904792828e+02
5.777253441121605420e+02
5.755511372636558463e+02
5.713630146197275508e+02
5.701287093915942705e+02
5.676019849755324458e+02
5.657386140777891796e+02
5.647800231961192594e+02
5.622280165581328220e+02
5.597011968334037419e+02
5.570799657555452313e+02
5.553555161796189168e+02
5.531176853951810699e+02
5.513665121994035871e+02
5.484379165529497868e+02
5.464971801980362898e+02
5.452420769772713811e+02
5.437598108764202607e+02
5.414515105045513792e+02
5.403799374755719782e+02
5.389683109356308250e+02
5.378606435981128016e+02
5.367618092750087726e+02
5.358257150281500572e+02
5.342479069711714601e+02
5.322280798286591335e+02
5.303224839350112916e+02
5.287722355823242424e+02
5.273491792360488262e+02
5.258477950857917449e+02
5.238313659594294904e+02
5.225028611368371685e+02
5.207236287280982197e+02
5.200961663451683989e+02
5.184858706579493628e+02
5.172195020957394718e+02
5.160145724028991481e+02
5.144506838540588660e+02
5.135104019281347973e+02
5.128575502896843545e+02
5.117073690994261028e+02
5.107528841948767990e+02
5.096752235676406713e+02
5.083575244218014859e+02
5.073460152954671116e+02
5.058423049955133024e+02
5.045679069366372005e+02
5.033060533261985370e+02
5.023198271524462371e+02
5.010427924504236898e+02
4.997515971762744584e+02
4.982887855009635132e+02
4.968646523537578901e+02
4.954352041666228388e+02
4.944667296001804289e+02
4.936084052097713197e+02
4.926601826993456257e+02
4.919253012798822624e+02
4.911965187399508750e+02
4.904676693403447985e+02
4.893048438916580380e+02
4.879797706681976024e+02
4.871581936834994622e+02
4.861118489603666148e+02
4.848667137167168448e+02
4.841049537333237254e+02
4.833274115193466400e+02
