3.277555687797654628e+03
2.733552470302639904e+03
2.325182403009994687e+03
2.025286074264647596e+03
1.809207808907025310e+03
1.657469458857346353e+03
1.552898516324303955e+03
1.482503065266404747e+03
1.337503943697643081e+03
1.239054139474445265e+03
1.170118750173186299e+03
1.059023502753598677e+03
9.731008687204458738e+02
9.117109260916603262e+02
8.619740319400400494e+02
8.213712004137433951e+02
7.904193392904555822e+02
7.650996711928933109e+02
7.433412786744637515e+02
7.137477309999668478e+02
6.913526713111277786e+02
6.740842723496399458e+02
6.621255556089296306e+02
6.522900055883378627e+02
6.452681581493031899e+02
6.378547286033328874e+02
6.314031810273799010e+02
6.282340404979191817e+02
6.251795322419771992e+02
6.210211166213118759e+02
6.136209156354615288e+02
6.101772774973230753e+02
6.060188631055536916e+02
6.035965080506681488e+02
6.002397049297217109e+02
5.969096635664634505e+02
5.945127604358863209e+02
5.915465499237852782e+02
5.885732124380988353e+02
5.848494591582023077e+02
5.825866960678886244e+02
5.810955553898877497e+02
5.790100971670798344e+02
5.768375857177007902e+02
5.746540530460387117e+02
5.731964689923147489e+02
5.714708432905241580e+02
5.644461455640572467e+02
5.629382949448914815e+02
5.611848475090766897e+02
5.601218787864754631e+02
5.571267355646332362e+02
5.557292522927974687e+02
5.543166874530086261e+02
5.529600180928051714e+02
5.515845889516880334e+02
5.508293864504528301e+02
5.487391338369067171e+02
5.472859817917656073e+02
5.452882519511865667e+02
5.439582526675749250e+02
5.421710404958859044e+02
5.413635211157185267e+02
5.406457913544751364e+02
5.399921503432547070e+02
5.384796571085695405e+02
5.376206468835680425e+02
5.361994106064853440e+02
5.351420867600269275e+02
5.338137917444447567e+02
5.325517001297492925e+02
5.314186692262746874e+02
5.293363163950243688e+02
5.286983842049098712e+02
5.273802499792952858e+02
5.264926067487252794e+02
5.255633035692119392e+02
5.245331515425041289e+02
5.239581480397964697e+02
5.219768362437966971e+02
5.211332222883476106e+02
5.199183986627859895e+02
5.187330734425263472e+02
5.175648866945975897e+02
5.160098586923556923e+02
5.152752582539081914e+02
5.143635425569680137e+02
5.137550564855941957e+02
5.119469522018302428e+02
5.110021561202169096e+02
5.093131437371206971e+02
5.082709725481467444e+02
5.060084165428097549e+02
5.056434763507995740e+02
5.051907938864883363e+02
5.044131764505536353e+02
5.031607210032881312e+02
5.015924274673086529e+02
5.009315993084903766e+02
4.994803439731866206e+02
