6.017516875000000000e+05
5.536093750000000000e+05
5.096918437500000000e+05
4.699526250000000000e+05
4.337179375000000000e+05
4.006254062500000000e+05
3.704481875000000000e+05
3.432602812500000000e+05
3.184314375000000000e+05
2.957433437500000000e+05
2.753910312500000000e+05
2.569044531250000000e+05
2.400576875000000000e+05
2.251514062500000000e+05
2.116184531250000000e+05
1.992505781250000000e+05
1.882317968750000000e+05
1.783214687500000000e+05
1.694170000000000000e+05
1.613809531250000000e+05
1.542418906250000000e+05
1.480974375000000000e+05
1.423339687500000000e+05
1.371840000000000000e+05
1.320691562500000000e+05
1.280264531250000000e+05
1.238130937500000000e+05
1.202122421880000038e+05
1.171846718750000000e+05
1.143505312500000000e+05
1.117932343750000000e+05
1.096304453119999962e+05
1.075802031250000000e+05
1.056099218750000000e+05
1.040314140619999962e+05
1.025427656250000000e+05
1.011659296880000038e+05
9.986390625000000000e+04
9.871029687500000000e+04
9.769339062500000000e+04
9.678496093800000381e+04
9.597353125000000000e+04
9.509725000000000000e+04
9.438422656199999619e+04
9.372369531199999619e+04
9.306267968800000381e+04
9.257100000000000000e+04
9.191354687500000000e+04
9.139404687500000000e+04
9.086363281199999619e+04
9.040441406199999619e+04
8.959362500000000000e+04
8.922612500000000000e+04
8.857066406199999619e+04
8.829937500000000000e+04
8.781796093800000381e+04
8.735302343800000381e+04
8.701718750000000000e+04
8.660079687500000000e+04
8.619440625000000000e+04
8.583302343800000381e+04
8.556446875000000000e+04
8.522398437500000000e+04
8.474898437500000000e+04
8.458014843800000381e+04
8.428525781199999619e+04
8.394359375000000000e+04
8.355410156199999619e+04
8.332492187500000000e+04
8.299613281199999619e+04
8.272363281199999619e+04
8.246721093800000381e+04
8.231242968800000381e+04
8.204024218800000381e+04
8.187960937500000000e+04
8.154386718800000381e+04
8.131599218800000381e+04
8.101370312500000000e+04
8.087548437500000000e+04
8.063457812500000000e+04
8.037996093800000381e+04
8.006119531199999619e+04
7.980334375000000000e+04
7.955792187500000000e+04
7.931984375000000000e+04
7.907470312500000000e+04
7.889575781199999619e+04
7.861200000000000000e+04
7.845739062500000000e+04
7.826194531199999619e+04
7.791632031199999619e+04
7.775798437500000000e+04
7.753878906199999619e+04
7.721339843800000381e+04
7.702843750000000000e+04
7.685770312500000000e+04
7.660897656199999619e+04
7.646289062500000000e+04
7.633535937500000000e+04
7.614927343800000381e+04
7.596255468800000381e+04
7.569048437500000000e+04
7.545150000000000000e+04
7.524832031199999619e+04
7.501492187500000000e+04
7.485001562500000000e+04
7.469184375000000000e+04
7.449350000000000000e+04
7.429283593800000381e+04
7.414832812500000000e+04
7.392342187500000000e+04
7.374385937500000000e+04
7.354596875000000000e+04
7.334898437500000000e+04
7.318603125000000000e+04
7.307278906199999619e+04
7.277397656199999619e+04
7.249928906199999619e+04
7.229192187500000000e+04
7.215572656199999619e+04
7.196778125000000000e+04
7.181357031199999619e+04
7.166293750000000000e+04
7.154614062500000000e+04
7.140831250000000000e+04
7.125107031199999619e+04
7.109132812500000000e+04
7.090904687500000000e+04
7.075153125000000000e+04
7.058337500000000000e+04
7.046981250000000000e+04
7.030150000000000000e+04
7.014182812500000000e+04
7.003920312500000000e+04
6.994895312500000000e+04
6.982482031199999619e+04
6.961174218800000381e+04
6.947184375000000000e+04
6.932641406199999619e+04
6.923143750000000000e+04
6.907204687500000000e+04
6.891386718800000381e+04
6.881304687500000000e+04
6.870367968800000381e+04
6.855504687500000000e+04
6.842234375000000000e+04
6.815053125000000000e+04
6.802838281199999619e+04
6.785739062500000000e+04
6.771708593800000381e+04
6.754242968800000381e+04
6.732322656199999619e+04
6.727669531199999619e+04
6.714782031199999619e+04
6.704396875000000000e+04
6.688667187500000000e+04
6.677102343800000381e+04
6.667346093800000381e+04
6.653008593800000381e+04
6.642800000000000000e+04
6.629309375000000000e+04
6.613566406199999619e+04
6.602992187500000000e+04
6.592438281199999619e+04
6.582075000000000000e+04
6.566408593800000381e+04
6.553569140599999810e+04
6.541405859400000190e+04
6.529386718799999653e+04
6.520805859400000190e+04
6.508274218799999653e+04
6.494183203099999810e+04
6.480712890599999810e+04
6.463601562500000000e+04
6.458254296900000190e+04
6.453327343799999653e+04
6.448485156200000347e+04
6.443843750000000000e+04
6.433868359400000190e+04
6.419245703099999810e+04
6.409540625000000000e+04
6.402857031200000347e+04
6.395233593799999653e+04
6.382785937500000000e+04
6.371317578099999810e+04
6.350991796900000190e+04
6.341889062500000000e+04
6.333001953099999810e+04
6.321585546900000190e+04
6.314695703099999810e+04
6.308338281200000347e+04
6.285009375000000000e+04
6.273992187500000000e+04
6.265083203099999810e+04
6.251145703099999810e+04
6.242620703099999810e+04
6.237762500000000000e+04
6.230422656200000347e+04
6.225276562500000000e+04
6.213107031200000347e+04
6.203373437500000000e+04
6.191557421900000190e+04
6.180660546900000190e+04
6.171464062500000000e+04
6.158858593799999653e+04
6.150334765599999810e+04
6.135403515599999810e+04
6.120458984400000190e+04
6.109046875000000000e+04
6.098677734400000190e+04
6.091101562500000000e+04
6.085149218799999653e+04
6.072976171900000190e+04
6.066516015599999810e+04
6.060994921900000190e+04
6.048005859400000190e+04
6.043836718799999653e+04
6.034460546900000190e+04
6.026150000000000000e+04
6.018618750000000000e+04
6.011510546900000190e+04
6.001984375000000000e+04
5.985082421900000190e+04
5.979938281200000347e+04
5.971880078099999810e+04
5.957881250000000000e+04
5.947757812500000000e+04
5.942436718799999653e+04
5.927774218799999653e+04
5.914048828099999810e+04
5.902880859400000190e+04
5.896391406200000347e+04
5.886294531200000347e+04
5.875170703099999810e+04
5.863480468799999653e+04
5.857364062500000000e+04
5.847901171900000190e+04
5.843955078099999810e+04
5.833834375000000000e+04
5.821764062500000000e+04
5.813896875000000000e+04
5.807264453099999810e+04
5.797304296900000190e+04
5.792930468799999653e+04
5.779858593799999653e+04
5.765639843799999653e+04
5.760489843799999653e+04
5.751809765599999810e+04
5.742083984400000190e+04
5.736426562500000000e+04
5.725155859400000190e+04
5.720047265599999810e+04
5.714862500000000000e+04
5.710210546900000190e+04
5.706703125000000000e+04
5.695919531200000347e+04
5.691519921900000190e+04
5.681133984400000190e+04
5.672083203099999810e+04
5.669145312500000000e+04
5.662261718799999653e+04
5.637429687500000000e+04
5.624317968799999653e+04
5.620203515599999810e+04
5.613765625000000000e+04
5.605197656200000347e+04
5.599946875000000000e+04
5.593489843799999653e+04
5.572686718799999653e+04
5.566494140599999810e+04
5.557342578099999810e+04
5.552208593799999653e+04
5.546005468799999653e+04
5.540443359400000190e+04
5.536461718799999653e+04
5.532386718799999653e+04
5.522971875000000000e+04
5.516845312500000000e+04
5.512325390599999810e+04
5.500317187500000000e+04
5.492270703099999810e+04
5.480780859400000190e+04
5.467137890599999810e+04
5.458770312500000000e+04
5.447935937500000000e+04
5.440710156200000347e+04
5.430842187500000000e+04
5.419886718799999653e+04
5.410592968799999653e+04
5.401634765599999810e+04
5.390848046900000190e+04
5.384601562500000000e+04
5.379795703099999810e+04
5.371829296900000190e+04
5.364872656200000347e+04
5.359058203099999810e+04
5.351593359400000190e+04
5.345420312500000000e+04
5.336392187500000000e+04
5.328503125000000000e+04
5.324102343799999653e+04
5.319282421900000190e+04
5.312975000000000000e+04
5.311095703099999810e+04
5.308260937500000000e+04
5.304735156200000347e+04
5.297671093799999653e+04
5.292505078099999810e+04
5.284081250000000000e+04
5.280621875000000000e+04
5.276695703099999810e+04
