6.029308750000000000e+05
5.547685000000000000e+05
5.107574062500000000e+05
4.707696875000000000e+05
4.343246562500000000e+05
4.011036875000000000e+05
3.710348125000000000e+05
3.436558437500000000e+05
3.187179062500000000e+05
2.961331562500000000e+05
2.755781250000000000e+05
2.569162343750000000e+05
2.400483906250000000e+05
2.247861562500000000e+05
2.111102500000000000e+05
1.989228125000000000e+05
1.878016250000000000e+05
1.780837812500000000e+05
1.692013281250000000e+05
1.611956875000000000e+05
1.540442500000000000e+05
1.476262343750000000e+05
1.417480781250000000e+05
1.363262343750000000e+05
1.314136406250000000e+05
1.267953359380000038e+05
1.229092031250000000e+05
1.195259921880000038e+05
1.164712578119999962e+05
1.136798359380000038e+05
1.112632343750000000e+05
1.089710546880000038e+05
1.071060781250000000e+05
1.052966406250000000e+05
1.036964296880000038e+05
1.020976093750000000e+05
1.008231015619999962e+05
9.957701562500000000e+04
9.862596875000000000e+04
9.761775000000000000e+04
9.678749218800000381e+04
9.589776562500000000e+04
9.481385937500000000e+04
9.405073437500000000e+04
9.337360156199999619e+04
9.273862500000000000e+04
9.214708593800000381e+04
9.156146093800000381e+04
9.101567187500000000e+04
9.050204687500000000e+04
8.994925781199999619e+04
8.946347656199999619e+04
8.897309375000000000e+04
8.857682031199999619e+04
8.802217187500000000e+04
8.760703906199999619e+04
8.728549218800000381e+04
8.689204687500000000e+04
8.654849218800000381e+04
8.625614843800000381e+04
8.580060156199999619e+04
8.552537500000000000e+04
8.515050781199999619e+04
8.482764062500000000e+04
8.433453125000000000e+04
8.397378125000000000e+04
8.364216406199999619e+04
8.338785156199999619e+04
8.311646875000000000e+04
8.284546875000000000e+04
8.250047656199999619e+04
8.222789062500000000e+04
8.201303906199999619e+04
8.175141406199999619e+04
8.148816406199999619e+04
8.127486718800000381e+04
8.086288281199999619e+04
8.054750000000000000e+04
8.029788281199999619e+04
8.007798437500000000e+04
7.994875781199999619e+04
7.974794531199999619e+04
7.944565625000000000e+04
7.923969531199999619e+04
7.899505468800000381e+04
7.878737500000000000e+04
7.860076562500000000e+04
7.843396875000000000e+04
7.818466406199999619e+04
7.795127343800000381e+04
7.779955468800000381e+04
7.759212500000000000e+04
7.727532812500000000e+04
7.710438281199999619e+04
7.688757031199999619e+04
7.659140625000000000e+04
7.639329687500000000e+04
7.610147656199999619e+04
7.589351562500000000e+04
7.576633593800000381e+04
7.565058593800000381e+04
7.550435937500000000e+04
7.535457812500000000e+04
7.514657812500000000e+04
7.496096875000000000e+04
7.478225000000000000e+04
7.460049218800000381e+04
7.437071093800000381e+04
7.421809375000000000e+04
7.402242187500000000e+04
7.387250781199999619e+04
7.370089843800000381e+04
7.349402343800000381e+04
7.330150000000000000e+04
7.311208593800000381e+04
7.294810937500000000e+04
7.278372656199999619e+04
7.260492187500000000e+04
7.241881250000000000e+04
7.226933593800000381e+04
7.212389843800000381e+04
7.201896875000000000e+04
7.186229687500000000e+04
7.169080468800000381e+04
7.141142187500000000e+04
7.126264843800000381e+04
7.109134375000000000e+04
7.092210156199999619e+04
7.080247656199999619e+04
7.060277343800000381e+04
7.049512500000000000e+04
7.040268750000000000e+04
7.027711718800000381e+04
7.007808593800000381e+04
6.996848437500000000e+04
6.983687500000000000e+04
6.970682812500000000e+04
6.940587500000000000e+04
6.922926562500000000e+04
6.912050000000000000e+04
6.898769531199999619e+04
6.890454687500000000e+04
6.874996093800000381e+04
6.857719531199999619e+04
6.842115625000000000e+04
6.834260156199999619e+04
6.809853125000000000e+04
6.794643750000000000e+04
6.783761718800000381e+04
6.774800781199999619e+04
6.759796093800000381e+04
6.748356250000000000e+04
6.734024218800000381e+04
6.717894531199999619e+04
6.710914062500000000e+04
6.695816406199999619e+04
6.681125000000000000e+04
6.664163281199999619e+04
6.654850781199999619e+04
6.641281250000000000e+04
6.633716406199999619e+04
6.618448437500000000e+04
6.601944531199999619e+04
6.593436718800000381e+04
6.575456250000000000e+04
6.560978906199999619e+04
6.551898046900000190e+04
6.544782421900000190e+04
6.524290625000000000e+04
6.515366796900000190e+04
6.509106640599999810e+04
6.498554296900000190e+04
6.487896484400000190e+04
6.468655859400000190e+04
6.455456250000000000e+04
6.445003515599999810e+04
6.431492578099999810e+04
6.411937500000000000e+04
6.403668359400000190e+04
6.391742968799999653e+04
6.383782421900000190e+04
6.372914843799999653e+04
6.362467578099999810e+04
6.347694921900000190e+04
6.333181250000000000e+04
6.321592968799999653e+04
6.309043359400000190e+04
6.300564843799999653e+04
6.293705078099999810e+04
6.282288281200000347e+04
6.276196484400000190e+04
6.264686718799999653e+04
6.258917578099999810e+04
6.245916406200000347e+04
6.236737109400000190e+04
6.222037890599999810e+04
6.215764453099999810e+04
6.206206640599999810e+04
6.191332421900000190e+04
6.180768750000000000e+04
6.173208203099999810e+04
6.166187890599999810e+04
6.160469921900000190e+04
6.141473046900000190e+04
6.125244921900000190e+04
6.116442968799999653e+04
6.105412109400000190e+04
6.096042968799999653e+04
6.086557031200000347e+04
6.080253515599999810e+04
6.073667968799999653e+04
6.066394921900000190e+04
6.062169531200000347e+04
6.054085546900000190e+04
6.043396875000000000e+04
6.034551953099999810e+04
6.028055468799999653e+04
6.020385156200000347e+04
6.009674609400000190e+04
6.001748046900000190e+04
5.990179296900000190e+04
5.981416015599999810e+04
5.966970312500000000e+04
5.958201562500000000e+04
5.944281250000000000e+04
5.940916796900000190e+04
5.933141406200000347e+04
5.925466796900000190e+04
5.913003515599999810e+04
5.908376171900000190e+04
5.894418359400000190e+04
5.884076171900000190e+04
5.869028906200000347e+04
5.855651953099999810e+04
5.844591796900000190e+04
5.837754687500000000e+04
5.829836718799999653e+04
5.822820312500000000e+04
5.816417578099999810e+04
5.803844140599999810e+04
5.791808203099999810e+04
5.787040625000000000e+04
5.780847265599999810e+04
5.773617578099999810e+04
5.768345312500000000e+04
5.758423046900000190e+04
5.750189062500000000e+04
5.745001953099999810e+04
5.739069921900000190e+04
5.732585546900000190e+04
5.714753515599999810e+04
5.698628125000000000e+04
5.687349218799999653e+04
5.680116796900000190e+04
5.668873828099999810e+04
5.661182421900000190e+04
5.653483984400000190e+04
5.651051953099999810e+04
5.641345703099999810e+04
5.634969140599999810e+04
5.631838671900000190e+04
5.616517187500000000e+04
5.613371093799999653e+04
5.598038281200000347e+04
5.586762109400000190e+04
5.580357031200000347e+04
5.565396093799999653e+04
5.554771093799999653e+04
5.546908593799999653e+04
5.539542578099999810e+04
5.533730468799999653e+04
5.523502343799999653e+04
5.518996875000000000e+04
5.510158984400000190e+04
5.502397265599999810e+04
5.495973828099999810e+04
5.487393359400000190e+04
5.479906640599999810e+04
5.475645703099999810e+04
5.470155078099999810e+04
5.461160156200000347e+04
5.451411718799999653e+04
5.444000390599999810e+04
5.438105859400000190e+04
5.426424609400000190e+04
5.413697265599999810e+04
5.405571093799999653e+04
5.402865625000000000e+04
5.394974609400000190e+04
5.381384375000000000e+04
5.379551562500000000e+04
5.375256250000000000e+04
5.371100000000000000e+04
5.365410937500000000e+04
5.362146484400000190e+04
5.356767187500000000e+04
5.347512890599999810e+04
5.342650000000000000e+04
5.337214062500000000e+04
5.328113281200000347e+04
5.318887500000000000e+04
5.315041015599999810e+04
5.305548828099999810e+04
5.300547656200000347e+04
5.296351171900000190e+04
5.289158203099999810e+04
5.285693750000000000e+04
5.279464453099999810e+04
5.272855468799999653e+04
5.267083203099999810e+04
5.252756640599999810e+04
5.241356250000000000e+04
5.235451171900000190e+04
5.229864843799999653e+04
5.225144921900000190e+04
5.218101562500000000e+04
5.213440234400000190e+04
5.207288281200000347e+04
5.203706640599999810e+04
5.193285546900000190e+04
5.187741015599999810e+04
5.181370703099999810e+04
5.175233984400000190e+04
5.161069531200000347e+04
5.148366796900000190e+04
5.140159765599999810e+04
5.134596484400000190e+04
5.127791015599999810e+04
5.121435937500000000e+04
5.108191406200000347e+04
5.102104687500000000e+04
5.095017578099999810e+04
5.093036328099999810e+04
5.089227343799999653e+04
5.080628515599999810e+04
5.074171093799999653e+04
5.068916015599999810e+04
5.064293750000000000e+04
5.060054687500000000e+04
5.052694531200000347e+04
5.049385937500000000e+04
5.045645703099999810e+04
5.041669921900000190e+04
5.039906640599999810e+04
5.036619531200000347e+04
5.030575000000000000e+04
5.020785546900000190e+04
5.010912109400000190e+04
5.003089062500000000e+04
4.999897265599999810e+04
4.994010546900000190e+04
4.986673437500000000e+04
4.979333203099999810e+04
4.970493750000000000e+04
4.961464453099999810e+04
4.953600390599999810e+04
4.949143750000000000e+04
4.944753515599999810e+04
4.943424609400000190e+04
4.934802734400000190e+04
4.930625000000000000e+04
4.921097656200000347e+04
4.909580859400000190e+04
4.904614453099999810e+04
4.900541015599999810e+04
4.895287890599999810e+04
4.892199218799999653e+04
4.886044140599999810e+04
4.880756250000000000e+04
4.876323046900000190e+04
4.870332031200000347e+04
4.868015625000000000e+04
4.865642968799999653e+04
4.859797265599999810e+04
4.857010156200000347e+04
4.849623828099999810e+04
4.843103515599999810e+04
4.838890625000000000e+04
4.832443359400000190e+04
4.827450390599999810e+04
4.823046093799999653e+04
4.818987500000000000e+04
4.814753906200000347e+04
4.808946484400000190e+04
4.803592968799999653e+04
4.800013671900000190e+04
4.791303515599999810e+04
4.787536328099999810e+04
4.782876171900000190e+04
4.776122656200000347e+04
4.767642968799999653e+04
4.762315625000000000e+04
4.757749609400000190e+04
4.754058984400000190e+04
4.748668359400000190e+04
4.746996093799999653e+04
4.743452734400000190e+04
4.735370312500000000e+04
4.728700781200000347e+04
4.719895703099999810e+04
4.710741015599999810e+04
4.706857421900000190e+04
4.701592968799999653e+04
4.698336328099999810e+04
4.692210937500000000e+04
4.687733203099999810e+04
4.684438281200000347e+04
4.676758984400000190e+04
4.670037500000000000e+04
4.664546875000000000e+04
4.656325390599999810e+04
4.647006640599999810e+04
4.644557421900000190e+04
4.642573437500000000e+04
4.636919921900000190e+04
4.632071875000000000e+04
4.627353515599999810e+04
4.624837890599999810e+04
4.621207421900000190e+04
4.614914843799999653e+04
4.611660937500000000e+04
4.607744140599999810e+04
4.604505859400000190e+04
4.599219140599999810e+04
4.591969921900000190e+04
4.587764843799999653e+04
4.584080859400000190e+04
4.578226953099999810e+04
4.571978515599999810e+04
4.563026953099999810e+04
4.557681640599999810e+04
4.552823437500000000e+04
4.548995703099999810e+04
4.545099609400000190e+04
4.537456640599999810e+04
4.529929687500000000e+04
4.528410546900000190e+04
4.522213281200000347e+04
4.516148828099999810e+04
4.512744921900000190e+04
4.506097265599999810e+04
4.501319921900000190e+04
4.494746875000000000e+04
4.488582812500000000e+04
4.482219140599999810e+04
4.472741015599999810e+04
4.468668359400000190e+04
4.458557031200000347e+04
4.454067578099999810e+04
4.448301562500000000e+04
4.442514453099999810e+04
4.437167187500000000e+04
4.434087500000000000e+04
4.426683593799999653e+04
4.423329687500000000e+04
4.419231250000000000e+04
4.417093359400000190e+04
4.411611328099999810e+04
4.408631250000000000e+04
4.405919140599999810e+04
4.402373046900000190e+04
4.395722656200000347e+04
4.392641796900000190e+04
4.388556640599999810e+04
4.384883984400000190e+04
4.378953515599999810e+04
4.372608203099999810e+04
4.367799218799999653e+04
4.361198828099999810e+04
4.356378906200000347e+04
4.352828515599999810e+04
4.350581250000000000e+04
4.340980859400000190e+04
4.336833593799999653e+04
4.333631250000000000e+04
4.324692968799999653e+04
4.320151562500000000e+04
4.315560156200000347e+04
4.311667187500000000e+04
4.306503906200000347e+04
4.302641406200000347e+04
4.295430078099999810e+04
4.287495312500000000e+04
4.277735546900000190e+04
4.273041015599999810e+04
4.266656250000000000e+04
4.263986328099999810e+04
4.259695703099999810e+04
4.254966015599999810e+04
4.249815625000000000e+04
4.242769531200000347e+04
4.238460546900000190e+04
4.232636718799999653e+04
4.228066796900000190e+04
4.224668750000000000e+04
4.221222656200000347e+04
4.219184375000000000e+04
4.217182031200000347e+04
4.212982812500000000e+04
4.209983984400000190e+04
