4.026546995200000000e+10
4.135081984000000000e+10
4.856805785600000000e+10
2.881911193600000000e+10
3.858115379200000000e+10
4.543406899200000000e+10
3.732012646400000000e+10
2.961511424000000000e+10
3.794334515200000000e+10
4.744443904000000000e+10
3.294767923200000000e+10
3.409422131200000000e+10
3.640958566400000000e+10
3.269451571200000000e+10
3.509921792000000000e+10
3.877987942400000000e+10
3.737650790400000000e+10
4.559552921600000000e+10
4.244022476800000000e+10
3.183863398400000000e+10
3.470311424000000000e+10
3.625637068800000000e+10
3.833779814400000000e+10
4.273983897600000000e+10
4.215730995200000000e+10
3.062112256000000000e+10
3.367684710400000000e+10
4.151034675200000000e+10
3.292406169600000000e+10
3.474809241600000000e+10
3.956020019200000000e+10
3.560561049600000000e+10
4.906187161600000000e+10
3.156779008000000000e+10
4.955426816000000000e+10
3.489400832000000000e+10
4.997683609600000000e+10
3.787914035200000000e+10
3.629070336000000000e+10
5.020078489600000000e+10
4.168090419200000000e+10
3.350554828800000000e+10
3.560274329600000000e+10
3.752441856000000000e+10
2.914232115200000000e+10
2.893722624000000000e+10
3.564863488000000000e+10
2.816010035200000000e+10
2.666672742400000000e+10
2.905201868800000000e+10
2.641809817600000000e+10
3.420558131200000000e+10
3.227111424000000000e+10
2.730350387200000000e+10
2.442206208000000000e+10
2.425556582400000000e+10
2.520849817600000000e+10
1.936405913600000000e+10
2.418379366400000000e+10
2.114794700800000000e+10
1.441666457600000000e+10
1.682594816000000000e+10
1.307878707200000000e+10
7.712236032000000000e+09
6.996249088000000000e+09
9.444696064000000000e+09
8.793841664000000000e+09
5.314271232000000000e+09
4.063252480000000000e+09
6.758351872000000000e+09
1.508532326400000000e+10
7.630858752000000000e+09
1.046945587200000000e+10
1.052515840000000000e+10
7.260143616000000000e+09
9.135469568000000000e+09
4.717336576000000000e+09
1.360490496000000000e+10
4.837182976000000000e+09
4.447047168000000000e+09
6.731426816000000000e+09
3.732947200000000000e+09
3.454069248000000000e+09
3.333857792000000000e+09
4.385373184000000000e+09
4.673486848000000000e+09
9.143092224000000000e+09
3.206886400000000000e+09
5.417482240000000000e+09
3.769393920000000000e+09
4.937278464000000000e+09
5.962817024000000000e+09
3.057867008000000000e+09
3.692092928000000000e+09
2.846855680000000000e+09
8.292145664000000000e+09
4.277185280000000000e+09
3.619877376000000000e+09
4.740486144000000000e+09
8.024429056000000000e+09
3.415673600000000000e+09
5.839577088000000000e+09
5.727206400000000000e+09
2.372691712000000000e+09
3.618689536000000000e+09
3.888573696000000000e+09
2.901464832000000000e+09
2.185909248000000000e+09
3.350057216000000000e+09
7.836777472000000000e+09
3.919444736000000000e+09
3.033581568000000000e+09
2.083031296000000000e+09
2.466308608000000000e+09
2.389751040000000000e+09
2.429276928000000000e+09
4.073286400000000000e+09
5.539865088000000000e+09
2.315012608000000000e+09
2.082405120000000000e+09
2.921070336000000000e+09
1.708646784000000000e+09
4.305972736000000000e+09
5.870926336000000000e+09
1.901751424000000000e+09
1.582147840000000000e+09
2.465076736000000000e+09
1.721035904000000000e+09
4.985503744000000000e+09
1.735001088000000000e+09
2.726031616000000000e+09
2.061841280000000000e+09
3.394296576000000000e+09
7.309115904000000000e+09
4.271478272000000000e+09
1.484935296000000000e+09
2.044032000000000000e+09
1.394250368000000000e+09
1.760503936000000000e+09
2.564222976000000000e+09
1.226203264000000000e+09
1.198728960000000000e+09
2.478064128000000000e+09
8.730986880000000000e+08
1.739134080000000000e+09
2.260163328000000000e+09
2.956273664000000000e+09
2.084813440000000000e+09
1.000963136000000000e+09
1.109981952000000000e+09
3.159353344000000000e+09
1.525698432000000000e+09
1.107344000000000000e+09
2.332826368000000000e+09
7.269127040000000000e+08
1.196192896000000000e+09
2.170586880000000000e+09
9.391000960000000000e+08
3.137562880000000000e+09
8.965042560000000000e+08
6.112815616000000000e+09
2.091225344000000000e+09
1.183184896000000000e+09
8.008760960000000000e+08
1.548012672000000000e+09
2.001491200000000000e+09
2.061792128000000000e+09
1.687293440000000000e+09
5.334666752000000000e+09
9.174711040000000000e+08
2.341390336000000000e+09
3.288402176000000000e+09
1.313803776000000000e+09
8.407373440000000000e+08
7.349142400000000000e+08
9.468302720000000000e+08
1.083618560000000000e+09
1.362589440000000000e+09
1.421486848000000000e+09
4.057762560000000000e+09
1.183207680000000000e+09
2.864434176000000000e+09
1.240640512000000000e+09
1.128052992000000000e+09
4.619553920000000000e+08
3.981666304000000000e+09
1.211120000000000000e+09
2.096130304000000000e+09
8.284880640000000000e+08
1.556662016000000000e+09
4.227653120000000000e+09
6.598586880000000000e+08
2.330829056000000000e+09
1.381654016000000000e+09
1.361708672000000000e+09
7.880506880000000000e+08
1.290671744000000000e+09
5.549972480000000000e+08
1.706830080000000000e+09
2.414402816000000000e+09
2.151539968000000000e+09
1.001837568000000000e+09
6.883244160000000000e+08
1.469173504000000000e+09
3.375153664000000000e+09
8.449453440000000000e+08
7.129726080000000000e+08
1.749836672000000000e+09
1.416233984000000000e+09
1.916145920000000000e+09
3.708403712000000000e+09
2.219413504000000000e+09
6.572030080000000000e+08
8.551246720000000000e+08
1.098502912000000000e+09
1.015079360000000000e+09
2.018210944000000000e+09
8.449605120000000000e+08
1.037419136000000000e+09
1.146724224000000000e+09
2.328431616000000000e+09
7.286106880000000000e+08
2.192950016000000000e+09
6.163532800000000000e+08
1.248771584000000000e+09
1.046779200000000000e+09
9.812503040000000000e+08
2.270766592000000000e+09
7.394055680000000000e+08
6.439931520000000000e+08
2.101094656000000000e+09
1.437286400000000000e+09
2.950648320000000000e+09
3.928750080000000000e+09
7.207199360000000000e+08
1.067768960000000000e+09
2.363476992000000000e+09
6.959283200000000000e+08
9.150583680000000000e+08
6.983370880000000000e+08
1.025624000000000000e+09
9.045103360000000000e+08
1.850069248000000000e+09
6.945200000000000000e+08
1.355801856000000000e+09
7.715207680000000000e+08
4.650825216000000000e+09
1.290008832000000000e+09
1.685570304000000000e+09
3.796134400000000000e+09
1.093766144000000000e+09
2.268311296000000000e+09
1.511628288000000000e+09
1.447745152000000000e+09
1.058639488000000000e+09
4.406371328000000000e+09
1.003398016000000000e+09
1.128371200000000000e+09
1.248880768000000000e+09
4.366359552000000000e+09
7.577302400000000000e+08
1.109425536000000000e+09
1.347177984000000000e+09
8.359337600000000000e+08
6.739594240000000000e+08
1.189274880000000000e+09
7.286551040000000000e+08
2.103150592000000000e+09
1.129533696000000000e+09
1.477501952000000000e+09
2.845405440000000000e+09
1.770704512000000000e+09
8.926680320000000000e+08
7.531999360000000000e+08
1.166821248000000000e+09
2.429250816000000000e+09
2.573412352000000000e+09
8.449510400000000000e+08
1.506534912000000000e+09
1.064209024000000000e+09
8.562001920000000000e+08
9.087581440000000000e+08
9.971570560000000000e+08
7.920738560000000000e+08
6.950993280000000000e+08
2.058050688000000000e+09
6.434227840000000000e+08
4.516433408000000000e+09
1.272031744000000000e+09
1.013612288000000000e+09
6.246088960000000000e+08
4.312948736000000000e+09
7.186465920000000000e+08
7.514436480000000000e+08
1.661144704000000000e+09
8.709350400000000000e+08
3.057533696000000000e+09
1.139159296000000000e+09
1.379174016000000000e+09
1.548217856000000000e+09
1.417600384000000000e+09
9.380647680000000000e+08
7.749280000000000000e+08
8.472702720000000000e+08
2.445782272000000000e+09
1.748753152000000000e+09
1.118232320000000000e+09
9.848598400000000000e+08
7.308652800000000000e+08
7.678520320000000000e+08
5.704337280000000000e+08
1.201254656000000000e+09
7.949374720000000000e+08
5.582227456000000000e+09
1.928329088000000000e+09
8.219354880000000000e+08
8.683815680000000000e+08
1.289097600000000000e+09
1.242145792000000000e+09
6.791043200000000000e+08
1.249569792000000000e+09
2.877561088000000000e+09
2.191594240000000000e+09
1.988373888000000000e+09
1.724179456000000000e+09
7.013865600000000000e+08
8.896745600000000000e+08
1.011166848000000000e+09
1.364116992000000000e+09
1.104184576000000000e+09
2.328620544000000000e+09
4.442702336000000000e+09
2.557251840000000000e+09
1.107291264000000000e+09
3.317502976000000000e+09
1.327838336000000000e+09
7.633768320000000000e+08
1.095735552000000000e+09
1.536692352000000000e+09
6.609612800000000000e+08
1.154656128000000000e+09
1.453217664000000000e+09
7.080879360000000000e+08
8.983151360000000000e+08
1.523451008000000000e+09
2.630706688000000000e+09
1.489788928000000000e+09
1.478859392000000000e+09
1.327523584000000000e+09
3.598855680000000000e+09
5.139069952000000000e+09
8.832000640000000000e+08
1.264841728000000000e+09
6.224643200000000000e+08
9.672817920000000000e+08
1.099926016000000000e+09
7.479080320000000000e+08
5.662923520000000000e+08
1.057858688000000000e+09
7.657950720000000000e+08
1.868337536000000000e+09
5.601908480000000000e+08
1.107467648000000000e+09
1.206588160000000000e+09
6.664197120000000000e+08
2.931288576000000000e+09
1.020263680000000000e+09
8.391023360000000000e+08
8.797352320000000000e+08
1.598175104000000000e+09
5.557968384000000000e+09
7.284532480000000000e+08
7.687110400000000000e+08
7.884489600000000000e+08
1.791235200000000000e+09
3.058069248000000000e+09
8.156657280000000000e+08
8.909763840000000000e+08
1.485888128000000000e+09
8.542199040000000000e+08
1.736489856000000000e+09
2.087408768000000000e+09
6.332132480000000000e+08
1.024171648000000000e+09
3.944549760000000000e+08
5.434125312000000000e+09
2.504678144000000000e+09
1.955085440000000000e+09
8.307882880000000000e+08
8.430734720000000000e+08
6.600197120000000000e+08
1.020489792000000000e+09
7.631297280000000000e+08
6.035741440000000000e+08
1.565063808000000000e+09
1.607555712000000000e+09
1.316571008000000000e+09
2.998470912000000000e+09
1.052626304000000000e+09
7.154463360000000000e+08
1.246726016000000000e+09
9.122661760000000000e+08
1.346117376000000000e+09
5.243050240000000000e+08
4.695278080000000000e+09
2.552472064000000000e+09
1.104187392000000000e+09
1.165088384000000000e+09
1.455524608000000000e+09
1.121682688000000000e+09
1.491651968000000000e+09
5.290582400000000000e+08
6.207458560000000000e+08
5.713360640000000000e+08
7.118359680000000000e+08
1.430846592000000000e+09
1.765766144000000000e+09
7.160462080000000000e+08
7.038851840000000000e+08
7.872343040000000000e+08
4.722743808000000000e+09
8.141948160000000000e+08
7.682983680000000000e+08
1.203778176000000000e+09
1.340816256000000000e+09
7.765816960000000000e+08
4.529291200000000000e+08
5.717881856000000000e+09
7.314730240000000000e+08
5.650165760000000000e+08
8.907127680000000000e+08
6.928268160000000000e+08
1.202512896000000000e+09
1.143185152000000000e+09
7.728561280000000000e+08
3.706421120000000000e+08
1.204626944000000000e+09
9.630517120000000000e+08
4.886012416000000000e+09
1.415685248000000000e+09
6.311248640000000000e+08
1.496548224000000000e+09
3.072706816000000000e+09
1.328782464000000000e+09
1.035863680000000000e+09
1.020408960000000000e+09
7.007223680000000000e+08
1.071076416000000000e+09
7.585134720000000000e+08
2.150097152000000000e+09
6.743914880000000000e+08
2.750076928000000000e+09
9.141219840000000000e+08
6.303261696000000000e+09
8.140370560000000000e+08
4.394267840000000000e+08
6.015219840000000000e+08
1.692567424000000000e+09
7.950207360000000000e+08
6.407655680000000000e+08
2.381864704000000000e+09
5.816672000000000000e+08
9.831255680000000000e+08
6.881358720000000000e+08
8.079304960000000000e+08
1.399351040000000000e+09
2.170935552000000000e+09
8.297253120000000000e+08
9.166996480000000000e+08
4.623312960000000000e+08
9.682496640000000000e+08
8.539900160000000000e+08
7.475800960000000000e+08
5.722356480000000000e+08
1.151554176000000000e+09
5.934733312000000000e+09
5.964888320000000000e+08
1.696674432000000000e+09
2.682403328000000000e+09
1.454838016000000000e+09
9.083959680000000000e+08
7.011428480000000000e+08
1.667139840000000000e+09
1.216451840000000000e+09
2.145422336000000000e+09
4.532577600000000000e+08
2.772824320000000000e+09
8.727175680000000000e+08
6.604625280000000000e+08
6.105545600000000000e+08
2.178530048000000000e+09
5.284815360000000000e+09
9.744696320000000000e+08
6.445235840000000000e+08
5.208451840000000000e+08
7.208909440000000000e+08
1.386869120000000000e+09
3.387474432000000000e+09
5.305591360000000000e+08
9.517898240000000000e+08
6.420032000000000000e+08
5.625985920000000000e+08
1.348925568000000000e+09
6.607486720000000000e+08
1.266442112000000000e+09
2.335340800000000000e+09
5.636846080000000000e+08
1.583165824000000000e+09
9.286141440000000000e+08
5.156562240000000000e+08
9.527651840000000000e+08
7.158370560000000000e+08
2.160566528000000000e+09
6.496659200000000000e+08
4.947442688000000000e+09
5.389570560000000000e+08
6.204350080000000000e+08
2.317365760000000000e+09
1.132241280000000000e+09
8.430691840000000000e+08
1.338301568000000000e+09
1.289973632000000000e+09
5.080165120000000000e+08
1.582172800000000000e+09
1.191039616000000000e+09
5.592197760000000000e+08
7.277279360000000000e+08
6.754501760000000000e+08
9.267664000000000000e+08
6.405690880000000000e+08
6.223153280000000000e+08
1.125508480000000000e+09
5.351293440000000000e+09
1.444502272000000000e+09
1.284291456000000000e+09
2.462875392000000000e+09
7.073540480000000000e+08
7.807899520000000000e+08
1.007120064000000000e+09
3.202274560000000000e+09
9.283151360000000000e+08
1.099258752000000000e+09
5.954611840000000000e+08
2.770438656000000000e+09
2.948856832000000000e+09
6.905706240000000000e+08
7.912398720000000000e+08
7.074652160000000000e+08
7.270122240000000000e+08
1.108013568000000000e+09
1.205140992000000000e+09
6.310818560000000000e+08
5.898850560000000000e+08
8.776777600000000000e+08
1.455604224000000000e+09
4.849541120000000000e+08
1.526932096000000000e+09
5.190157824000000000e+09
5.897905920000000000e+08
4.649286080000000000e+08
4.940577920000000000e+08
9.603127040000000000e+08
1.447113600000000000e+09
8.378417920000000000e+08
1.265540480000000000e+09
8.550908800000000000e+08
2.847353600000000000e+09
9.029201280000000000e+08
2.851140864000000000e+09
1.741266688000000000e+09
6.857953920000000000e+08
9.740229760000000000e+08
5.690866176000000000e+09
7.210731520000000000e+08
1.201227008000000000e+09
6.768301440000000000e+08
6.578510080000000000e+08
1.299264512000000000e+09
2.313864192000000000e+09
6.576106880000000000e+08
4.424552448000000000e+09
1.293627776000000000e+09
8.957189760000000000e+08
1.507926912000000000e+09
7.205904640000000000e+08
5.265779520000000000e+08
2.116062592000000000e+09
1.130308992000000000e+09
1.693543936000000000e+09
7.192230400000000000e+08
1.511779584000000000e+09
8.427623680000000000e+08
1.238314752000000000e+09
8.444059520000000000e+08
7.584983040000000000e+08
6.129315840000000000e+08
1.262615040000000000e+09
2.130679168000000000e+09
6.368841600000000000e+08
5.651188480000000000e+08
4.971123712000000000e+09
4.340620800000000000e+08
1.093758080000000000e+09
1.398311680000000000e+09
1.303668096000000000e+09
1.055824384000000000e+09
2.030409088000000000e+09
8.913941120000000000e+08
1.697867264000000000e+09
3.946360320000000000e+08
5.166347520000000000e+08
3.571638272000000000e+09
7.727288320000000000e+08
1.022320256000000000e+09
8.051496960000000000e+08
2.735251968000000000e+09
8.080005120000000000e+08
2.787284736000000000e+09
6.331139840000000000e+08
5.583757440000000000e+08
5.149550400000000000e+08
7.882380160000000000e+08
5.646950400000000000e+09
4.601733760000000000e+08
1.978697344000000000e+09
1.959679744000000000e+09
8.728877440000000000e+08
6.884199040000000000e+08
8.136775680000000000e+08
6.510458240000000000e+08
5.030655040000000000e+08
4.940743360000000000e+08
2.133257856000000000e+09
8.218652160000000000e+08
7.842092800000000000e+08
1.042803072000000000e+09
8.289126400000000000e+08
1.392723584000000000e+09
1.345773056000000000e+09
1.452421760000000000e+09
2.659657984000000000e+09
6.505210880000000000e+08
1.026707136000000000e+09
4.969235520000000000e+08
7.072986880000000000e+08
8.116138880000000000e+08
9.611194880000000000e+08
5.063520768000000000e+09
4.835644480000000000e+08
7.729699840000000000e+08
6.247216640000000000e+08
7.643651840000000000e+08
1.290129024000000000e+09
2.477428480000000000e+09
2.765105664000000000e+09
1.285622784000000000e+09
1.290640000000000000e+09
5.233489600000000000e+08
9.077103360000000000e+08
6.292715520000000000e+08
1.244806912000000000e+09
8.134321920000000000e+08
8.003228160000000000e+08
1.337502976000000000e+09
5.941077760000000000e+08
5.272356352000000000e+09
4.962651840000000000e+08
1.365163136000000000e+09
5.158761472000000000e+09
6.217206400000000000e+08
9.066351360000000000e+08
1.885879808000000000e+09
1.549836416000000000e+09
7.111494400000000000e+08
6.688101760000000000e+08
6.814193920000000000e+08
7.081586560000000000e+08
9.861752320000000000e+08
5.538958720000000000e+08
8.329155200000000000e+08
1.906252800000000000e+09
1.184744576000000000e+09
2.966333440000000000e+09
1.185642752000000000e+09
5.710950400000000000e+08
5.340330880000000000e+08
5.369415040000000000e+08
6.621859200000000000e+08
2.570822400000000000e+09
8.480122240000000000e+08
4.874265600000000000e+09
6.593933440000000000e+08
1.461336704000000000e+09
1.104413696000000000e+09
1.266684288000000000e+09
5.587816320000000000e+08
4.186933760000000000e+08
8.119333760000000000e+08
9.710581120000000000e+08
2.350950656000000000e+09
7.228058880000000000e+08
1.261945088000000000e+09
7.608867840000000000e+08
3.175659520000000000e+09
1.082981120000000000e+09
1.290561664000000000e+09
7.210118400000000000e+08
6.614376320000000000e+08
5.547292160000000000e+08
2.589679104000000000e+09
1.236164864000000000e+09
6.384138240000000000e+08
7.136864000000000000e+08
6.695763200000000000e+08
7.107470720000000000e+08
5.538153984000000000e+09
4.805393280000000000e+08
8.666132480000000000e+08
7.291671680000000000e+08
1.196917120000000000e+09
1.509597952000000000e+09
2.286937856000000000e+09
1.493575296000000000e+09
2.434340864000000000e+09
7.307750400000000000e+08
6.715345280000000000e+08
8.536202240000000000e+08
6.357646080000000000e+08
1.563275648000000000e+09
5.414539264000000000e+09
8.502029440000000000e+08
6.461662080000000000e+08
1.393398656000000000e+09
7.368538880000000000e+08
1.387467264000000000e+09
5.040815680000000000e+08
8.605513600000000000e+08
3.436864000000000000e+08
4.411784640000000000e+08
5.320925120000000000e+08
9.360686080000000000e+08
7.910993920000000000e+08
1.217889792000000000e+09
2.490582016000000000e+09
6.165039360000000000e+08
5.485100544000000000e+09
8.940433280000000000e+08
1.581427840000000000e+09
2.747431936000000000e+09
9.929490560000000000e+08
7.637829120000000000e+08
5.711365760000000000e+08
5.440199040000000000e+08
1.528322432000000000e+09
7.823626880000000000e+08
9.748189440000000000e+08
1.438844544000000000e+09
8.524984320000000000e+08
6.220869120000000000e+08
9.749898880000000000e+08
5.764847360000000000e+08
8.124350720000000000e+08
2.833306112000000000e+09
3.337366016000000000e+09
7.633220480000000000e+08
6.751005440000000000e+08
6.492804480000000000e+08
5.563176960000000000e+08
6.664000640000000000e+08
1.308369920000000000e+09
5.190634240000000000e+08
5.077488640000000000e+09
1.829776640000000000e+09
4.657392640000000000e+08
1.148884480000000000e+09
6.265095040000000000e+08
1.105854720000000000e+09
1.103958528000000000e+09
4.629661440000000000e+08
4.789395840000000000e+08
2.693468416000000000e+09
9.906488960000000000e+08
6.211009280000000000e+08
1.267888384000000000e+09
5.752748800000000000e+08
1.273367552000000000e+09
1.077829504000000000e+09
5.137126912000000000e+09
5.736514560000000000e+08
2.108353152000000000e+09
1.124882816000000000e+09
7.943726080000000000e+08
5.911633920000000000e+08
1.416326016000000000e+09
3.639128320000000000e+08
5.782971520000000000e+08
2.094670336000000000e+09
6.909588480000000000e+08
1.024487232000000000e+09
6.894773120000000000e+08
6.284612480000000000e+08
6.872202880000000000e+08
9.071182720000000000e+08
5.334272960000000000e+08
1.667257088000000000e+09
1.208520320000000000e+09
5.718454400000000000e+08
8.399015040000000000e+08
3.201008896000000000e+09
5.292699200000000000e+08
8.507173120000000000e+08
6.709655040000000000e+08
1.221301504000000000e+09
3.981696320000000000e+08
1.155390592000000000e+09
7.819871360000000000e+08
6.060369280000000000e+08
7.610782720000000000e+08
6.342340608000000000e+09
6.210371840000000000e+08
1.291747456000000000e+09
1.892351104000000000e+09
3.626585920000000000e+08
1.123509504000000000e+09
6.148282240000000000e+08
1.039152832000000000e+09
2.733686784000000000e+09
5.064351680000000000e+08
7.197665920000000000e+08
9.540309760000000000e+08
5.662588160000000000e+08
5.319086400000000000e+08
1.896770176000000000e+09
1.050681216000000000e+09
4.742369280000000000e+08
5.029216640000000000e+08
4.567103360000000000e+08
4.506449280000000000e+08
5.501046272000000000e+09
8.341675520000000000e+08
3.089053440000000000e+09
1.312833920000000000e+09
1.238774400000000000e+09
1.402703104000000000e+09
1.531841152000000000e+09
1.122176384000000000e+09
3.282621760000000000e+08
3.449203840000000000e+08
1.047430336000000000e+09
9.565797760000000000e+08
1.915610240000000000e+09
9.041397120000000000e+08
6.262250880000000000e+08
1.103935232000000000e+09
4.831459200000000000e+08
1.115575168000000000e+09
5.577025536000000000e+09
3.180318208000000000e+09
4.736920640000000000e+08
1.149028864000000000e+09
1.224554496000000000e+09
9.150699520000000000e+08
1.704900992000000000e+09
5.317075200000000000e+08
5.128272960000000000e+08
8.975524480000000000e+08
4.591133440000000000e+08
7.081498240000000000e+08
5.447509760000000000e+08
6.001939200000000000e+08
6.175642240000000000e+08
9.493626240000000000e+08
5.274271232000000000e+09
1.283846144000000000e+09
2.387812352000000000e+09
7.532238720000000000e+08
1.287206272000000000e+09
2.839225344000000000e+09
3.391163840000000000e+08
6.611647360000000000e+08
1.682139520000000000e+09
1.273266560000000000e+09
5.891023360000000000e+08
1.366182528000000000e+09
4.928433600000000000e+08
1.736426496000000000e+09
4.096616320000000000e+08
9.323516160000000000e+08
8.940083200000000000e+08
1.595580032000000000e+09
8.210760960000000000e+08
1.070021248000000000e+09
1.405032448000000000e+09
2.721385472000000000e+09
7.441550720000000000e+08
5.357822080000000000e+08
8.355536640000000000e+08
4.586814080000000000e+08
5.970460160000000000e+08
5.512086016000000000e+09
1.599556224000000000e+09
6.418374400000000000e+08
1.056087616000000000e+09
7.225606400000000000e+08
9.623485440000000000e+08
6.697976960000000000e+08
1.143579648000000000e+09
5.676432640000000000e+08
5.495976960000000000e+09
9.397136640000000000e+08
7.525566720000000000e+08
6.611174400000000000e+08
5.183717120000000000e+08
5.091588480000000000e+08
5.993434880000000000e+08
2.444985088000000000e+09
5.679792640000000000e+08
2.765135104000000000e+09
2.020223360000000000e+09
4.625683520000000000e+08
7.910764800000000000e+08
9.107271680000000000e+08
2.642592768000000000e+09
1.084527232000000000e+09
5.941569920000000000e+08
8.619999360000000000e+08
5.537202688000000000e+09
1.006619904000000000e+09
5.301306880000000000e+08
3.082205952000000000e+09
4.286354560000000000e+08
5.403080960000000000e+08
4.777076800000000000e+08
7.249443840000000000e+08
7.112650880000000000e+08
9.438776960000000000e+08
4.770379200000000000e+08
5.486402560000000000e+08
4.871812160000000000e+08
4.005912640000000000e+08
1.646819584000000000e+09
3.111838720000000000e+09
7.003810816000000000e+09
9.130249600000000000e+08
7.207472000000000000e+08
6.748649600000000000e+08
7.676522240000000000e+08
5.952766080000000000e+08
1.255403392000000000e+09
8.524305280000000000e+08
1.084473728000000000e+09
5.387438720000000000e+08
5.048293120000000000e+08
9.218172160000000000e+08
6.148396160000000000e+08
5.391895552000000000e+09
9.146471680000000000e+08
1.173856128000000000e+09
6.239411840000000000e+08
6.258934400000000000e+08
6.374828800000000000e+08
2.607271424000000000e+09
7.458421120000000000e+08
4.555122880000000000e+08
4.589682880000000000e+08
5.303855680000000000e+08
6.520300160000000000e+08
2.585233920000000000e+09
1.165171328000000000e+09
8.290090240000000000e+08
1.160530944000000000e+09
1.224972928000000000e+09
1.921163776000000000e+09
9.776663040000000000e+08
6.752326400000000000e+08
7.207255040000000000e+08
1.582676992000000000e+09
6.191415040000000000e+08
8.822896000000000000e+08
1.391933952000000000e+09
1.114228096000000000e+09
5.003486400000000000e+08
6.268528640000000000e+08
4.442782720000000000e+08
7.794689280000000000e+08
6.845384960000000000e+08
4.820528640000000000e+08
6.194892160000000000e+08
2.862330112000000000e+09
5.615964672000000000e+09
5.416899072000000000e+09
3.758505920000000000e+08
1.057444928000000000e+09
7.105127040000000000e+08
1.062765696000000000e+09
1.347913088000000000e+09
1.655894272000000000e+09
6.541166720000000000e+08
6.457452160000000000e+08
1.054238080000000000e+09
2.019192704000000000e+09
8.115044480000000000e+08
6.436682240000000000e+08
1.243413888000000000e+09
2.999760640000000000e+09
5.782825600000000000e+08
5.552158080000000000e+08
1.322474752000000000e+09
4.546231680000000000e+08
5.018410560000000000e+08
2.460077056000000000e+09
9.398161280000000000e+08
5.074672000000000000e+08
6.756256000000000000e+08
9.244636160000000000e+08
7.950997760000000000e+08
5.110932480000000000e+09
1.272846848000000000e+09
6.664076800000000000e+08
4.859820160000000000e+08
9.076138240000000000e+08
2.771141632000000000e+09
1.031296064000000000e+09
1.603432192000000000e+09
1.058328512000000000e+09
5.429209600000000000e+08
6.874458880000000000e+08
7.093692800000000000e+08
5.827676800000000000e+08
2.425504256000000000e+09
4.768140160000000000e+08
1.777884672000000000e+09
9.451148160000000000e+08
5.902917120000000000e+08
1.784923904000000000e+09
9.788964480000000000e+08
5.336961280000000000e+08
4.602600960000000000e+08
8.470822400000000000e+08
5.498226560000000000e+08
1.581198464000000000e+09
3.844509120000000000e+08
7.684856320000000000e+08
5.912318976000000000e+09
7.002815360000000000e+08
6.072514560000000000e+08
5.490773760000000000e+08
3.039468544000000000e+09
5.703598080000000000e+08
6.173722880000000000e+08
1.380716160000000000e+09
4.935882560000000000e+08
7.536674560000000000e+08
1.313117056000000000e+09
6.590978560000000000e+08
2.307678208000000000e+09
5.194010240000000000e+08
6.051955200000000000e+08
7.795303040000000000e+08
5.428722176000000000e+09
5.884206080000000000e+08
1.727966464000000000e+09
3.466322176000000000e+09
4.636248000000000000e+08
4.768754240000000000e+08
4.875739136000000000e+09
9.302471680000000000e+08
1.300187648000000000e+09
1.403181952000000000e+09
6.348496640000000000e+08
2.528927488000000000e+09
1.101305984000000000e+09
4.050165760000000000e+08
5.926358400000000000e+08
8.026585600000000000e+08
7.792373760000000000e+08
7.985175680000000000e+08
8.000485120000000000e+08
1.339242624000000000e+09
5.720700160000000000e+08
5.168207040000000000e+08
5.186249920000000000e+08
2.514392320000000000e+09
1.395105024000000000e+09
9.764062720000000000e+08
2.819281152000000000e+09
5.158299520000000000e+08
6.245494400000000000e+08
1.829631744000000000e+09
4.610812800000000000e+08
5.348705600000000000e+08
1.064183936000000000e+09
6.480377600000000000e+08
4.307079040000000000e+08
6.201243520000000000e+08
8.855182720000000000e+08
5.355960640000000000e+08
5.955569664000000000e+09
1.689690240000000000e+09
9.943724800000000000e+08
4.991708800000000000e+08
6.359384960000000000e+08
6.972008320000000000e+08
1.991009920000000000e+09
4.500957440000000000e+08
7.737287680000000000e+08
6.292344320000000000e+08
4.520726080000000000e+08
5.946781440000000000e+08
7.911827840000000000e+08
2.897360896000000000e+09
6.201975680000000000e+08
5.079325760000000000e+08
6.482420480000000000e+08
5.988328448000000000e+09
1.456667264000000000e+09
4.772650560000000000e+08
5.838729600000000000e+08
7.996363520000000000e+08
6.867420160000000000e+08
2.039139584000000000e+09
5.987105280000000000e+08
2.010167552000000000e+09
9.413909760000000000e+08
1.123365632000000000e+09
2.824193024000000000e+09
4.457810560000000000e+08
8.142785920000000000e+08
5.559168640000000000e+08
1.347290880000000000e+09
5.034690560000000000e+09
8.268060800000000000e+08
9.829987200000000000e+08
7.264676480000000000e+08
9.587807360000000000e+08
7.276703360000000000e+08
1.900379520000000000e+09
4.402447040000000000e+08
7.283929600000000000e+08
6.533328896000000000e+09
1.048315776000000000e+09
6.538511360000000000e+08
7.598083840000000000e+08
5.985263360000000000e+08
5.414211840000000000e+08
9.646039680000000000e+08
1.333584000000000000e+09
9.889850240000000000e+08
6.018640640000000000e+08
6.253007360000000000e+08
2.059852928000000000e+09
1.065520768000000000e+09
1.356274944000000000e+09
6.411002240000000000e+08
6.156993920000000000e+08
6.586458240000000000e+08
9.532286080000000000e+08
9.397123840000000000e+08
5.723992960000000000e+08
4.961192960000000000e+08
2.099796224000000000e+09
2.501419264000000000e+09
1.097170688000000000e+09
4.173336000000000000e+08
4.642388480000000000e+08
4.793949440000000000e+08
4.149790720000000000e+08
6.738043520000000000e+08
5.631114752000000000e+09
1.849985024000000000e+09
7.937536640000000000e+08
4.067607040000000000e+08
7.016307200000000000e+08
2.240390912000000000e+09
9.151936000000000000e+08
6.812600960000000000e+08
6.383353600000000000e+08
2.059815168000000000e+09
6.284933760000000000e+08
3.029735680000000000e+08
6.012360960000000000e+08
1.062137344000000000e+09
1.106222848000000000e+09
1.148430592000000000e+09
1.035728256000000000e+09
5.422911488000000000e+09
6.901780480000000000e+08
1.488612096000000000e+09
1.401958400000000000e+09
4.537783360000000000e+08
5.581056000000000000e+08
9.373011200000000000e+08
1.759263488000000000e+09
7.551273600000000000e+08
6.630170240000000000e+08
4.200773760000000000e+08
1.036670912000000000e+09
8.991438080000000000e+08
7.604138496000000000e+09
6.377206400000000000e+08
6.228416000000000000e+08
7.030665600000000000e+08
8.589578880000000000e+08
1.752631296000000000e+09
6.043318400000000000e+08
5.020279680000000000e+08
6.673694080000000000e+08
5.442389760000000000e+08
5.655634944000000000e+09
6.230124800000000000e+08
8.929153920000000000e+08
7.526095360000000000e+08
4.488432000000000000e+08
1.158409088000000000e+09
4.038313920000000000e+08
6.914541440000000000e+08
1.265821824000000000e+09
6.164308480000000000e+08
2.335819520000000000e+09
1.031944832000000000e+09
8.206614400000000000e+08
5.252652480000000000e+08
1.959250688000000000e+09
6.426825600000000000e+08
3.243387520000000000e+08
1.009894528000000000e+09
6.995704960000000000e+08
9.582451200000000000e+08
5.493702400000000000e+08
6.367337984000000000e+09
1.094683136000000000e+09
1.091467008000000000e+09
4.764583040000000000e+08
1.208436864000000000e+09
5.382717440000000000e+08
1.076467712000000000e+09
1.000851520000000000e+09
2.518522880000000000e+09
5.624497920000000000e+08
5.239853120000000000e+08
5.767466240000000000e+08
6.620365440000000000e+08
9.774792320000000000e+08
1.030465472000000000e+09
4.952403840000000000e+08
2.407992320000000000e+09
1.788737024000000000e+09
1.351533952000000000e+09
3.767038720000000000e+08
5.398912000000000000e+08
6.145421440000000000e+08
5.166083072000000000e+09
1.177445632000000000e+09
7.388767360000000000e+08
9.493870720000000000e+08
1.139319552000000000e+09
5.191042240000000000e+08
4.059122560000000000e+08
5.559589760000000000e+08
6.612735360000000000e+08
5.686535680000000000e+08
1.738440704000000000e+09
4.379397120000000000e+08
1.969762048000000000e+09
1.698018688000000000e+09
7.485003520000000000e+08
5.675493760000000000e+08
9.471013760000000000e+08
6.179769600000000000e+08
1.399718656000000000e+09
5.794085760000000000e+08
2.690208256000000000e+09
5.532806400000000000e+08
7.186694400000000000e+08
9.121744000000000000e+08
4.555087680000000000e+08
4.505241920000000000e+08
4.535031296000000000e+09
7.431013120000000000e+08
1.007365888000000000e+09
5.168217280000000000e+08
2.338587648000000000e+09
6.987254400000000000e+08
4.783285440000000000e+08
4.834188800000000000e+09
4.287010560000000000e+08
8.229894400000000000e+08
1.129156096000000000e+09
9.535310080000000000e+08
1.220273536000000000e+09
6.890357760000000000e+08
1.147830656000000000e+09
2.261882112000000000e+09
9.775561600000000000e+08
1.043376064000000000e+09
5.238055680000000000e+08
4.774564480000000000e+08
8.397239040000000000e+08
6.083745280000000000e+08
1.192594048000000000e+09
5.461804160000000000e+08
1.518893824000000000e+09
1.023607680000000000e+09
1.876071168000000000e+09
5.141186560000000000e+08
6.970675200000000000e+08
6.217481600000000000e+08
5.229497344000000000e+09
8.223156480000000000e+08
5.672081920000000000e+08
2.517054464000000000e+09
9.172893440000000000e+08
1.103317504000000000e+09
9.399112320000000000e+08
5.566816000000000000e+08
5.529170560000000000e+08
3.494307520000000000e+08
4.518970560000000000e+08
9.081148800000000000e+08
5.068810880000000000e+08
4.796158080000000000e+08
2.839131648000000000e+09
4.991163904000000000e+09
1.100341376000000000e+09
5.390146560000000000e+08
7.505424640000000000e+08
1.542461440000000000e+09
6.841718400000000000e+08
2.312763904000000000e+09
8.416732160000000000e+08
2.113153536000000000e+09
9.777787520000000000e+08
1.052258240000000000e+09
7.533144960000000000e+08
1.108805248000000000e+09
9.117396480000000000e+08
5.894912640000000000e+08
1.978365440000000000e+09
9.288077440000000000e+08
9.448392320000000000e+08
6.949380480000000000e+08
5.319992960000000000e+08
9.002093440000000000e+08
7.669611520000000000e+08
3.912461760000000000e+08
2.336413696000000000e+09
1.150173952000000000e+09
6.963865600000000000e+08
1.248262656000000000e+09
4.953149440000000000e+09
5.416042240000000000e+08
8.882295040000000000e+08
5.055493120000000000e+09
4.489438080000000000e+08
5.853988480000000000e+08
6.599731200000000000e+08
3.314358400000000000e+08
4.447934400000000000e+08
2.394724096000000000e+09
2.005741184000000000e+09
3.316344960000000000e+08
6.305844480000000000e+08
2.038409984000000000e+09
1.286792448000000000e+09
5.547586560000000000e+08
8.839281280000000000e+08
2.010070144000000000e+09
6.554634240000000000e+08
1.445919872000000000e+09
1.213944704000000000e+09
7.459991040000000000e+08
3.499086080000000000e+08
5.419840640000000000e+08
7.698286080000000000e+08
2.116896768000000000e+09
8.784238080000000000e+08
1.025448768000000000e+09
5.530220160000000000e+08
3.178372160000000000e+08
9.225896320000000000e+08
7.056392960000000000e+08
2.939711488000000000e+09
8.511207680000000000e+08
4.473581440000000000e+08
5.119719936000000000e+09
7.278023040000000000e+08
5.282586560000000000e+08
9.788530560000000000e+08
6.927011840000000000e+08
2.089475200000000000e+09
4.064101120000000000e+08
4.879872640000000000e+08
1.558783104000000000e+09
4.993199104000000000e+09
7.887011840000000000e+08
5.611921920000000000e+08
1.499739264000000000e+09
2.324843264000000000e+09
6.607242240000000000e+08
7.075847680000000000e+08
5.183008320000000000e+08
7.731642880000000000e+08
8.582588160000000000e+08
6.042184320000000000e+08
6.680720640000000000e+08
1.373326976000000000e+09
7.944247680000000000e+08
6.225030400000000000e+08
1.177964672000000000e+09
5.914898432000000000e+09
4.194307520000000000e+08
7.358344960000000000e+08
6.018290560000000000e+08
5.806692480000000000e+08
4.372144640000000000e+08
1.193713152000000000e+09
1.095697024000000000e+09
8.576917120000000000e+08
5.569056000000000000e+08
9.643996800000000000e+08
2.468450816000000000e+09
7.829956480000000000e+08
4.364606720000000000e+08
3.806815360000000000e+08
5.357607360000000000e+08
7.113133440000000000e+08
1.028985024000000000e+09
1.155272960000000000e+09
1.828762752000000000e+09
1.002473728000000000e+09
1.166249216000000000e+09
9.844910080000000000e+08
5.028443520000000000e+08
5.393862400000000000e+08
4.557560640000000000e+08
7.737580800000000000e+08
2.956478464000000000e+09
5.157426176000000000e+09
8.028048640000000000e+08
7.443776000000000000e+08
4.096399680000000000e+08
5.673761280000000000e+08
4.793656320000000000e+09
2.134038400000000000e+09
9.655413760000000000e+08
7.040650240000000000e+08
4.559298560000000000e+08
9.056785920000000000e+08
1.162583168000000000e+09
1.189495296000000000e+09
6.474488320000000000e+08
2.736666368000000000e+09
6.484677760000000000e+08
6.761504000000000000e+08
6.821484160000000000e+08
1.400231552000000000e+09
7.015728000000000000e+08
1.063306496000000000e+09
6.856499200000000000e+08
5.982749440000000000e+08
3.903661120000000000e+08
1.147820544000000000e+09
3.869183040000000000e+08
9.925247360000000000e+08
5.675097600000000000e+08
5.081101440000000000e+08
2.610489344000000000e+09
8.678465280000000000e+08
5.612603904000000000e+09
7.275078400000000000e+08
2.468575744000000000e+09
4.022624960000000000e+08
1.205783296000000000e+09
5.417013760000000000e+08
5.816744320000000000e+08
8.132596480000000000e+08
8.511699840000000000e+08
4.760044032000000000e+09
7.938387840000000000e+08
2.492354304000000000e+09
1.961089792000000000e+09
6.145315840000000000e+08
1.140374912000000000e+09
6.165643520000000000e+08
1.206178688000000000e+09
5.831757440000000000e+08
6.482525440000000000e+08
1.017427072000000000e+09
1.226670592000000000e+09
7.898740480000000000e+08
5.596472960000000000e+08
4.881932480000000000e+08
5.259643840000000000e+08
7.628480640000000000e+08
9.912842240000000000e+08
1.312292608000000000e+09
6.613548800000000000e+08
4.007675200000000000e+08
1.031312576000000000e+09
1.953250432000000000e+09
6.740288640000000000e+08
5.249657920000000000e+08
8.964563200000000000e+08
8.875888640000000000e+08
4.296717440000000000e+08
7.831027840000000000e+08
7.162453120000000000e+08
5.430643200000000000e+09
7.985072640000000000e+08
5.496738560000000000e+08
2.737398528000000000e+09
3.757941760000000000e+08
4.902538240000000000e+09
9.029455360000000000e+08
9.274453760000000000e+08
6.545667840000000000e+08
4.696503680000000000e+08
4.555890560000000000e+08
1.228672000000000000e+09
5.009970560000000000e+08
4.906909760000000000e+08
6.360754560000000000e+08
4.188620032000000000e+09
1.109627264000000000e+09
7.441669760000000000e+08
5.638352640000000000e+08
1.315919232000000000e+09
1.196514688000000000e+09
6.828799360000000000e+08
8.225804160000000000e+08
5.380447360000000000e+08
5.595482240000000000e+08
8.777006080000000000e+08
8.215103360000000000e+08
2.159332096000000000e+09
1.468339968000000000e+09
7.714225920000000000e+08
8.864354560000000000e+08
8.795247360000000000e+08
9.657600640000000000e+08
4.515062080000000000e+08
4.816238080000000000e+09
8.472115840000000000e+08
7.820966400000000000e+08
3.822294400000000000e+08
1.101522176000000000e+09
1.975724032000000000e+09
6.192135040000000000e+08
4.584993920000000000e+08
4.797728640000000000e+08
1.019086976000000000e+09
7.204616320000000000e+08
9.893564160000000000e+08
6.485026560000000000e+08
7.450782720000000000e+08
7.061394560000000000e+08
5.093552640000000000e+08
5.775477120000000000e+08
1.301730816000000000e+09
4.704770560000000000e+08
7.627980800000000000e+08
2.198739456000000000e+09
7.139079680000000000e+09
7.626139520000000000e+08
8.563169920000000000e+08
4.931240960000000000e+08
3.612543040000000000e+08
1.514428032000000000e+09
4.045407360000000000e+08
6.774819200000000000e+08
6.092256640000000000e+08
1.736162816000000000e+09
5.215269440000000000e+08
1.581760512000000000e+09
4.812055360000000000e+08
7.391965440000000000e+08
5.372011520000000000e+09
5.850869120000000000e+08
4.986411200000000000e+08
1.446217088000000000e+09
5.653414400000000000e+08
5.599809920000000000e+08
2.302441984000000000e+09
1.159181056000000000e+09
8.860773760000000000e+08
5.680074240000000000e+08
3.631205120000000000e+08
2.391974144000000000e+09
6.213841920000000000e+08
8.507612160000000000e+08
1.353450624000000000e+09
7.517108480000000000e+08
4.406418944000000000e+09
9.097345280000000000e+08
4.503679040000000000e+08
7.026272640000000000e+08
5.025814080000000000e+08
5.277568640000000000e+08
5.933543680000000000e+08
1.031260032000000000e+09
2.446850048000000000e+09
1.270192384000000000e+09
1.500148096000000000e+09
6.797054080000000000e+08
1.713858816000000000e+09
6.306094720000000000e+08
5.512086528000000000e+09
7.232022400000000000e+08
3.267896640000000000e+08
3.933561600000000000e+08
3.561287040000000000e+08
7.718636160000000000e+08
8.530765440000000000e+08
1.059880896000000000e+09
1.262619648000000000e+09
6.684154240000000000e+08
1.035514688000000000e+09
7.197881600000000000e+08
5.310693440000000000e+08
2.775672064000000000e+09
2.239681536000000000e+09
5.475701120000000000e+08
6.703747200000000000e+08
2.987135744000000000e+09
9.740996480000000000e+08
4.708411392000000000e+09
1.177501696000000000e+09
8.105077120000000000e+08
6.501593600000000000e+08
6.377466880000000000e+08
1.074834816000000000e+09
4.292598400000000000e+08
5.598746240000000000e+08
2.946796160000000000e+08
1.098420736000000000e+09
6.215059840000000000e+08
9.121290880000000000e+08
5.573822720000000000e+08
6.227765760000000000e+08
1.285831168000000000e+09
6.995856000000000000e+08
5.074270208000000000e+09
1.199397120000000000e+09
5.713424640000000000e+08
3.950493440000000000e+08
4.937602240000000000e+08
3.701356160000000000e+08
1.083282176000000000e+09
2.872519168000000000e+09
6.700596480000000000e+08
1.035994752000000000e+09
4.929506240000000000e+08
4.060696640000000000e+08
7.216585600000000000e+08
2.014342144000000000e+09
6.716396800000000000e+08
7.092388480000000000e+08
5.625810560000000000e+08
6.079211520000000000e+08
6.308034560000000000e+08
6.622973440000000000e+08
8.478728960000000000e+08
3.818992960000000000e+08
4.679944192000000000e+09
8.799278720000000000e+08
3.942769920000000000e+08
7.070821120000000000e+08
8.600193280000000000e+08
8.354489600000000000e+08
3.080564224000000000e+09
9.451185920000000000e+08
2.823021312000000000e+09
8.436685440000000000e+08
6.597616640000000000e+08
7.698249600000000000e+08
1.164752256000000000e+09
1.723238016000000000e+09
7.836031360000000000e+08
2.428547840000000000e+09
5.782524160000000000e+08
1.025726912000000000e+09
6.902571520000000000e+08
1.071063168000000000e+09
4.486171136000000000e+09
1.127344768000000000e+09
1.067770752000000000e+09
6.877068800000000000e+08
7.637038080000000000e+08
4.694248000000000000e+08
5.613882880000000000e+08
5.496399360000000000e+08
7.360948480000000000e+08
4.283338880000000000e+08
6.911185280000000000e+08
7.602819200000000000e+08
6.476707840000000000e+08
4.668658560000000000e+08
1.162352128000000000e+09
1.427853312000000000e+09
3.409980480000000000e+08
7.236872960000000000e+08
8.867928960000000000e+08
4.243849600000000000e+08
1.540207360000000000e+09
4.885620224000000000e+09
6.710061440000000000e+08
7.071795840000000000e+08
2.391463680000000000e+09
4.108483200000000000e+08
2.101177600000000000e+09
4.935755200000000000e+08
7.372511360000000000e+08
1.594056320000000000e+09
4.368750720000000000e+08
2.956648960000000000e+09
4.421814400000000000e+08
7.771571200000000000e+08
1.247422336000000000e+09
7.905992320000000000e+08
5.068544960000000000e+08
1.398670592000000000e+09
6.029116160000000000e+08
6.904831360000000000e+08
7.560817280000000000e+08
4.589408000000000000e+08
4.726360064000000000e+09
8.665566720000000000e+08
7.172592640000000000e+08
6.864325760000000000e+08
3.857888960000000000e+08
2.329893376000000000e+09
4.103364480000000000e+08
1.883706752000000000e+09
5.954543360000000000e+08
5.529838720000000000e+08
3.396666240000000000e+08
1.097036928000000000e+09
9.731974400000000000e+08
9.762524160000000000e+08
1.066405696000000000e+09
1.200801920000000000e+09
4.774113280000000000e+08
8.898888320000000000e+08
4.899495936000000000e+09
8.013678720000000000e+08
9.863926400000000000e+08
6.915503360000000000e+08
6.186671360000000000e+08
7.051264640000000000e+08
1.118362496000000000e+09
3.806120000000000000e+08
4.335319552000000000e+09
1.352739328000000000e+09
5.033173120000000000e+08
4.897094720000000000e+08
1.046130240000000000e+09
8.825602560000000000e+08
1.312815872000000000e+09
6.930550400000000000e+08
1.722671104000000000e+09
5.747984640000000000e+08
5.192121600000000000e+08
2.601782784000000000e+09
1.113424768000000000e+09
4.721818112000000000e+09
9.008252160000000000e+08
4.244702080000000000e+08
9.658952320000000000e+08
9.886345600000000000e+08
9.018417920000000000e+08
1.310787840000000000e+09
3.040711040000000000e+08
6.771175040000000000e+08
5.295698240000000000e+08
1.039086400000000000e+09
4.954407040000000000e+08
1.454812800000000000e+09
3.123178496000000000e+09
5.060119680000000000e+08
1.688232064000000000e+09
5.757088640000000000e+08
3.139118720000000000e+08
5.126692800000000000e+08
4.707412480000000000e+09
1.237144064000000000e+09
5.968980480000000000e+08
7.105209600000000000e+08
7.219650560000000000e+08
8.214512000000000000e+08
2.151592704000000000e+09
5.184872320000000000e+08
4.157826560000000000e+08
1.066017472000000000e+09
6.089015680000000000e+08
8.246929280000000000e+08
4.165191360000000000e+08
4.800977280000000000e+08
2.475038976000000000e+09
1.329983872000000000e+09
7.561084800000000000e+08
