5.924874432859791318e-01
5.353345008470740130e-01
5.004282825235590870e-01
4.673495320918468199e-01
4.372618348227756968e-01
4.242568309372517499e-01
4.104544636044783479e-01
3.939081081711389154e-01
3.862162019883404462e-01
3.726744131509772129e-01
3.591685124196337675e-01
3.495380422162353007e-01
3.414483260402256248e-01
3.329583380623558075e-01
3.284707460441040894e-01
3.211875971912011574e-01
3.141899667832696030e-01
3.074091718271536600e-01
3.008872830909364304e-01
2.944798843730057625e-01
2.918065659868285255e-01
2.889940485521720337e-01
2.853109287679096995e-01
2.825523207986238017e-01
2.797515593266540201e-01
2.757309018279763824e-01
