5.741469837230248618e-01
5.240020880060695108e-01
4.908817013879515079e-01
4.739004702621925080e-01
4.414455983960580143e-01
4.192497262996655594e-01
3.910391746064922902e-01
3.793603878355177317e-01
3.728860219955317246e-01
3.578846874741336004e-01
3.474943945343162421e-01
3.398943809068366573e-01
3.359439884121879216e-01
3.263096279570499858e-01
3.199596137785136740e-01
3.169832087341515336e-01
3.107924392857559504e-01
3.047696162676220566e-01
2.991837408526863418e-01
2.941237725747031795e-01
2.874569529168818915e-01
2.824053263886980858e-01
2.795654521744443399e-01
2.764721981264831041e-01
2.733194051302103023e-01
2.710534754244882105e-01
2.682491337653816199e-01
2.619492179749348115e-01
2.593047150620551577e-01
2.555917773257970760e-01
2.523035315001524448e-01
2.492673942322185809e-01
2.465457539045735336e-01
2.426148228967249521e-01
2.357049120852163226e-01
