5.891387508926798633e-01
5.525073193769458602e-01
5.143000927997652960e-01
4.698644831101410624e-01
4.536836092210622118e-01
4.377539322497025487e-01
4.165561962513589789e-01
4.085039125867973575e-01
3.979427950516785106e-01
3.907538552316784375e-01
3.774790986795987791e-01
3.669503382875243247e-01
3.582723697075487213e-01
3.509251099174593991e-01
3.465841907423186652e-01
3.409500613932012203e-01
3.350411818384475549e-01
3.258639678360698011e-01
3.187654498535386072e-01
3.151447119616207493e-01
3.113973368600714831e-01
3.038460707535256544e-01
2.962822814260945847e-01
2.905471298044415840e-01
2.862899479503449029e-01
2.822993364998672150e-01
2.782193371923494807e-01
2.741819673660070844e-01
2.703287991789183331e-01
2.666912025727697366e-01
2.649865904754600265e-01
2.621011061634527239e-01
2.599780390785916828e-01
2.573448465023407961e-01
2.544407062659277963e-01
2.516374338539950073e-01
2.453999001968411031e-01
2.433286030276939904e-01
2.403427143417660172e-01
