5.771001946300466923e-01
5.325414342434037218e-01
4.720603192005985438e-01
4.318076195249151983e-01
4.108278335633336886e-01
3.936107070589544010e-01
3.793118989801390617e-01
3.620050589802747409e-01
3.544838876273938011e-01
3.463773818430624929e-01
3.372373487504387590e-01
3.343214611000456804e-01
3.264314796036841271e-01
3.188839589131807761e-01
3.145745865618779225e-01
3.068828741675815319e-01
3.018604283009881928e-01
2.960361017747591972e-01
2.920202871749178475e-01
2.839407201552026638e-01
2.794644785946140964e-01
2.758681009364568615e-01
2.731797231875316423e-01
2.697245173972503407e-01
2.660657511828541932e-01
2.567121231925836855e-01
2.532390709426332598e-01
2.513425534151399465e-01
