5.749100054403588622e-01
5.117817319453653591e-01
4.778711482266949084e-01
4.438805333368611161e-01
4.282011315429684051e-01
4.042517096455877645e-01
3.914033115952096908e-01
3.751224239972376084e-01
3.669396686367397686e-01
3.586731379436216560e-01
3.476232073711877368e-01
3.401522450284275578e-01
3.356790290371295948e-01
3.307766916741106122e-01
3.239846860161573749e-01
3.189884308257408541e-01
3.093552632720750206e-01
3.045803068288541193e-01
2.990784684686428885e-01
2.956243142313860761e-01
2.926722110845826341e-01
2.888124315815560617e-01
2.849429136811560404e-01
2.825378670488427058e-01
2.807809172451533608e-01
2.783613887604737269e-01
2.759837319954590029e-01
2.697544038767963337e-01
2.633097461636384473e-01
2.599219742987049497e-01
2.567690054043438308e-01
2.522565165912405427e-01
2.484202088024226873e-01
2.416222537630365597e-01
2.385603766600705999e-01
2.358408307114394642e-01
2.337780523370822927e-01
