1.110025574917043969e+03
8.252948484527537403e+02
6.654383011259188834e+02
5.789071143925917795e+02
4.740400970147564408e+02
3.980647846128893548e+02
3.562473952030185842e+02
3.406274505171268743e+02
3.049057462126428391e+02
2.690764495009955795e+02
2.430597056384068821e+02
2.241359605914321378e+02
2.111418660310205553e+02
1.971647133906429872e+02
1.852691257312727089e+02
1.758986190310966151e+02
1.673670501880403947e+02
1.624872890142654569e+02
1.521648674444264202e+02
1.435785904461219218e+02
1.376677638017842185e+02
1.356926296000135608e+02
1.306690166843729344e+02
1.293032593688425607e+02
1.223453175928178069e+02
1.181142049153081928e+02
1.155602181957737713e+02
1.110677501370312399e+02
1.080228648250018466e+02
1.043318170604980253e+02
9.903435059248651839e+01
9.768081501495899488e+01
9.373192585578033231e+01
9.074759189688704453e+01
8.909694522135589523e+01
8.625711845957671642e+01
8.363829372263307960e+01
8.175416702583866879e+01
8.086599221453948871e+01
7.836448331421460978e+01
7.755903181044079986e+01
7.534612225384549333e+01
7.398341306430721431e+01
7.144565589097990710e+01
6.982341135555678591e+01
6.747037189507389598e+01
6.681313364870744920e+01
6.491835027804147273e+01
6.404985687645985593e+01
6.225921965243309586e+01
6.119189822471565066e+01
6.074508852050151120e+01
5.958363751140123554e+01
5.809876709737343248e+01
5.715654318055958072e+01
5.681455247295295408e+01
5.549912746834203858e+01
5.515805561318413197e+01
5.338476101927593476e+01
5.304985660693166949e+01
5.192891750254853633e+01
5.093171456323739932e+01
5.064390468320387129e+01
4.978855978640624613e+01
4.829245851326145811e+01
4.532537824091859591e+01
4.427629264366765938e+01
4.399011849411988351e+01
4.326039030436980681e+01
4.240297366938437307e+01
4.215939578009777478e+01
4.115490281200531797e+01
4.092042846435865044e+01
4.003236486599385557e+01
