1.222444290996930476e+03
9.010534375073459614e+02
7.218107917846441524e+02
6.266026917701601633e+02
5.589559678362719524e+02
5.196503648906810895e+02
4.176909218562217916e+02
3.602799598088215589e+02
3.215528202703976035e+02
2.812287625156775448e+02
2.526801405195948860e+02
2.281143883600763900e+02
2.092317997873701358e+02
1.926418629213064833e+02
1.724418550463007307e+02
1.661481966166163602e+02
1.540406041379854116e+02
1.460533629746013844e+02
1.375235186647331602e+02
1.296696661514050390e+02
1.187237791272674059e+02
1.145173018609727507e+02
1.113491789051435319e+02
1.080651098306180415e+02
1.018637829548249698e+02
9.805766001505361373e+01
9.554821192598942048e+01
9.071418818922428784e+01
8.674805269170018107e+01
8.341397711011136096e+01
7.609675743929071245e+01
7.516616389458435776e+01
7.282935500206728818e+01
7.103818745361697040e+01
6.949120882160040935e+01
6.712659749692191724e+01
6.552373533414488804e+01
6.349030809313036627e+01
6.177342551503770096e+01
6.044000553721296853e+01
5.887472049773165139e+01
5.831478541388442238e+01
5.753036234619096945e+01
5.697852747010464469e+01
5.645759196895369314e+01
5.510149017926141113e+01
5.392692496195419238e+01
5.261451683262956891e+01
5.223966597163423131e+01
5.154941604118403120e+01
5.074138845902199790e+01
4.982926813153668633e+01
4.907570311966656362e+01
4.731406310584618780e+01
4.653888080477513256e+01
4.602068512913491105e+01
