1.076595094388197140e+03
8.064280702468694244e+02
6.495136701221114208e+02
5.586213011510745901e+02
4.989895024338098892e+02
4.605802751550073140e+02
3.775558503488827569e+02
3.313121111108437162e+02
2.762092255331646697e+02
2.486604738304098987e+02
2.249546054919362064e+02
2.036670011748542493e+02
1.885013681234699732e+02
1.807518136131699293e+02
1.653713166207922427e+02
1.561305050487178789e+02
1.476354909300654583e+02
1.361406677782657084e+02
1.318651510346008138e+02
1.266825284882533538e+02
1.214151882086782592e+02
1.170708750788017483e+02
1.126327926277468663e+02
1.115198241851072254e+02
1.056817463555134111e+02
1.018093902948354241e+02
1.006778232939854973e+02
9.865067332908078868e+01
9.680548519264544893e+01
9.587793755912538529e+01
9.363787741220646410e+01
9.244414351909993854e+01
8.881352592847659366e+01
8.787060128442878693e+01
8.577782321520402320e+01
8.516291122710978811e+01
8.264589496371344524e+01
7.952186403107272383e+01
7.702264543983984879e+01
7.576285623876897546e+01
7.366142363524826919e+01
7.298303929242619859e+01
7.217597835571572773e+01
7.114209717828919111e+01
7.075081550399268338e+01
6.953275320544828730e+01
6.745551662037584606e+01
6.670756274012191511e+01
6.614518503430822705e+01
6.513225757318181763e+01
6.480550956619113379e+01
6.237705678483906979e+01
6.144317130632758506e+01
6.022069579833431163e+01
5.815686344134590513e+01
5.785915609669786619e+01
5.755364213162798137e+01
5.601043511063905100e+01
5.574666482875078088e+01
5.378034960749116067e+01
5.305566603967304218e+01
5.264059508682606747e+01
5.197121467236456738e+01
5.073899609507352437e+01
5.046468936267755367e+01
4.791260390052962492e+01
4.717815499766913945e+01
4.461649446725765955e+01
4.254582362611061797e+01
4.201422867163607577e+01
