1.024819898602652984e+03
7.663208678702061434e+02
6.186070371078467360e+02
5.366636800745060327e+02
4.438139719618380354e+02
3.864111652185262642e+02
3.462189674342411081e+02
3.289263545972296470e+02
2.825240892623926925e+02
2.525851254987573498e+02
2.331517018437293132e+02
2.057955898353094994e+02
1.951814278574606192e+02
1.777152484241070454e+02
1.664208239291468772e+02
1.537727824893397326e+02
1.422918061464290531e+02
1.362732213036775875e+02
1.289985709726002199e+02
1.208688030084176432e+02
1.173347156608503781e+02
1.142312680731184997e+02
1.101739857609509130e+02
1.061810083279982564e+02
1.016718874891055435e+02
9.845020087534960851e+01
9.522659901579703501e+01
9.238448531620265669e+01
8.923925470992155340e+01
8.611617402516014863e+01
8.469339220480387098e+01
8.307618181227923060e+01
7.986582102282102369e+01
7.787736291397453670e+01
7.610483719980466333e+01
7.406569843654851582e+01
7.194605850836740046e+01
7.040622430757322547e+01
6.958541170545578325e+01
6.793426338089416561e+01
6.732881748027267577e+01
6.643514496459395957e+01
6.432947417700466985e+01
6.354770322236064573e+01
6.303551695903945529e+01
6.213619040837003382e+01
6.152905901442141356e+01
6.079345609241289594e+01
5.943145735017503029e+01
5.839817817287655544e+01
5.762569385372346176e+01
5.655738530717550816e+01
5.571097743204494179e+01
5.481582225580952183e+01
5.408620245027776008e+01
5.361459051750334481e+01
5.282758672528692045e+01
5.233416113540903325e+01
5.199760879384795942e+01
5.128326606693330802e+01
5.016185985603700459e+01
4.930786101479818484e+01
4.903372136959193028e+01
4.834763757376614279e+01
4.804680867500839270e+01
4.734908544723433721e+01
4.671405469981179692e+01
4.602307825149762266e+01
4.555963977231902362e+01
4.531187672741823746e+01
4.470747133281675900e+01
4.442680093989758916e+01
4.426705446480848138e+01
4.380679460260367364e+01
4.364040936661254477e+01
4.325894947571558902e+01
4.308193771341495903e+01
4.281550345509029398e+01
4.232424122790217069e+01
4.192734528724808030e+01
4.138905444238752551e+01
3.986512524409844360e+01
3.967948600350727162e+01
3.935620090176669095e+01
3.885492911602391786e+01
3.873773023987430975e+01
3.836442717268641189e+01
3.820790886905799510e+01
3.793856565382988322e+01
3.780642894847537150e+01
3.770344070770558176e+01
3.737869179437754497e+01
3.705419752938145450e+01
3.688593341584761731e+01
3.661492568014282512e+01
3.645451108411886310e+01
3.633968361880410924e+01
3.602775587769699683e+01
3.575603232628898098e+01
3.532495573258942301e+01
3.504928712274321612e+01
3.480077090930693373e+01
3.468980778746534099e+01
3.461751877838964475e+01
3.431209612173149281e+01
3.419465062403072864e+01
3.408993719579704873e+01
3.344953306983562413e+01
3.303501460269688295e+01
3.278109624042598824e+01
3.264187171056222780e+01
3.241792825854389548e+01
3.215155739042985061e+01
3.206887305025114188e+01
3.184063314657249322e+01
3.173248556735589432e+01
3.161433354021428954e+01
3.133445216771629660e+01
3.120252037964805325e+01
3.112733604028029788e+01
3.092736141748291701e+01
3.075431124357517731e+01
3.045780399730981713e+01
3.025574486965021492e+01
3.016863433782713599e+01
3.003713280660667806e+01
2.995262193815299412e+01
2.982252570359636223e+01
2.972818778929467243e+01
2.966146975501838057e+01
2.946703838354252980e+01
2.928311919334555213e+01
2.922563833371973629e+01
2.822030626989162627e+01
2.794004806628026927e+01
2.776207609280073285e+01
2.767036409545863407e+01
2.758479435914465938e+01
2.744490791440163946e+01
2.737837492446582033e+01
2.731938505113588533e+01
2.715295360839648353e+01
2.699836504221067202e+01
2.670204902136461200e+01
2.653850905039398711e+01
2.649768486341650942e+01
2.633517516678362824e+01
2.625335303183571156e+01
2.619204889349983034e+01
2.604555090411507834e+01
2.587758786534836375e+01
2.578472199931458420e+01
2.572807332166895478e+01
2.562623740420709950e+01
2.555961923496992583e+01
2.551629017957941414e+01
2.538118471074269422e+01
2.527908686141454808e+01
2.517133267287293563e+01
2.513615066864399950e+01
2.509667061458035420e+01
2.501178798963932692e+01
2.494786222305823387e+01
2.476340614223651926e+01
2.464735865724309249e+01
2.460564368027301185e+01
2.458314191036615171e+01
2.445420359703881275e+01
2.433385530391898399e+01
2.425339279576390794e+01
2.421805947952718796e+01
2.410093857247511906e+01
2.394045564451435126e+01
2.383809355646212680e+01
2.376280918794151731e+01
2.372760079063738914e+01
2.354400541715857287e+01
2.345268323572396341e+01
2.342176194684181922e+01
2.334485892220145686e+01
2.332099005250858426e+01
2.323131230833223526e+01
2.319580335837327567e+01
2.316126748265994806e+01
2.246288859602664090e+01
2.231527085536212951e+01
2.226876846030804558e+01
2.218635035076361461e+01
2.215345146749427840e+01
2.211023562485431881e+01
2.201861752957505303e+01
2.192830293660345120e+01
2.186827154170636334e+01
2.183985769201984084e+01
2.177045101873860844e+01
2.174526743567913911e+01
2.164876197388555212e+01
2.158222223220585789e+01
2.155500471120103256e+01
2.146438507575926025e+01
2.074761317472657396e+01
1.981287797499405556e+01
1.973622739406132354e+01
1.969538173809300119e+01
1.917957328976275022e+01
1.911936693960999634e+01
1.908502713787113692e+01
1.900144482601800888e+01
1.896678492507723846e+01
1.890378117415781389e+01
1.887225161806330931e+01
1.840790238443475246e+01
1.831107614373200576e+01
1.827271499453835801e+01
1.818826520316905260e+01
1.731646567262655978e+01
1.701313821508178137e+01
1.633894122687710748e+01
1.630349542422793263e+01
1.627425954633684668e+01
1.537104181211608989e+01
1.521893180827497716e+01
1.517210356639378155e+01
1.514753710754188809e+01
1.511315013916762240e+01
1.503393158194491086e+01
1.500157857354517432e+01
1.491976380436873839e+01
1.489530389030413815e+01
1.419410687670591287e+01
1.350815194285794796e+01
1.334243166682459503e+01
1.322246449886597652e+01
1.317842411965447447e+01
1.313835753269659179e+01
1.310727030533984738e+01
