5.003914364292143822e+09
4.139140101509796619e+09
3.463062484541832924e+09
2.940215357932333946e+09
2.491191014929079056e+09
2.143721325275033236e+09
1.859033094829382181e+09
1.629079718545355082e+09
1.434592454802158356e+09
1.278230047668492794e+09
1.148835744513290882e+09
1.036281926528101206e+09
9.470730268868991137e+08
8.701264537248221636e+08
8.050446642204985619e+08
7.531584960047099590e+08
7.069786459530906677e+08
6.638303805262959003e+08
6.283302568702574968e+08
5.967888187238554955e+08
5.700025892526211739e+08
5.471156689153892994e+08
5.271435473594013453e+08
5.086693159198161960e+08
4.900723505861065984e+08
4.762416741409927607e+08
4.620466836550369263e+08
4.478015663961349726e+08
4.361276137859861255e+08
4.260932388561924696e+08
4.146715976697059870e+08
4.050843639498405457e+08
3.977152319281714559e+08
3.892116121338105202e+08
3.811712165373156071e+08
3.738324866087389588e+08
3.651049088573497534e+08
3.588019148374745846e+08
3.524430782094485164e+08
3.461894118464048505e+08
3.406573490508611202e+08
3.347505681650973558e+08
3.285549414037802219e+08
3.238546081212500334e+08
3.201244330470595360e+08
3.143253698207522631e+08
3.099972119996554255e+08
3.049169637432872057e+08
3.014827594220876694e+08
2.969573655239886642e+08
2.918599941714358330e+08
2.879175712579154372e+08
2.847423689043047428e+08
2.798529440534772277e+08
2.758929424169601798e+08
2.722769413688279390e+08
2.682503698029338419e+08
2.650809014859091938e+08
2.617033989098395705e+08
2.585970817751938701e+08
2.558939255690815449e+08
2.520989845373056531e+08
2.490051511408177614e+08
2.457540463059731722e+08
2.427605854750777483e+08
2.398557619998612106e+08
2.371559944309860170e+08
2.333902007387584150e+08
2.312711891453746855e+08
2.283186026418886185e+08
2.260496682280627489e+08
2.233826531837487817e+08
2.203677914957447350e+08
2.183199323318079710e+08
2.148599345412134230e+08
2.128125167185904980e+08
2.107501776689177752e+08
2.086854708907616436e+08
2.053653510492832661e+08
2.030171640660176873e+08
2.004874308136347532e+08
1.981877784125944972e+08
1.957810834235266447e+08
1.940160677550880909e+08
1.919122263492202759e+08
1.901265534562188983e+08
1.886779695644495487e+08
1.869832925470762253e+08
