5.563005838600508690e+09
4.642441354673882484e+09
3.911194341335000992e+09
3.323568114287807465e+09
2.833914324389746189e+09
2.434411901486523151e+09
2.127238929419189453e+09
1.849071747961344242e+09
1.640620963135264635e+09
1.465972616557402372e+09
1.317052862239253759e+09
1.190221927127893686e+09
1.091457974391113758e+09
1.008828091503499031e+09
9.311346595859599113e+08
8.756322226827616692e+08
8.199461427630738020e+08
7.712174572827991247e+08
7.318491777822983265e+08
7.026900868276040554e+08
6.736290921558362246e+08
6.485293446630722284e+08
6.260652228813829422e+08
6.082977787480413914e+08
5.853428892801580429e+08
5.683448992880635262e+08
5.500945579335272312e+08
5.336635898151665330e+08
5.207595428840455413e+08
5.066223008185605407e+08
4.934080984363923669e+08
4.827383858006302118e+08
4.710747153621354699e+08
4.613711137620137930e+08
4.528963332293139696e+08
4.444611381348494291e+08
4.361469687330545783e+08
4.258535371866624355e+08
4.174369043035644889e+08
4.082547247388877273e+08
4.020192127316028476e+08
3.941574127267338634e+08
3.873310076948168278e+08
3.795789883445503712e+08
3.734158616551114321e+08
3.671964466421244144e+08
3.605569157982918024e+08
3.550901710382969975e+08
3.487046677252074480e+08
3.422890515780563951e+08
3.377678422426594496e+08
3.331377220125595927e+08
3.267632063346466422e+08
3.231852712246691585e+08
3.177703170256214142e+08
3.142303292480193973e+08
3.094752141479823589e+08
3.047776340299282670e+08
3.014763315917226672e+08
2.983847765823799372e+08
2.955193125197333694e+08
2.922694136006416678e+08
2.884399331569305062e+08
2.858959504270708561e+08
2.821395283448929787e+08
2.785686073482307196e+08
2.756108865691381097e+08
2.711902050389782786e+08
2.675961323745293319e+08
2.643607407260631323e+08
2.604904118754301071e+08
2.577377064894042909e+08
2.540580342641185522e+08
2.508418252857086062e+08
2.473444367054866552e+08
2.444603512403948009e+08
2.416517347118783593e+08
2.387396581918069422e+08
2.357478586755746305e+08
2.326533415577722788e+08
2.298253193896256387e+08
2.266485326084717214e+08
2.242285783090242445e+08
2.214411271542997658e+08
2.185562932228034139e+08
2.155014045105906427e+08
2.131829175722411871e+08
2.114011603327201009e+08
2.094827873406744003e+08
2.070400048597776890e+08
2.051288209862621129e+08
2.023399992768180072e+08
2.005442449566226006e+08
1.983591843716534674e+08
1.970427096102139652e+08
1.948680554710580409e+08
1.928177273283296227e+08
1.913310499036936164e+08
1.897464126317512691e+08
1.880143540871625543e+08
