5.388516936837934494e+09
4.492961367860853195e+09
3.781563868244340420e+09
3.220106514977957726e+09
2.764391510521944523e+09
2.399926524534099102e+09
2.105544687811447859e+09
1.859001747648786068e+09
1.641573659275299549e+09
1.475919367281055927e+09
1.327070387374489546e+09
1.210302361586953640e+09
1.109917137896005392e+09
1.030641040630209684e+09
9.564078064032251835e+08
8.928929556969006062e+08
8.299208807608901262e+08
7.856681974573427439e+08
7.513410954519008398e+08
7.132990290770434141e+08
6.848422915675340891e+08
6.592607749334609509e+08
6.352938217231510878e+08
6.172076720504704714e+08
5.993120456275193691e+08
5.789142184455853701e+08
5.633991799320003986e+08
5.468720438487671614e+08
5.316891580537994504e+08
5.211805412360088229e+08
5.091701543396480083e+08
5.002274679666821957e+08
4.881991664977902174e+08
4.776703710280134678e+08
4.682681326930701733e+08
4.584968115345903039e+08
4.479885167841453552e+08
4.394616744677832127e+08
4.309134077302073836e+08
4.232861823509647846e+08
4.163259856933961511e+08
4.090876709205337763e+08
4.013454876611943841e+08
3.935984891638249755e+08
3.859017714038534164e+08
3.786587297925671339e+08
3.716153171181118488e+08
3.659045813165836930e+08
3.588147461977016330e+08
3.532276592691797018e+08
3.488936681376014352e+08
3.433573520146790147e+08
3.388003411707214713e+08
3.336159020368503928e+08
3.274938694381744266e+08
3.229463904179015160e+08
3.188857572699683905e+08
3.138426552800813913e+08
3.098851826925984621e+08
3.055717134770023823e+08
3.018577290452487469e+08
2.985322015469743609e+08
2.954219023790328503e+08
2.910124685214335918e+08
2.874513113851385713e+08
2.841651474288635254e+08
2.803771125036361217e+08
