7.714582093429802967e+01
6.620317243582780975e+01
5.674938902013143860e+01
4.900655045837866908e+01
4.268109609052752518e+01
3.782528124975038963e+01
3.504873816064058900e+01
3.245415806581105755e+01
3.051950877424964403e+01
2.865986620754679493e+01
2.733999412773648174e+01
2.658624833265648135e+01
2.570465468183483182e+01
2.499470785771449854e+01
2.445234581843510568e+01
2.408068334464011073e+01
2.379502644395588362e+01
2.345137604789010410e+01
2.314847021787815251e+01
2.287049593206275588e+01
2.263802954305635140e+01
2.237621813856363318e+01
2.214120763548838866e+01
2.197355875780613133e+01
2.188178176532139929e+01
2.175145567626477572e+01
2.157581037426608717e+01
2.138718544639425900e+01
2.132328818846561092e+01
2.122688009673050402e+01
2.104605780635986534e+01
2.101213518542820324e+01
2.094468425228683017e+01
2.078608418242707856e+01
2.059160043854507194e+01
2.050931583461663976e+01
2.039136138585055491e+01
2.034073653731163489e+01
2.021406108925371470e+01
2.015495719905503691e+01
2.007518433578179184e+01
1.996007440450224735e+01
1.988361324200934277e+01
1.973470246133248551e+01
1.968456403781974373e+01
1.960484617795451001e+01
1.948510395444732168e+01
1.939460582982076531e+01
1.928573216163031745e+01
1.923574654733383937e+01
1.914452744348846025e+01
1.904434363779230921e+01
1.898139836189155716e+01
1.890272485911466305e+01
1.883633436721457954e+01
1.877062591015077331e+01
1.870446041731871389e+01
1.866640764423542720e+01
1.859309347580439464e+01
1.852916691658634818e+01
1.851064431184815717e+01
1.845819930827094169e+01
1.839740995914555555e+01
1.832162789387290047e+01
1.825976339327809939e+01
1.819384351744071893e+01
1.812597832569849743e+01
1.807281779784652542e+01
1.798382718057677465e+01
1.796050857170136439e+01
1.791645694642734199e+01
1.782522520618226736e+01
1.776831041403695366e+01
1.769977072942582907e+01
1.765352643060602489e+01
1.758547655883163685e+01
1.751666205484396954e+01
1.748016026210991569e+01
1.741743872253162095e+01
1.737856665860292082e+01
1.732522475406609885e+01
1.724816626053079105e+01
1.722978502147980251e+01
1.720684440627934109e+01
1.716915510939269751e+01
1.709960769777628187e+01
1.707993378005414087e+01
1.699744753239829365e+01
1.694081710630301885e+01
1.688748223649790958e+01
1.685498775800549609e+01
1.677644101481992678e+01
1.670443152143649002e+01
1.667251651056707829e+01
1.662744476373915958e+01
1.659973831479506856e+01
1.655686425796850969e+01
1.649138282266381239e+01
1.643903641043015185e+01
1.639859215899829081e+01
