7.672762161556767069e+01
6.615705816598607214e+01
5.724966916314311760e+01
4.963994471869531822e+01
4.357818110041198878e+01
3.891865459040052144e+01
3.527877735947910764e+01
3.266763094678165658e+01
3.056072011934924859e+01
2.877676198700703125e+01
2.734387035869087512e+01
2.647466344580281827e+01
2.557239772451364601e+01
2.490061463372050810e+01
2.417115105135061981e+01
2.362738989603998618e+01
2.332848768273356654e+01
2.301519444034535056e+01
2.272513981685110451e+01
2.249742794097562637e+01
2.221109785715925611e+01
2.196794792511601813e+01
2.171154266802293975e+01
2.148310485977861717e+01
2.136729645668867406e+01
2.118428477243914188e+01
2.104149574405793288e+01
2.097637055897447667e+01
2.090713847197397968e+01
2.080020301418887740e+01
2.072479280480339270e+01
2.056617322120153446e+01
2.044280898228749876e+01
2.037335291215583766e+01
2.033434602274164149e+01
2.022929944010823888e+01
2.012535903138455851e+01
2.001688690634285095e+01
1.982735445720314971e+01
1.974589528764547808e+01
1.959951665984374358e+01
1.943022953536458530e+01
1.937481455617819393e+01
1.928538263821949883e+01
1.921614301269284297e+01
1.918387515570948665e+01
1.908488169706228277e+01
1.899549689490285331e+01
1.897344273419605898e+01
1.892106482633671760e+01
1.883104481251543660e+01
1.877273917255042335e+01
1.872735010971866387e+01
1.869888803393356369e+01
1.858759615884924088e+01
1.854097704947715641e+01
1.847644096027088167e+01
1.842445992017822576e+01
1.839251685865583497e+01
1.832995229167900675e+01
1.829010786423303614e+01
1.826262514419437011e+01
1.822943177230482803e+01
1.814595891302238329e+01
1.808266235002397693e+01
1.802310277123609339e+01
1.796992517123814892e+01
1.788799579050194311e+01
1.783060983836845281e+01
1.776698800990653027e+01
1.771719818919252631e+01
1.768161919509653046e+01
1.763643695958573332e+01
1.760464182270073152e+01
1.756135726632577132e+01
1.754026730575564486e+01
1.751895094267860742e+01
1.744266077680292781e+01
1.739723269901728742e+01
1.733593323759277993e+01
1.726405482013096915e+01
1.721679010951596922e+01
1.717674802134654755e+01
1.714112999669076132e+01
1.710512064512448660e+01
1.707484457495538166e+01
1.702798718920518795e+01
1.700804434187027425e+01
1.693406330447598052e+01
1.689110201884908236e+01
1.684736645132341337e+01
1.677353827593976021e+01
1.674544032187879239e+01
1.670849277955576184e+01
1.664484951053707817e+01
1.660741073649225896e+01
1.657061397359581534e+01
1.651040377280691374e+01
1.649129712031955108e+01
1.648068012124752357e+01
