7.750142967993608067e+01
6.601205403477811728e+01
5.688782287520529479e+01
5.008565685216051122e+01
4.392068703348002856e+01
3.928416588977258783e+01
3.595156231177166717e+01
3.342870315651156687e+01
3.153436641527750339e+01
2.957108875338971998e+01
2.823012862655438582e+01
2.755623974500841200e+01
2.660184608274662565e+01
2.593957520596907784e+01
2.537888350961732442e+01
2.482254080361762050e+01
2.441747547391559792e+01
2.407643313186031619e+01
2.377950419961938522e+01
2.346712073472357929e+01
2.325281341349906583e+01
2.300216333859878759e+01
2.280005026505971344e+01
2.251658026692409820e+01
2.231588448970395078e+01
2.216288184426840147e+01
2.198335306239987119e+01
2.191512836298999645e+01
2.171478637384359089e+01
2.155564774122110450e+01
2.143865221564847801e+01
2.139729407453118881e+01
2.123805743638997612e+01
2.115533142419051771e+01
2.108071967192794460e+01
2.091042438889589405e+01
2.080734213722204018e+01
2.077409690409013621e+01
2.065072232773470873e+01
2.058443749382333010e+01
2.045186567490062757e+01
2.035944119669754215e+01
2.026204628799559870e+01
2.017085600055515471e+01
2.007969984441463041e+01
2.000215584856451656e+01
1.994785926483072203e+01
1.985865926029833517e+01
1.981442972314746243e+01
1.975524200595872060e+01
1.967352384724077297e+01
1.961556713780998606e+01
1.954097916907977606e+01
1.951591431399400633e+01
1.944366146319500999e+01
1.932195266968569314e+01
1.928712898076037519e+01
1.925201347442580158e+01
1.919173534038164064e+01
1.913667629354414501e+01
1.906667085186150601e+01
1.900252031698863675e+01
1.895530433343725463e+01
1.891522871344534451e+01
1.889378439440848112e+01
1.886093954626734259e+01
1.879204380165732857e+01
1.872448314416788406e+01
1.867747128414282187e+01
1.860022158202983533e+01
1.856196792217937741e+01
1.849998115508058305e+01
1.846472982376138106e+01
1.839184298644738647e+01
1.834146893677332102e+01
1.827802871404352558e+01
1.824311639054427658e+01
1.818787443938180459e+01
1.815365207530979319e+01
1.807427065291676982e+01
1.801787166371380522e+01
1.794483178604955853e+01
1.790856028384644461e+01
1.782933552814724365e+01
1.777885977698159436e+01
1.772361658030319731e+01
1.764953318944367666e+01
1.759696765897678716e+01
1.755675471595438708e+01
1.753009763299429835e+01
1.750960689654109714e+01
1.745179448017003665e+01
1.738988829780519296e+01
1.733127332280747268e+01
1.728533216084523261e+01
1.725955323847886902e+01
1.721893331637452107e+01
1.720173875445359357e+01
1.715620168001042956e+01
1.711005162566320337e+01
