7.793939139462449361e+01
6.552797674307218756e+01
5.603015640167301115e+01
4.883583553587784820e+01
4.264999509048358561e+01
3.830707148671540807e+01
3.526735451400124077e+01
3.268222634371358026e+01
3.069371783803343945e+01
2.904464116154726483e+01
2.786138755058073002e+01
2.703115682108877849e+01
2.617109606102757269e+01
2.547487440377920365e+01
2.495541455748713133e+01
2.457078761580331872e+01
2.424399554110160082e+01
2.396814192654840525e+01
2.372610473055531344e+01
2.347387574815019562e+01
2.314304721763680206e+01
2.287875790885022553e+01
2.256539073752226798e+01
2.231416488051302593e+01
2.207639524825917832e+01
2.194833790522713812e+01
2.183625466435344364e+01
2.177339164568407881e+01
2.166097437590713781e+01
2.149042993241882726e+01
2.136616353401884183e+01
2.123937701032687997e+01
2.112152112946260019e+01
2.108230788086912355e+01
2.087751322297831891e+01
2.077806722029668407e+01
2.070604175052825724e+01
2.055539516293881874e+01
2.045877370029291242e+01
2.038158507457857738e+01
2.025994616927019010e+01
2.016998747322493557e+01
2.001850032669653245e+01
1.990963643807808481e+01
1.986277239353460544e+01
1.973727180937520842e+01
1.963454656419969169e+01
1.955154744807206413e+01
1.949209377011990441e+01
1.942071771716344486e+01
1.936224608882091758e+01
1.929243624964717796e+01
1.920826199009694335e+01
1.914897844884989553e+01
1.910381735579179363e+01
1.902300153928006665e+01
1.900186088268925744e+01
1.893281351688054315e+01
1.887647109942726331e+01
1.882250954262564591e+01
1.876445551059601158e+01
1.874289120739334535e+01
1.870254739835772284e+01
1.866382736141356702e+01
1.860980583177714820e+01
1.858307250581413328e+01
1.851701954123166516e+01
1.847661782067731551e+01
1.842419818283018529e+01
1.840667743270564216e+01
1.836569958699632465e+01
1.828512196511655219e+01
1.822978158257041059e+01
1.816647582522899285e+01
1.812437991237553803e+01
1.807180843613290122e+01
1.801466372533930382e+01
1.797015645014365504e+01
1.792385367204421343e+01
1.786333482204448231e+01
1.783315404657098213e+01
1.782014897218491001e+01
1.779407375824056814e+01
1.777047150079046389e+01
1.772156154673798412e+01
1.764550279917047249e+01
1.761744852087801050e+01
1.757206246977355590e+01
1.755652491978077379e+01
1.751381887318818542e+01
1.747028114685776501e+01
1.740575419761572107e+01
1.735616744051953120e+01
1.733056482511058860e+01
1.730699130321452373e+01
1.727652635642253287e+01
1.722489344857380544e+01
1.718235005909550850e+01
1.714959098090047007e+01
1.713048144886916901e+01
