1.463227008000000000e+09
6.500689280000000000e+08
1.137859840000000000e+09
8.929987200000000000e+08
1.301425024000000000e+09
1.054875968000000000e+09
1.379642752000000000e+09
7.338308480000000000e+08
8.957608960000000000e+08
7.335571200000000000e+08
8.940872320000000000e+08
7.301888640000000000e+08
1.216648832000000000e+09
5.705704960000000000e+08
8.137195520000000000e+08
1.060145728000000000e+09
8.108782080000000000e+08
6.529132160000000000e+08
1.460489856000000000e+09
8.955925760000000000e+08
9.775632000000000000e+08
1.054419008000000000e+09
1.298164224000000000e+09
9.742864640000000000e+08
1.298057600000000000e+09
9.745555200000000000e+08
8.936592640000000000e+08
8.956256000000000000e+08
1.299136896000000000e+09
1.218162304000000000e+09
7.307173760000000000e+08
1.134553856000000000e+09
1.055770880000000000e+09
9.733330560000000000e+08
9.714619520000000000e+08
1.131995520000000000e+09
1.131310720000000000e+09
6.484341760000000000e+08
9.694908160000000000e+08
5.667305600000000000e+08
7.260732160000000000e+08
9.639116800000000000e+08
1.201270528000000000e+09
9.600272000000000000e+08
8.005045760000000000e+08
1.190005248000000000e+09
9.478152320000000000e+08
1.099240192000000000e+09
1.326935808000000000e+09
1.161117824000000000e+09
6.948878080000000000e+08
9.159255680000000000e+08
9.040732800000000000e+08
8.194801280000000000e+08
1.253993600000000000e+09
6.575466880000000000e+08
6.666643200000000000e+08
1.041237696000000000e+09
4.902681600000000000e+08
9.064261120000000000e+08
8.197604480000000000e+08
1.190052480000000000e+09
8.731413760000000000e+08
8.417578240000000000e+08
8.965143040000000000e+08
6.331114880000000000e+08
1.003326400000000000e+09
9.831277440000000000e+08
5.798343040000000000e+08
8.253592320000000000e+08
7.198181760000000000e+08
8.678084480000000000e+08
7.521967360000000000e+08
8.090167040000000000e+08
8.808798080000000000e+08
7.378301440000000000e+08
7.881831040000000000e+08
8.328817280000000000e+08
7.875344640000000000e+08
1.059781504000000000e+09
5.793371520000000000e+08
9.589956480000000000e+08
9.727221760000000000e+08
7.257376000000000000e+08
6.541869440000000000e+08
7.869974400000000000e+08
5.176582400000000000e+08
8.036692480000000000e+08
7.203664000000000000e+08
6.107498880000000000e+08
8.703488000000000000e+08
8.181038720000000000e+08
1.210180608000000000e+09
9.736859520000000000e+08
6.802930560000000000e+08
8.780056320000000000e+08
6.874489600000000000e+08
7.792989440000000000e+08
6.122682240000000000e+08
5.449496960000000000e+08
3.365365440000000000e+08
6.281640960000000000e+08
6.965052800000000000e+08
9.860118400000000000e+08
7.046273920000000000e+08
1.097885952000000000e+09
7.497216640000000000e+08
6.445629440000000000e+08
7.979545600000000000e+08
9.259645440000000000e+08
5.108049600000000000e+08
9.879491200000000000e+08
8.580620160000000000e+08
5.102238400000000000e+08
6.570484480000000000e+08
6.373642880000000000e+08
4.402926720000000000e+08
5.594859520000000000e+08
6.345164160000000000e+08
8.034432640000000000e+08
5.222052800000000000e+08
7.431231360000000000e+08
7.068519680000000000e+08
7.412359040000000000e+08
1.154491392000000000e+09
7.581182720000000000e+08
6.587318400000000000e+08
6.607235840000000000e+08
5.642762240000000000e+08
6.451802880000000000e+08
6.071888000000000000e+08
4.712714240000000000e+08
5.782041600000000000e+08
4.826583040000000000e+08
7.673983360000000000e+08
7.915755520000000000e+08
4.457186240000000000e+08
7.986979840000000000e+08
1.145051264000000000e+09
8.343592320000000000e+08
7.464106240000000000e+08
5.987543680000000000e+08
7.433298560000000000e+08
6.276588160000000000e+08
3.689827840000000000e+08
7.051459840000000000e+08
8.212799360000000000e+08
8.682224000000000000e+08
6.775555840000000000e+08
5.574628480000000000e+08
7.816157440000000000e+08
5.827146880000000000e+08
1.064773376000000000e+09
6.365008640000000000e+08
4.290627200000000000e+08
6.996206080000000000e+08
5.932412800000000000e+08
6.849538560000000000e+08
6.786160000000000000e+08
6.599555840000000000e+08
6.795440000000000000e+08
5.747870080000000000e+08
5.727357440000000000e+08
6.919064320000000000e+08
5.433413120000000000e+08
6.641420800000000000e+08
6.767867520000000000e+08
7.953340800000000000e+08
5.960121600000000000e+08
7.229200640000000000e+08
5.684051200000000000e+08
6.360636160000000000e+08
6.408736640000000000e+08
5.474599680000000000e+08
8.332951680000000000e+08
5.479154560000000000e+08
6.887612160000000000e+08
4.243353280000000000e+08
6.399164800000000000e+08
6.728184960000000000e+08
6.820282240000000000e+08
5.851205120000000000e+08
6.437971840000000000e+08
7.818729600000000000e+08
4.759795200000000000e+08
6.506079360000000000e+08
7.681463040000000000e+08
5.581018240000000000e+08
7.290965120000000000e+08
5.845368320000000000e+08
7.648350080000000000e+08
4.832092160000000000e+08
5.366456000000000000e+08
5.143538240000000000e+08
5.048365440000000000e+08
6.550206720000000000e+08
5.944472960000000000e+08
5.647270400000000000e+08
8.515634560000000000e+08
6.121648000000000000e+08
8.237617280000000000e+08
5.699523200000000000e+08
4.997689600000000000e+08
4.901154880000000000e+08
6.246329600000000000e+08
5.951948160000000000e+08
4.433413760000000000e+08
2.944299520000000000e+08
4.329459200000000000e+08
6.210064640000000000e+08
5.290120320000000000e+08
6.244644480000000000e+08
5.922177920000000000e+08
3.394381760000000000e+08
5.053664000000000000e+08
6.836589440000000000e+08
4.196736960000000000e+08
6.918254720000000000e+08
5.540414080000000000e+08
6.321730560000000000e+08
5.925046400000000000e+08
4.217469760000000000e+08
6.193192960000000000e+08
3.920306880000000000e+08
4.805006720000000000e+08
5.146759680000000000e+08
4.168996800000000000e+08
4.765690240000000000e+08
6.747783680000000000e+08
5.782895360000000000e+08
5.773443200000000000e+08
4.144437440000000000e+08
6.844321920000000000e+08
3.015251840000000000e+08
3.456980800000000000e+08
5.276383360000000000e+08
7.321426560000000000e+08
4.810520960000000000e+08
2.639616480000000000e+08
3.295304000000000000e+08
4.853048000000000000e+08
5.677587200000000000e+08
4.703494720000000000e+08
5.826096640000000000e+08
3.376727040000000000e+08
4.902680640000000000e+08
5.249546560000000000e+08
4.200204160000000000e+08
3.463450240000000000e+08
4.800510720000000000e+08
3.855172800000000000e+08
4.338868800000000000e+08
4.882810880000000000e+08
4.233154560000000000e+08
4.386740480000000000e+08
3.661439040000000000e+08
3.136403840000000000e+08
5.294023680000000000e+08
3.648649280000000000e+08
3.619258240000000000e+08
2.670492320000000000e+08
4.136233280000000000e+08
5.044455360000000000e+08
5.210323840000000000e+08
2.634939520000000000e+08
3.668144320000000000e+08
4.231167360000000000e+08
2.759917120000000000e+08
3.099469760000000000e+08
3.675585920000000000e+08
2.829034560000000000e+08
3.939566720000000000e+08
2.641003200000000000e+08
3.485764800000000000e+08
3.620005760000000000e+08
2.958450560000000000e+08
1.982050400000000000e+08
2.969579520000000000e+08
2.378287200000000000e+08
2.166671840000000000e+08
3.396778880000000000e+08
3.157602240000000000e+08
2.428697600000000000e+08
2.041322400000000000e+08
2.781392960000000000e+08
2.310907840000000000e+08
1.778028960000000000e+08
2.515317120000000000e+08
2.884152320000000000e+08
2.551476960000000000e+08
1.977116000000000000e+08
2.506175520000000000e+08
1.394636800000000000e+08
1.899737440000000000e+08
2.296873920000000000e+08
2.554312800000000000e+08
1.646378240000000000e+08
1.604035520000000000e+08
1.607824000000000000e+08
1.469655680000000000e+08
1.152175760000000000e+08
1.886732160000000000e+08
1.132424960000000000e+08
1.672836480000000000e+08
1.271366640000000000e+08
1.118663360000000000e+08
1.451995840000000000e+08
1.488064800000000000e+08
9.920390400000000000e+07
9.666505600000000000e+07
1.587417120000000000e+08
2.593134880000000000e+08
1.219004560000000000e+08
1.051816880000000000e+08
1.396833600000000000e+08
8.703424000000000000e+07
2.093482560000000000e+08
1.049307520000000000e+08
1.219776080000000000e+08
8.969179200000000000e+07
1.068784400000000000e+08
5.638045200000000000e+07
9.335399200000000000e+07
6.780087200000000000e+07
5.728888400000000000e+07
1.175488960000000000e+08
1.433745600000000000e+08
7.700091200000000000e+07
4.518118400000000000e+07
7.713697600000000000e+07
4.952868000000000000e+07
1.836003040000000000e+08
6.956717600000000000e+07
7.303267200000000000e+07
4.965611200000000000e+07
6.830364800000000000e+07
9.984575200000000000e+07
3.725340400000000000e+07
5.275529600000000000e+07
5.134041600000000000e+07
1.011182560000000000e+08
7.727864000000000000e+07
5.839327200000000000e+07
1.107736080000000000e+08
8.644670400000000000e+07
5.397186400000000000e+07
7.023846400000000000e+07
9.687048800000000000e+07
5.781942800000000000e+07
5.082085200000000000e+07
6.642892800000000000e+07
5.321785600000000000e+07
9.851089600000000000e+07
5.319246000000000000e+07
4.416943200000000000e+07
8.969819200000000000e+07
7.553374400000000000e+07
1.096445360000000000e+08
3.248372200000000000e+07
1.118188240000000000e+08
7.050048800000000000e+07
3.237901200000000000e+07
7.810376000000000000e+07
1.072384480000000000e+08
1.005062400000000000e+08
9.116426400000000000e+07
7.428471200000000000e+07
5.452680800000000000e+07
6.822124800000000000e+07
5.382548000000000000e+07
6.186245600000000000e+07
7.353918400000000000e+07
6.924401600000000000e+07
5.636155200000000000e+07
7.083777600000000000e+07
3.401202000000000000e+07
8.210420800000000000e+07
5.074533200000000000e+07
5.134251200000000000e+07
3.280957800000000000e+07
6.015828400000000000e+07
9.463724800000000000e+07
7.453968000000000000e+07
5.647727200000000000e+07
7.119054400000000000e+07
7.173428000000000000e+07
1.334780560000000000e+08
5.660510400000000000e+07
4.391642400000000000e+07
7.968165600000000000e+07
6.822472000000000000e+07
6.320542000000000000e+07
3.642720000000000000e+07
5.644404400000000000e+07
4.586952000000000000e+07
5.011892800000000000e+07
7.502668000000000000e+07
8.385824000000000000e+07
4.987668000000000000e+07
1.174016160000000000e+08
6.935336000000000000e+07
2.553250600000000000e+07
6.609902400000000000e+07
6.249870800000000000e+07
4.049967200000000000e+07
8.658740800000000000e+07
4.320208800000000000e+07
3.125031600000000000e+07
7.982753600000000000e+07
6.355708800000000000e+07
6.349033600000000000e+07
9.443572800000000000e+07
6.229816400000000000e+07
5.128310800000000000e+07
4.578352800000000000e+07
4.649668000000000000e+07
5.443199200000000000e+07
6.005294400000000000e+07
3.695892400000000000e+07
7.511368000000000000e+07
5.013140800000000000e+07
1.128766640000000000e+08
4.850735600000000000e+07
3.146271200000000000e+07
5.633586400000000000e+07
5.920008000000000000e+07
3.653436400000000000e+07
5.345753600000000000e+07
6.543777200000000000e+07
4.233715200000000000e+07
6.061394400000000000e+07
8.193927200000000000e+07
3.736569200000000000e+07
3.231565600000000000e+07
6.926159200000000000e+07
5.925644000000000000e+07
2.827760200000000000e+07
4.203128800000000000e+07
5.777479200000000000e+07
5.241514400000000000e+07
7.086676800000000000e+07
7.620499200000000000e+07
5.519536000000000000e+07
4.351938800000000000e+07
4.337220800000000000e+07
8.090232800000000000e+07
4.635214400000000000e+07
7.361252800000000000e+07
4.688703200000000000e+07
2.684458000000000000e+07
6.727921600000000000e+07
8.076131200000000000e+07
6.606987200000000000e+07
3.702100000000000000e+07
5.487731200000000000e+07
7.657779200000000000e+07
2.499884000000000000e+07
5.259463200000000000e+07
7.809532800000000000e+07
1.168983600000000000e+08
7.324563200000000000e+07
2.941809600000000000e+07
2.497590800000000000e+07
1.328614800000000000e+07
4.793431600000000000e+07
4.495912000000000000e+07
2.466096000000000000e+07
5.791633600000000000e+07
5.226425200000000000e+07
3.647520800000000000e+07
3.499534400000000000e+07
6.745830400000000000e+07
4.733273600000000000e+07
3.437177200000000000e+07
4.961997200000000000e+07
6.125552800000000000e+07
4.812396000000000000e+07
3.797635600000000000e+07
6.131450400000000000e+07
1.247944240000000000e+08
5.015608800000000000e+07
3.192947800000000000e+07
3.669620000000000000e+07
4.490767200000000000e+07
3.810536000000000000e+07
4.100845200000000000e+07
8.317798400000000000e+07
7.173488800000000000e+07
4.691484000000000000e+07
4.186925600000000000e+07
4.736401600000000000e+07
4.776938000000000000e+07
6.093466000000000000e+07
5.651614400000000000e+07
3.645972000000000000e+07
3.827896000000000000e+07
3.949882400000000000e+07
4.500567200000000000e+07
1.079852640000000000e+08
3.831060800000000000e+07
4.058936000000000000e+07
7.813936000000000000e+07
3.495653600000000000e+07
1.908543600000000000e+07
5.178142400000000000e+07
5.325978400000000000e+07
3.021828400000000000e+07
5.497532000000000000e+07
5.293309600000000000e+07
4.467354800000000000e+07
3.030768000000000000e+07
4.107005600000000000e+07
8.162817600000000000e+07
2.948830800000000000e+07
5.649568000000000000e+07
7.450990400000000000e+07
2.110696400000000000e+07
4.494639600000000000e+07
3.630431200000000000e+07
4.263992000000000000e+07
6.478793600000000000e+07
3.669308000000000000e+07
7.616417600000000000e+07
4.431156000000000000e+07
2.754107000000000000e+07
2.719771000000000000e+07
4.699748800000000000e+07
4.282049600000000000e+07
7.066906400000000000e+07
3.260981200000000000e+07
4.053590000000000000e+07
6.913352000000000000e+07
4.533341600000000000e+07
3.434392800000000000e+07
6.736158400000000000e+07
3.202909200000000000e+07
4.585097200000000000e+07
5.117996400000000000e+07
6.195445600000000000e+07
4.806521200000000000e+07
4.764387600000000000e+07
2.777389000000000000e+07
2.183285400000000000e+07
2.539774200000000000e+07
3.342466200000000000e+07
1.224702960000000000e+08
5.230240000000000000e+07
3.040672000000000000e+07
4.231388800000000000e+07
5.979158800000000000e+07
5.184175200000000000e+07
8.605081600000000000e+07
2.936424600000000000e+07
4.963680400000000000e+07
3.478161600000000000e+07
2.141740400000000000e+07
4.736741600000000000e+07
4.632136800000000000e+07
6.483711600000000000e+07
4.747098400000000000e+07
4.117741600000000000e+07
3.459860400000000000e+07
5.361746800000000000e+07
3.517614400000000000e+07
3.165615600000000000e+07
1.288318720000000000e+08
4.714673600000000000e+07
5.269927200000000000e+07
4.111161600000000000e+07
2.794609400000000000e+07
2.163308400000000000e+07
1.939014600000000000e+07
4.950840800000000000e+07
4.287757600000000000e+07
6.260042000000000000e+07
4.911053200000000000e+07
3.195168800000000000e+07
2.685284000000000000e+07
3.312341600000000000e+07
5.293786400000000000e+07
2.636299200000000000e+07
5.818502000000000000e+07
5.616947200000000000e+07
1.010622560000000000e+08
3.574235200000000000e+07
5.114257600000000000e+07
7.642967200000000000e+07
3.998716800000000000e+07
2.022792000000000000e+07
4.943216800000000000e+07
4.310009600000000000e+07
2.345861600000000000e+07
3.492586400000000000e+07
3.908900400000000000e+07
5.582443200000000000e+07
4.733744000000000000e+07
3.741599600000000000e+07
4.747071200000000000e+07
4.141879200000000000e+07
4.696763600000000000e+07
8.635306400000000000e+07
6.259889600000000000e+07
3.452458400000000000e+07
1.767507400000000000e+07
2.452533000000000000e+07
3.766202400000000000e+07
5.529575200000000000e+07
3.719116800000000000e+07
3.085122400000000000e+07
1.096406900000000000e+07
5.434256800000000000e+07
4.018405600000000000e+07
4.686886000000000000e+07
7.837017600000000000e+07
3.418820000000000000e+07
2.886973600000000000e+07
6.514934400000000000e+07
1.836060800000000000e+07
2.673599600000000000e+07
3.918663200000000000e+07
4.354307200000000000e+07
4.559840800000000000e+07
4.250872000000000000e+07
2.396688400000000000e+07
3.466508800000000000e+07
3.530882000000000000e+07
2.973672000000000000e+07
3.632741600000000000e+07
5.048258800000000000e+07
3.664609600000000000e+07
1.647019400000000000e+07
5.522912400000000000e+07
2.577746800000000000e+07
3.718486800000000000e+07
5.972911200000000000e+07
9.264044800000000000e+07
6.887958400000000000e+07
8.141388800000000000e+07
3.565278000000000000e+07
4.013202000000000000e+07
5.229406400000000000e+07
2.459492000000000000e+07
2.893497200000000000e+07
4.488197600000000000e+07
7.537460000000000000e+07
2.695713400000000000e+07
3.870660000000000000e+07
2.884402400000000000e+07
4.637549600000000000e+07
4.501292000000000000e+07
5.213488000000000000e+07
5.260420800000000000e+07
3.605075200000000000e+07
2.454915200000000000e+07
2.781661200000000000e+07
2.502636400000000000e+07
1.247041440000000000e+08
3.591096800000000000e+07
3.279797600000000000e+07
5.115274400000000000e+07
4.166204000000000000e+07
2.900350400000000000e+07
3.912657600000000000e+07
5.840939200000000000e+07
4.262380800000000000e+07
4.514940000000000000e+07
2.563452800000000000e+07
4.947602000000000000e+07
2.488563200000000000e+07
4.163938400000000000e+07
2.867829200000000000e+07
2.937372400000000000e+07
4.010005600000000000e+07
2.788113800000000000e+07
4.997484400000000000e+07
7.977027200000000000e+07
3.689743200000000000e+07
2.486182000000000000e+07
3.799254000000000000e+07
2.676085200000000000e+07
1.992992000000000000e+07
4.259899200000000000e+07
5.531535200000000000e+07
4.381237600000000000e+07
6.806555200000000000e+07
4.710515200000000000e+07
5.977955600000000000e+07
4.498822400000000000e+07
7.154960000000000000e+07
6.380118400000000000e+07
5.999888800000000000e+07
3.716895200000000000e+07
3.631477600000000000e+07
2.085073600000000000e+07
3.051300400000000000e+07
1.210629200000000000e+07
3.443936800000000000e+07
3.618299600000000000e+07
6.087229600000000000e+07
3.750371200000000000e+07
3.575901200000000000e+07
3.203866400000000000e+07
3.569106400000000000e+07
4.690784400000000000e+07
4.537608000000000000e+07
3.590866400000000000e+07
2.870776000000000000e+07
2.122892800000000000e+07
5.685902400000000000e+07
2.771206800000000000e+07
3.616582000000000000e+07
4.683942800000000000e+07
1.145271200000000000e+08
4.008690400000000000e+07
4.982789600000000000e+07
2.624708200000000000e+07
1.064868400000000000e+08
3.037735200000000000e+07
4.230758400000000000e+07
2.635354400000000000e+07
2.446965400000000000e+07
2.746287000000000000e+07
3.707262800000000000e+07
3.922268400000000000e+07
4.916344000000000000e+07
4.158004800000000000e+07
4.556600400000000000e+07
4.765016000000000000e+07
3.885319600000000000e+07
2.728913400000000000e+07
4.292621600000000000e+07
2.368872000000000000e+07
2.441556800000000000e+07
3.120654000000000000e+07
1.047109440000000000e+08
2.611422400000000000e+07
5.380023200000000000e+07
2.832363200000000000e+07
3.327352000000000000e+07
3.225774800000000000e+07
4.118136800000000000e+07
2.299119800000000000e+07
3.524523600000000000e+07
3.490824000000000000e+07
8.755952000000000000e+07
1.801416600000000000e+07
3.725418000000000000e+07
3.567853600000000000e+07
2.453996400000000000e+07
4.700608800000000000e+07
3.800681200000000000e+07
4.135421600000000000e+07
2.608284000000000000e+07
3.661491200000000000e+07
5.328394000000000000e+07
3.052687600000000000e+07
2.384173800000000000e+07
3.551412800000000000e+07
5.393144400000000000e+07
1.846116800000000000e+07
1.091739520000000000e+08
2.399038200000000000e+07
2.552595200000000000e+07
5.143124400000000000e+07
3.605497600000000000e+07
4.002912800000000000e+07
1.775681000000000000e+07
2.780260400000000000e+07
3.653987200000000000e+07
8.321810400000000000e+07
5.591516000000000000e+07
3.164528400000000000e+07
4.148093200000000000e+07
2.261341600000000000e+07
4.028222400000000000e+07
3.043067000000000000e+07
1.750198800000000000e+07
3.743290000000000000e+07
3.203775800000000000e+07
1.834447200000000000e+07
2.732909400000000000e+07
3.241592000000000000e+07
2.806375600000000000e+07
2.941803000000000000e+07
1.010036160000000000e+08
4.063696000000000000e+07
3.107318400000000000e+07
3.074058400000000000e+07
2.529578800000000000e+07
2.199343400000000000e+07
4.249449600000000000e+07
3.254005200000000000e+07
2.242879200000000000e+07
2.814756000000000000e+07
4.325612800000000000e+07
4.567489200000000000e+07
2.912092000000000000e+07
3.596531200000000000e+07
8.078600000000000000e+07
5.236550400000000000e+07
3.138063400000000000e+07
2.576443000000000000e+07
1.830219800000000000e+07
3.288718400000000000e+07
2.048352800000000000e+07
3.383301200000000000e+07
2.540432000000000000e+07
1.483182200000000000e+07
3.027223200000000000e+07
2.258424800000000000e+07
8.608668000000000000e+07
3.052195200000000000e+07
2.584506000000000000e+07
3.385287200000000000e+07
3.288536800000000000e+07
4.895983600000000000e+07
3.024268600000000000e+07
4.025447200000000000e+07
3.082568200000000000e+07
8.382683200000000000e+07
3.196472200000000000e+07
2.904586400000000000e+07
3.101964800000000000e+07
2.623614400000000000e+07
3.889636400000000000e+07
2.667454000000000000e+07
2.823206000000000000e+07
2.486298000000000000e+07
3.065405400000000000e+07
3.770670400000000000e+07
4.014670400000000000e+07
5.848208800000000000e+07
1.082344200000000000e+07
1.700676800000000000e+07
9.034824000000000000e+07
4.274364400000000000e+07
3.813531600000000000e+07
3.265901200000000000e+07
2.432817200000000000e+07
2.173348800000000000e+07
3.844221600000000000e+07
3.340945400000000000e+07
1.952232800000000000e+07
4.036609200000000000e+07
4.513242400000000000e+07
4.274004000000000000e+07
1.365289800000000000e+07
2.827447200000000000e+07
3.115993000000000000e+07
3.469264800000000000e+07
3.251240800000000000e+07
8.134597600000000000e+07
2.697660200000000000e+07
2.660297200000000000e+07
4.745208800000000000e+07
1.096516880000000000e+08
1.814901200000000000e+07
3.003705400000000000e+07
7.419929600000000000e+07
2.979336000000000000e+07
2.855862400000000000e+07
3.951176000000000000e+07
3.289934000000000000e+07
3.352598400000000000e+07
2.034028400000000000e+07
4.024141600000000000e+07
5.708651200000000000e+07
2.801284400000000000e+07
4.035636400000000000e+07
4.566619600000000000e+07
1.503514400000000000e+07
3.758185600000000000e+07
1.474480300000000000e+07
2.420095400000000000e+07
1.995684200000000000e+07
2.431298800000000000e+07
1.077304240000000000e+08
2.983409800000000000e+07
2.132967400000000000e+07
5.409639200000000000e+07
2.477233200000000000e+07
2.973608200000000000e+07
4.233630400000000000e+07
2.278958600000000000e+07
2.515349200000000000e+07
7.247480000000000000e+07
3.837138400000000000e+07
3.028934200000000000e+07
3.478594400000000000e+07
3.954062400000000000e+07
3.120692000000000000e+07
3.875846000000000000e+07
1.954069600000000000e+07
1.844692600000000000e+07
2.412593600000000000e+07
2.500898400000000000e+07
4.734858000000000000e+07
6.644693600000000000e+07
3.419114000000000000e+07
3.190527800000000000e+07
2.234935200000000000e+07
3.953539200000000000e+07
2.390044800000000000e+07
2.437966400000000000e+07
3.909882000000000000e+07
2.051390200000000000e+07
2.231596400000000000e+07
3.151638600000000000e+07
4.508718400000000000e+07
3.209525000000000000e+07
2.584774000000000000e+07
3.102379400000000000e+07
3.094824000000000000e+07
1.970243800000000000e+07
1.518191700000000000e+07
2.447692800000000000e+07
4.045384000000000000e+07
3.745966000000000000e+07
2.023703400000000000e+07
3.105597000000000000e+07
3.019934000000000000e+07
3.111528600000000000e+07
1.055104880000000000e+08
2.027958400000000000e+07
3.286612000000000000e+07
2.501458200000000000e+07
1.660719400000000000e+07
2.881487200000000000e+07
4.793320800000000000e+07
7.729461600000000000e+07
2.351341000000000000e+07
1.652683200000000000e+07
2.873730800000000000e+07
3.586924000000000000e+07
4.896532800000000000e+07
3.131555800000000000e+07
2.348151000000000000e+07
3.530237200000000000e+07
3.201130400000000000e+07
3.355423800000000000e+07
7.689321600000000000e+07
2.685815400000000000e+07
2.133451800000000000e+07
3.113104600000000000e+07
3.740703200000000000e+07
3.008526800000000000e+07
1.531481800000000000e+07
3.692258400000000000e+07
2.044219400000000000e+07
4.643168800000000000e+07
2.583805200000000000e+07
1.781437000000000000e+07
6.351253600000000000e+07
8.256972800000000000e+07
3.626840000000000000e+07
2.645612000000000000e+07
2.812376400000000000e+07
2.005904800000000000e+07
5.125285600000000000e+07
1.527665400000000000e+07
2.424800600000000000e+07
2.717219600000000000e+07
2.611039800000000000e+07
2.996820800000000000e+07
2.213741000000000000e+07
3.593002800000000000e+07
2.184895400000000000e+07
2.196410000000000000e+07
1.819934800000000000e+07
1.752865600000000000e+07
5.848275200000000000e+07
2.178427600000000000e+07
2.966972200000000000e+07
3.637822400000000000e+07
3.151664000000000000e+07
3.139088800000000000e+07
8.138505600000000000e+07
3.425341600000000000e+07
2.588215200000000000e+07
2.258270400000000000e+07
3.247072000000000000e+07
1.757658800000000000e+07
3.988142400000000000e+07
3.683666400000000000e+07
4.142001200000000000e+07
2.885932000000000000e+07
3.846454000000000000e+07
4.465899200000000000e+07
2.607014400000000000e+07
2.456281200000000000e+07
5.076163200000000000e+07
2.701795400000000000e+07
2.338430400000000000e+07
1.668501500000000000e+07
3.227384400000000000e+07
9.695283200000000000e+07
3.019795200000000000e+07
2.049417000000000000e+07
3.289107800000000000e+07
2.729182800000000000e+07
3.480712000000000000e+07
3.019623800000000000e+07
2.770173200000000000e+07
2.827006800000000000e+07
2.168154000000000000e+07
2.262667200000000000e+07
2.499386800000000000e+07
2.165897800000000000e+07
3.829248800000000000e+07
3.098727600000000000e+07
2.909181200000000000e+07
2.193368000000000000e+07
8.613875200000000000e+07
3.902929600000000000e+07
3.952942000000000000e+07
1.150099100000000000e+07
2.927220400000000000e+07
7.810907200000000000e+07
2.759861400000000000e+07
4.181236000000000000e+07
2.032448800000000000e+07
5.162832800000000000e+07
2.253960000000000000e+07
3.173944000000000000e+07
2.297585400000000000e+07
3.074089800000000000e+07
3.000242400000000000e+07
2.382416000000000000e+07
3.022668000000000000e+07
1.790147200000000000e+07
2.273525400000000000e+07
7.756372800000000000e+07
1.529556000000000000e+07
3.438518000000000000e+07
3.010704600000000000e+07
3.977305600000000000e+07
3.022196200000000000e+07
3.515329200000000000e+07
3.363195200000000000e+07
1.908671200000000000e+07
2.465126200000000000e+07
4.086940800000000000e+07
2.248749000000000000e+07
3.774947200000000000e+07
2.127034200000000000e+07
2.399686400000000000e+07
2.033476000000000000e+07
1.665080600000000000e+07
3.012872200000000000e+07
3.512729600000000000e+07
3.603534000000000000e+07
7.200668800000000000e+07
2.707174800000000000e+07
2.826348600000000000e+07
2.152719600000000000e+07
3.218570200000000000e+07
1.669383200000000000e+07
2.574282000000000000e+07
2.879139200000000000e+07
4.552029600000000000e+07
6.300486400000000000e+07
2.278357600000000000e+07
2.025235600000000000e+07
2.156142400000000000e+07
3.485392400000000000e+07
5.008356800000000000e+07
1.966678600000000000e+07
2.309821600000000000e+07
2.939481600000000000e+07
2.455337800000000000e+07
2.372801600000000000e+07
2.128477600000000000e+07
7.955494400000000000e+07
2.924456200000000000e+07
2.810032000000000000e+07
2.484028800000000000e+07
3.252788400000000000e+07
3.510702400000000000e+07
2.083575000000000000e+07
2.715814800000000000e+07
3.001185000000000000e+07
2.531237600000000000e+07
5.751233600000000000e+07
3.846046800000000000e+07
3.995829600000000000e+07
1.693486000000000000e+07
2.197221600000000000e+07
3.062800000000000000e+07
3.315859000000000000e+07
2.078948400000000000e+07
3.376550400000000000e+07
3.338743600000000000e+07
2.199749600000000000e+07
3.012590400000000000e+07
1.746478400000000000e+07
2.742551400000000000e+07
3.385695600000000000e+07
1.762154400000000000e+07
1.969719800000000000e+07
3.263088200000000000e+07
2.178828400000000000e+07
1.657695400000000000e+07
2.076902200000000000e+07
1.033149280000000000e+08
3.352657600000000000e+07
2.023690000000000000e+07
1.993106400000000000e+07
2.648226000000000000e+07
2.699242800000000000e+07
3.108994200000000000e+07
2.114065400000000000e+07
4.171275600000000000e+07
2.736598200000000000e+07
1.953236000000000000e+07
7.510620800000000000e+07
2.691709400000000000e+07
1.788108400000000000e+07
4.167398800000000000e+07
1.673852900000000000e+07
2.116037200000000000e+07
1.952152000000000000e+07
2.646950400000000000e+07
5.857867200000000000e+07
2.950272200000000000e+07
5.238066400000000000e+07
3.393898000000000000e+07
2.341078000000000000e+07
4.196988800000000000e+07
2.780955200000000000e+07
3.277984400000000000e+07
3.686942800000000000e+07
2.975390800000000000e+07
3.044369600000000000e+07
2.113401600000000000e+07
2.442802800000000000e+07
2.748537600000000000e+07
9.927003000000000000e+06
2.073137200000000000e+07
2.364652800000000000e+07
2.841370800000000000e+07
2.216456000000000000e+07
5.044740800000000000e+07
3.949394800000000000e+07
1.060593040000000000e+08
2.669866600000000000e+07
2.620013400000000000e+07
2.331505200000000000e+07
2.614796000000000000e+07
3.576866000000000000e+07
2.474200800000000000e+07
1.791437200000000000e+07
2.336647600000000000e+07
3.517935200000000000e+07
2.778343600000000000e+07
2.759049600000000000e+07
1.513402800000000000e+07
9.909894400000000000e+07
5.332780000000000000e+07
2.823956000000000000e+07
2.877846800000000000e+07
4.209475200000000000e+07
2.793655600000000000e+07
2.859272400000000000e+07
3.076512600000000000e+07
1.480512200000000000e+07
3.543728400000000000e+07
1.919789600000000000e+07
9.983692000000000000e+07
2.668372000000000000e+07
2.325839200000000000e+07
2.319407200000000000e+07
2.445945200000000000e+07
2.781107600000000000e+07
3.358634400000000000e+07
2.476515200000000000e+07
2.310348000000000000e+07
2.941980400000000000e+07
1.739030800000000000e+07
3.217855400000000000e+07
2.514024400000000000e+07
8.583779200000000000e+07
1.544265100000000000e+07
2.861143800000000000e+07
3.383109600000000000e+07
2.028905600000000000e+07
2.221355600000000000e+07
2.403244600000000000e+07
7.999128000000000000e+07
2.994059000000000000e+07
2.503593000000000000e+07
2.746951600000000000e+07
2.458540000000000000e+07
2.866520000000000000e+07
2.600270400000000000e+07
2.798536000000000000e+07
1.931827600000000000e+07
2.254759200000000000e+07
1.885886400000000000e+07
2.782994800000000000e+07
2.501153400000000000e+07
2.654927200000000000e+07
1.582159900000000000e+07
3.885157200000000000e+07
1.835888400000000000e+07
2.272819400000000000e+07
2.167775400000000000e+07
1.927892400000000000e+07
2.531150000000000000e+07
1.012557040000000000e+08
1.729067000000000000e+07
2.282422400000000000e+07
3.805700800000000000e+07
2.251042800000000000e+07
2.733127000000000000e+07
8.948189600000000000e+07
2.737961200000000000e+07
2.486387000000000000e+07
4.611150000000000000e+07
1.650783200000000000e+07
3.113643600000000000e+07
2.556851200000000000e+07
3.031098600000000000e+07
1.952297600000000000e+07
1.733466000000000000e+07
3.238214600000000000e+07
2.575980000000000000e+07
2.391460600000000000e+07
3.030876800000000000e+07
2.362316000000000000e+07
2.094399200000000000e+07
1.672541600000000000e+07
3.168331400000000000e+07
2.918744600000000000e+07
2.165116800000000000e+07
9.027353600000000000e+07
2.646419200000000000e+07
2.170288800000000000e+07
2.470027000000000000e+07
3.262529600000000000e+07
1.882156400000000000e+07
1.977243200000000000e+07
1.837993200000000000e+07
8.630606400000000000e+07
3.418036000000000000e+07
2.126365800000000000e+07
2.576169400000000000e+07
2.663806000000000000e+07
2.039556800000000000e+07
1.860064400000000000e+07
2.400745200000000000e+07
1.854759800000000000e+07
2.544284200000000000e+07
3.052543200000000000e+07
3.744730400000000000e+07
1.402877000000000000e+07
8.526475200000000000e+07
4.238711200000000000e+07
3.262934400000000000e+07
1.864642200000000000e+07
2.449079600000000000e+07
8.267212500000000000e+06
3.053185600000000000e+07
1.334660700000000000e+07
3.790944000000000000e+07
2.227529600000000000e+07
2.917605600000000000e+07
4.323137600000000000e+07
1.940039200000000000e+07
8.233321600000000000e+07
2.862496400000000000e+07
2.718709200000000000e+07
2.105194000000000000e+07
1.950810800000000000e+07
3.377071200000000000e+07
2.767185200000000000e+07
1.685404800000000000e+07
3.033728400000000000e+07
2.045221600000000000e+07
8.639472800000000000e+07
3.539533200000000000e+07
1.889769200000000000e+07
2.105916800000000000e+07
2.123784800000000000e+07
2.857489400000000000e+07
2.369160400000000000e+07
2.289531200000000000e+07
2.449834800000000000e+07
2.197382000000000000e+07
7.728380800000000000e+07
2.360774400000000000e+07
2.777251600000000000e+07
3.841675600000000000e+07
1.969788600000000000e+07
6.335562400000000000e+07
2.928643600000000000e+07
2.305325600000000000e+07
2.477627200000000000e+07
1.815740400000000000e+07
2.373714800000000000e+07
1.658779600000000000e+07
