9.458503000000000327e+01
8.860955800000000693e+01
8.301817300000000444e+01
7.778667400000000498e+01
7.289227300000000298e+01
6.831378899999999987e+01
6.403125799999999401e+01
6.002615699999999777e+01
5.628099399999999974e+01
5.277959400000000301e+01
4.950663000000000125e+01
4.644796000000000191e+01
4.359017899999999912e+01
4.092092499999999688e+01
3.842847799999999836e+01
3.610203899999999777e+01
3.393134299999999826e+01
3.190696700000000163e+01
3.001992999999999867e+01
2.826199499999999887e+01
2.662203799999999987e+01
2.509652900000000031e+01
2.367863499999999988e+01
2.236194400000000115e+01
2.114044399999999868e+01
2.000848200000000077e+01
1.896075199999999938e+01
1.799224699999999899e+01
1.709822799999999887e+01
1.627115399999999923e+01
1.551229999999999976e+01
1.481200600000000023e+01
1.416959600000000030e+01
1.358068600000000004e+01
1.303985199999999978e+01
1.255062599999999939e+01
1.210343600000000031e+01
1.169385499999999922e+01
1.132357799999999948e+01
1.099038799999999938e+01
1.068561099999999975e+01
1.041405299999999912e+01
1.016787599999999969e+01
9.945382999999999640e+00
9.748302000000000689e+00
9.571042999999999523e+00
9.413010999999999129e+00
9.270046000000000674e+00
9.141417999999999822e+00
9.028727999999999199e+00
8.927711000000000396e+00
8.838428000000000395e+00
8.756818000000000879e+00
8.685525999999999414e+00
8.622555000000000192e+00
8.566387000000000640e+00
8.514402999999999722e+00
8.469725000000000392e+00
8.429660000000000153e+00
8.394524000000000541e+00
8.361558000000000490e+00
8.333334000000000685e+00
8.308505999999999503e+00
8.286288000000000764e+00
8.265874999999999417e+00
8.248362999999999445e+00
8.232473000000000596e+00
8.216711999999999350e+00
8.203295000000000670e+00
8.189258999999999844e+00
8.178661999999999210e+00
8.168832999999999345e+00
8.160270000000000579e+00
8.150705999999999563e+00
8.143147000000000801e+00
8.136592000000000269e+00
8.130255999999999261e+00
8.125061999999999784e+00
8.117955999999999506e+00
8.111959000000000586e+00
8.107725000000000293e+00
8.101929999999999410e+00
8.098449999999999704e+00
8.093804999999999694e+00
8.090068999999999733e+00
8.086581999999999937e+00
8.081967999999999819e+00
8.078960000000000363e+00
8.074956999999999496e+00
8.072647999999999158e+00
8.069236000000000075e+00
8.066554000000000002e+00
8.063988000000000156e+00
8.061550000000000438e+00
8.059734000000000620e+00
8.057384000000000768e+00
8.053796999999999429e+00
8.051000000000000156e+00
8.048887000000000569e+00
8.045965999999999951e+00
8.044475000000000264e+00
8.043034000000000461e+00
8.039799000000000362e+00
8.038000000000000256e+00
8.035655000000000214e+00
8.033818999999999377e+00
8.031268000000000740e+00
8.029470999999999137e+00
8.026367000000000473e+00
8.024843999999999866e+00
8.023046000000000788e+00
8.021852000000000871e+00
8.019192999999999572e+00
8.016495000000000815e+00
8.014920999999999296e+00
8.013721000000000316e+00
8.011739999999999640e+00
8.008551000000000641e+00
8.007215999999999667e+00
8.005077999999999250e+00
8.002729000000000426e+00
7.999964000000000297e+00
7.998527000000000164e+00
7.997091000000000172e+00
7.996067000000000036e+00
7.994568000000000119e+00
7.991956000000000060e+00
7.989887999999999657e+00
7.988172999999999746e+00
7.987054999999999794e+00
7.985922000000000409e+00
7.984056999999999960e+00
7.981697999999999737e+00
7.980423000000000044e+00
7.979153000000000162e+00
7.978226000000000262e+00
7.976347999999999772e+00
7.974940000000000140e+00
7.972656999999999883e+00
7.971302999999999805e+00
7.968735999999999819e+00
7.967130000000000045e+00
7.966120000000000090e+00
7.964826999999999657e+00
7.963680000000000092e+00
7.962882999999999711e+00
7.961928000000000338e+00
7.960835000000000328e+00
7.958841999999999750e+00
7.956920000000000215e+00
7.955464000000000091e+00
7.953374000000000166e+00
7.952173000000000158e+00
7.950105999999999895e+00
7.949194000000000315e+00
7.946907000000000387e+00
7.946183000000000440e+00
7.945032000000000316e+00
7.943991999999999720e+00
7.942109000000000307e+00
7.939691999999999972e+00
7.938558999999999699e+00
7.937186999999999770e+00
7.935836000000000112e+00
7.934890000000000221e+00
