9.464550800000000663e+01
8.866923500000000047e+01
8.307691199999999299e+01
7.784512300000000096e+01
7.295027199999999823e+01
6.837198600000000681e+01
6.408949300000000449e+01
6.008507500000000334e+01
5.634043499999999938e+01
5.284019899999999836e+01
4.956824499999999745e+01
4.651122999999999763e+01
4.365494900000000200e+01
4.098785399999999868e+01
3.849741000000000213e+01
3.617362599999999873e+01
3.400544699999999665e+01
3.198424100000000081e+01
3.010023899999999841e+01
2.834599100000000149e+01
2.671280900000000003e+01
2.519108200000000153e+01
2.377723100000000045e+01
2.246483599999999825e+01
2.124786800000000042e+01
2.012066799999999844e+01
1.907789999999999964e+01
1.811454799999999921e+01
1.722584300000000113e+01
1.640730100000000036e+01
1.565098000000000056e+01
1.495951600000000070e+01
1.432228800000000035e+01
1.373917900000000003e+01
1.320875400000000077e+01
1.272011999999999965e+01
1.227988500000000016e+01
1.187848699999999980e+01
1.151157000000000075e+01
1.118334300000000070e+01
1.088571499999999936e+01
1.061612599999999951e+01
1.037175399999999925e+01
1.015536099999999919e+01
9.961679000000000173e+00
9.787952999999999903e+00
9.629331999999999780e+00
9.488519999999999399e+00
9.362453999999999610e+00
9.252055000000000362e+00
9.150987999999999900e+00
9.062958999999999321e+00
8.982976999999999990e+00
8.913664000000000698e+00
8.852264999999999162e+00
8.797095000000000553e+00
8.747491999999999379e+00
8.702256000000000213e+00
8.663631000000000526e+00
8.629471000000000558e+00
8.598584999999999923e+00
8.568991999999999720e+00
8.544589000000000212e+00
8.522788999999999504e+00
8.502489000000000630e+00
8.485288000000000608e+00
8.467565999999999704e+00
8.451995999999999398e+00
8.439208000000000709e+00
8.427944999999999354e+00
8.417585000000000761e+00
8.408448999999999174e+00
8.399262999999999479e+00
8.391707000000000249e+00
8.384472000000000591e+00
8.372809000000000168e+00
8.365771000000000512e+00
8.360455999999999221e+00
8.353780999999999679e+00
8.349251000000000644e+00
8.340363999999999223e+00
8.335846000000000089e+00
8.331146999999999636e+00
8.327422999999999575e+00
8.323741000000000057e+00
8.320705000000000240e+00
8.316333999999999449e+00
8.309459999999999624e+00
8.305880000000000152e+00
8.303044999999999121e+00
8.299875999999999365e+00
8.297636000000000678e+00
8.294325999999999866e+00
8.292270999999999503e+00
8.289982000000000184e+00
8.284503000000000839e+00
8.281948999999999117e+00
8.280129999999999768e+00
8.277528000000000219e+00
8.275831000000000159e+00
8.274200000000000443e+00
8.272525999999999158e+00
8.270174000000000802e+00
8.268041999999999447e+00
8.265834999999999155e+00
8.264388000000000289e+00
8.262605999999999895e+00
8.261240000000000805e+00
8.259498000000000673e+00
8.255069000000000656e+00
8.253026999999999447e+00
8.251310000000000144e+00
8.249347000000000207e+00
8.247502000000000777e+00
8.246275999999999939e+00
8.243819000000000230e+00
8.242629000000000872e+00
8.240574000000000510e+00
8.237090999999999497e+00
8.235006999999999522e+00
8.233492999999999284e+00
8.231730000000000658e+00
8.230643999999999849e+00
8.229578000000000060e+00
8.228391999999999484e+00
8.226475999999999900e+00
