9.459431499999999460e+01
8.861776000000000408e+01
8.302490199999999732e+01
7.779235799999999301e+01
7.289651499999999373e+01
6.831699399999999400e+01
6.403303499999999815e+01
6.002690100000000228e+01
5.628030400000000100e+01
5.277784700000000129e+01
4.950342200000000048e+01
4.644366500000000286e+01
4.358437299999999937e+01
4.091398199999999719e+01
3.841996400000000023e+01
3.609231599999999673e+01
3.391997500000000088e+01
3.189430400000000176e+01
3.000552899999999923e+01
2.824620399999999876e+01
2.660763400000000090e+01
2.508036999999999850e+01
2.366068800000000039e+01
2.234217999999999904e+01
2.111883399999999966e+01
1.998498299999999972e+01
1.893532400000000138e+01
1.796484900000000096e+01
1.706884399999999857e+01
1.623942200000000113e+01
1.547850700000000046e+01
1.477598300000000009e+01
1.413313600000000037e+01
1.354129200000000033e+01
1.300234500000000004e+01
1.250774499999999989e+01
1.205639799999999973e+01
1.164772299999999916e+01
1.127310600000000029e+01
1.093704299999999918e+01
1.063126899999999964e+01
1.035607399999999956e+01
1.010646799999999956e+01
9.883566000000000074e+00
9.683954999999999202e+00
9.504671999999999343e+00
9.340657999999999461e+00
9.194874999999999687e+00
9.066812999999999789e+00
8.952287000000000106e+00
8.848316000000000514e+00
8.757609999999999673e+00
8.676052000000000319e+00
8.601159000000000887e+00
8.535334999999999894e+00
8.478498000000000090e+00
8.427602999999999511e+00
8.380898000000000181e+00
8.338812000000000779e+00
8.303309000000000495e+00
8.271556999999999604e+00
8.243102999999999625e+00
8.218011000000000621e+00
8.193747999999999365e+00
8.173450000000000770e+00
8.155407999999999547e+00
8.139480999999999966e+00
8.125208000000000652e+00
8.109864999999999213e+00
8.096553000000000111e+00
8.085988000000000397e+00
8.075414000000000314e+00
8.066119999999999735e+00
8.056025999999999243e+00
8.048965000000000813e+00
8.042538999999999660e+00
8.035878000000000299e+00
8.029311999999999117e+00
8.023970999999999520e+00
8.013821000000000083e+00
8.009548000000000556e+00
8.003204999999999458e+00
7.999490999999999907e+00
7.994965999999999795e+00
7.991670000000000051e+00
7.988286999999999694e+00
7.984650000000000247e+00
7.980984000000000300e+00
7.978401999999999994e+00
7.974901000000000018e+00
7.972199999999999953e+00
7.968796000000000213e+00
7.966632999999999853e+00
7.958225999999999800e+00
7.956212999999999980e+00
7.954038999999999859e+00
7.952188999999999730e+00
7.949823999999999558e+00
7.947028999999999677e+00
7.944519999999999804e+00
7.942616000000000120e+00
7.936759000000000341e+00
7.935190000000000410e+00
7.931532999999999944e+00
7.930043000000000397e+00
7.927793000000000312e+00
7.926358999999999710e+00
7.924330000000000318e+00
7.922590999999999717e+00
7.918777999999999651e+00
7.917456999999999745e+00
7.915223000000000120e+00
7.913960000000000328e+00
7.911698999999999593e+00
7.909784000000000148e+00
7.908186999999999856e+00
7.903131000000000128e+00
