1.363972841651490144e+07
1.175201570283638500e+07
1.014249330710037425e+07
8.761819080640755594e+06
7.583163485699133016e+06
6.569825315465944819e+06
5.701801720021410845e+06
4.952334786047149450e+06
4.317193692769531161e+06
3.763765840904073324e+06
3.289978495291129686e+06
2.880221508662329055e+06
2.526112818566421047e+06
2.219957235979693942e+06
1.956088429899978451e+06
1.728579526638228912e+06
1.536097315078293439e+06
1.366966393220031634e+06
1.221308936274313368e+06
1.094959400517882081e+06
9.861670215257590171e+05
8.919704930100622587e+05
8.093774009310245747e+05
7.392825649765674025e+05
6.782726719293461647e+05
6.247161871302368818e+05
5.773996133780190721e+05
5.369590828490274725e+05
5.010488681040980737e+05
4.695065489417973440e+05
4.425965215947046527e+05
4.186045010316637345e+05
3.973357037599708419e+05
3.781024493971867487e+05
3.610269412388768978e+05
3.455988846608486492e+05
3.318904355888423743e+05
3.203344137097158819e+05
3.092643368282423471e+05
2.992218646036857972e+05
2.898843384057106450e+05
2.816152871772120707e+05
2.740340239892352256e+05
2.674166833618603996e+05
2.611162793940873817e+05
2.550013361497528385e+05
2.495640142002418579e+05
2.446790991364781512e+05
2.401932813914792787e+05
2.360055302179296850e+05
2.321161563509572297e+05
2.282938032742747455e+05
2.246269267619751918e+05
2.211024438407715061e+05
2.178845464001665823e+05
2.150258939081281133e+05
2.122448582428780792e+05
2.095012604797786335e+05
2.069403722493547830e+05
2.044310610411012894e+05
2.022423398010199016e+05
1.998047608229043835e+05
1.976531138717633439e+05
1.956071280283716333e+05
1.935838198725644033e+05
1.913871621563654335e+05
1.894298556720587367e+05
1.873966539423858048e+05
1.857249140725992038e+05
1.837594517856835446e+05
1.821229459546369035e+05
1.804235416170684330e+05
1.787183057791010651e+05
1.771156339129090484e+05
1.754058737966797198e+05
1.737984976774267270e+05
1.723400393637974921e+05
1.708434116938842053e+05
1.692789908162813226e+05
1.680201456865507935e+05
1.666495414684294083e+05
1.652656246947291656e+05
1.638905542680647341e+05
1.626542577887842490e+05
1.614093315920853929e+05
1.601299798035107669e+05
1.590560701098644058e+05
1.579892859879678290e+05
1.568952741477157979e+05
1.557956902482941223e+05
1.547188023478431569e+05
1.536694828187276435e+05
1.526605896474280453e+05
1.517248386724988231e+05
1.507679149087720434e+05
1.499029343062866246e+05
1.490493980222233804e+05
1.480867896898957551e+05
1.471586198356187379e+05
1.464162149597535026e+05
