1.365975215859796666e+07
1.176997048671188392e+07
1.015669418176280335e+07
8.766829007845923305e+06
7.578227725154634565e+06
6.560508275816635229e+06
5.690945984925067052e+06
4.943724372163890861e+06
4.301345462801692076e+06
3.754375476406931411e+06
3.283520352923871484e+06
2.874315227654110640e+06
2.522038663405122701e+06
2.220864674552324694e+06
1.958317270018571522e+06
1.730651245842502918e+06
1.534359661942620063e+06
1.366003587975627510e+06
1.219778374744062079e+06
1.094570346755037783e+06
9.853256508779327851e+05
8.915195739942025393e+05
8.092626247337176464e+05
7.389187518408074975e+05
6.759345281809129519e+05
6.221891149331962224e+05
5.748521825246728258e+05
5.337078763838933082e+05
4.978180472217376810e+05
4.661695142271833611e+05
4.390638463544975384e+05
4.145932651625397266e+05
3.930500696362101007e+05
3.736895672720480943e+05
3.569080025041288463e+05
3.417533773176975665e+05
3.284656711901872186e+05
3.163308073070356622e+05
3.055279048209668836e+05
2.955064949928715359e+05
2.869220544789776905e+05
2.787509988880791934e+05
2.714980478982922505e+05
2.646338123161877156e+05
2.581488220578070614e+05
2.526147645994360209e+05
2.471504961379066808e+05
2.421416667718974350e+05
2.374084947058849211e+05
2.329837864523254975e+05
2.288316711438157072e+05
2.251204377082500141e+05
2.218420293030194589e+05
2.182932098695078748e+05
2.150427992209512449e+05
2.122103709205949854e+05
2.092483083465292584e+05
2.064693104073372670e+05
2.040277344641894160e+05
2.016086515716722643e+05
1.991879391304261226e+05
1.968779894070492301e+05
1.946800855113145080e+05
1.925795135219161748e+05
1.903472381025067880e+05
1.883402852815261576e+05
1.865331416910989792e+05
1.845935238445213472e+05
1.826888813960418338e+05
1.809662724545664678e+05
1.791280072114217619e+05
1.772279920747664582e+05
1.757532230923059396e+05
1.741878847972699732e+05
1.726574253935202723e+05
1.711254070675391122e+05
1.697305708688000159e+05
1.680574961960626824e+05
1.664947433933649154e+05
1.651351636099513853e+05
1.637106922842829954e+05
1.624640933445840201e+05
1.612376543242981425e+05
1.598194596496358281e+05
1.584871066267086426e+05
1.572746361712809012e+05
1.561401911182447802e+05
1.550502970793041168e+05
1.539964474157105724e+05
1.529534717207709327e+05
1.519530493791860063e+05
1.509128086303581658e+05
1.499183344408379926e+05
1.489795886840876192e+05
1.479433613509447023e+05
1.470642977290887793e+05
1.462467647734920611e+05
1.454158782986328006e+05
1.444913465097950248e+05
1.437856402204924088e+05
