5.278325625000000000e+05
5.034792187500000000e+05
5.144530312500000000e+05
5.348483125000000000e+05
5.347831875000000000e+05
4.984412500000000000e+05
5.284631250000000000e+05
5.053042500000000000e+05
5.053523437500000000e+05
5.150070625000000000e+05
4.960657500000000000e+05
5.269528750000000000e+05
5.466787500000000000e+05
5.288255625000000000e+05
5.222516875000000000e+05
5.283476875000000000e+05
5.198370625000000000e+05
5.214177500000000000e+05
4.976056250000000000e+05
5.234178750000000000e+05
5.123137812500000000e+05
5.085760312500000000e+05
5.020232187500000000e+05
5.265185000000000000e+05
5.157794375000000000e+05
4.798997187500000000e+05
5.103996875000000000e+05
5.150942812500000000e+05
5.004835625000000000e+05
4.841678750000000000e+05
4.485288750000000000e+05
4.606103437500000000e+05
4.560605625000000000e+05
4.371003750000000000e+05
3.827547500000000000e+05
3.994789062500000000e+05
3.704258750000000000e+05
3.265583125000000000e+05
2.825070312500000000e+05
2.448429062500000000e+05
2.300983750000000000e+05
1.789984062500000000e+05
1.305975390625000000e+05
8.694318750000000000e+04
5.686266406250000000e+04
2.903211914062500000e+04
2.542923046875000000e+04
3.514008203125000000e+04
6.601683593750000000e+04
8.714175000000000000e+04
8.029681250000000000e+04
6.443066796875000000e+04
5.085521484375000000e+04
3.446899609375000000e+04
1.984233398437500000e+04
8.897540039062500000e+03
8.797296875000000000e+03
9.283578125000000000e+03
1.276614257812500000e+04
1.509874902343750000e+04
2.111829492187500000e+04
2.278224023437500000e+04
2.219662695312500000e+04
2.038770703125000000e+04
1.619929394531250000e+04
1.328553808593750000e+04
1.231521484375000000e+04
8.374784179687500000e+03
6.666250976562500000e+03
5.540189941406250000e+03
5.208206542968750000e+03
6.424058105468750000e+03
7.411026367187500000e+03
8.477588867187500000e+03
1.117689941406250000e+04
8.813611328125000000e+03
8.367739257812500000e+03
8.041027832031250000e+03
5.746347656250000000e+03
6.028790527343750000e+03
3.646038085937500000e+03
3.975448730468750000e+03
5.307461914062500000e+03
4.914083007812500000e+03
5.514222656250000000e+03
5.011998046875000000e+03
5.747762695312500000e+03
4.971354980468750000e+03
4.797240722656250000e+03
4.151166015625000000e+03
4.882668945312500000e+03
4.058429931640625000e+03
3.353022949218750000e+03
4.027445800781250000e+03
4.026934570312500000e+03
3.442093017578125000e+03
3.955110351562500000e+03
4.221456542968750000e+03
3.891772949218750000e+03
4.295578125000000000e+03
3.444521972656250000e+03
4.071735351562500000e+03
4.390033203125000000e+03
3.455349121093750000e+03
3.658491943359375000e+03
3.912563964843750000e+03
3.846081542968750000e+03
3.806102783203125000e+03
3.226926269531250000e+03
3.991828125000000000e+03
4.081304443359375000e+03
3.920588378906250000e+03
4.263415039062500000e+03
3.582736328125000000e+03
3.495995605468750000e+03
4.016608154296875000e+03
3.756385253906250000e+03
3.366487060546875000e+03
3.246162597656250000e+03
3.624414062500000000e+03
3.384508300781250000e+03
3.657542480468750000e+03
3.658391357421875000e+03
3.593068115234375000e+03
3.878658203125000000e+03
3.368069335937500000e+03
3.403865722656250000e+03
3.614621582031250000e+03
3.806535156250000000e+03
3.758335449218750000e+03
3.563880371093750000e+03
3.619085937500000000e+03
3.506551757812500000e+03
3.972052246093750000e+03
3.319094726562500000e+03
3.567093750000000000e+03
3.339979492187500000e+03
3.460828613281250000e+03
3.590666992187500000e+03
3.933554931640625000e+03
3.326041503906250000e+03
3.299755859375000000e+03
3.657587402343750000e+03
3.770693847656250000e+03
3.686356933593750000e+03
3.342687011718750000e+03
3.378936523437500000e+03
4.250806640625000000e+03
2.994394775390625000e+03
3.588525878906250000e+03
3.117087890625000000e+03
3.539783447265625000e+03
3.386013183593750000e+03
3.326423339843750000e+03
3.082960205078125000e+03
3.362830078125000000e+03
3.906620605468750000e+03
3.217992187500000000e+03
3.212427734375000000e+03
3.200157226562500000e+03
3.917397460937500000e+03
3.282430419921875000e+03
3.333941650390625000e+03
3.324485351562500000e+03
3.016250976562500000e+03
3.496054199218750000e+03
3.662440917968750000e+03
3.332577148437500000e+03
3.699796875000000000e+03
3.434526123046875000e+03
3.142192871093750000e+03
3.130911621093750000e+03
3.199780273437500000e+03
2.925689453125000000e+03
3.410632080078125000e+03
3.469466308593750000e+03
3.568513183593750000e+03
3.753125488281250000e+03
2.969435546875000000e+03
3.247871093750000000e+03
3.237581542968750000e+03
3.443369384765625000e+03
2.968826416015625000e+03
3.361403320312500000e+03
3.300270507812500000e+03
3.442533691406250000e+03
3.101682617187500000e+03
3.306688964843750000e+03
3.170165039062500000e+03
3.312182373046875000e+03
3.640542968750000000e+03
3.349592041015625000e+03
3.142134277343750000e+03
3.213180175781250000e+03
3.010866699218750000e+03
2.987693359375000000e+03
3.345671386718750000e+03
3.038412597656250000e+03
3.303699218750000000e+03
3.010486083984375000e+03
3.388303710937500000e+03
3.152929687500000000e+03
3.159354492187500000e+03
3.148344970703125000e+03
3.163552246093750000e+03
3.629026855468750000e+03
3.272123535156250000e+03
2.843084960937500000e+03
2.747713378906250000e+03
3.593222167968750000e+03
3.218104736328125000e+03
3.457850585937500000e+03
3.278175781250000000e+03
3.328871826171875000e+03
3.225374023437500000e+03
2.701121582031250000e+03
2.907307373046875000e+03
2.847571044921875000e+03
3.177862792968750000e+03
3.010469970703125000e+03
2.874480957031250000e+03
3.211940917968750000e+03
3.046066406250000000e+03
3.159639648437500000e+03
3.235508544921875000e+03
3.103772949218750000e+03
3.016438232421875000e+03
2.889323242187500000e+03
3.139378906250000000e+03
3.085588867187500000e+03
3.194280761718750000e+03
2.901653320312500000e+03
2.877281250000000000e+03
2.920107910156250000e+03
3.325309082031250000e+03
3.114935058593750000e+03
3.292489257812500000e+03
3.010252197265625000e+03
2.867662597656250000e+03
2.768491699218750000e+03
3.145573730468750000e+03
3.044695556640625000e+03
2.745105468750000000e+03
2.908703125000000000e+03
3.170702392578125000e+03
3.027932128906250000e+03
3.105885498046875000e+03
2.884887939453125000e+03
3.082105468750000000e+03
3.214826416015625000e+03
2.627028808593750000e+03
3.093330566406250000e+03
2.420975585937500000e+03
2.827424316406250000e+03
3.211671142578125000e+03
3.046768066406250000e+03
3.096956054687500000e+03
2.971797363281250000e+03
2.735605468750000000e+03
3.058732910156250000e+03
2.904851562500000000e+03
2.795413574218750000e+03
2.927342773437500000e+03
2.462034667968750000e+03
3.148137939453125000e+03
3.069954833984375000e+03
2.914593505859375000e+03
2.891973144531250000e+03
3.010151367187500000e+03
2.835833251953125000e+03
3.327457519531250000e+03
2.510598632812500000e+03
3.072490478515625000e+03
2.724687988281250000e+03
2.655804687500000000e+03
2.628752441406250000e+03
3.135787353515625000e+03
2.697243164062500000e+03
3.089231201171875000e+03
2.747424316406250000e+03
2.644340576171875000e+03
2.875850585937500000e+03
2.339784667968750000e+03
2.809624755859375000e+03
3.269594238281250000e+03
2.877290527343750000e+03
2.940499023437500000e+03
2.925279785156250000e+03
2.772984863281250000e+03
2.897846191406250000e+03
2.427536865234375000e+03
2.784312255859375000e+03
2.733196777343750000e+03
2.436926025390625000e+03
3.026274414062500000e+03
2.857237548828125000e+03
2.703740478515625000e+03
2.671091308593750000e+03
2.576008056640625000e+03
2.603597900390625000e+03
3.079580566406250000e+03
2.572539062500000000e+03
2.773789062500000000e+03
2.767157226562500000e+03
2.760250000000000000e+03
2.597304199218750000e+03
2.416728515625000000e+03
2.802025634765625000e+03
2.361837402343750000e+03
2.466616455078125000e+03
2.802071289062500000e+03
2.940353027343750000e+03
2.835227539062500000e+03
2.785581054687500000e+03
2.787291015625000000e+03
2.543450683593750000e+03
2.647235839843750000e+03
2.568224609375000000e+03
2.550179687500000000e+03
2.508468750000000000e+03
2.786348876953125000e+03
2.671695312500000000e+03
2.560260498046875000e+03
2.675346191406250000e+03
2.728290527343750000e+03
2.511670654296875000e+03
2.791689941406250000e+03
2.619137695312500000e+03
2.466942138671875000e+03
2.775428222656250000e+03
2.383372070312500000e+03
2.693912109375000000e+03
2.475714355468750000e+03
2.422054199218750000e+03
2.617978027343750000e+03
2.692964843750000000e+03
2.741343994140625000e+03
2.504383789062500000e+03
2.597106201171875000e+03
2.430827148437500000e+03
2.423717773437500000e+03
2.424289306640625000e+03
2.661707519531250000e+03
2.529674072265625000e+03
2.565779785156250000e+03
2.710056152343750000e+03
2.455983642578125000e+03
2.501197753906250000e+03
2.298171386718750000e+03
2.475534179687500000e+03
2.697110839843750000e+03
2.453970947265625000e+03
2.400251953125000000e+03
2.326246582031250000e+03
2.589020996093750000e+03
2.608483886718750000e+03
2.314422851562500000e+03
2.215345703125000000e+03
2.450764648437500000e+03
2.611724365234375000e+03
2.357387451171875000e+03
2.342548339843750000e+03
2.593124511718750000e+03
2.299749755859375000e+03
2.216661132812500000e+03
2.341978515625000000e+03
2.201757080078125000e+03
2.232055664062500000e+03
2.565987304687500000e+03
2.292760253906250000e+03
2.670079833984375000e+03
2.338307128906250000e+03
2.267653808593750000e+03
2.184084960937500000e+03
2.406274414062500000e+03
2.475795410156250000e+03
2.320995849609375000e+03
2.186963134765625000e+03
2.366031005859375000e+03
2.130693603515625000e+03
2.343116210937500000e+03
2.608228515625000000e+03
2.288804687500000000e+03
2.260880126953125000e+03
2.047228027343750000e+03
2.073339355468750000e+03
2.012011352539062500e+03
2.402704589843750000e+03
2.213641601562500000e+03
2.476388427734375000e+03
2.063444824218750000e+03
2.308793457031250000e+03
2.140386718750000000e+03
2.413913085937500000e+03
2.219916992187500000e+03
2.231590820312500000e+03
2.267092285156250000e+03
2.123341796875000000e+03
2.239099365234375000e+03
2.510229492187500000e+03
2.218191406250000000e+03
2.168456542968750000e+03
2.416509765625000000e+03
2.050820068359375000e+03
2.118012939453125000e+03
1.943834960937500000e+03
2.100641845703125000e+03
2.183379638671875000e+03
2.098984375000000000e+03
2.199705566406250000e+03
2.269561523437500000e+03
2.258456054687500000e+03
2.104881103515625000e+03
2.281548339843750000e+03
2.069044921875000000e+03
2.276059082031250000e+03
2.144460693359375000e+03
2.157803466796875000e+03
2.073123291015625000e+03
2.043268188476562500e+03
2.145898437500000000e+03
2.184026611328125000e+03
2.111464355468750000e+03
1.872110595703125000e+03
2.107223144531250000e+03
2.206685791015625000e+03
2.046562011718750000e+03
2.185747314453125000e+03
2.026523559570312500e+03
2.172415527343750000e+03
2.012250488281250000e+03
2.105948974609375000e+03
2.069535156250000000e+03
2.184398681640625000e+03
1.950905517578125000e+03
1.962220458984375000e+03
2.187506591796875000e+03
2.069056152343750000e+03
2.136782226562500000e+03
2.066874755859375000e+03
2.184021484375000000e+03
1.997923339843750000e+03
2.219309082031250000e+03
2.119785156250000000e+03
2.117289550781250000e+03
1.874542358398437500e+03
2.182968994140625000e+03
1.936567626953125000e+03
1.888705078125000000e+03
2.074057373046875000e+03
2.027425781250000000e+03
2.046437011718750000e+03
1.993767700195312500e+03
1.953006591796875000e+03
2.120856933593750000e+03
2.037515625000000000e+03
2.195186523437500000e+03
1.968581054687500000e+03
1.917235351562500000e+03
2.121604736328125000e+03
1.932504150390625000e+03
2.109415283203125000e+03
2.182728515625000000e+03
1.778274902343750000e+03
1.892863037109375000e+03
2.249487792968750000e+03
1.957983764648437500e+03
2.012759277343750000e+03
1.957209716796875000e+03
1.830902954101562500e+03
1.923549560546875000e+03
2.093214355468750000e+03
1.905840209960937500e+03
1.826197998046875000e+03
2.093603759765625000e+03
1.916837036132812500e+03
1.880852172851562500e+03
2.162875000000000000e+03
1.896224121093750000e+03
1.868394042968750000e+03
2.000519287109375000e+03
2.087467285156250000e+03
1.994953491210937500e+03
1.886615234375000000e+03
2.073343750000000000e+03
1.885382446289062500e+03
1.817899291992187500e+03
1.799622924804687500e+03
1.825795166015625000e+03
2.058040527343750000e+03
2.227535644531250000e+03
2.112099121093750000e+03
1.765397583007812500e+03
1.791329589843750000e+03
1.725161987304687500e+03
1.854178955078125000e+03
1.876314453125000000e+03
1.867818603515625000e+03
1.854803466796875000e+03
1.931505615234375000e+03
1.923555175781250000e+03
2.058235351562500000e+03
1.870671752929687500e+03
1.820790161132812500e+03
1.778181152343750000e+03
2.023401855468750000e+03
1.671250610351562500e+03
1.988813476562500000e+03
1.981685546875000000e+03
1.648102661132812500e+03
1.814056762695312500e+03
2.055256835937500000e+03
1.896340454101562500e+03
1.943549438476562500e+03
1.919931152343750000e+03
2.045049804687500000e+03
1.739383666992187500e+03
1.723302124023437500e+03
1.860269531250000000e+03
1.681776855468750000e+03
1.688389160156250000e+03
1.836416992187500000e+03
1.797477539062500000e+03
1.955318603515625000e+03
2.064884765625000000e+03
1.894378906250000000e+03
1.959034912109375000e+03
1.833767211914062500e+03
1.960355957031250000e+03
2.023689697265625000e+03
1.780026611328125000e+03
1.707708618164062500e+03
1.873763916015625000e+03
1.928603637695312500e+03
1.787877685546875000e+03
1.880620361328125000e+03
1.870106201171875000e+03
1.793510131835937500e+03
1.606673339843750000e+03
1.802855102539062500e+03
1.963946777343750000e+03
1.740251953125000000e+03
1.807146484375000000e+03
1.726761230468750000e+03
1.631136474609375000e+03
1.884316162109375000e+03
1.686107910156250000e+03
1.827018188476562500e+03
1.727290649414062500e+03
1.870492553710937500e+03
1.775715698242187500e+03
1.784071777343750000e+03
1.782607666015625000e+03
1.880268310546875000e+03
1.725799072265625000e+03
1.698194946289062500e+03
1.764868652343750000e+03
1.909989257812500000e+03
1.553808349609375000e+03
1.765591552734375000e+03
1.772056518554687500e+03
1.789266601562500000e+03
1.877946899414062500e+03
1.700545532226562500e+03
1.716467407226562500e+03
1.644525146484375000e+03
1.544811767578125000e+03
1.669153320312500000e+03
1.780897705078125000e+03
1.725859252929687500e+03
1.545411621093750000e+03
1.781708129882812500e+03
1.742281372070312500e+03
1.699103027343750000e+03
1.554140380859375000e+03
1.781913085937500000e+03
1.694354736328125000e+03
1.711182128906250000e+03
1.616318481445312500e+03
1.736165161132812500e+03
1.816087036132812500e+03
1.859828369140625000e+03
1.707552856445312500e+03
1.692073852539062500e+03
1.721300292968750000e+03
1.585322387695312500e+03
1.630619873046875000e+03
1.827607788085937500e+03
1.629360229492187500e+03
1.640891235351562500e+03
1.932071533203125000e+03
1.642061523437500000e+03
1.805058105468750000e+03
1.599027832031250000e+03
1.538329956054687500e+03
1.711017089843750000e+03
1.603922485351562500e+03
1.715782348632812500e+03
1.575363403320312500e+03
1.523277343750000000e+03
1.735146972656250000e+03
1.626867675781250000e+03
1.836176269531250000e+03
1.595423828125000000e+03
1.631847290039062500e+03
1.643501953125000000e+03
1.598928588867187500e+03
1.606904296875000000e+03
1.486803466796875000e+03
1.600015502929687500e+03
1.658110229492187500e+03
1.631561401367187500e+03
1.737142333984375000e+03
1.635181152343750000e+03
1.410121093750000000e+03
1.590476806640625000e+03
1.572669799804687500e+03
1.707649780273437500e+03
1.645273803710937500e+03
1.541073364257812500e+03
1.427695800781250000e+03
1.606492675781250000e+03
1.613685302734375000e+03
1.503587890625000000e+03
1.551326904296875000e+03
1.588647094726562500e+03
1.601484130859375000e+03
1.562782592773437500e+03
1.653089599609375000e+03
1.555710571289062500e+03
1.585777465820312500e+03
1.521177368164062500e+03
1.755702270507812500e+03
1.741324218750000000e+03
1.457492919921875000e+03
1.441575927734375000e+03
1.502105468750000000e+03
1.516531738281250000e+03
1.630877197265625000e+03
1.408869628906250000e+03
1.828616210937500000e+03
1.559468994140625000e+03
1.503708251953125000e+03
1.473157714843750000e+03
1.492771728515625000e+03
1.566395263671875000e+03
1.461272460937500000e+03
1.617843017578125000e+03
1.555272338867187500e+03
1.529718750000000000e+03
1.474783935546875000e+03
1.648620605468750000e+03
1.554713623046875000e+03
1.564650878906250000e+03
1.421447753906250000e+03
1.373589477539062500e+03
1.471585693359375000e+03
1.557360351562500000e+03
1.498359130859375000e+03
1.328396118164062500e+03
1.381741699218750000e+03
1.524786621093750000e+03
1.345621582031250000e+03
1.376434936523437500e+03
1.660854248046875000e+03
1.511139160156250000e+03
1.557058837890625000e+03
1.510140014648437500e+03
1.340506835937500000e+03
1.392189208984375000e+03
1.735565917968750000e+03
1.490249755859375000e+03
1.687742919921875000e+03
1.472230102539062500e+03
1.427309814453125000e+03
1.382025268554687500e+03
1.434445800781250000e+03
1.354104980468750000e+03
1.474623413085937500e+03
1.474450195312500000e+03
1.487359985351562500e+03
1.671461914062500000e+03
1.489965087890625000e+03
1.373854980468750000e+03
1.260596557617187500e+03
1.397898681640625000e+03
1.301265502929687500e+03
1.380428955078125000e+03
1.554719726562500000e+03
1.571809814453125000e+03
1.441405029296875000e+03
1.581822753906250000e+03
1.503323730468750000e+03
1.369345703125000000e+03
1.451292968750000000e+03
1.337683105468750000e+03
1.485675292968750000e+03
1.306801513671875000e+03
1.487221191406250000e+03
1.476547851562500000e+03
