5.230546875000000000e+05
5.063044375000000000e+05
5.102401250000000000e+05
5.218782812500000000e+05
5.098734375000000000e+05
5.198070312500000000e+05
5.235922500000000000e+05
5.110157500000000000e+05
5.129390000000000000e+05
5.303775000000000000e+05
5.178062187500000000e+05
5.110981250000000000e+05
5.343083750000000000e+05
5.051187812500000000e+05
5.181240625000000000e+05
5.131433750000000000e+05
5.177728125000000000e+05
5.173239375000000000e+05
4.874331250000000000e+05
5.374203750000000000e+05
5.084372187500000000e+05
5.142356250000000000e+05
4.884225625000000000e+05
4.904352812500000000e+05
5.055445000000000000e+05
5.225121875000000000e+05
4.880178125000000000e+05
4.974153750000000000e+05
4.859755937500000000e+05
4.665315625000000000e+05
4.717406250000000000e+05
4.648233750000000000e+05
4.668167500000000000e+05
4.241482500000000000e+05
4.062665625000000000e+05
3.875051250000000000e+05
3.700626250000000000e+05
3.361059375000000000e+05
3.378462500000000000e+05
2.761086875000000000e+05
2.366121250000000000e+05
1.942460625000000000e+05
1.503335468750000000e+05
1.174256484375000000e+05
7.338301562500000000e+04
4.964013671875000000e+04
2.983571484375000000e+04
2.837282812500000000e+04
3.518315234375000000e+04
7.368565625000000000e+04
7.369989843750000000e+04
8.259050000000000000e+04
7.607865625000000000e+04
4.277472265625000000e+04
2.878051953125000000e+04
1.401982519531250000e+04
8.301271484375000000e+03
6.021123046875000000e+03
9.152504882812500000e+03
1.148210644531250000e+04
1.626074414062500000e+04
1.928776171875000000e+04
1.832760156250000000e+04
1.990117968750000000e+04
1.849427148437500000e+04
1.744019921875000000e+04
1.384512402343750000e+04
1.013317968750000000e+04
8.072457519531250000e+03
5.422738769531250000e+03
5.179252929687500000e+03
5.889958496093750000e+03
7.587583496093750000e+03
1.093986230468750000e+04
8.927216796875000000e+03
9.410205078125000000e+03
8.231367187500000000e+03
8.684674804687500000e+03
8.394897460937500000e+03
5.900978027343750000e+03
5.368026855468750000e+03
3.679343750000000000e+03
3.947405761718750000e+03
4.596842773437500000e+03
4.129460937500000000e+03
4.943325195312500000e+03
4.968739746093750000e+03
4.882404296875000000e+03
4.550476562500000000e+03
4.905048828125000000e+03
4.029128417968750000e+03
3.414352539062500000e+03
3.723350585937500000e+03
3.455112304687500000e+03
3.464542968750000000e+03
3.622961914062500000e+03
3.651745605468750000e+03
3.577262695312500000e+03
3.615449951171875000e+03
4.282365722656250000e+03
3.938486816406250000e+03
4.211004394531250000e+03
3.013251708984375000e+03
3.459909667968750000e+03
3.557592529296875000e+03
3.432181152343750000e+03
4.358297851562500000e+03
3.505442382812500000e+03
3.049674804687500000e+03
3.258401367187500000e+03
3.423772216796875000e+03
3.136690917968750000e+03
3.936494628906250000e+03
4.096321289062500000e+03
3.144718261718750000e+03
3.332397216796875000e+03
3.050419921875000000e+03
3.096345947265625000e+03
3.072116210937500000e+03
3.424378906250000000e+03
3.201607910156250000e+03
3.362193603515625000e+03
3.511814453125000000e+03
3.192263183593750000e+03
3.398916992187500000e+03
3.244720214843750000e+03
3.372382812500000000e+03
3.297190429687500000e+03
3.343799804687500000e+03
3.499856445312500000e+03
3.058529052734375000e+03
3.027291015625000000e+03
3.236109863281250000e+03
3.305268066406250000e+03
3.068904296875000000e+03
3.275791748046875000e+03
3.333097900390625000e+03
2.795054687500000000e+03
3.019861572265625000e+03
3.635670410156250000e+03
3.375558593750000000e+03
2.803019287109375000e+03
3.097619140625000000e+03
2.999956054687500000e+03
3.028660156250000000e+03
3.677590332031250000e+03
3.240649414062500000e+03
3.228432617187500000e+03
2.887092285156250000e+03
2.954117675781250000e+03
3.778052490234375000e+03
3.424572265625000000e+03
2.808260253906250000e+03
3.111422851562500000e+03
3.249372070312500000e+03
2.788742187500000000e+03
2.996870605468750000e+03
3.263798095703125000e+03
3.458784179687500000e+03
3.177387695312500000e+03
3.265052001953125000e+03
2.626265136718750000e+03
3.121358642578125000e+03
3.932985351562500000e+03
2.819161621093750000e+03
2.862415039062500000e+03
2.821716552734375000e+03
3.168249023437500000e+03
3.161130371093750000e+03
3.369407714843750000e+03
3.294375976562500000e+03
3.191475097656250000e+03
3.078935546875000000e+03
3.047814453125000000e+03
3.049311523437500000e+03
3.634474853515625000e+03
2.850867919921875000e+03
3.081566894531250000e+03
3.231246826171875000e+03
2.847746826171875000e+03
2.784167968750000000e+03
3.004709960937500000e+03
3.387096191406250000e+03
2.927333007812500000e+03
3.293182861328125000e+03
3.242729003906250000e+03
2.930444824218750000e+03
3.038422119140625000e+03
2.986280029296875000e+03
2.998121582031250000e+03
2.661722656250000000e+03
3.159564941406250000e+03
3.791320312500000000e+03
3.107738769531250000e+03
2.557920166015625000e+03
3.021877441406250000e+03
3.199875244140625000e+03
2.849611083984375000e+03
3.322859619140625000e+03
3.379447265625000000e+03
2.883858886718750000e+03
2.762623046875000000e+03
2.901145751953125000e+03
2.930276855468750000e+03
2.924682617187500000e+03
2.848524902343750000e+03
2.748312988281250000e+03
2.969943847656250000e+03
2.723598632812500000e+03
2.948938964843750000e+03
2.809259765625000000e+03
2.851283203125000000e+03
2.602997314453125000e+03
3.610652587890625000e+03
3.159002441406250000e+03
2.946728515625000000e+03
2.795905029296875000e+03
3.052625732421875000e+03
2.986701660156250000e+03
2.984612304687500000e+03
2.864258789062500000e+03
3.013291015625000000e+03
2.981314941406250000e+03
2.998637207031250000e+03
2.699535888671875000e+03
3.242804687500000000e+03
3.047644775390625000e+03
3.158229736328125000e+03
2.696350097656250000e+03
3.035352050781250000e+03
2.821593750000000000e+03
2.661398437500000000e+03
2.688652343750000000e+03
3.018450195312500000e+03
2.902659179687500000e+03
2.962679199218750000e+03
2.956201660156250000e+03
2.961823242187500000e+03
2.978323486328125000e+03
2.906970458984375000e+03
3.003334960937500000e+03
2.648878417968750000e+03
2.984066894531250000e+03
3.067711181640625000e+03
2.711480712890625000e+03
2.999865234375000000e+03
2.750135253906250000e+03
2.822245605468750000e+03
2.943911865234375000e+03
2.875667480468750000e+03
3.299163574218750000e+03
2.558839843750000000e+03
2.869785400390625000e+03
2.859857910156250000e+03
2.761965820312500000e+03
3.192740234375000000e+03
2.708183349609375000e+03
2.570444824218750000e+03
2.945866699218750000e+03
3.177855468750000000e+03
2.565027832031250000e+03
2.797944824218750000e+03
2.718815429687500000e+03
2.868355957031250000e+03
2.942280761718750000e+03
2.559627929687500000e+03
3.086040039062500000e+03
2.918658203125000000e+03
2.732939453125000000e+03
2.524004394531250000e+03
3.162901367187500000e+03
2.853115234375000000e+03
2.874500976562500000e+03
2.787584960937500000e+03
2.986894287109375000e+03
2.871015380859375000e+03
2.793133789062500000e+03
2.602311035156250000e+03
2.817589111328125000e+03
2.882497070312500000e+03
2.510562500000000000e+03
2.709047851562500000e+03
2.436136962890625000e+03
2.684583984375000000e+03
3.059760009765625000e+03
2.627883789062500000e+03
2.996508300781250000e+03
2.709144042968750000e+03
2.779716796875000000e+03
2.799708251953125000e+03
2.905709960937500000e+03
2.749768798828125000e+03
2.419345703125000000e+03
2.616277832031250000e+03
2.577989746093750000e+03
2.843263183593750000e+03
3.022207519531250000e+03
2.625306152343750000e+03
2.607485351562500000e+03
2.884980224609375000e+03
2.768169189453125000e+03
2.945299316406250000e+03
2.609431640625000000e+03
2.716770019531250000e+03
3.024170410156250000e+03
2.548258789062500000e+03
2.702093994140625000e+03
2.616326660156250000e+03
2.592347656250000000e+03
2.669152343750000000e+03
2.485580810546875000e+03
2.725465332031250000e+03
2.724350341796875000e+03
2.805576660156250000e+03
2.600098144531250000e+03
2.641459960937500000e+03
2.666578125000000000e+03
2.865806152343750000e+03
2.784130126953125000e+03
2.547060546875000000e+03
2.435746337890625000e+03
2.611016357421875000e+03
2.815909423828125000e+03
2.505461425781250000e+03
2.439547851562500000e+03
2.389270019531250000e+03
2.663884765625000000e+03
2.331286132812500000e+03
2.682218750000000000e+03
2.746958984375000000e+03
2.734111328125000000e+03
2.441025878906250000e+03
2.632038085937500000e+03
2.437081542968750000e+03
2.970353759765625000e+03
2.483040039062500000e+03
2.832957031250000000e+03
2.843858398437500000e+03
2.765428710937500000e+03
2.576613037109375000e+03
2.675627929687500000e+03
2.515937011718750000e+03
2.381459960937500000e+03
2.377466796875000000e+03
2.732314453125000000e+03
2.555541992187500000e+03
2.685615478515625000e+03
2.248612792968750000e+03
2.889465820312500000e+03
2.615259765625000000e+03
2.434107910156250000e+03
2.476167480468750000e+03
2.568448730468750000e+03
2.603553222656250000e+03
2.351618164062500000e+03
2.573018310546875000e+03
2.444792480468750000e+03
2.733307373046875000e+03
2.672762451171875000e+03
2.468478271484375000e+03
2.486372070312500000e+03
2.384589111328125000e+03
2.637110839843750000e+03
2.356409667968750000e+03
2.354320800781250000e+03
2.482707275390625000e+03
2.320732177734375000e+03
2.767199707031250000e+03
2.385308105468750000e+03
2.284494384765625000e+03
2.705916503906250000e+03
2.509856201171875000e+03
2.519814208984375000e+03
2.439841552734375000e+03
2.213681152343750000e+03
2.361515136718750000e+03
2.420478027343750000e+03
2.463739013671875000e+03
2.477957031250000000e+03
2.383218994140625000e+03
2.272486328125000000e+03
2.672253906250000000e+03
2.539266601562500000e+03
2.349266601562500000e+03
2.425372314453125000e+03
2.230190673828125000e+03
2.650853027343750000e+03
2.329236816406250000e+03
2.188945068359375000e+03
2.443101562500000000e+03
2.257605957031250000e+03
2.713976562500000000e+03
2.132070068359375000e+03
2.342293701171875000e+03
2.552626464843750000e+03
2.542508300781250000e+03
2.348311035156250000e+03
2.449989013671875000e+03
2.260347412109375000e+03
2.190472900390625000e+03
2.321736816406250000e+03
2.557076660156250000e+03
2.176459472656250000e+03
2.376710937500000000e+03
2.560570068359375000e+03
2.217282226562500000e+03
2.082244384765625000e+03
2.113700195312500000e+03
2.555182373046875000e+03
2.509907714843750000e+03
2.676212890625000000e+03
2.290238525390625000e+03
2.192643066406250000e+03
2.303840576171875000e+03
2.316561523437500000e+03
2.269544921875000000e+03
2.476079101562500000e+03
2.174112060546875000e+03
2.204588378906250000e+03
2.148086914062500000e+03
2.273828125000000000e+03
2.325790527343750000e+03
2.332025146484375000e+03
2.354045410156250000e+03
1.873194824218750000e+03
1.918743774414062500e+03
2.339098632812500000e+03
2.130421630859375000e+03
2.274885253906250000e+03
2.106548339843750000e+03
2.349262207031250000e+03
1.965705932617187500e+03
2.063313964843750000e+03
2.358206542968750000e+03
2.348773437500000000e+03
2.189763183593750000e+03
2.068568359375000000e+03
2.099412109375000000e+03
2.052203613281250000e+03
1.956851196289062500e+03
2.434178222656250000e+03
2.038648193359375000e+03
2.184242919921875000e+03
2.221068847656250000e+03
2.033514160156250000e+03
2.172278564453125000e+03
2.289148437500000000e+03
2.412282470703125000e+03
1.982938964843750000e+03
2.266771972656250000e+03
2.163838134765625000e+03
2.105838867187500000e+03
1.909012329101562500e+03
1.891165649414062500e+03
2.321598388671875000e+03
2.122233398437500000e+03
2.005418212890625000e+03
2.243952636718750000e+03
2.071270263671875000e+03
2.047643798828125000e+03
1.966558837890625000e+03
2.311314453125000000e+03
2.251114257812500000e+03
1.936031127929687500e+03
1.849706054687500000e+03
1.980160400390625000e+03
2.038748168945312500e+03
2.266864746093750000e+03
1.995123779296875000e+03
2.018626708984375000e+03
1.822858886718750000e+03
2.070299316406250000e+03
2.147417968750000000e+03
2.192360595703125000e+03
2.073070800781250000e+03
1.873888427734375000e+03
2.087138671875000000e+03
1.976754516601562500e+03
1.925352294921875000e+03
2.016139404296875000e+03
1.933111083984375000e+03
2.148571044921875000e+03
2.118320800781250000e+03
1.984443725585937500e+03
1.821599365234375000e+03
1.980671630859375000e+03
1.951134399414062500e+03
1.931520507812500000e+03
2.170631347656250000e+03
1.870059570312500000e+03
2.010806518554687500e+03
2.089183105468750000e+03
1.747061035156250000e+03
1.752135620117187500e+03
2.086439208984375000e+03
2.002795043945312500e+03
1.691292968750000000e+03
1.776603515625000000e+03
1.666637695312500000e+03
1.931859619140625000e+03
2.119816894531250000e+03
1.779444335937500000e+03
1.941391357421875000e+03
1.973187255859375000e+03
1.885549560546875000e+03
1.864169555664062500e+03
1.591656982421875000e+03
1.728647705078125000e+03
1.888824829101562500e+03
1.891235717773437500e+03
1.952873535156250000e+03
2.080507812500000000e+03
1.869886230468750000e+03
1.753448242187500000e+03
1.949995849609375000e+03
1.792630859375000000e+03
1.633293701171875000e+03
1.767360839843750000e+03
1.839961425781250000e+03
1.722875854492187500e+03
1.799458984375000000e+03
1.952823486328125000e+03
1.757222290039062500e+03
1.612225341796875000e+03
1.784711303710937500e+03
1.876680053710937500e+03
1.977038818359375000e+03
1.725369628906250000e+03
1.744255126953125000e+03
1.525837768554687500e+03
1.661252929687500000e+03
1.830869140625000000e+03
1.727124267578125000e+03
1.780975830078125000e+03
1.804619873046875000e+03
1.652252075195312500e+03
1.739641479492187500e+03
1.673746826171875000e+03
1.843707519531250000e+03
1.560312744140625000e+03
1.559730712890625000e+03
1.646247070312500000e+03
1.768339111328125000e+03
1.740801513671875000e+03
1.784514892578125000e+03
1.704191284179687500e+03
1.737887451171875000e+03
1.700781982421875000e+03
1.895242675781250000e+03
1.534714599609375000e+03
1.678121337890625000e+03
1.598363769531250000e+03
1.738369140625000000e+03
1.785695068359375000e+03
1.488349975585937500e+03
1.590852539062500000e+03
1.789258544921875000e+03
1.764245361328125000e+03
1.687958251953125000e+03
1.583314453125000000e+03
1.689928222656250000e+03
1.852352783203125000e+03
1.542538330078125000e+03
1.646592529296875000e+03
1.721593017578125000e+03
1.666212524414062500e+03
1.628514892578125000e+03
1.614517089843750000e+03
1.666552368164062500e+03
1.525158813476562500e+03
1.560452148437500000e+03
1.641694824218750000e+03
1.657900634765625000e+03
1.794544677734375000e+03
1.636854248046875000e+03
1.596274780273437500e+03
1.421317382812500000e+03
1.668063110351562500e+03
1.724770507812500000e+03
1.567546142578125000e+03
1.466414672851562500e+03
1.735460083007812500e+03
1.499166259765625000e+03
1.568963989257812500e+03
1.542414794921875000e+03
1.642128417968750000e+03
1.581535400390625000e+03
1.499351806640625000e+03
1.636520874023437500e+03
1.465113403320312500e+03
1.594741943359375000e+03
1.514865600585937500e+03
1.657458740234375000e+03
1.504350097656250000e+03
1.607266601562500000e+03
1.428014892578125000e+03
1.588129150390625000e+03
1.554129882812500000e+03
1.452061523437500000e+03
1.554530395507812500e+03
1.663564941406250000e+03
1.432855346679687500e+03
1.490614013671875000e+03
1.556390380859375000e+03
1.612593017578125000e+03
1.608837158203125000e+03
1.600451171875000000e+03
1.520101562500000000e+03
1.449807495117187500e+03
1.481553833007812500e+03
1.645642578125000000e+03
1.473363159179687500e+03
1.452343994140625000e+03
1.502783447265625000e+03
1.547344238281250000e+03
1.481676757812500000e+03
1.361561401367187500e+03
1.456501464843750000e+03
1.608234130859375000e+03
1.488932006835937500e+03
1.541438232421875000e+03
1.418122314453125000e+03
1.305031250000000000e+03
1.611733886718750000e+03
1.556159667968750000e+03
1.412447875976562500e+03
1.418515747070312500e+03
1.440629882812500000e+03
1.449245727539062500e+03
1.449342529296875000e+03
1.322160278320312500e+03
1.376725830078125000e+03
1.429836303710937500e+03
1.599093261718750000e+03
1.390174072265625000e+03
1.358817626953125000e+03
1.545042602539062500e+03
1.661207153320312500e+03
1.328531982421875000e+03
1.428475585937500000e+03
1.410200927734375000e+03
1.348855468750000000e+03
1.436140380859375000e+03
1.376512573242187500e+03
1.403632446289062500e+03
1.442218750000000000e+03
1.441624511718750000e+03
1.452841308593750000e+03
1.346185546875000000e+03
1.520622558593750000e+03
1.315743530273437500e+03
1.303499511718750000e+03
1.511826538085937500e+03
1.567861572265625000e+03
1.370803955078125000e+03
1.372702636718750000e+03
1.505129150390625000e+03
1.485633911132812500e+03
1.485781860351562500e+03
1.403268676757812500e+03
1.370148437500000000e+03
1.469718872070312500e+03
1.326202636718750000e+03
1.442572021484375000e+03
1.464640991210937500e+03
1.521365722656250000e+03
1.334120239257812500e+03
1.454417724609375000e+03
1.196691650390625000e+03
1.265783569335937500e+03
1.370116333007812500e+03
1.231497558593750000e+03
1.405485351562500000e+03
1.488447509765625000e+03
1.345319824218750000e+03
1.249329711914062500e+03
1.342501953125000000e+03
1.258520751953125000e+03
1.292184570312500000e+03
1.250361816406250000e+03
1.289382812500000000e+03
1.314617431640625000e+03
1.326658203125000000e+03
1.415671386718750000e+03
1.271580566406250000e+03
1.323193603515625000e+03
1.290592041015625000e+03
1.412284179687500000e+03
1.312677490234375000e+03
1.316126220703125000e+03
1.205589599609375000e+03
1.253486938476562500e+03
1.480447509765625000e+03
1.289981811523437500e+03
1.348471801757812500e+03
1.316050048828125000e+03
1.337970092773437500e+03
1.380464721679687500e+03
1.280988525390625000e+03
1.291467041015625000e+03
