4.096807128999999804e+03
3.980803467000000182e+03
3.870446532999999818e+03
3.765471680000000106e+03
3.665352538999999979e+03
3.570082030999999915e+03
3.479818604000000050e+03
3.393937988000000132e+03
3.312426025000000209e+03
3.235057373000000098e+03
3.162098876999999902e+03
3.092260985999999775e+03
3.025362548999999944e+03
2.963112548999999944e+03
2.903226317999999992e+03
2.846562500000000000e+03
2.793485106999999971e+03
2.742635253999999804e+03
2.695472167999999783e+03
2.650232422000000042e+03
2.606512939000000188e+03
2.565826660000000174e+03
2.526543944999999894e+03
2.489901610999999775e+03
2.455362060999999812e+03
2.422460204999999860e+03
2.391284180000000106e+03
2.362242432000000008e+03
2.334401366999999937e+03
2.308328856999999971e+03
2.283987305000000106e+03
2.260544189000000188e+03
2.238277832000000217e+03
2.217364258000000063e+03
2.197763428000000204e+03
2.179173584000000119e+03
2.161188231999999971e+03
2.144779785000000174e+03
2.128890136999999868e+03
2.113677246000000196e+03
2.099391845999999987e+03
2.085909180000000106e+03
2.073021240000000034e+03
2.060663329999999860e+03
2.049143310999999812e+03
2.038592041000000108e+03
2.028130981000000020e+03
2.017606444999999894e+03
2.008128418000000011e+03
1.998824828999999909e+03
1.990626586999999972e+03
1.982535644999999931e+03
1.974574096999999938e+03
1.966907226999999921e+03
1.959995116999999937e+03
1.953288330000000087e+03
1.946807495000000017e+03
1.940615111999999954e+03
1.934759765999999900e+03
1.928997436999999991e+03
1.923039428999999927e+03
1.917428589000000102e+03
1.912213745000000017e+03
1.907166382000000112e+03
1.902557739000000083e+03
1.897991942999999992e+03
1.893651611000000003e+03
1.889596802000000025e+03
1.885264525999999933e+03
1.881435058999999910e+03
1.877432982999999922e+03
1.873712035999999898e+03
1.870216674999999896e+03
1.866895995999999968e+03
1.863621581999999989e+03
1.860490600999999970e+03
1.857057982999999922e+03
1.853362914999999930e+03
1.850832885999999917e+03
1.847723267000000078e+03
1.844223388999999997e+03
1.841572265999999900e+03
1.838950683999999910e+03
1.836006591999999955e+03
1.833997192000000041e+03
1.831675171000000091e+03
1.828901245000000017e+03
1.826447998000000098e+03
1.824458129999999983e+03
1.821940430000000106e+03
1.819734130999999934e+03
1.817214232999999922e+03
1.815108764999999948e+03
1.813238769999999931e+03
1.810912109000000100e+03
1.809108643000000029e+03
1.807108643000000029e+03
1.804854370000000017e+03
1.802874268000000029e+03
1.801182250999999951e+03
1.798917236000000003e+03
1.797238158999999996e+03
1.795229980000000069e+03
1.793502441000000090e+03
1.791913330000000087e+03
1.790030884000000015e+03
1.788270629999999983e+03
1.786605346999999938e+03
1.785113403000000062e+03
1.783472533999999996e+03
1.781956543000000011e+03
1.780692504999999983e+03
1.779294677999999976e+03
1.777793456999999989e+03
1.776123413000000028e+03
1.774961426000000074e+03
1.773395629999999983e+03
1.772138549999999896e+03
1.770617676000000074e+03
1.769187865999999985e+03
1.768176758000000063e+03
1.766564208999999892e+03
1.765088134999999966e+03
1.763369384999999966e+03
1.762260254000000032e+03
1.761321777000000111e+03
1.759607299999999896e+03
1.758108154000000013e+03
1.756751465000000053e+03
1.755685302999999976e+03
1.754755981000000020e+03
1.753224854000000050e+03
1.751962768999999980e+03
1.750848633000000063e+03
1.749575194999999894e+03
1.748563231999999971e+03
1.747446167000000059e+03
1.746091918999999962e+03
1.745172974000000067e+03
1.744114501999999902e+03
1.742959961000000021e+03
1.742070922999999993e+03
1.740828612999999905e+03
1.739985228999999890e+03
1.739250976999999921e+03
1.738069091999999955e+03
1.737094603999999890e+03
1.736231688999999960e+03
1.735163452000000007e+03
1.733911865000000034e+03
1.733034180000000106e+03
1.731979125999999951e+03
1.730799682999999959e+03
1.729888672000000042e+03
1.729015869000000066e+03
1.728315918000000011e+03
1.727486327999999958e+03
1.726610717999999906e+03
1.725437012000000095e+03
1.724671387000000095e+03
1.723864745999999968e+03
1.723078735000000052e+03
1.722351807000000008e+03
1.721417846999999938e+03
1.720649047999999993e+03
1.719991089000000102e+03
1.718966674999999896e+03
1.718181029999999964e+03
1.717484009000000015e+03
1.716496581999999989e+03
1.715812255999999934e+03
1.714641601999999921e+03
1.713728882000000112e+03
1.713060668999999962e+03
1.712306152000000111e+03
1.711452148000000079e+03
1.710938353999999890e+03
1.710307982999999922e+03
1.709556274000000030e+03
1.708666015999999900e+03
1.708047606999999971e+03
1.707511107999999922e+03
1.706704956000000038e+03
1.705834106000000020e+03
1.705151732999999922e+03
1.704329956000000038e+03
1.703669677999999976e+03
1.702573607999999922e+03
1.701913573999999926e+03
1.701323241999999937e+03
1.700575194999999894e+03
1.699826049999999896e+03
1.699316771999999901e+03
1.698440063000000009e+03
1.697929321000000073e+03
1.697196533000000045e+03
1.696549316000000090e+03
1.695781005999999934e+03
1.695082763999999997e+03
1.694292236000000003e+03
1.693822754000000032e+03
1.693227417000000059e+03
1.692744873000000098e+03
1.691985106999999971e+03
1.691420775999999933e+03
1.690378783999999996e+03
1.689732543999999962e+03
1.688960937999999942e+03
1.688450317000000041e+03
1.687766478999999890e+03
1.686970825000000104e+03
1.686368529999999964e+03
1.685901123000000098e+03
1.685424072000000024e+03
1.684456908999999996e+03
1.684074706999999989e+03
1.683594360000000052e+03
1.682723144999999931e+03
1.681669311999999991e+03
1.681210937999999942e+03
1.680637572999999975e+03
1.680243895999999950e+03
1.679584839000000102e+03
1.679106933999999910e+03
1.678659912000000077e+03
1.678135009999999966e+03
1.677543335000000070e+03
1.677015259000000015e+03
1.676516967999999906e+03
1.676023071000000073e+03
1.675535644999999931e+03
1.675095581000000038e+03
1.674114258000000063e+03
1.673506591999999955e+03
1.672847655999999915e+03
1.672428589000000102e+03
1.671408936000000040e+03
1.670731933999999910e+03
1.670266112999999905e+03
1.669838745000000017e+03
1.669214232999999922e+03
1.668688965000000053e+03
1.668206908999999996e+03
1.667776489000000083e+03
1.666969726999999921e+03
1.666557739000000083e+03
1.666152344000000085e+03
1.665409302000000025e+03
1.664917603000000099e+03
1.664257323999999926e+03
1.663776245000000017e+03
1.663294188999999960e+03
1.662825194999999894e+03
1.662437012000000095e+03
1.661947020999999950e+03
1.661500121999999919e+03
1.661042480000000069e+03
1.660453978999999890e+03
1.659986938000000009e+03
1.659639648000000079e+03
1.659061768000000029e+03
1.658597412000000077e+03
1.657789307000000008e+03
1.657315673999999944e+03
1.656921143000000029e+03
1.656584229000000050e+03
1.656262206999999989e+03
1.655725707999999941e+03
1.655225830000000087e+03
1.654850707999999941e+03
1.654311279000000013e+03
1.653496581999999989e+03
1.652705932999999959e+03
1.652234985000000052e+03
1.652069091999999955e+03
1.651788330000000087e+03
1.651367064999999911e+03
1.650993774000000030e+03
1.650691039999999930e+03
1.650398560000000089e+03
1.650242187999999942e+03
1.649822143999999980e+03
1.649000121999999919e+03
1.648550780999999915e+03
1.648100097999999889e+03
1.647792725000000019e+03
1.647536620999999968e+03
1.647355591000000004e+03
1.647018921000000091e+03
1.646715942000000041e+03
1.646520385999999917e+03
1.646170288000000028e+03
1.645750610000000052e+03
1.645438965000000053e+03
1.645124634000000015e+03
1.644889648000000079e+03
1.644766724000000067e+03
1.644411620999999968e+03
1.644022827000000007e+03
1.643634277000000111e+03
1.643192138999999997e+03
1.642628052000000025e+03
1.642317626999999902e+03
1.641726196000000073e+03
1.641551146999999901e+03
1.641064818999999943e+03
1.640893798999999944e+03
1.640672974000000067e+03
1.640280639999999948e+03
1.639911865000000034e+03
1.639554077000000007e+03
1.639252075000000104e+03
1.638845458999999892e+03
1.638174316000000090e+03
1.638024047999999993e+03
1.637808960000000070e+03
1.637427001999999902e+03
1.637054077000000007e+03
1.636650634999999966e+03
1.636327880999999934e+03
1.636154907000000094e+03
1.635881104000000050e+03
1.635498413000000028e+03
1.635280884000000015e+03
1.634986206000000038e+03
1.634666870000000017e+03
1.634422485000000052e+03
1.634255004999999983e+03
1.633493895999999950e+03
1.633375121999999919e+03
1.633056152000000111e+03
1.632752318999999943e+03
1.632405273000000079e+03
1.631970336999999972e+03
1.631838257000000112e+03
1.631553955000000087e+03
1.631212279999999964e+03
1.630820557000000008e+03
1.630345581000000038e+03
1.629478149000000030e+03
1.629225707999999941e+03
1.629054077000000007e+03
1.628669677999999976e+03
1.628399658000000045e+03
1.628005736999999954e+03
1.627625121999999919e+03
1.627420532000000094e+03
1.627101073999999926e+03
1.626769530999999915e+03
1.626418212999999923e+03
1.626252441000000090e+03
1.626160155999999915e+03
1.625889038000000028e+03
1.625284180000000106e+03
1.624900513000000046e+03
1.624660521999999901e+03
1.624456543000000011e+03
1.623769408999999996e+03
1.623485717999999906e+03
1.623189575000000104e+03
1.622983275999999933e+03
1.622318970000000036e+03
1.621884765999999900e+03
1.621753418000000011e+03
1.621388183999999910e+03
1.621128418000000011e+03
1.620951538000000028e+03
1.620764404000000013e+03
1.620559569999999894e+03
1.620205443999999943e+03
1.620093628000000081e+03
1.619952271000000110e+03
1.619744384999999966e+03
1.619147948999999926e+03
1.618438476999999921e+03
1.618259888000000046e+03
1.618078125000000000e+03
1.617765625000000000e+03
1.617597655999999915e+03
1.617084472999999889e+03
1.616513306000000057e+03
1.615976685000000089e+03
1.615609375000000000e+03
1.615251099000000067e+03
1.614836792000000059e+03
1.614245361000000003e+03
1.613896117999999888e+03
1.613410521999999901e+03
1.612804321000000073e+03
1.612674072000000024e+03
1.612486572000000024e+03
1.612260741999999937e+03
1.611916504000000032e+03
1.611439086999999972e+03
1.611091186999999991e+03
1.610836060000000089e+03
1.610370482999999922e+03
1.610035278000000062e+03
1.609549072000000024e+03
1.609119140999999900e+03
1.608840087999999923e+03
1.608562012000000095e+03
1.608304564999999911e+03
1.607960571000000073e+03
1.607578246999999919e+03
1.607532715000000053e+03
1.607238892000000078e+03
1.606949951000000056e+03
1.606783568999999943e+03
1.606449219000000085e+03
1.606061279000000013e+03
1.605731811999999991e+03
1.605175903000000062e+03
1.604955322000000024e+03
1.604674927000000025e+03
1.604284546000000091e+03
1.604136107999999922e+03
1.603852783000000045e+03
1.603715087999999923e+03
1.603380126999999902e+03
1.603230225000000019e+03
1.602663207999999941e+03
1.602388672000000042e+03
1.602118895999999950e+03
1.601769043000000011e+03
1.601448853000000099e+03
1.600997802999999976e+03
1.600709350999999970e+03
1.600149413999999979e+03
1.599604125999999951e+03
1.599164794999999913e+03
1.599105956999999989e+03
1.598661499000000049e+03
1.598343628000000081e+03
1.597932982999999922e+03
1.597825194999999894e+03
1.597622558999999910e+03
1.597171875000000000e+03
1.596864135999999917e+03
1.596617064999999911e+03
1.596448120000000017e+03
1.596244873000000098e+03
1.595948364000000083e+03
1.595864135999999917e+03
1.595644653000000062e+03
1.595567017000000078e+03
1.595298827999999958e+03
1.595145874000000049e+03
1.594802124000000049e+03
1.594595825000000104e+03
1.594260620000000017e+03
1.594105712999999923e+03
1.593872924999999896e+03
1.593361693999999943e+03
1.592924316000000090e+03
1.592518555000000106e+03
1.592251465000000053e+03
1.591718871999999919e+03
1.591531250000000000e+03
1.591024535999999898e+03
1.590589844000000085e+03
1.590045775999999933e+03
1.589580566000000090e+03
1.589229980000000069e+03
1.588953369000000066e+03
1.588707153000000062e+03
1.588330443999999943e+03
1.587876099000000067e+03
1.587656494000000066e+03
1.587106688999999960e+03
1.586810913000000028e+03
1.586572509999999966e+03
1.586491211000000021e+03
1.586437134000000015e+03
1.586153442000000041e+03
1.585704833999999892e+03
1.585335327000000007e+03
1.585081908999999996e+03
1.584898926000000074e+03
1.584602417000000059e+03
1.584273926000000074e+03
1.584098754999999983e+03
1.583838379000000032e+03
1.583369507000000112e+03
1.582732177999999976e+03
1.582366211000000021e+03
1.582004149999999981e+03
1.581672606999999971e+03
1.581389525999999933e+03
1.581098021999999901e+03
1.580765259000000015e+03
1.580526611000000003e+03
1.580122802999999976e+03
1.579960571000000073e+03
1.579818236999999954e+03
1.579583495999999968e+03
1.579261596999999938e+03
1.578885741999999937e+03
1.578775268999999980e+03
1.578570435000000089e+03
