4.092385009999999966e+03
3.976751952999999958e+03
3.866670165999999881e+03
3.762328856999999971e+03
3.662758300999999847e+03
3.568039550999999847e+03
3.478121094000000085e+03
3.392613037000000077e+03
3.311440185999999812e+03
3.233964355000000069e+03
3.160780761999999868e+03
3.091397217000000182e+03
3.025418701000000056e+03
2.963118895999999950e+03
2.903279297000000042e+03
2.847014404000000013e+03
2.794289795000000140e+03
2.743619141000000127e+03
2.696307128999999804e+03
2.651273192999999992e+03
2.608498047000000042e+03
2.567035400000000209e+03
2.528796143000000029e+03
2.491707030999999915e+03
2.456781006000000161e+03
2.423779785000000174e+03
2.392832764000000225e+03
2.363113037000000077e+03
2.335570800999999847e+03
2.309596680000000106e+03
2.285195557000000008e+03
2.262220946999999796e+03
2.240514893000000029e+03
2.219523192999999992e+03
2.199970702999999958e+03
2.181395751999999902e+03
2.163569092000000182e+03
2.147108643000000029e+03
2.131232422000000042e+03
2.116165282999999818e+03
2.101762451000000056e+03
2.088259766000000127e+03
2.075224365000000034e+03
2.063455566000000090e+03
2.052034667999999783e+03
2.040997436999999991e+03
2.030219603999999890e+03
2.020163939999999911e+03
2.010786254999999983e+03
2.001889893000000029e+03
1.993201659999999947e+03
1.985011107999999922e+03
1.976865966999999955e+03
1.969787231000000020e+03
1.962633544999999913e+03
1.955631836000000021e+03
1.949198241999999937e+03
1.942894530999999915e+03
1.936483643000000029e+03
1.930845581000000038e+03
1.925411133000000063e+03
1.919782592999999906e+03
1.915006591999999955e+03
1.909780884000000015e+03
1.904927856000000020e+03
1.900241821000000073e+03
1.895358521000000110e+03
1.891403197999999975e+03
1.887444214000000102e+03
1.883585571000000073e+03
1.879346680000000106e+03
1.875816162000000077e+03
1.872053832999999941e+03
1.868719603999999890e+03
1.865588134999999966e+03
1.862414917000000059e+03
1.859185913000000028e+03
1.856003783999999996e+03
1.853235595999999987e+03
1.850339721999999938e+03
1.846688353999999890e+03
1.844416382000000112e+03
1.841387938999999960e+03
1.838447875999999951e+03
1.835979857999999922e+03
1.833904174999999896e+03
1.831125853999999890e+03
1.828556518999999980e+03
1.825956298999999944e+03
1.824024169999999913e+03
1.821880126999999902e+03
1.820037475999999970e+03
1.817991455000000087e+03
1.816272582999999941e+03
1.813951049999999896e+03
1.811791259999999966e+03
1.809798950000000104e+03
1.808088379000000032e+03
1.806274169999999913e+03
1.803943847999999889e+03
1.802337402000000111e+03
1.800767700000000104e+03
1.799234375000000000e+03
1.797238037000000077e+03
1.795693236999999954e+03
1.794096068999999943e+03
1.792305419999999913e+03
1.790428589000000102e+03
1.788489745999999968e+03
1.787222289999999930e+03
1.785336060000000089e+03
1.783831908999999996e+03
1.782387328999999909e+03
1.780613037000000077e+03
1.778616455000000087e+03
1.777016478999999890e+03
1.775265746999999919e+03
1.773991698999999926e+03
1.772343384000000015e+03
1.770777344000000085e+03
1.769356688999999960e+03
1.767836426000000074e+03
1.766493652000000111e+03
1.765124023000000079e+03
1.764093262000000095e+03
1.762760132000000112e+03
1.761317992999999888e+03
1.760307739000000083e+03
1.759007080000000087e+03
1.757693115000000034e+03
1.756568847999999889e+03
1.755375853999999890e+03
1.754049805000000106e+03
1.752774779999999964e+03
1.751642822000000024e+03
1.750580811000000040e+03
1.749520508000000063e+03
1.748290283000000045e+03
1.747079833999999892e+03
1.745687987999999905e+03
1.744642822000000024e+03
1.743771484000000100e+03
1.742810058999999910e+03
1.741741211000000021e+03
1.740860228999999890e+03
1.739966797000000042e+03
1.738939452999999958e+03
1.737515380999999934e+03
1.736465331999999989e+03
1.735263916000000108e+03
1.734470825000000104e+03
1.733559692000000041e+03
1.732677856000000020e+03
1.731244507000000112e+03
1.730182129000000032e+03
1.729266356999999971e+03
1.728511719000000085e+03
1.727686034999999947e+03
1.726435668999999962e+03
1.725599731000000020e+03
1.724561279000000013e+03
1.723784912000000077e+03
1.722955322000000024e+03
1.722079345999999987e+03
1.721349242999999888e+03
1.720560791000000108e+03
1.719515869000000066e+03
1.718838500999999951e+03
1.718103393999999980e+03
1.717011107999999922e+03
1.716336060000000089e+03
1.715630370999999968e+03
1.714580077999999958e+03
1.713830811000000040e+03
1.713166259999999966e+03
1.712615722999999889e+03
1.711788696000000073e+03
1.710998657000000094e+03
1.710174805000000106e+03
1.709105103000000099e+03
1.708418335000000070e+03
1.707549316000000090e+03
1.706679564999999911e+03
1.705940186000000040e+03
1.704988280999999915e+03
1.704509643999999980e+03
1.703952025999999933e+03
1.703263061999999991e+03
1.702669677999999976e+03
1.702013916000000108e+03
1.701125487999999905e+03
1.700195312000000058e+03
1.699548461999999972e+03
1.698932739000000083e+03
1.698224120999999968e+03
1.697593994000000066e+03
1.696936400999999933e+03
1.696229004000000032e+03
1.695724120999999968e+03
1.695320435000000089e+03
1.694651489000000083e+03
1.693832642000000078e+03
1.693289672999999993e+03
1.692766112999999905e+03
1.692046264999999948e+03
1.691239013999999997e+03
1.690638306000000057e+03
1.690097899999999981e+03
1.689406250000000000e+03
1.688814697000000024e+03
1.688200561999999991e+03
1.687580322000000024e+03
1.686958984000000100e+03
1.686544311999999991e+03
1.685927734000000100e+03
1.685375731999999971e+03
1.684846680000000106e+03
1.684049072000000024e+03
1.683608643000000029e+03
1.682974120999999968e+03
1.682381836000000021e+03
1.681531615999999985e+03
1.680593994000000066e+03
1.680178466999999955e+03
1.679537964000000102e+03
1.679270508000000063e+03
1.678912720000000036e+03
1.678103759999999966e+03
1.677806152000000111e+03
1.677200072999999975e+03
1.676779297000000042e+03
1.676058960000000070e+03
1.675293701000000056e+03
1.674970581000000038e+03
1.674558837999999923e+03
1.673926635999999917e+03
1.673164551000000074e+03
1.672666625999999951e+03
1.672379394999999931e+03
1.671928955000000087e+03
1.671471680000000106e+03
1.671034668000000011e+03
1.670246337999999923e+03
1.669750000000000000e+03
1.669479370000000017e+03
1.668902831999999989e+03
1.668521117999999888e+03
1.667984496999999919e+03
1.667614501999999902e+03
1.666826904000000013e+03
1.666229491999999937e+03
1.665703490999999985e+03
1.665452880999999934e+03
1.664988892000000078e+03
1.663857909999999947e+03
1.663266724000000067e+03
1.662830566000000090e+03
1.662654907000000094e+03
1.662132935000000089e+03
1.661361450000000104e+03
1.660951172000000042e+03
1.660538086000000021e+03
1.660200927999999976e+03
1.659785278000000062e+03
1.659393311000000040e+03
1.659133910999999898e+03
1.658581664999999930e+03
1.658151732999999922e+03
1.657542357999999922e+03
1.657416015999999900e+03
1.657032226999999921e+03
1.656489258000000063e+03
1.656007812000000058e+03
1.655678466999999955e+03
1.655503296000000091e+03
1.655145751999999902e+03
1.654610474000000067e+03
1.654196899000000030e+03
1.653889038000000028e+03
1.653455811000000040e+03
1.653212768999999980e+03
1.652975586000000021e+03
1.652303345000000036e+03
1.651992432000000008e+03
1.651552611999999954e+03
1.651082153000000062e+03
1.650767700000000104e+03
1.650550780999999915e+03
1.650056395999999950e+03
1.649396972999999889e+03
1.649267456000000038e+03
1.648899413999999979e+03
1.648666625999999951e+03
1.648199828999999909e+03
1.647519530999999915e+03
1.647334229000000050e+03
1.646968871999999919e+03
1.646506714000000102e+03
1.646132446000000073e+03
1.645821777000000111e+03
1.645403197999999975e+03
1.645151245000000017e+03
1.644826049999999896e+03
1.644481201000000056e+03
1.644166748000000098e+03
1.643756347999999889e+03
1.643374389999999948e+03
1.643137206999999989e+03
1.642867310000000089e+03
1.642543091000000004e+03
1.642275024000000030e+03
1.641565552000000025e+03
1.641108887000000095e+03
1.640906737999999905e+03
1.640509765999999900e+03
1.640122436999999991e+03
1.639545775999999933e+03
1.639182007000000112e+03
1.638770142000000078e+03
1.638358154000000013e+03
1.638131836000000021e+03
1.637870728000000099e+03
1.637304687999999942e+03
1.636768555000000106e+03
1.635993774000000030e+03
1.635493652000000111e+03
1.634972412000000077e+03
1.634646484000000100e+03
1.634402466000000004e+03
1.633943970000000036e+03
1.633732422000000042e+03
1.633464478000000099e+03
1.633258057000000008e+03
1.633000487999999905e+03
1.632598999000000049e+03
1.632340576000000056e+03
1.632143066000000090e+03
1.631767822000000024e+03
1.631262572999999975e+03
1.630557250999999951e+03
1.630162720000000036e+03
1.630067383000000063e+03
1.629781737999999905e+03
1.629514159999999947e+03
1.629118652000000111e+03
1.628705811000000040e+03
1.628174438000000009e+03
1.627699585000000070e+03
1.627231201000000056e+03
1.626886841000000004e+03
1.626782349000000067e+03
1.626583495999999968e+03
1.626342773000000079e+03
1.625853515999999900e+03
1.625742187999999942e+03
1.625375000000000000e+03
1.624920409999999947e+03
1.624696167000000059e+03
1.624321410999999898e+03
1.623944702000000007e+03
1.623605225000000019e+03
1.623270019999999931e+03
1.622647948999999926e+03
1.622459350999999970e+03
1.622237061000000040e+03
1.621771972999999889e+03
1.621588013000000046e+03
1.620983521000000110e+03
1.620742676000000074e+03
1.620410155999999915e+03
1.620223388999999997e+03
1.619763672000000042e+03
1.619518921000000091e+03
1.619385254000000032e+03
1.618820922999999993e+03
1.618485228999999890e+03
1.618241211000000021e+03
1.618018432999999959e+03
1.617576782000000094e+03
1.617340331999999989e+03
1.616973144999999931e+03
1.616766845999999987e+03
1.616407226999999921e+03
1.616124512000000095e+03
1.615847289999999930e+03
1.615545654000000013e+03
1.615233398000000079e+03
1.614630004999999983e+03
1.614283202999999958e+03
1.613989135999999917e+03
1.613700194999999894e+03
1.613627930000000106e+03
1.613404541000000108e+03
1.613051513999999997e+03
1.612786986999999954e+03
1.612603270999999950e+03
1.612438476999999921e+03
1.612130004999999983e+03
1.611568970000000036e+03
1.611376952999999958e+03
1.611094481999999971e+03
1.610373900999999933e+03
1.609919433999999910e+03
1.609662720000000036e+03
1.609515380999999934e+03
1.609259033000000045e+03
1.608803466999999955e+03
1.608586303999999927e+03
1.608183716000000004e+03
1.607670654000000013e+03
1.607375121999999919e+03
1.606932616999999937e+03
1.606694091999999955e+03
1.606529052999999976e+03
1.606019653000000062e+03
1.605755981000000020e+03
1.605413452000000007e+03
1.605270751999999902e+03
1.604921753000000081e+03
1.604679198999999926e+03
1.604163817999999992e+03
1.603940430000000106e+03
1.603506104000000050e+03
1.603401366999999937e+03
1.603288939999999911e+03
1.602947020999999950e+03
1.602436400999999933e+03
1.602257567999999992e+03
1.601869140999999900e+03
1.601525513000000046e+03
1.601412964000000102e+03
