4.073420897999999852e+03
3.957977295000000140e+03
3.848169678000000204e+03
3.743649170000000140e+03
3.644499511999999868e+03
3.550134032999999818e+03
3.460649413999999979e+03
3.375543701000000056e+03
3.294958251999999902e+03
3.218403076000000056e+03
3.145501220999999987e+03
3.075434569999999894e+03
3.009399413999999979e+03
2.947128417999999783e+03
2.887559326000000056e+03
2.830923339999999826e+03
2.778452147999999852e+03
2.727808349999999791e+03
2.680106689000000188e+03
2.635436522999999852e+03
2.592782959000000119e+03
2.552265136999999868e+03
2.513584472999999889e+03
2.476945557000000008e+03
2.443069092000000182e+03
2.410585449000000153e+03
2.379494628999999804e+03
2.350568847999999889e+03
2.322792480000000069e+03
2.296953613000000132e+03
2.272550048999999944e+03
2.249664795000000140e+03
2.227812500000000000e+03
2.207231201000000056e+03
2.187762939000000188e+03
2.169318358999999873e+03
2.151413329999999860e+03
2.134898438000000169e+03
2.119074707000000217e+03
2.104493163999999979e+03
2.090550048999999944e+03
2.077444824000000153e+03
2.064575194999999894e+03
2.052497314000000188e+03
2.041375976999999921e+03
2.030795288000000028e+03
2.020444214000000102e+03
2.010648560000000089e+03
2.000581421000000091e+03
1.991530273000000079e+03
1.982762206999999989e+03
1.974526855000000069e+03
1.966688110000000052e+03
1.959462158000000045e+03
1.952698730000000069e+03
1.945726562000000058e+03
1.938997192000000041e+03
1.932508301000000074e+03
1.926273192999999992e+03
1.920147216999999955e+03
1.914428832999999941e+03
1.908918944999999894e+03
1.903689818999999943e+03
1.898972533999999996e+03
1.894436279000000013e+03
1.889737182999999959e+03
1.885492064999999911e+03
1.881554321000000073e+03
1.877242432000000008e+03
1.873632567999999992e+03
1.869860840000000053e+03
1.866185547000000042e+03
1.862942870999999968e+03
1.859630492999999888e+03
1.856100220000000036e+03
1.852802856000000020e+03
1.850113892000000078e+03
1.847410521999999901e+03
1.844918456999999989e+03
1.841637817000000041e+03
1.838938476999999921e+03
1.836445312000000058e+03
1.833871094000000085e+03
1.830989990000000034e+03
1.828880615000000034e+03
1.826109862999999905e+03
1.823160399999999981e+03
1.821277344000000085e+03
1.819229370000000017e+03
1.816447998000000098e+03
1.813745116999999937e+03
1.811420532000000094e+03
1.809062255999999934e+03
1.806401855000000069e+03
1.804671143000000029e+03
1.802812134000000015e+03
1.801199341000000004e+03
1.799254394999999931e+03
1.796928711000000021e+03
1.795265869000000066e+03
1.793576416000000108e+03
1.791367064999999911e+03
1.789841308999999910e+03
1.787605225000000019e+03
1.785693236999999954e+03
1.784257935000000089e+03
1.782450072999999975e+03
1.780783447000000024e+03
1.778968994000000066e+03
1.777497313999999960e+03
1.775813231999999971e+03
1.774436646000000110e+03
1.772838013000000046e+03
1.770821288999999979e+03
1.769203003000000081e+03
1.767839600000000019e+03
1.766138427999999976e+03
1.764633544999999913e+03
1.763024779999999964e+03
1.761233764999999948e+03
1.759714721999999938e+03
1.758498779000000013e+03
1.757301392000000078e+03
1.755864379999999983e+03
1.754284057999999959e+03
1.753313599000000067e+03
1.752047606999999971e+03
1.750990479000000050e+03
1.749844237999999905e+03
1.748525268999999980e+03
1.746898682000000008e+03
1.745862061000000040e+03
1.744552001999999902e+03
1.743362427000000025e+03
1.742099975999999970e+03
1.741154174999999896e+03
1.740128418000000011e+03
1.738956543000000011e+03
1.737663817999999992e+03
1.736492064999999911e+03
1.735696288999999979e+03
1.734676513999999997e+03
1.733767577999999958e+03
1.732635498000000098e+03
1.731712768999999980e+03
1.730859375000000000e+03
1.729526123000000098e+03
1.728363280999999915e+03
1.727427001999999902e+03
1.726205932999999959e+03
1.725359862999999905e+03
1.724276366999999937e+03
1.723295532000000094e+03
1.722133178999999927e+03
1.721404541000000108e+03
1.720626952999999958e+03
1.719564452999999958e+03
1.718611693999999943e+03
1.717826293999999962e+03
1.717050537000000077e+03
1.716314697000000024e+03
1.715307495000000017e+03
1.714382689999999911e+03
1.713676879999999983e+03
1.713117310000000089e+03
1.712364745999999968e+03
1.711457885999999917e+03
1.710421996999999919e+03
1.709575561999999991e+03
1.708735840000000053e+03
1.708108275999999933e+03
1.707330932999999959e+03
1.706514648000000079e+03
1.705804442999999992e+03
1.705315673999999944e+03
1.704539428999999927e+03
1.703744140999999900e+03
1.702956787000000077e+03
1.701891967999999906e+03
1.701093750000000000e+03
1.700313353999999890e+03
1.699689086999999972e+03
1.699224365000000034e+03
1.698326782000000094e+03
1.697687865999999985e+03
1.696865845000000036e+03
1.696281371999999919e+03
1.695499268000000029e+03
1.694821410999999898e+03
1.694039794999999913e+03
1.693402100000000019e+03
1.692942017000000078e+03
1.692407715000000053e+03
1.691630859000000100e+03
1.691043701000000056e+03
1.690596557999999959e+03
1.689994995000000017e+03
1.689306274000000030e+03
1.688604248000000098e+03
1.687997436999999991e+03
1.687307373000000098e+03
1.686650513000000046e+03
1.685942749000000049e+03
1.685325683999999910e+03
1.684642333999999892e+03
1.684092529000000013e+03
1.683622192000000041e+03
1.683111572000000024e+03
1.682476928999999927e+03
1.681897827000000007e+03
1.681323486000000003e+03
1.680696899000000030e+03
1.680056152000000111e+03
1.679201782000000094e+03
1.678538086000000021e+03
1.677968139999999948e+03
1.677380492999999888e+03
1.676994750999999951e+03
1.676284057999999959e+03
1.675648803999999927e+03
1.675026978000000099e+03
1.674563110000000052e+03
1.673923217999999906e+03
1.673494750999999951e+03
1.673129883000000063e+03
1.672377075000000104e+03
1.671821410999999898e+03
1.671114501999999902e+03
1.670589600000000019e+03
1.670088134999999966e+03
1.669612182999999959e+03
1.669036376999999902e+03
1.668383667000000059e+03
1.667889893000000029e+03
1.667403931000000057e+03
1.666746216000000004e+03
1.666160155999999915e+03
1.665645751999999902e+03
1.665026489000000083e+03
1.664719970999999987e+03
1.664113769999999931e+03
1.663597046000000091e+03
1.663058837999999923e+03
1.662712890999999900e+03
1.662221068999999943e+03
1.661668091000000004e+03
1.661348876999999902e+03
1.660601196000000073e+03
1.660152344000000085e+03
1.659819336000000021e+03
1.659393432999999959e+03
1.658783081000000038e+03
1.658293578999999909e+03
1.657856933999999910e+03
1.657345947000000024e+03
1.656906005999999934e+03
1.656365966999999955e+03
1.655801635999999917e+03
1.655427490000000034e+03
1.655040770999999950e+03
1.654752441000000090e+03
1.654133178999999927e+03
1.653667603000000099e+03
1.653325927999999976e+03
1.653035399999999981e+03
1.652618163999999979e+03
1.652290893999999980e+03
1.651976807000000008e+03
1.651575683999999910e+03
1.650956298999999944e+03
1.650206543000000011e+03
1.649469237999999905e+03
1.649140625000000000e+03
1.648460571000000073e+03
1.648066039999999930e+03
1.647428711000000021e+03
1.647183105000000069e+03
1.646660644999999931e+03
1.646214844000000085e+03
1.645966308999999910e+03
1.645402344000000085e+03
1.644730346999999938e+03
1.644277100000000019e+03
1.643794311999999991e+03
1.643458374000000049e+03
1.642948730000000069e+03
1.642346680000000106e+03
1.641802124000000049e+03
1.641296021000000110e+03
1.640920288000000028e+03
1.640394287000000077e+03
1.640033202999999958e+03
1.639801635999999917e+03
1.639503783999999996e+03
1.639209229000000050e+03
1.638828735000000052e+03
1.638684936999999991e+03
1.638498047000000042e+03
1.638109009000000015e+03
1.637823730000000069e+03
1.637646484000000100e+03
1.637501465000000053e+03
1.637138549999999896e+03
1.636800537000000077e+03
1.636326049999999896e+03
1.635703003000000081e+03
1.635358521000000110e+03
1.634905396000000110e+03
1.634595458999999892e+03
1.634210082999999941e+03
1.634056518999999980e+03
1.633713257000000112e+03
1.633310547000000042e+03
1.632930542000000059e+03
1.632380981000000020e+03
1.632012938999999960e+03
1.631604980000000069e+03
1.631319946000000073e+03
1.631208008000000063e+03
1.630604614000000083e+03
1.630231322999999975e+03
1.630036986999999954e+03
1.629826172000000042e+03
1.629310181000000057e+03
1.629080932999999959e+03
1.628826172000000042e+03
1.628359253000000081e+03
1.627901732999999922e+03
1.627630859000000100e+03
1.627470336999999972e+03
1.627261719000000085e+03
1.626869384999999966e+03
1.626278931000000057e+03
1.626088745000000017e+03
1.625517822000000024e+03
1.625195189999999911e+03
1.624390259000000015e+03
1.624205566000000090e+03
1.624035644999999931e+03
1.623886962999999923e+03
1.623419433999999910e+03
1.623125121999999919e+03
1.622783081000000038e+03
1.622508422999999993e+03
1.621787109000000100e+03
1.621485351999999921e+03
1.621071167000000059e+03
1.620594849000000067e+03
1.620166870000000017e+03
1.619946044999999913e+03
1.619761596999999938e+03
1.619480835000000070e+03
1.619277587999999923e+03
1.619057373000000098e+03
1.618699096999999938e+03
1.618424316000000090e+03
1.618156615999999985e+03
1.617795532000000094e+03
1.617441771999999901e+03
1.616892700000000104e+03
1.616543091000000004e+03
1.616335082999999941e+03
1.616261475000000019e+03
1.615835692999999992e+03
1.615560791000000108e+03
1.615246703999999909e+03
1.615049805000000106e+03
1.614852417000000059e+03
1.614368042000000059e+03
1.613956787000000077e+03
1.613659789999999930e+03
1.613475586000000021e+03
1.613200072999999975e+03
1.612992187999999942e+03
1.612750365999999985e+03
1.612622313999999960e+03
1.612296143000000029e+03
1.611741089000000102e+03
1.611587768999999980e+03
1.611378418000000011e+03
1.611133422999999993e+03
1.610864745999999968e+03
1.610613037000000077e+03
1.610283568999999943e+03
1.610105956999999989e+03
1.609886475000000019e+03
1.609759520999999950e+03
1.609471680000000106e+03
1.609294799999999896e+03
1.608924193999999943e+03
1.608628418000000011e+03
1.608264404000000013e+03
1.607724365000000034e+03
1.607463500999999951e+03
1.607178466999999955e+03
1.606809692000000041e+03
1.606700683999999910e+03
1.606295166000000108e+03
1.606233521000000110e+03
1.605880981000000020e+03
1.605185668999999962e+03
1.604939575000000104e+03
1.604662475999999970e+03
1.604552856000000020e+03
1.604414307000000008e+03
1.604252075000000104e+03
1.604059326000000056e+03
1.603936400999999933e+03
1.603830322000000024e+03
1.603540649000000030e+03
1.603216552999999976e+03
1.602620850000000019e+03
1.602302979000000050e+03
1.602081664999999930e+03
1.601549438000000009e+03
1.600950683999999910e+03
1.600856688999999960e+03
1.600631225999999970e+03
1.600235351999999921e+03
1.600051758000000063e+03
1.599755859000000100e+03
1.599558960000000070e+03
1.599001586999999972e+03
1.598664062000000058e+03
1.598504149999999981e+03
1.598387817000000041e+03
1.598073853000000099e+03
1.597747802999999976e+03
1.597416138000000046e+03
1.597307861000000003e+03
1.597227417000000059e+03
1.597005736999999954e+03
1.596745605000000069e+03
1.596437500000000000e+03
1.596046143000000029e+03
1.595833617999999888e+03
1.595273192999999992e+03
1.595174072000000024e+03
1.594850830000000087e+03
1.594668822999999975e+03
1.594417236000000003e+03
1.594197632000000112e+03
1.593944580000000087e+03
1.593703125000000000e+03
1.593533691000000090e+03
1.593420288000000028e+03
1.593090576000000056e+03
1.592710692999999992e+03
1.592473754999999983e+03
1.592251586999999972e+03
1.592110106999999971e+03
1.591683105000000069e+03
1.591235106999999971e+03
1.590908568999999943e+03
1.590683228000000099e+03
1.590487305000000106e+03
1.590138306000000057e+03
1.589643555000000106e+03
1.589292846999999938e+03
1.589232909999999947e+03
1.588863403000000062e+03
1.588724365000000034e+03
1.588327393000000029e+03
1.587855835000000070e+03
1.587598999000000049e+03
1.587476073999999926e+03
1.587173461999999972e+03
1.586923950000000104e+03
1.586622558999999910e+03
1.586455932999999959e+03
1.586362427000000025e+03
1.586101317999999992e+03
1.585885132000000112e+03
1.585787475999999970e+03
1.585661499000000049e+03
1.585561768000000029e+03
1.585322998000000098e+03
1.584750121999999919e+03
1.584237427000000025e+03
1.583945922999999993e+03
1.583865966999999955e+03
1.583712279999999964e+03
1.583432616999999937e+03
1.583316405999999915e+03
1.583219849000000067e+03
1.582852904999999964e+03
1.582632935000000089e+03
1.582136719000000085e+03
1.581966797000000042e+03
1.581653931000000057e+03
1.580908325000000104e+03
1.580725341999999955e+03
1.580330688000000009e+03
1.580251831000000038e+03
1.579912109000000100e+03
1.579503905999999915e+03
1.579218262000000095e+03
1.579186157000000094e+03
1.578828490999999985e+03
1.578545898000000079e+03
