4.065163817999999992e+03
3.949412354000000050e+03
3.839347655999999915e+03
3.734580077999999958e+03
3.635056395999999950e+03
3.540476561999999831e+03
3.450681884999999966e+03
3.365690673999999944e+03
3.284643310999999812e+03
3.207998047000000042e+03
3.135165770999999950e+03
3.066083740000000034e+03
3.000306395999999950e+03
2.938164795000000140e+03
2.879401123000000098e+03
2.823396240000000034e+03
2.770157959000000119e+03
2.720361084000000119e+03
2.672531493999999839e+03
2.628000731999999971e+03
2.585460449000000153e+03
2.545038329999999860e+03
2.506285400000000209e+03
2.469508788999999979e+03
2.435356933999999910e+03
2.402834961000000021e+03
2.372077393000000029e+03
2.343375243999999839e+03
2.316205077999999958e+03
2.290236327999999958e+03
2.266156250000000000e+03
2.243515625000000000e+03
2.221632811999999831e+03
2.200862548999999944e+03
2.180855712999999923e+03
2.162525634999999966e+03
2.144868407999999818e+03
2.127943604000000050e+03
2.112153564000000188e+03
2.097389160000000174e+03
2.083054932000000008e+03
2.069332519999999931e+03
2.056687011999999868e+03
2.044457030999999915e+03
2.033111083999999892e+03
2.022376342999999906e+03
2.011784668000000011e+03
2.002197020999999950e+03
1.992324462999999923e+03
1.983551146999999901e+03
1.974924072000000024e+03
1.966928711000000021e+03
1.959259520999999950e+03
1.951084716999999955e+03
1.944126952999999958e+03
1.937032592999999906e+03
1.930678466999999955e+03
1.924394043000000011e+03
1.918141967999999906e+03
1.911729614000000083e+03
1.906304564999999911e+03
1.901498168999999962e+03
1.896751342999999906e+03
1.891736693999999943e+03
1.887172728999999890e+03
1.883101073999999926e+03
1.878972168000000011e+03
1.874403319999999894e+03
1.870146240000000034e+03
1.866568236999999954e+03
1.863048217999999906e+03
1.859491698999999926e+03
1.856074341000000004e+03
1.852584106000000020e+03
1.849338257000000112e+03
1.846162720000000036e+03
1.843452271000000110e+03
1.840610474000000067e+03
1.837917969000000085e+03
1.834999389999999948e+03
1.831706664999999930e+03
1.828720092999999906e+03
1.826306395999999950e+03
1.823285888999999997e+03
1.820956908999999996e+03
1.818386596999999938e+03
1.815776245000000017e+03
1.813965087999999923e+03
1.811500365999999985e+03
1.808848510999999917e+03
1.806720336999999972e+03
1.804835571000000073e+03
1.802741089000000102e+03
1.800709961000000021e+03
1.798615845000000036e+03
1.796738037000000077e+03
1.794483032000000094e+03
1.792662109000000100e+03
1.790859619000000066e+03
1.789193847999999889e+03
1.787644896999999901e+03
1.785799072000000024e+03
1.784288817999999992e+03
1.782399292000000059e+03
1.780475830000000087e+03
1.778766845999999987e+03
1.777462279999999964e+03
1.775445067999999992e+03
1.773612548999999944e+03
1.771877197000000024e+03
1.770170409999999947e+03
1.768660521999999901e+03
1.767433471999999938e+03
1.766162231000000020e+03
1.764823853000000099e+03
1.763066162000000077e+03
1.761412720000000036e+03
1.759901245000000017e+03
1.758409057999999959e+03
1.757241821000000073e+03
1.755907836999999972e+03
1.754221436000000040e+03
1.752859009000000015e+03
1.751452514999999948e+03
1.749979736000000003e+03
1.748699341000000004e+03
1.747500487999999905e+03
1.746511841000000004e+03
1.745570067999999992e+03
1.744569214000000102e+03
1.743083374000000049e+03
1.741962279999999964e+03
1.740509277000000111e+03
1.739625000000000000e+03
1.738532592999999906e+03
1.737302490000000034e+03
1.736289307000000008e+03
1.735610595999999987e+03
1.734288573999999926e+03
1.733173217999999906e+03
1.732174805000000106e+03
1.731240479000000050e+03
1.730245971999999938e+03
1.729459229000000050e+03
1.728543701000000056e+03
1.727726439999999911e+03
1.726553222999999889e+03
1.725473876999999902e+03
1.724303466999999955e+03
1.723212768999999980e+03
1.722053100999999970e+03
1.721105103000000099e+03
1.720276855000000069e+03
1.719341186999999991e+03
1.718635254000000032e+03
1.717612548999999944e+03
1.716689086999999972e+03
1.715435424999999896e+03
1.714524902000000111e+03
1.713460082999999941e+03
1.712799805000000106e+03
1.711841674999999896e+03
1.710924072000000024e+03
1.710010132000000112e+03
1.709253296000000091e+03
1.708484496999999919e+03
1.707670898000000079e+03
1.706995116999999937e+03
1.706353882000000112e+03
1.705287597999999889e+03
1.704409423999999944e+03
1.703844970999999987e+03
1.703041382000000112e+03
1.702276855000000069e+03
1.701600952000000007e+03
1.700831787000000077e+03
1.700022339000000102e+03
1.699527710000000070e+03
1.698773192999999992e+03
1.697855225000000019e+03
1.697196167000000059e+03
1.696447020999999950e+03
1.695696410999999898e+03
1.694902344000000085e+03
1.693842773000000079e+03
1.693152831999999989e+03
1.692518677000000025e+03
1.691825683999999910e+03
1.691330688000000009e+03
1.690709229000000050e+03
1.690018066000000090e+03
1.689487427000000025e+03
1.688711547999999993e+03
1.688105346999999938e+03
1.687537720000000036e+03
1.686877563000000009e+03
1.686165649000000030e+03
1.685644287000000077e+03
1.684845092999999906e+03
1.684176635999999917e+03
1.683538086000000021e+03
1.682948607999999922e+03
1.682296387000000095e+03
1.681799927000000025e+03
1.681018798999999944e+03
1.680679687999999942e+03
1.679838745000000017e+03
1.679281494000000066e+03
1.678690186000000040e+03
1.677940552000000025e+03
1.677513183999999910e+03
1.676471191000000090e+03
1.675622802999999976e+03
1.674986693999999943e+03
1.674406615999999985e+03
1.673740845000000036e+03
1.673318481000000020e+03
1.672530273000000079e+03
1.672121947999999975e+03
1.671431884999999966e+03
1.670912597999999889e+03
1.670147339000000102e+03
1.669419311999999991e+03
1.668858032000000094e+03
1.668156371999999919e+03
1.667635375999999951e+03
1.667220336999999972e+03
1.666855591000000004e+03
1.666388549999999896e+03
1.665903442000000041e+03
1.665420043999999962e+03
1.664816283999999996e+03
1.664422362999999905e+03
1.663968994000000066e+03
1.663478393999999980e+03
1.662805785999999898e+03
1.661981078999999909e+03
1.661218139999999948e+03
1.660643188000000009e+03
1.659994995000000017e+03
1.659594849000000067e+03
1.659046264999999948e+03
1.658509765999999900e+03
1.658209839000000102e+03
1.657579224000000067e+03
1.657137938999999960e+03
1.656515137000000095e+03
1.656185424999999896e+03
1.655831421000000091e+03
1.655236816000000090e+03
1.654687500000000000e+03
1.654177245999999968e+03
1.653747069999999894e+03
1.653304321000000073e+03
1.652791625999999951e+03
1.652395019999999931e+03
1.652018921000000091e+03
1.651566283999999996e+03
1.650693970000000036e+03
1.650373900999999933e+03
1.649946533000000045e+03
1.649600220000000036e+03
1.649060913000000028e+03
1.648572998000000098e+03
1.648268432999999959e+03
1.647812865999999985e+03
1.647139771000000110e+03
1.646270019999999931e+03
1.646044922000000042e+03
1.645388916000000108e+03
1.644886107999999922e+03
1.644133788999999979e+03
1.643822509999999966e+03
1.643212645999999950e+03
1.642747192000000041e+03
1.642330566000000090e+03
1.642000244000000066e+03
1.641550414999999930e+03
1.641037841999999955e+03
1.640665283000000045e+03
1.639908568999999943e+03
1.639581055000000106e+03
1.639189575000000104e+03
1.638869750999999951e+03
1.638401489000000083e+03
1.638092041000000108e+03
1.637700317000000041e+03
1.637425537000000077e+03
1.636730469000000085e+03
1.635946167000000059e+03
1.635590453999999909e+03
1.635351317999999992e+03
1.635093628000000081e+03
1.634531005999999934e+03
1.633830200000000104e+03
1.633588745000000017e+03
1.633119629000000032e+03
1.632767822000000024e+03
1.632097289999999930e+03
1.631681395999999950e+03
1.631333008000000063e+03
1.630962035999999898e+03
1.630706543000000011e+03
1.630514893000000029e+03
1.630236206000000038e+03
1.629784668000000011e+03
1.629498657000000094e+03
1.629277953999999909e+03
1.628907103999999890e+03
1.628501952999999958e+03
1.628107909999999947e+03
1.627666625999999951e+03
1.627416504000000032e+03
1.627198607999999922e+03
1.626746460000000070e+03
1.626349486999999954e+03
1.626094115999999985e+03
1.625715819999999894e+03
1.625578978999999890e+03
1.625135375999999951e+03
1.624767090000000053e+03
1.624164428999999927e+03
1.623740845000000036e+03
1.623491455000000087e+03
1.623252930000000106e+03
1.622737305000000106e+03
1.622247924999999896e+03
1.621981078999999909e+03
1.621718262000000095e+03
1.621427245999999968e+03
1.621173217999999906e+03
1.620494873000000098e+03
1.619990234000000100e+03
1.619560181000000057e+03
1.619199706999999989e+03
1.618739745999999968e+03
1.618506470000000036e+03
1.618012085000000070e+03
1.617676513999999997e+03
1.617381714000000102e+03
1.617190673999999944e+03
1.616874268000000029e+03
1.616427245999999968e+03
1.616140746999999919e+03
1.615835327000000007e+03
1.615663696000000073e+03
1.615308105000000069e+03
1.615171021000000110e+03
1.615013183999999910e+03
1.614435791000000108e+03
1.614219481999999971e+03
1.613643188000000009e+03
1.613522095000000036e+03
1.613010741999999937e+03
1.612500487999999905e+03
1.611961669999999913e+03
1.611717407000000094e+03
1.611432129000000032e+03
1.611207642000000078e+03
1.610569214000000102e+03
1.610424072000000024e+03
1.610122313999999960e+03
1.609906860000000052e+03
1.609359619000000066e+03
1.609063720999999987e+03
1.608449585000000070e+03
1.608023682000000008e+03
1.607894530999999915e+03
1.607729736000000003e+03
1.607540893999999980e+03
1.607128296000000091e+03
1.606763306000000057e+03
1.606538573999999926e+03
1.606197632000000112e+03
1.605930908000000045e+03
1.605665893999999980e+03
1.605239501999999902e+03
1.605111083999999892e+03
1.604826904000000013e+03
1.604681884999999966e+03
1.604136719000000085e+03
1.603904907000000094e+03
1.603786010999999917e+03
1.603373168999999962e+03
1.603208495999999968e+03
1.602811034999999947e+03
1.602471313000000009e+03
1.602233032000000094e+03
1.601915038999999979e+03
1.601853882000000112e+03
1.601597655999999915e+03
1.601427367999999888e+03
1.601275634999999966e+03
1.600724854000000050e+03
1.600565796000000091e+03
1.600208129999999983e+03
1.599617676000000074e+03
1.599262328999999909e+03
1.599206543000000011e+03
1.598987671000000091e+03
1.598425903000000062e+03
1.598031860000000052e+03
1.597612305000000106e+03
1.597273192999999992e+03
1.597084961000000021e+03
1.596611206000000038e+03
1.596308837999999923e+03
1.595864135999999917e+03
1.595313110000000052e+03
1.595056152000000111e+03
1.594918335000000070e+03
1.594589966000000004e+03
1.594131347999999889e+03
1.593868774000000030e+03
1.593547485000000052e+03
1.593105103000000099e+03
1.592774047999999993e+03
1.592548461999999972e+03
1.592208740000000034e+03
1.591683350000000019e+03
1.591477660999999898e+03
1.591181763000000046e+03
1.590745728000000099e+03
1.590410767000000078e+03
1.590151123000000098e+03
1.590081177000000025e+03
1.589731078999999909e+03
1.589459472999999889e+03
1.589332885999999917e+03
1.589219603999999890e+03
1.589057861000000003e+03
1.588999023000000079e+03
1.588726807000000008e+03
1.588633422999999993e+03
1.588298583999999892e+03
1.588100830000000087e+03
1.587885986000000003e+03
1.587575927999999976e+03
1.587260864000000083e+03
1.586855956999999989e+03
1.586703003000000081e+03
1.586562134000000015e+03
1.586142943999999943e+03
1.586010132000000112e+03
