4.074202881000000161e+03
3.959052979000000050e+03
3.849437743999999839e+03
3.745229735999999775e+03
3.646454102000000148e+03
3.552392577999999958e+03
3.463182860999999775e+03
3.378712645999999950e+03
3.298176269999999931e+03
3.221764647999999852e+03
3.148457764000000225e+03
3.079127685999999812e+03
3.013991699000000153e+03
2.951882567999999992e+03
2.893141113000000132e+03
2.837676758000000063e+03
2.785421143000000029e+03
2.735091553000000204e+03
2.687475097999999889e+03
2.643563231999999971e+03
2.601119384999999966e+03
2.560860595999999987e+03
2.521941650000000209e+03
2.485216308999999910e+03
2.450853027000000111e+03
2.418740479000000050e+03
2.388778319999999894e+03
2.359742675999999847e+03
2.332518310999999812e+03
2.306686035000000174e+03
2.282396240000000034e+03
2.259369384999999966e+03
2.237504150000000209e+03
2.216913329999999860e+03
2.197235106999999971e+03
2.179183837999999923e+03
2.161635253999999804e+03
2.145584961000000021e+03
2.129774902000000111e+03
2.114656493999999839e+03
2.100504639000000225e+03
2.087270508000000063e+03
2.074694336000000021e+03
2.062461425999999847e+03
2.050920897999999852e+03
2.040173340000000053e+03
2.029856688999999960e+03
2.020207153000000062e+03
2.010937134000000015e+03
2.002109740999999985e+03
1.993105225000000019e+03
1.985247924999999896e+03
1.977703856999999971e+03
1.970346313000000009e+03
1.962591552999999976e+03
1.955536010999999917e+03
1.948648926000000074e+03
1.942148803999999927e+03
1.935839844000000085e+03
1.929526000999999951e+03
1.924179198999999926e+03
1.918829956000000038e+03
1.913406494000000066e+03
1.908563476999999921e+03
1.903939697000000024e+03
1.899157715000000053e+03
1.895194946000000073e+03
1.890847412000000077e+03
1.886901855000000069e+03
1.883061768000000029e+03
1.879111083999999892e+03
1.875482056000000057e+03
1.871843628000000081e+03
1.867999634000000015e+03
1.864788452000000007e+03
1.862204956000000038e+03
1.858461913999999979e+03
1.855780029000000013e+03
1.853054810000000089e+03
1.850079101999999921e+03
1.846557250999999951e+03
1.843102660999999898e+03
1.840715087999999923e+03
1.838289551000000074e+03
1.835303711000000021e+03
1.832244384999999966e+03
1.830195312000000058e+03
1.827513672000000042e+03
1.825296021000000110e+03
1.823235474000000067e+03
1.820626586999999972e+03
1.818705566000000090e+03
1.816691894999999931e+03
1.814233643000000029e+03
1.811934203999999909e+03
1.810106811999999991e+03
1.808074706999999989e+03
1.805833617999999888e+03
1.803960814999999911e+03
1.802245482999999922e+03
1.800458374000000049e+03
1.798655273000000079e+03
1.796648071000000073e+03
1.795007080000000087e+03
1.793242187999999942e+03
1.791433837999999923e+03
1.789349365000000034e+03
1.787447388000000046e+03
1.785499755999999934e+03
1.783938599000000067e+03
1.782561034999999947e+03
1.780926879999999983e+03
1.779103882000000112e+03
1.777729614000000083e+03
1.776355225000000019e+03
1.774821654999999964e+03
1.773233398000000079e+03
1.771452148000000079e+03
1.769884520999999950e+03
1.768311889999999948e+03
1.767098510999999917e+03
1.765596436000000040e+03
1.764168335000000070e+03
1.762737305000000106e+03
1.761675171000000091e+03
1.760424193999999943e+03
1.759253296000000091e+03
1.757988646999999901e+03
1.757015503000000081e+03
1.755838013000000046e+03
1.754582885999999917e+03
1.753585692999999992e+03
1.752317870999999968e+03
1.750737671000000091e+03
1.749686279000000013e+03
1.748534302000000025e+03
1.747515746999999919e+03
1.746611450000000104e+03
1.745541504000000032e+03
1.744507446000000073e+03
1.743681395999999950e+03
1.742512206999999989e+03
1.741463257000000112e+03
1.740207396999999901e+03
1.739315918000000011e+03
1.738569702000000007e+03
1.737658691000000090e+03
1.736672119000000066e+03
1.735468505999999934e+03
1.734602417000000059e+03
1.733508422999999993e+03
1.732479614000000083e+03
1.731591797000000042e+03
1.730760132000000112e+03
1.730027100000000019e+03
1.729114013999999997e+03
1.728143188000000009e+03
1.727256714000000102e+03
1.726227294999999913e+03
1.725346068999999943e+03
1.724500244000000066e+03
1.723567992999999888e+03
1.722850586000000021e+03
1.721694702000000007e+03
1.720845458999999892e+03
1.719981444999999894e+03
1.719088257000000112e+03
1.718373900999999933e+03
1.717608398000000079e+03
1.716778808999999910e+03
1.715879394999999931e+03
1.715255370999999968e+03
1.714571410999999898e+03
1.713898192999999992e+03
1.713098021999999901e+03
1.712449951000000056e+03
1.711772705000000087e+03
1.711076172000000042e+03
1.710072020999999950e+03
1.709109496999999919e+03
1.708250976999999921e+03
1.707526489000000083e+03
1.706701416000000108e+03
1.706124512000000095e+03
1.705556274000000030e+03
1.704747313999999960e+03
1.704016478999999890e+03
1.703300780999999915e+03
1.702737305000000106e+03
1.701456055000000106e+03
1.700675293000000011e+03
1.699999512000000095e+03
1.699392456000000038e+03
1.698216797000000042e+03
1.697468018000000029e+03
1.696681763000000046e+03
1.695901855000000069e+03
1.695223754999999983e+03
1.694299438000000009e+03
1.693779297000000042e+03
1.693232177999999976e+03
1.692581298999999944e+03
1.692094481999999971e+03
1.691507689999999911e+03
1.691018432999999959e+03
1.690301269999999931e+03
1.689560424999999896e+03
1.688885254000000032e+03
1.687892577999999958e+03
1.687468871999999919e+03
1.686590697999999975e+03
1.686085937999999942e+03
1.685390869000000066e+03
1.684836792000000059e+03
1.684300780999999915e+03
1.683845947000000024e+03
1.683227294999999913e+03
1.682554442999999992e+03
1.682164917000000059e+03
1.681650634999999966e+03
1.681109619000000066e+03
1.680469970999999987e+03
1.679776978000000099e+03
1.679208251999999902e+03
1.678299072000000024e+03
1.677727538999999979e+03
1.677131957999999941e+03
1.676596436000000040e+03
1.676029541000000108e+03
1.675453856999999971e+03
1.674420898000000079e+03
1.673982909999999947e+03
1.673442504999999983e+03
1.672916504000000032e+03
1.672308716000000004e+03
1.671825317000000041e+03
1.671279663000000028e+03
1.670641601999999921e+03
1.670161010999999917e+03
1.669284546000000091e+03
1.668618042000000059e+03
1.667898192999999992e+03
1.667322143999999980e+03
1.666805419999999913e+03
1.666385375999999951e+03
1.666033202999999958e+03
1.665532349000000067e+03
1.665049805000000106e+03
1.664621216000000004e+03
1.664114867999999888e+03
1.663675537000000077e+03
1.663148560000000089e+03
1.662528686999999991e+03
1.662199706999999989e+03
1.661818236999999954e+03
1.661549927000000025e+03
1.660932373000000098e+03
1.660544311999999991e+03
1.660139038000000028e+03
1.659832153000000062e+03
1.659581177000000025e+03
1.659346191000000090e+03
1.658894530999999915e+03
1.658392700000000104e+03
1.657936279000000013e+03
1.657739379999999983e+03
1.657248900999999933e+03
1.656790160999999898e+03
1.656389771000000110e+03
1.656285278000000062e+03
1.655836913999999979e+03
1.655527344000000085e+03
1.654914672999999993e+03
1.654687987999999905e+03
1.654315186000000040e+03
1.653818115000000034e+03
1.653559326000000056e+03
1.653183228000000099e+03
1.653021117999999888e+03
1.652736206000000038e+03
1.652485228999999890e+03
1.652248047000000042e+03
1.651985595999999987e+03
1.651164794999999913e+03
1.650849975999999970e+03
1.650661499000000049e+03
1.650551024999999981e+03
1.650105712999999923e+03
1.649903931000000057e+03
1.649607666000000108e+03
1.649104736000000003e+03
1.648924682999999959e+03
1.648787720000000036e+03
1.648506470000000036e+03
1.648265625000000000e+03
1.647576538000000028e+03
1.646897582999999941e+03
1.646490479000000050e+03
1.646287109000000100e+03
1.646127807999999959e+03
1.645803466999999955e+03
1.645621947999999975e+03
1.645022827000000007e+03
1.644755492999999888e+03
1.644596068999999943e+03
1.644186279000000013e+03
1.644086547999999993e+03
1.643792725000000019e+03
1.643509033000000045e+03
1.643141112999999905e+03
1.642674561000000040e+03
1.641930297999999993e+03
1.641829467999999906e+03
1.641580077999999958e+03
1.641163573999999926e+03
1.640877807999999959e+03
1.640751586999999972e+03
1.640105835000000070e+03
1.639629271999999901e+03
1.639500244000000066e+03
1.639191649999999981e+03
1.639063842999999906e+03
1.638883788999999979e+03
1.638532470999999987e+03
1.638026123000000098e+03
1.637574096999999938e+03
1.637383910999999898e+03
1.637151611000000003e+03
1.637012328999999909e+03
1.636701049999999896e+03
1.636416382000000112e+03
1.636268677000000025e+03
1.636064331000000038e+03
1.635808228000000099e+03
1.635161254999999983e+03
1.634892700000000104e+03
1.634447388000000046e+03
1.634186768000000029e+03
1.633823730000000069e+03
1.633152587999999923e+03
1.632972899999999981e+03
1.632850952000000007e+03
1.632655639999999948e+03
1.631865845000000036e+03
1.631478027000000111e+03
1.631095092999999906e+03
1.630652953999999909e+03
1.630179810000000089e+03
1.629961547999999993e+03
1.629196167000000059e+03
1.628931518999999980e+03
1.628845947000000024e+03
1.628588257000000112e+03
1.628503905999999915e+03
1.628105469000000085e+03
1.627875731999999971e+03
1.627553955000000087e+03
1.627260986000000003e+03
1.626535521999999901e+03
1.625971680000000106e+03
1.625825317000000041e+03
1.625798095999999987e+03
1.625550658999999996e+03
1.625340210000000070e+03
1.625090087999999923e+03
1.624399292000000059e+03
1.624034057999999959e+03
1.623962035999999898e+03
1.623731688999999960e+03
1.623552611999999954e+03
1.623314941000000090e+03
1.622654174999999896e+03
1.622521117999999888e+03
1.622003662000000077e+03
1.621792480000000069e+03
1.621521240000000034e+03
1.621436034999999947e+03
1.621114013999999997e+03
1.621066162000000077e+03
1.620741821000000073e+03
1.620388793999999962e+03
1.619931640999999900e+03
1.619483764999999948e+03
1.619352172999999993e+03
1.619250731999999971e+03
1.619021361999999954e+03
1.618820801000000074e+03
1.618510864000000083e+03
1.618237182999999959e+03
1.618038573999999926e+03
1.617781615999999985e+03
1.617179077000000007e+03
1.617025513000000046e+03
1.616873168999999962e+03
1.616448241999999937e+03
1.615865845000000036e+03
1.615672606999999971e+03
1.615323241999999937e+03
1.615080688000000009e+03
1.614891601999999921e+03
1.614428711000000021e+03
1.614280639999999948e+03
1.614167603000000099e+03
1.613877930000000106e+03
1.613813842999999906e+03
1.613520019999999931e+03
1.613157470999999987e+03
1.613069091999999955e+03
1.612897948999999926e+03
1.612466674999999896e+03
1.612031005999999934e+03
1.611824585000000070e+03
1.611156615999999985e+03
1.611006104000000050e+03
1.610727783000000045e+03
1.610547119000000066e+03
1.610391356999999971e+03
1.610286010999999917e+03
1.609747558999999910e+03
1.609584595000000036e+03
1.609426635999999917e+03
1.608834961000000021e+03
1.608485351999999921e+03
1.608194702000000007e+03
1.608139038000000028e+03
1.607954467999999906e+03
1.607604248000000098e+03
1.607429932000000008e+03
1.607261841000000004e+03
1.606950317000000041e+03
1.606711060000000089e+03
1.606125365999999985e+03
1.605739745999999968e+03
1.605641967999999906e+03
1.605392577999999958e+03
1.605258422999999993e+03
1.604979736000000003e+03
1.604857909999999947e+03
1.604686279000000013e+03
1.604336547999999993e+03
1.604102904999999964e+03
1.604019653000000062e+03
1.603714232999999922e+03
1.603415160999999898e+03
1.603253905999999915e+03
1.603150757000000112e+03
1.602859375000000000e+03
1.602583129999999983e+03
1.602301879999999983e+03
1.602143432999999959e+03
1.601942017000000078e+03
1.601870116999999937e+03
1.601744995000000017e+03
1.601530639999999948e+03
1.601338989000000083e+03
1.601197020999999950e+03
1.600923461999999972e+03
1.600757567999999992e+03
1.600636353000000099e+03
1.600482543999999962e+03
1.600221680000000106e+03
1.600097533999999996e+03
1.599987548999999944e+03
1.599894287000000077e+03
1.599662109000000100e+03
1.599485228999999890e+03
1.599263427999999976e+03
1.598839600000000019e+03
1.598421630999999934e+03
1.598267456000000038e+03
1.598100097999999889e+03
1.597953369000000066e+03
1.597581543000000011e+03
1.597478393999999980e+03
1.597064452999999958e+03
1.596912964000000102e+03
1.596262938999999960e+03
1.596001342999999906e+03
1.595463013000000046e+03
1.595057739000000083e+03
1.594954833999999892e+03
1.594665038999999979e+03
1.594319091999999955e+03
1.594231811999999991e+03
1.594017456000000038e+03
1.593358032000000094e+03
1.593031128000000081e+03
1.592739258000000063e+03
1.592420166000000108e+03
1.591821654999999964e+03
1.591543822999999975e+03
1.591315918000000011e+03
1.590780273000000079e+03
1.590605103000000099e+03
1.590358764999999948e+03
1.590236816000000090e+03
1.590184326000000056e+03
1.590087158000000045e+03
1.589988037000000077e+03
1.589832153000000062e+03
