5.045330200195312500e+02
5.901977539062500000e+02
6.037805175781250000e+02
5.520461425781250000e+02
6.267860107421875000e+02
6.071204223632812500e+02
6.169739379882812500e+02
5.462327270507812500e+02
5.849323730468750000e+02
4.894728393554687500e+02
6.065173950195312500e+02
6.495477905273437500e+02
5.529419555664062500e+02
5.221259155273437500e+02
5.253641357421875000e+02
5.417675781250000000e+02
5.776494140625000000e+02
5.251262207031250000e+02
5.440806274414062500e+02
6.267405395507812500e+02
5.259804077148437500e+02
6.470306396484375000e+02
5.828864135742187500e+02
4.563809814453125000e+02
5.402376098632812500e+02
5.273502197265625000e+02
5.314516601562500000e+02
5.184743041992187500e+02
6.184936523437500000e+02
4.941872253417968750e+02
5.341617431640625000e+02
5.504329223632812500e+02
5.362337646484375000e+02
4.487623291015625000e+02
7.184872436523437500e+02
4.884335021972656250e+02
5.861126098632812500e+02
5.080692749023437500e+02
5.623347167968750000e+02
5.118553161621093750e+02
5.173786621093750000e+02
6.648263549804687500e+02
4.718677978515625000e+02
5.103017578125000000e+02
5.454501342773437500e+02
5.912648315429687500e+02
5.233718261718750000e+02
4.807735290527343750e+02
7.558577880859375000e+02
6.281821289062500000e+02
5.074591064453125000e+02
5.656170654296875000e+02
5.148325805664062500e+02
4.917749023437500000e+02
4.987946166992187500e+02
4.459711914062500000e+02
5.226861572265625000e+02
6.617307128906250000e+02
5.122055664062500000e+02
4.502395629882812500e+02
4.451786193847656250e+02
5.400948486328125000e+02
6.291904907226562500e+02
6.328447875976562500e+02
4.484942626953125000e+02
5.948979492187500000e+02
4.200080566406250000e+02
5.589593505859375000e+02
4.973931579589843750e+02
5.327400512695312500e+02
5.462247924804687500e+02
5.079121398925781250e+02
4.746738281250000000e+02
5.878886108398437500e+02
5.202923583984375000e+02
4.902138671875000000e+02
5.835088500976562500e+02
5.382352294921875000e+02
4.936179504394531250e+02
6.118574218750000000e+02
5.132999267578125000e+02
5.236408691406250000e+02
4.762305908203125000e+02
4.719360351562500000e+02
4.887649841308593750e+02
5.093876342773437500e+02
5.681744384765625000e+02
5.402443237304687500e+02
4.689107360839843750e+02
5.438258666992187500e+02
5.689406127929687500e+02
5.135305175781250000e+02
5.195086059570312500e+02
6.162658691406250000e+02
5.167816162109375000e+02
5.337578125000000000e+02
4.658016967773437500e+02
4.132733154296875000e+02
5.678863525390625000e+02
5.723585205078125000e+02
5.229586791992187500e+02
4.722953186035156250e+02
4.534783935546875000e+02
5.795022583007812500e+02
3.917896423339843750e+02
5.436716918945312500e+02
5.686126708984375000e+02
4.666666259765625000e+02
4.785695800781250000e+02
4.997014770507812500e+02
5.192393188476562500e+02
6.601913452148437500e+02
4.053698120117187500e+02
5.695013427734375000e+02
4.573595581054687500e+02
5.126676635742187500e+02
6.272312622070312500e+02
5.195080566406250000e+02
6.035735473632812500e+02
4.718051757812500000e+02
5.687187500000000000e+02
4.848535766601562500e+02
5.646520385742187500e+02
5.508284912109375000e+02
4.625988769531250000e+02
5.582293090820312500e+02
6.218739624023437500e+02
3.961041564941406250e+02
4.795049438476562500e+02
4.786230468750000000e+02
5.906281127929687500e+02
4.586519775390625000e+02
7.871752319335937500e+02
5.530393676757812500e+02
5.050533752441406250e+02
4.602826538085937500e+02
4.647623596191406250e+02
5.160876464843750000e+02
5.735329589843750000e+02
6.338444824218750000e+02
5.446489257812500000e+02
5.409484863281250000e+02
6.048677978515625000e+02
4.351533508300781250e+02
4.710483093261718750e+02
4.745921020507812500e+02
6.292730102539062500e+02
5.490622558593750000e+02
5.160761108398437500e+02
5.478627929687500000e+02
4.988903198242187500e+02
4.462880859375000000e+02
4.696404113769531250e+02
7.526359252929687500e+02
5.074783325195312500e+02
5.680803222656250000e+02
5.002449951171875000e+02
4.261430358886718750e+02
6.108544921875000000e+02
5.020078735351562500e+02
4.791541137695312500e+02
4.720157470703125000e+02
5.057916259765625000e+02
5.268619995117187500e+02
4.853225097656250000e+02
6.271213378906250000e+02
4.919076538085937500e+02
4.882874755859375000e+02
5.539512939453125000e+02
4.916858520507812500e+02
4.524170227050781250e+02
5.184970703125000000e+02
5.128372802734375000e+02
5.342094726562500000e+02
6.181970825195312500e+02
5.081692199707031250e+02
5.011234741210937500e+02
4.687832031250000000e+02
5.465869140625000000e+02
5.649594726562500000e+02
5.008921813964843750e+02
5.284379272460937500e+02
4.158790283203125000e+02
5.233609008789062500e+02
5.385930786132812500e+02
5.296356201171875000e+02
5.399201660156250000e+02
5.717708740234375000e+02
4.335686035156250000e+02
5.082025146484375000e+02
5.970993652343750000e+02
6.059208984375000000e+02
4.491242980957031250e+02
5.003999023437500000e+02
4.528610839843750000e+02
4.431505737304687500e+02
5.486427612304687500e+02
5.724161987304687500e+02
4.491606140136718750e+02
5.279041748046875000e+02
4.078037719726562500e+02
5.672299804687500000e+02
5.587097778320312500e+02
5.839467163085937500e+02
6.351528320312500000e+02
3.779447021484375000e+02
5.352656250000000000e+02
4.949047851562500000e+02
4.776536254882812500e+02
4.543530578613281250e+02
5.522700805664062500e+02
5.196490478515625000e+02
4.769140014648437500e+02
4.614014282226562500e+02
5.230856933593750000e+02
5.144440307617187500e+02
6.209088745117187500e+02
5.617269897460937500e+02
4.350400390625000000e+02
5.327990722656250000e+02
5.386369628906250000e+02
5.611489868164062500e+02
4.947279968261718750e+02
3.806987609863281250e+02
5.479072265625000000e+02
4.103482971191406250e+02
5.403200683593750000e+02
5.126565551757812500e+02
4.972880249023437500e+02
5.013449707031250000e+02
7.211338500976562500e+02
5.000873107910156250e+02
5.569315795898437500e+02
4.288647460937500000e+02
5.038375854492187500e+02
5.783477172851562500e+02
5.246243896484375000e+02
4.610383300781250000e+02
4.661690063476562500e+02
4.875404052734375000e+02
5.895635986328125000e+02
5.045070495605468750e+02
5.250268554687500000e+02
4.940811462402343750e+02
5.322170410156250000e+02
5.927316894531250000e+02
5.446364746093750000e+02
5.385314331054687500e+02
5.183814697265625000e+02
5.276815185546875000e+02
4.232999877929687500e+02
2.859930419921875000e+02
4.426609802246093750e+02
6.729557495117187500e+02
4.433308410644531250e+02
5.068668212890625000e+02
5.181335449218750000e+02
4.723452148437500000e+02
5.495971069335937500e+02
5.036197204589843750e+02
5.415900268554687500e+02
5.556319580078125000e+02
5.703308105468750000e+02
5.030847778320312500e+02
3.852331237792968750e+02
5.322995605468750000e+02
5.452629394531250000e+02
5.251203613281250000e+02
5.322725830078125000e+02
4.447372741699218750e+02
5.968936767578125000e+02
4.660641479492187500e+02
3.696086425781250000e+02
5.025421447753906250e+02
5.452593994140625000e+02
4.695752258300781250e+02
5.596115722656250000e+02
4.146219482421875000e+02
5.246796875000000000e+02
6.485203857421875000e+02
5.761333618164062500e+02
5.197750244140625000e+02
5.433789062500000000e+02
5.052738037109375000e+02
4.456575317382812500e+02
4.523916625976562500e+02
5.604393920898437500e+02
5.313843994140625000e+02
4.636602783203125000e+02
5.638890991210937500e+02
4.504361572265625000e+02
5.653783569335937500e+02
5.129924316406250000e+02
4.148491516113281250e+02
4.547170410156250000e+02
4.872341003417968750e+02
5.865142822265625000e+02
4.557211303710937500e+02
5.292858886718750000e+02
5.262600097656250000e+02
5.530256958007812500e+02
3.730343627929687500e+02
6.087180175781250000e+02
5.095367126464843750e+02
5.311416015625000000e+02
4.606452636718750000e+02
4.996818847656250000e+02
7.185009155273437500e+02
4.716524658203125000e+02
5.979679565429687500e+02
4.568537902832031250e+02
5.801035156250000000e+02
4.906843261718750000e+02
4.934861450195312500e+02
3.810931091308593750e+02
4.417373352050781250e+02
5.489874877929687500e+02
4.634246215820312500e+02
5.374520874023437500e+02
5.149356689453125000e+02
5.038737487792968750e+02
6.174122924804687500e+02
5.024448242187500000e+02
5.040283813476562500e+02
5.772242431640625000e+02
5.288209228515625000e+02
5.567115478515625000e+02
3.940576171875000000e+02
4.477912902832031250e+02
4.590572509765625000e+02
5.848659057617187500e+02
5.446445312500000000e+02
4.955680541992187500e+02
4.909453125000000000e+02
4.162100830078125000e+02
6.585522460937500000e+02
5.151902465820312500e+02
5.118654174804687500e+02
4.542984008789062500e+02
4.979106445312500000e+02
5.023064880371093750e+02
5.197471923828125000e+02
6.192211914062500000e+02
5.473999633789062500e+02
4.791414184570312500e+02
5.967211303710937500e+02
4.908576049804687500e+02
5.398021240234375000e+02
3.799619445800781250e+02
5.112265625000000000e+02
3.917358093261718750e+02
6.926970214843750000e+02
4.642452392578125000e+02
5.188161621093750000e+02
4.845801696777343750e+02
4.860197143554687500e+02
4.894932250976562500e+02
5.692683715820312500e+02
5.381852416992187500e+02
5.297285156250000000e+02
4.009477539062500000e+02
4.741261596679687500e+02
4.902726440429687500e+02
5.889505615234375000e+02
5.519920654296875000e+02
5.454425659179687500e+02
4.477027587890625000e+02
4.432662353515625000e+02
4.717652587890625000e+02
5.336613769531250000e+02
6.063666992187500000e+02
4.187677917480468750e+02
5.537142333984375000e+02
4.628743896484375000e+02
5.385709838867187500e+02
5.514244384765625000e+02
5.232953491210937500e+02
4.300729370117187500e+02
4.928166503906250000e+02
5.419099121093750000e+02
5.324096679687500000e+02
5.508248291015625000e+02
4.560284423828125000e+02
4.100488586425781250e+02
6.177959594726562500e+02
4.396576538085937500e+02
4.764205322265625000e+02
4.814383544921875000e+02
5.830815429687500000e+02
5.617492675781250000e+02
4.764448852539062500e+02
5.025053100585937500e+02
4.909163208007812500e+02
5.839822387695312500e+02
4.047420959472656250e+02
4.527945251464843750e+02
5.129324951171875000e+02
5.411330566406250000e+02
5.914611206054687500e+02
4.733871765136718750e+02
4.749921569824218750e+02
5.475540771484375000e+02
6.432980957031250000e+02
4.301152343750000000e+02
4.433868713378906250e+02
5.019998168945312500e+02
4.488663330078125000e+02
4.967860412597656250e+02
4.196272583007812500e+02
5.364625244140625000e+02
5.161716308593750000e+02
5.733699951171875000e+02
5.576629028320312500e+02
4.545354003906250000e+02
4.166113891601562500e+02
5.407741699218750000e+02
4.998124389648437500e+02
5.073719482421875000e+02
5.539669189453125000e+02
6.034105834960937500e+02
4.998521118164062500e+02
5.519056396484375000e+02
5.704133300781250000e+02
5.071856994628906250e+02
4.402493896484375000e+02
4.781493835449218750e+02
3.660961303710937500e+02
4.795296325683593750e+02
5.425776367187500000e+02
4.728418579101562500e+02
5.397921142578125000e+02
5.031329650878906250e+02
4.611362915039062500e+02
5.047505798339843750e+02
4.200214233398437500e+02
4.132397460937500000e+02
5.605743408203125000e+02
5.942520141601562500e+02
4.811138000488281250e+02
5.731320800781250000e+02
3.626839294433593750e+02
5.357031250000000000e+02
4.649670104980468750e+02
5.184354248046875000e+02
4.978460998535156250e+02
4.458149108886718750e+02
5.289214477539062500e+02
5.071130676269531250e+02
4.637751464843750000e+02
5.040110473632812500e+02
5.121647949218750000e+02
5.825136718750000000e+02
4.218197021484375000e+02
5.211301879882812500e+02
4.552073059082031250e+02
4.788676147460937500e+02
4.579573059082031250e+02
5.659528808593750000e+02
4.882962341308593750e+02
5.273100585937500000e+02
5.090789184570312500e+02
3.778190307617187500e+02
4.993488769531250000e+02
5.161293945312500000e+02
4.740710449218750000e+02
4.734095153808593750e+02
5.023457641601562500e+02
5.340119628906250000e+02
4.534189147949218750e+02
4.875801696777343750e+02
4.865729370117187500e+02
4.658058471679687500e+02
4.657406921386718750e+02
5.351911010742187500e+02
5.057117309570312500e+02
6.037922973632812500e+02
5.459948120117187500e+02
5.123939208984375000e+02
4.568047790527343750e+02
5.973551025390625000e+02
4.368262634277343750e+02
4.939036560058593750e+02
2.988861694335937500e+02
4.663990478515625000e+02
4.073527221679687500e+02
5.327283325195312500e+02
5.506790771484375000e+02
5.010337219238281250e+02
5.022316284179687500e+02
5.409329223632812500e+02
4.891596069335937500e+02
5.904039306640625000e+02
3.600882568359375000e+02
5.114737243652343750e+02
5.954672851562500000e+02
4.854511718750000000e+02
3.123262023925781250e+02
6.058867797851562500e+02
5.408576660156250000e+02
4.465325927734375000e+02
4.595950012207031250e+02
4.341448364257812500e+02
4.913888244628906250e+02
4.654307250976562500e+02
5.018319091796875000e+02
4.064194946289062500e+02
4.656500244140625000e+02
4.610715332031250000e+02
5.563278808593750000e+02
5.305661010742187500e+02
6.271213989257812500e+02
5.041019287109375000e+02
4.621871643066406250e+02
4.752832641601562500e+02
4.888061218261718750e+02
4.523519897460937500e+02
5.545380859375000000e+02
5.696107177734375000e+02
5.896306152343750000e+02
4.497857055664062500e+02
4.986547241210937500e+02
4.650592041015625000e+02
4.906943664550781250e+02
4.625065307617187500e+02
5.009403381347656250e+02
4.998672180175781250e+02
5.002448120117187500e+02
5.148621826171875000e+02
4.409348144531250000e+02
4.762018432617187500e+02
5.358275146484375000e+02
4.549598388671875000e+02
3.786014709472656250e+02
5.632449951171875000e+02
5.540590820312500000e+02
5.019144592285156250e+02
4.514587097167968750e+02
4.410536499023437500e+02
6.808465576171875000e+02
4.876958618164062500e+02
3.403012084960937500e+02
6.567462768554687500e+02
5.054146118164062500e+02
5.214621582031250000e+02
4.353416748046875000e+02
4.976525268554687500e+02
4.986418762207031250e+02
4.563425292968750000e+02
4.670781250000000000e+02
4.991611328125000000e+02
4.848700561523437500e+02
5.542904052734375000e+02
4.461123962402343750e+02
4.186171875000000000e+02
5.008334350585937500e+02
5.340238647460937500e+02
4.402767333984375000e+02
3.949409790039062500e+02
6.071429443359375000e+02
6.322011108398437500e+02
4.189940185546875000e+02
4.712817382812500000e+02
5.791422119140625000e+02
4.822674560546875000e+02
5.229312133789062500e+02
4.507467956542968750e+02
5.316490478515625000e+02
4.475899047851562500e+02
4.719936523437500000e+02
4.662767944335937500e+02
5.358771362304687500e+02
4.707137451171875000e+02
5.829963378906250000e+02
3.684132385253906250e+02
4.790758666992187500e+02
5.137988281250000000e+02
4.258780517578125000e+02
5.611121826171875000e+02
4.613515014648437500e+02
4.994300537109375000e+02
4.640122070312500000e+02
5.650894165039062500e+02
4.861696777343750000e+02
4.160769042968750000e+02
4.683302001953125000e+02
5.871925048828125000e+02
4.578886718750000000e+02
3.313365173339843750e+02
5.390848388671875000e+02
4.323067016601562500e+02
4.501630859375000000e+02
3.989107055664062500e+02
5.528782958984375000e+02
5.003374023437500000e+02
6.470917358398437500e+02
6.003958740234375000e+02
4.763796386718750000e+02
4.822192993164062500e+02
4.166839294433593750e+02
4.684981079101562500e+02
4.542712707519531250e+02
5.611810913085937500e+02
5.050128173828125000e+02
5.227509765625000000e+02
5.200585937500000000e+02
5.666625976562500000e+02
3.955925903320312500e+02
4.487370605468750000e+02
3.667088623046875000e+02
5.178127441406250000e+02
3.815339355468750000e+02
4.527309570312500000e+02
5.289814453125000000e+02
5.471935424804687500e+02
5.072427368164062500e+02
4.272913513183593750e+02
4.533262329101562500e+02
4.800085754394531250e+02
4.781191406250000000e+02
5.150126342773437500e+02
4.596983947753906250e+02
4.907857360839843750e+02
5.952913818359375000e+02
5.295720825195312500e+02
4.574651794433593750e+02
5.007465209960937500e+02
5.177431640625000000e+02
4.796198425292968750e+02
4.593850708007812500e+02
3.790094604492187500e+02
5.843607177734375000e+02
4.463484497070312500e+02
4.504396362304687500e+02
3.707838745117187500e+02
4.595427246093750000e+02
6.148742675781250000e+02
4.240244750976562500e+02
5.073210449218750000e+02
4.871033935546875000e+02
5.595571899414062500e+02
4.405020751953125000e+02
4.172428283691406250e+02
4.912214660644531250e+02
4.851037902832031250e+02
4.043902893066406250e+02
4.329362182617187500e+02
5.160516357421875000e+02
5.189963989257812500e+02
5.084554443359375000e+02
4.913569946289062500e+02
5.684528808593750000e+02
5.697996215820312500e+02
5.155086059570312500e+02
4.029176025390625000e+02
4.645808105468750000e+02
3.823761596679687500e+02
5.386645507812500000e+02
5.531984863281250000e+02
3.946640930175781250e+02
5.615312500000000000e+02
6.352337036132812500e+02
5.218602905273437500e+02
4.036846923828125000e+02
3.751025085449218750e+02
4.874156494140625000e+02
4.308530883789062500e+02
4.673130493164062500e+02
5.374190673828125000e+02
4.528620910644531250e+02
5.215789794921875000e+02
4.665533142089843750e+02
5.243487548828125000e+02
4.158669128417968750e+02
5.157745361328125000e+02
5.640131225585937500e+02
5.631269531250000000e+02
4.193854980468750000e+02
4.530540161132812500e+02
3.476756591796875000e+02
3.755103149414062500e+02
5.718188476562500000e+02
3.856110229492187500e+02
5.899010009765625000e+02
5.065968627929687500e+02
4.676654663085937500e+02
4.414859619140625000e+02
4.799135437011718750e+02
4.461406250000000000e+02
5.704765625000000000e+02
4.591022338867187500e+02
4.751158447265625000e+02
4.761213378906250000e+02
4.017144470214843750e+02
5.879315185546875000e+02
5.340957641601562500e+02
5.043817749023437500e+02
4.843856811523437500e+02
3.238892822265625000e+02
3.992572631835937500e+02
6.140535278320312500e+02
