5.451622924804687500e+02
5.956142578125000000e+02
4.929229125976562500e+02
6.716193237304687500e+02
7.237052001953125000e+02
5.664407348632812500e+02
6.440928344726562500e+02
6.098177490234375000e+02
6.616332397460937500e+02
5.033535156250000000e+02
5.623912963867187500e+02
6.200985107421875000e+02
5.557220458984375000e+02
6.373134155273437500e+02
5.553184204101562500e+02
4.967619628906250000e+02
6.538906250000000000e+02
5.339826660156250000e+02
6.091019897460937500e+02
5.863935546875000000e+02
6.009229736328125000e+02
6.314068603515625000e+02
4.832433471679687500e+02
4.897031250000000000e+02
5.611798706054687500e+02
5.361224365234375000e+02
6.979932861328125000e+02
5.291784667968750000e+02
5.642070312500000000e+02
5.186346435546875000e+02
4.524984741210937500e+02
5.540874023437500000e+02
6.218090820312500000e+02
5.497862548828125000e+02
8.304230346679687500e+02
6.098506469726562500e+02
5.540732421875000000e+02
5.774906005859375000e+02
5.284426269531250000e+02
5.425253295898437500e+02
5.364770507812500000e+02
4.813056335449218750e+02
4.637573852539062500e+02
5.655082397460937500e+02
5.545869140625000000e+02
5.879899902343750000e+02
5.457734985351562500e+02
5.822996826171875000e+02
5.666016845703125000e+02
6.020959472656250000e+02
4.250411987304687500e+02
5.663367309570312500e+02
7.172487182617187500e+02
5.372966308593750000e+02
4.499786987304687500e+02
5.195038452148437500e+02
5.714390258789062500e+02
6.178959960937500000e+02
5.127351074218750000e+02
5.444537353515625000e+02
5.057102661132812500e+02
5.399753417968750000e+02
4.941858215332031250e+02
6.826577148437500000e+02
6.271563720703125000e+02
4.899158325195312500e+02
4.655160217285156250e+02
5.552193603515625000e+02
4.483251037597656250e+02
5.295252075195312500e+02
5.443154296875000000e+02
5.395144042968750000e+02
5.417678222656250000e+02
5.253718261718750000e+02
4.785977172851562500e+02
6.273298339843750000e+02
5.358030395507812500e+02
4.810850524902343750e+02
5.629876098632812500e+02
5.333304443359375000e+02
5.767320556640625000e+02
4.380245971679687500e+02
6.264189453125000000e+02
6.308252563476562500e+02
4.578406677246093750e+02
5.897692871093750000e+02
5.436049804687500000e+02
5.550952758789062500e+02
5.354057617187500000e+02
5.505876464843750000e+02
5.711737670898437500e+02
6.022233276367187500e+02
5.020228271484375000e+02
4.776166687011718750e+02
5.966072998046875000e+02
4.897310180664062500e+02
5.615527343750000000e+02
5.643146362304687500e+02
5.374619140625000000e+02
5.512052001953125000e+02
5.414000244140625000e+02
5.082199707031250000e+02
5.313151855468750000e+02
5.266909790039062500e+02
6.536413574218750000e+02
6.192437744140625000e+02
6.057344360351562500e+02
5.500371704101562500e+02
5.521419677734375000e+02
4.458457031250000000e+02
4.774075317382812500e+02
4.777168884277343750e+02
4.341355285644531250e+02
5.793894042968750000e+02
5.864184570312500000e+02
5.268410034179687500e+02
5.403550415039062500e+02
5.501051025390625000e+02
5.680377807617187500e+02
5.301216430664062500e+02
6.004891357421875000e+02
6.166163330078125000e+02
4.540281982421875000e+02
4.521620483398437500e+02
5.690222167968750000e+02
5.427400512695312500e+02
5.323240966796875000e+02
5.394998168945312500e+02
5.583834228515625000e+02
5.417022705078125000e+02
5.778917236328125000e+02
4.458250732421875000e+02
6.160043334960937500e+02
6.043172607421875000e+02
4.524598083496093750e+02
5.564083251953125000e+02
4.447659912109375000e+02
5.585833740234375000e+02
5.922296142578125000e+02
5.678621826171875000e+02
4.709489746093750000e+02
5.026325073242187500e+02
5.847108154296875000e+02
5.144929809570312500e+02
6.202625122070312500e+02
4.809393310546875000e+02
6.655823974609375000e+02
4.498706970214843750e+02
5.067188415527343750e+02
6.357264404296875000e+02
4.509382019042968750e+02
5.368515014648437500e+02
5.379429931640625000e+02
8.277089233398437500e+02
4.970388793945312500e+02
6.062502441406250000e+02
5.519636230468750000e+02
4.525688171386718750e+02
5.533307495117187500e+02
5.452081298828125000e+02
5.502130126953125000e+02
5.445354614257812500e+02
4.445134277343750000e+02
5.040222778320312500e+02
5.096636962890625000e+02
5.618931884765625000e+02
6.081313476562500000e+02
6.441610107421875000e+02
5.481221313476562500e+02
5.264802856445312500e+02
4.484505920410156250e+02
5.225997314453125000e+02
5.777474975585937500e+02
5.562907104492187500e+02
6.149202270507812500e+02
5.724967651367187500e+02
4.998824157714843750e+02
5.962309570312500000e+02
4.251784667968750000e+02
6.282719726562500000e+02
4.743055419921875000e+02
5.561063842773437500e+02
5.618598022460937500e+02
6.209803466796875000e+02
4.237991943359375000e+02
4.673158569335937500e+02
5.448350830078125000e+02
5.775881347656250000e+02
5.478506469726562500e+02
5.832413940429687500e+02
5.495064697265625000e+02
5.506651611328125000e+02
4.719434204101562500e+02
5.092802124023437500e+02
5.433359375000000000e+02
5.043531494140625000e+02
5.459852294921875000e+02
4.416963806152343750e+02
4.782061767578125000e+02
5.472208251953125000e+02
5.832055664062500000e+02
6.112689208984375000e+02
4.976776123046875000e+02
5.564803466796875000e+02
5.402431640625000000e+02
4.839252929687500000e+02
4.608355102539062500e+02
5.806376953125000000e+02
5.754398803710937500e+02
5.203796386718750000e+02
4.592710571289062500e+02
4.636848144531250000e+02
4.841007385253906250e+02
6.127030029296875000e+02
5.441040649414062500e+02
5.400554199218750000e+02
7.977171630859375000e+02
4.634906921386718750e+02
5.345355224609375000e+02
6.419786376953125000e+02
5.060617675781250000e+02
5.889471435546875000e+02
5.192799682617187500e+02
3.314979553222656250e+02
6.106962890625000000e+02
4.688695373535156250e+02
5.481053466796875000e+02
5.032920227050781250e+02
4.955927124023437500e+02
6.024310913085937500e+02
4.008307495117187500e+02
5.470381469726562500e+02
5.588347167968750000e+02
4.921146240234375000e+02
4.871425170898437500e+02
5.362911376953125000e+02
5.950594482421875000e+02
4.314285888671875000e+02
4.963749389648437500e+02
5.632891235351562500e+02
5.414855957031250000e+02
5.606129150390625000e+02
4.992865905761718750e+02
4.753675842285156250e+02
6.679944458007812500e+02
5.941521606445312500e+02
5.453995361328125000e+02
5.579624023437500000e+02
5.188955078125000000e+02
5.328254394531250000e+02
5.076744079589843750e+02
2.933104248046875000e+02
4.766809082031250000e+02
5.020726013183593750e+02
5.493229980468750000e+02
5.247065429687500000e+02
5.916879272460937500e+02
5.368890380859375000e+02
5.159044799804687500e+02
5.657015991210937500e+02
4.780899658203125000e+02
6.748564453125000000e+02
4.991499633789062500e+02
4.242305297851562500e+02
4.974275512695312500e+02
6.359729614257812500e+02
7.027697143554687500e+02
5.318906860351562500e+02
5.213970947265625000e+02
4.419068603515625000e+02
5.376529541015625000e+02
4.819592285156250000e+02
3.901192321777343750e+02
5.431066894531250000e+02
5.622733764648437500e+02
5.345128173828125000e+02
5.054359741210937500e+02
4.957413330078125000e+02
5.274587402343750000e+02
5.316868286132812500e+02
5.655137939453125000e+02
4.716255493164062500e+02
6.698022460937500000e+02
5.404288330078125000e+02
4.868516845703125000e+02
4.628777160644531250e+02
4.366808166503906250e+02
4.351818847656250000e+02
5.526127929687500000e+02
6.436647949218750000e+02
5.516146850585937500e+02
4.958105468750000000e+02
4.797233886718750000e+02
5.458879394531250000e+02
4.099138183593750000e+02
4.671471557617187500e+02
6.212465209960937500e+02
4.559857788085937500e+02
6.451884155273437500e+02
5.497921752929687500e+02
5.661167602539062500e+02
5.240211181640625000e+02
5.310187377929687500e+02
5.713059692382812500e+02
5.834389648437500000e+02
4.547096252441406250e+02
5.017070312500000000e+02
5.063672790527343750e+02
4.851234741210937500e+02
5.754151000976562500e+02
4.609919128417968750e+02
5.147951660156250000e+02
5.361619873046875000e+02
6.003945312500000000e+02
4.775797119140625000e+02
4.645324707031250000e+02
4.981516113281250000e+02
4.955874328613281250e+02
5.591662597656250000e+02
5.302799682617187500e+02
6.127100830078125000e+02
5.070136413574218750e+02
5.527374267578125000e+02
4.773966979980468750e+02
5.197783813476562500e+02
6.092091064453125000e+02
4.842485046386718750e+02
4.874630432128906250e+02
5.887282714843750000e+02
4.990826416015625000e+02
4.941329345703125000e+02
5.431893920898437500e+02
5.970267944335937500e+02
4.948435668945312500e+02
4.701210937500000000e+02
6.788411254882812500e+02
5.168323364257812500e+02
5.593370361328125000e+02
4.859035644531250000e+02
5.512399902343750000e+02
5.573748779296875000e+02
4.890079956054687500e+02
4.832048034667968750e+02
5.072421264648437500e+02
4.639142761230468750e+02
6.432238769531250000e+02
5.132766113281250000e+02
5.040529479980468750e+02
5.321026000976562500e+02
4.617487182617187500e+02
4.932899169921875000e+02
5.513805541992187500e+02
5.275766601562500000e+02
5.201368408203125000e+02
4.421029663085937500e+02
6.398769531250000000e+02
4.205834655761718750e+02
5.268967895507812500e+02
5.442250366210937500e+02
5.804042968750000000e+02
4.948997192382812500e+02
4.848174438476562500e+02
4.966721191406250000e+02
5.530918579101562500e+02
5.806081542968750000e+02
4.634588928222656250e+02
4.784654541015625000e+02
4.988313598632812500e+02
4.868117065429687500e+02
5.800715332031250000e+02
6.646871948242187500e+02
5.401782226562500000e+02
6.121697998046875000e+02
5.315697021484375000e+02
4.384204711914062500e+02
4.843519287109375000e+02
5.739122314453125000e+02
3.738879394531250000e+02
5.711232910156250000e+02
5.299387207031250000e+02
4.852135620117187500e+02
5.934849853515625000e+02
4.599766845703125000e+02
5.086490478515625000e+02
4.625455932617187500e+02
5.979978027343750000e+02
4.980723266601562500e+02
4.829908447265625000e+02
5.328488769531250000e+02
5.259674682617187500e+02
5.192211303710937500e+02
4.264232177734375000e+02
4.493510131835937500e+02
4.674434509277343750e+02
5.945888671875000000e+02
5.319229736328125000e+02
5.707295532226562500e+02
5.028612976074218750e+02
5.392025146484375000e+02
6.220192260742187500e+02
5.463897705078125000e+02
4.741293640136718750e+02
5.193753051757812500e+02
4.300973510742187500e+02
5.358015747070312500e+02
4.962165832519531250e+02
5.112705993652343750e+02
4.378268432617187500e+02
4.790209045410156250e+02
5.860773315429687500e+02
4.850147705078125000e+02
5.989367675781250000e+02
5.766289672851562500e+02
4.682651977539062500e+02
4.670098266601562500e+02
5.160925292968750000e+02
5.081382446289062500e+02
5.164445800781250000e+02
5.964902343750000000e+02
6.449266967773437500e+02
4.699060668945312500e+02
6.671881103515625000e+02
4.560995178222656250e+02
6.094110107421875000e+02
4.857226257324218750e+02
4.954071044921875000e+02
2.957261352539062500e+02
4.957526245117187500e+02
5.931154785156250000e+02
5.595969238281250000e+02
4.883571166992187500e+02
4.813720092773437500e+02
5.316778564453125000e+02
3.887778320312500000e+02
5.458901367187500000e+02
3.890948486328125000e+02
5.870435791015625000e+02
5.772031250000000000e+02
5.316600952148437500e+02
5.489760131835937500e+02
2.871201782226562500e+02
4.871701660156250000e+02
5.983842163085937500e+02
5.359929809570312500e+02
4.885087280273437500e+02
5.163018188476562500e+02
5.485213623046875000e+02
2.921022338867187500e+02
4.993672485351562500e+02
4.571047973632812500e+02
4.780172729492187500e+02
6.023471069335937500e+02
5.385509643554687500e+02
5.233988647460937500e+02
5.136826782226562500e+02
4.888142700195312500e+02
4.487597656250000000e+02
5.172445068359375000e+02
5.934616699218750000e+02
5.463867187500000000e+02
5.417512207031250000e+02
3.885181579589843750e+02
5.442897338867187500e+02
5.639285888671875000e+02
4.879787597656250000e+02
4.495782470703125000e+02
4.809485778808593750e+02
5.172983398437500000e+02
6.596373291015625000e+02
4.843459472656250000e+02
5.514395751953125000e+02
5.710374145507812500e+02
5.024518737792968750e+02
4.432897033691406250e+02
4.601859130859375000e+02
7.442984008789062500e+02
5.359020385742187500e+02
5.641054687500000000e+02
4.069046936035156250e+02
5.384232177734375000e+02
5.148457031250000000e+02
5.913630981445312500e+02
3.105689392089843750e+02
6.137215576171875000e+02
4.087591247558593750e+02
4.678171691894531250e+02
4.908290100097656250e+02
6.206323242187500000e+02
5.360815429687500000e+02
3.416084899902343750e+02
5.209618530273437500e+02
5.068619689941406250e+02
4.653750000000000000e+02
5.200285034179687500e+02
5.948492431640625000e+02
4.837642822265625000e+02
4.710694274902343750e+02
5.550863647460937500e+02
4.908068237304687500e+02
4.611920166015625000e+02
4.772056884765625000e+02
4.212253417968750000e+02
6.879149780273437500e+02
4.554205017089843750e+02
5.309395751953125000e+02
4.487768249511718750e+02
5.528949584960937500e+02
4.399829101562500000e+02
5.075407104492187500e+02
5.903957519531250000e+02
5.143380737304687500e+02
5.576502075195312500e+02
4.063900756835937500e+02
4.999700317382812500e+02
4.964610900878906250e+02
5.145311279296875000e+02
5.752451171875000000e+02
5.651671142578125000e+02
4.363543090820312500e+02
6.216608886718750000e+02
5.383908081054687500e+02
4.200903320312500000e+02
5.208431396484375000e+02
5.497805175781250000e+02
4.418491516113281250e+02
4.670520629882812500e+02
4.784516296386718750e+02
5.020166015625000000e+02
4.996405029296875000e+02
5.304458007812500000e+02
5.311817016601562500e+02
6.695720214843750000e+02
4.168824157714843750e+02
5.223143310546875000e+02
5.231445922851562500e+02
5.575026855468750000e+02
4.569373474121093750e+02
5.851319580078125000e+02
4.966037902832031250e+02
5.327003784179687500e+02
4.574461975097656250e+02
4.914268493652343750e+02
4.592968750000000000e+02
5.139525146484375000e+02
6.173225097656250000e+02
4.544717407226562500e+02
4.593894042968750000e+02
4.792008056640625000e+02
4.926243896484375000e+02
4.731219482421875000e+02
5.231749877929687500e+02
5.906904296875000000e+02
6.077790527343750000e+02
4.998799438476562500e+02
5.432805175781250000e+02
5.594558715820312500e+02
4.104902038574218750e+02
4.814953308105468750e+02
5.756923217773437500e+02
4.380034484863281250e+02
6.061640014648437500e+02
3.926781311035156250e+02
5.176544189453125000e+02
4.691427001953125000e+02
5.362852172851562500e+02
5.278164062500000000e+02
4.896370544433593750e+02
4.754619750976562500e+02
5.075108337402343750e+02
3.863588867187500000e+02
5.821843261718750000e+02
5.382089233398437500e+02
5.506377563476562500e+02
5.071617431640625000e+02
4.871763610839843750e+02
4.638364868164062500e+02
5.141792602539062500e+02
4.871476745605468750e+02
5.493597412109375000e+02
5.008076782226562500e+02
6.115462646484375000e+02
4.862968139648437500e+02
6.243287963867187500e+02
4.791852416992187500e+02
4.311256103515625000e+02
6.204625244140625000e+02
3.925962524414062500e+02
5.046465454101562500e+02
5.464432373046875000e+02
4.442942504882812500e+02
6.069799194335937500e+02
5.076678466796875000e+02
3.768043212890625000e+02
5.563133544921875000e+02
4.799353637695312500e+02
4.879568176269531250e+02
5.537235107421875000e+02
5.625188598632812500e+02
4.553187561035156250e+02
4.569033813476562500e+02
5.105479431152343750e+02
5.041652832031250000e+02
4.713663635253906250e+02
5.389642333984375000e+02
5.187312622070312500e+02
6.272211914062500000e+02
4.452190551757812500e+02
4.443610534667968750e+02
4.356988525390625000e+02
6.717869873046875000e+02
4.282962951660156250e+02
4.704979248046875000e+02
4.975057678222656250e+02
4.897128295898437500e+02
5.033224182128906250e+02
3.784047851562500000e+02
4.702140502929687500e+02
5.878229980468750000e+02
4.682416381835937500e+02
5.206037597656250000e+02
4.960712280273437500e+02
4.539495544433593750e+02
5.632973632812500000e+02
5.480783691406250000e+02
4.234056396484375000e+02
5.082852783203125000e+02
5.209263916015625000e+02
5.371708984375000000e+02
5.130675659179687500e+02
3.878968505859375000e+02
4.829655151367187500e+02
4.573533935546875000e+02
5.049515075683593750e+02
4.770803527832031250e+02
4.124525756835937500e+02
6.367449951171875000e+02
6.190880126953125000e+02
5.559179687500000000e+02
4.966827087402343750e+02
4.330573730468750000e+02
4.696377563476562500e+02
4.912051086425781250e+02
5.369162597656250000e+02
5.723186645507812500e+02
3.704611816406250000e+02
4.927899780273437500e+02
4.397311401367187500e+02
6.349670410156250000e+02
5.149042358398437500e+02
5.227322387695312500e+02
5.854282226562500000e+02
5.220679931640625000e+02
5.063268737792968750e+02
4.319238891601562500e+02
4.790067749023437500e+02
4.398755493164062500e+02
6.344118652343750000e+02
4.590267944335937500e+02
4.529444885253906250e+02
5.826875000000000000e+02
5.601031494140625000e+02
4.583948669433593750e+02
4.486006469726562500e+02
4.874627075195312500e+02
5.199247436523437500e+02
6.090280151367187500e+02
4.617806396484375000e+02
4.906828002929687500e+02
5.211807861328125000e+02
5.178604736328125000e+02
4.289148559570312500e+02
3.898351745605468750e+02
4.436693115234375000e+02
5.895882568359375000e+02
5.499147949218750000e+02
5.798010253906250000e+02
3.958400878906250000e+02
4.425673828125000000e+02
4.649650878906250000e+02
4.084714355468750000e+02
5.368686523437500000e+02
4.794780883789062500e+02
5.545295410156250000e+02
4.940402832031250000e+02
5.209216308593750000e+02
4.761172790527343750e+02
5.658463745117187500e+02
4.139506835937500000e+02
5.382235107421875000e+02
5.429819335937500000e+02
4.873378295898437500e+02
4.902076721191406250e+02
3.310920715332031250e+02
4.258959045410156250e+02
4.780686950683593750e+02
5.079311523437500000e+02
5.421665039062500000e+02
4.585277709960937500e+02
5.452920532226562500e+02
5.667393188476562500e+02
