6.042313232421875000e+02
6.299641723632812500e+02
5.414161376953125000e+02
5.713967895507812500e+02
6.859268798828125000e+02
5.224523925781250000e+02
7.266454467773437500e+02
5.310281982421875000e+02
5.680607299804687500e+02
6.545266113281250000e+02
5.888471069335937500e+02
6.033404541015625000e+02
5.216023559570312500e+02
7.326598510742187500e+02
5.433331909179687500e+02
5.113486938476562500e+02
6.476245117187500000e+02
6.015860595703125000e+02
5.865953369140625000e+02
5.867486572265625000e+02
4.294474792480468750e+02
5.115670776367187500e+02
6.149680175781250000e+02
5.789687500000000000e+02
5.906818237304687500e+02
4.960115356445312500e+02
5.837720947265625000e+02
5.714759521484375000e+02
5.183193359375000000e+02
5.359979248046875000e+02
5.348678588867187500e+02
4.980665283203125000e+02
6.149450683593750000e+02
6.403466796875000000e+02
5.433580322265625000e+02
5.024932556152343750e+02
4.463909606933593750e+02
6.072631835937500000e+02
5.172984008789062500e+02
6.586257324218750000e+02
5.398445434570312500e+02
6.797203979492187500e+02
5.630345458984375000e+02
5.803350830078125000e+02
5.306618652343750000e+02
4.704724121093750000e+02
5.326846923828125000e+02
5.354704589843750000e+02
8.026950073242187500e+02
5.349428710937500000e+02
4.787745971679687500e+02
4.480124816894531250e+02
6.470614013671875000e+02
6.179404907226562500e+02
5.958979492187500000e+02
3.952511901855468750e+02
6.062340698242187500e+02
5.396141357421875000e+02
5.430691528320312500e+02
5.826657714843750000e+02
4.867952880859375000e+02
5.040375366210937500e+02
5.458312377929687500e+02
4.786910705566406250e+02
5.246335449218750000e+02
5.402949218750000000e+02
4.557242431640625000e+02
5.698632812500000000e+02
6.701079101562500000e+02
5.868676147460937500e+02
5.016654052734375000e+02
6.208028564453125000e+02
5.831066894531250000e+02
5.195416259765625000e+02
5.039502258300781250e+02
4.813560791015625000e+02
6.539409179687500000e+02
4.780944824218750000e+02
5.618819580078125000e+02
6.615406494140625000e+02
5.389711914062500000e+02
4.865425720214843750e+02
5.389353027343750000e+02
4.553537292480468750e+02
4.192651367187500000e+02
6.312597045898437500e+02
5.025268859863281250e+02
5.643607177734375000e+02
5.564188232421875000e+02
5.620869140625000000e+02
5.344600830078125000e+02
5.936409912109375000e+02
5.659561157226562500e+02
6.059501953125000000e+02
4.875271606445312500e+02
5.415947875976562500e+02
4.774559936523437500e+02
4.039190368652343750e+02
6.289703369140625000e+02
5.285354003906250000e+02
5.102789306640625000e+02
5.792314453125000000e+02
4.941145629882812500e+02
5.408055419921875000e+02
3.598119812011718750e+02
5.735640869140625000e+02
5.084548950195312500e+02
5.225179443359375000e+02
4.980063171386718750e+02
6.105736083984375000e+02
5.495447387695312500e+02
4.102667541503906250e+02
4.606012878417968750e+02
6.307027587890625000e+02
5.309985961914062500e+02
5.808275146484375000e+02
5.246323242187500000e+02
5.096212158203125000e+02
4.809860534667968750e+02
6.173912353515625000e+02
6.060227050781250000e+02
4.828389892578125000e+02
4.667500915527343750e+02
6.244840087890625000e+02
4.023626708984375000e+02
5.916751098632812500e+02
5.096692199707031250e+02
5.560862426757812500e+02
4.983143310546875000e+02
5.770899658203125000e+02
6.036900634765625000e+02
4.681739807128906250e+02
5.399115600585937500e+02
5.804376831054687500e+02
5.770030517578125000e+02
4.332435302734375000e+02
5.786606445312500000e+02
4.902238464355468750e+02
5.486368408203125000e+02
5.456685180664062500e+02
5.595793457031250000e+02
4.914637451171875000e+02
5.012044372558593750e+02
5.446848144531250000e+02
5.720143432617187500e+02
5.872053222656250000e+02
3.833299865722656250e+02
5.234978637695312500e+02
5.663296508789062500e+02
5.563751831054687500e+02
5.137831420898437500e+02
4.912678833007812500e+02
6.030259399414062500e+02
3.814682006835937500e+02
5.150759887695312500e+02
5.037474365234375000e+02
5.668170166015625000e+02
5.921900634765625000e+02
5.255332641601562500e+02
5.420336914062500000e+02
4.020182800292968750e+02
5.790264282226562500e+02
6.024808349609375000e+02
4.616482543945312500e+02
5.918004150390625000e+02
4.985737304687500000e+02
5.001701660156250000e+02
4.314605102539062500e+02
5.324709472656250000e+02
4.988975219726562500e+02
5.457862548828125000e+02
5.275508422851562500e+02
4.813356018066406250e+02
5.915876464843750000e+02
6.028928222656250000e+02
5.291840209960937500e+02
4.671743164062500000e+02
4.940154418945312500e+02
4.784642333984375000e+02
6.371103515625000000e+02
5.611173095703125000e+02
6.287882080078125000e+02
6.297039794921875000e+02
5.053797302246093750e+02
4.508854980468750000e+02
5.042763061523437500e+02
4.579958190917968750e+02
7.008808593750000000e+02
3.584552307128906250e+02
5.069163208007812500e+02
6.369641113281250000e+02
4.958091125488281250e+02
5.054604797363281250e+02
4.705362548828125000e+02
6.207139892578125000e+02
3.915438537597656250e+02
4.550492858886718750e+02
5.494904785156250000e+02
6.201643066406250000e+02
5.331050415039062500e+02
5.419445190429687500e+02
5.240223388671875000e+02
4.243281860351562500e+02
5.458226318359375000e+02
5.561713867187500000e+02
5.487306518554687500e+02
4.423020935058593750e+02
5.854219360351562500e+02
4.945083007812500000e+02
5.793721923828125000e+02
4.301917114257812500e+02
5.583627319335937500e+02
4.867835693359375000e+02
5.556514892578125000e+02
5.998792724609375000e+02
5.348967895507812500e+02
5.946810913085937500e+02
5.350437011718750000e+02
4.814472045898437500e+02
5.963968505859375000e+02
5.024223937988281250e+02
5.660960693359375000e+02
4.890723571777343750e+02
5.719509887695312500e+02
4.620208740234375000e+02
6.486207275390625000e+02
4.732276611328125000e+02
5.326926269531250000e+02
4.613527832031250000e+02
5.949033813476562500e+02
5.567137451171875000e+02
4.880404968261718750e+02
6.055447998046875000e+02
4.964148559570312500e+02
5.229807128906250000e+02
5.369530639648437500e+02
5.583650512695312500e+02
4.353984069824218750e+02
5.286802978515625000e+02
5.497386474609375000e+02
6.405140380859375000e+02
4.824535827636718750e+02
4.759354248046875000e+02
5.467531738281250000e+02
3.770572204589843750e+02
5.694155273437500000e+02
4.619694519042968750e+02
6.560124511718750000e+02
4.480456848144531250e+02
5.470971069335937500e+02
4.958511657714843750e+02
5.152274780273437500e+02
4.315594482421875000e+02
4.928826904296875000e+02
5.180089111328125000e+02
6.325424804687500000e+02
5.635057373046875000e+02
4.996408081054687500e+02
6.358565673828125000e+02
4.913427734375000000e+02
5.292717285156250000e+02
4.805696716308593750e+02
4.246650695800781250e+02
6.025529174804687500e+02
6.043996582031250000e+02
6.443121948242187500e+02
5.912248535156250000e+02
4.605562133789062500e+02
5.694854736328125000e+02
5.609683837890625000e+02
4.894995117187500000e+02
4.771495361328125000e+02
5.843904418945312500e+02
5.178070068359375000e+02
5.526958618164062500e+02
5.741889648437500000e+02
5.271496582031250000e+02
3.871329040527343750e+02
5.674887695312500000e+02
6.477675781250000000e+02
4.874031372070312500e+02
5.163011474609375000e+02
5.156665039062500000e+02
4.624156188964843750e+02
5.663212280273437500e+02
6.370634765625000000e+02
4.514267578125000000e+02
5.114285888671875000e+02
5.593800048828125000e+02
5.420314941406250000e+02
4.929118652343750000e+02
5.080443725585937500e+02
5.613884887695312500e+02
4.749349060058593750e+02
5.925952148437500000e+02
4.424502563476562500e+02
4.981296386718750000e+02
5.161531372070312500e+02
5.620395507812500000e+02
5.225397338867187500e+02
5.983421630859375000e+02
4.642442016601562500e+02
5.301136474609375000e+02
5.809991455078125000e+02
5.616149902343750000e+02
5.339774169921875000e+02
5.092659301757812500e+02
4.413627014160156250e+02
5.150496826171875000e+02
5.054084472656250000e+02
5.610078735351562500e+02
5.766679687500000000e+02
5.274233398437500000e+02
5.234531860351562500e+02
3.403626403808593750e+02
5.832398681640625000e+02
5.609877319335937500e+02
5.759497680664062500e+02
4.813913574218750000e+02
4.676316833496093750e+02
4.923380126953125000e+02
4.833423767089843750e+02
5.884083862304687500e+02
5.197196044921875000e+02
5.053296508789062500e+02
5.925733642578125000e+02
4.775874633789062500e+02
4.846830749511718750e+02
4.525408630371093750e+02
4.758991088867187500e+02
4.665683898925781250e+02
6.787377929687500000e+02
5.336149291992187500e+02
4.691544799804687500e+02
5.399356689453125000e+02
4.572297058105468750e+02
4.620603332519531250e+02
5.947213745117187500e+02
5.385887451171875000e+02
5.083134765625000000e+02
5.100036315917968750e+02
4.586165466308593750e+02
7.409818725585937500e+02
4.240540771484375000e+02
5.121638183593750000e+02
5.503095703125000000e+02
4.769300842285156250e+02
5.350911254882812500e+02
5.922382812500000000e+02
6.721300048828125000e+02
5.537144165039062500e+02
4.924185180664062500e+02
4.883870239257812500e+02
6.598928833007812500e+02
5.310177612304687500e+02
4.243990478515625000e+02
4.735292663574218750e+02
4.480348510742187500e+02
5.200911254882812500e+02
5.997059326171875000e+02
5.639259643554687500e+02
4.984966735839843750e+02
5.160523071289062500e+02
4.748934020996093750e+02
6.101770629882812500e+02
5.077408447265625000e+02
5.206641235351562500e+02
5.136992797851562500e+02
5.196025390625000000e+02
5.003773193359375000e+02
3.819338989257812500e+02
4.650203247070312500e+02
5.616993408203125000e+02
5.257779541015625000e+02
4.212155761718750000e+02
5.299497070312500000e+02
5.498919677734375000e+02
7.516391601562500000e+02
5.112775573730468750e+02
5.788830566406250000e+02
5.146860351562500000e+02
4.623363342285156250e+02
5.382950439453125000e+02
4.996461791992187500e+02
5.764039306640625000e+02
5.415267333984375000e+02
4.355182495117187500e+02
4.776073608398437500e+02
6.413972167968750000e+02
4.982190856933593750e+02
5.218211669921875000e+02
5.308931884765625000e+02
5.356800537109375000e+02
5.208602294921875000e+02
5.503487548828125000e+02
5.179793701171875000e+02
4.560184020996093750e+02
5.347132568359375000e+02
5.219774169921875000e+02
4.266035766601562500e+02
4.887483520507812500e+02
5.583638916015625000e+02
5.091977844238281250e+02
5.674062500000000000e+02
6.069896240234375000e+02
3.777878112792968750e+02
6.561019897460937500e+02
4.439025268554687500e+02
4.728531799316406250e+02
4.909752197265625000e+02
4.647660217285156250e+02
5.476784057617187500e+02
6.265263061523437500e+02
3.945875854492187500e+02
5.665639648437500000e+02
5.323265380859375000e+02
5.342827148437500000e+02
5.129625244140625000e+02
5.035819396972656250e+02
7.179296875000000000e+02
5.095531005859375000e+02
4.552890930175781250e+02
6.120543212890625000e+02
5.794593505859375000e+02
4.668843994140625000e+02
4.862537536621093750e+02
4.984800720214843750e+02
4.934524536132812500e+02
5.528880615234375000e+02
5.555070800781250000e+02
5.115502624511718750e+02
4.742318725585937500e+02
4.992033691406250000e+02
5.599172973632812500e+02
4.538458862304687500e+02
6.542868652343750000e+02
4.348800048828125000e+02
4.307635803222656250e+02
5.690688476562500000e+02
5.713227539062500000e+02
4.612419433593750000e+02
5.247801513671875000e+02
4.798307495117187500e+02
5.043200683593750000e+02
4.856099548339843750e+02
5.573477783203125000e+02
5.407817382812500000e+02
5.188706665039062500e+02
5.701254882812500000e+02
5.008672485351562500e+02
5.031334838867187500e+02
5.255067138671875000e+02
5.060805664062500000e+02
4.852907714843750000e+02
5.129586181640625000e+02
4.732975158691406250e+02
4.755310363769531250e+02
5.077886047363281250e+02
4.594166870117187500e+02
6.348855590820312500e+02
5.326519165039062500e+02
5.253200683593750000e+02
4.495083007812500000e+02
4.378728637695312500e+02
5.917274169921875000e+02
5.398835449218750000e+02
5.976713256835937500e+02
4.799168701171875000e+02
4.721773986816406250e+02
3.948318481445312500e+02
5.445803222656250000e+02
5.209787597656250000e+02
5.848727416992187500e+02
4.950522155761718750e+02
4.415847473144531250e+02
8.276691284179687500e+02
5.815263671875000000e+02
4.560329284667968750e+02
4.962541809082031250e+02
4.006754760742187500e+02
4.371338500976562500e+02
6.833444213867187500e+02
5.821529541015625000e+02
5.675520019531250000e+02
4.558039550781250000e+02
4.842824707031250000e+02
4.631193847656250000e+02
4.877760009765625000e+02
6.185534667968750000e+02
4.994994201660156250e+02
5.139501953125000000e+02
5.562705078125000000e+02
5.044822387695312500e+02
5.459891357421875000e+02
5.004022521972656250e+02
4.421293334960937500e+02
5.320406494140625000e+02
6.059865722656250000e+02
4.618410949707031250e+02
4.575210571289062500e+02
4.629533691406250000e+02
5.719141235351562500e+02
5.229375000000000000e+02
4.564148559570312500e+02
5.899990234375000000e+02
4.991207275390625000e+02
4.436032714843750000e+02
5.117418823242187500e+02
5.180236816406250000e+02
5.115608215332031250e+02
4.738792114257812500e+02
4.355063476562500000e+02
6.083037719726562500e+02
5.157619018554687500e+02
4.929215087890625000e+02
4.118333129882812500e+02
6.396924438476562500e+02
3.662065124511718750e+02
5.203696899414062500e+02
4.251601867675781250e+02
5.511815185546875000e+02
5.297495117187500000e+02
5.227783203125000000e+02
4.850394897460937500e+02
5.777474975585937500e+02
4.737484741210937500e+02
4.140519104003906250e+02
5.513018798828125000e+02
5.399783325195312500e+02
5.042812805175781250e+02
5.379204101562500000e+02
6.073854980468750000e+02
6.004924316406250000e+02
5.183642578125000000e+02
3.782117309570312500e+02
5.329349365234375000e+02
5.364053955078125000e+02
4.782927856445312500e+02
5.206854858398437500e+02
5.970763549804687500e+02
5.525678710937500000e+02
4.342403259277343750e+02
6.091571044921875000e+02
4.085057373046875000e+02
4.633401489257812500e+02
4.444213867187500000e+02
4.059017333984375000e+02
3.966658325195312500e+02
5.840905151367187500e+02
5.994009399414062500e+02
5.454817504882812500e+02
5.609769287109375000e+02
3.442329101562500000e+02
5.057919921875000000e+02
5.569624023437500000e+02
4.739229431152343750e+02
5.432749023437500000e+02
5.164609985351562500e+02
4.590424499511718750e+02
4.514273071289062500e+02
5.178960571289062500e+02
4.460625915527343750e+02
5.762987060546875000e+02
5.385114135742187500e+02
4.353964233398437500e+02
4.981996459960937500e+02
5.777258300781250000e+02
5.235313110351562500e+02
6.411512451171875000e+02
5.201959228515625000e+02
5.200425415039062500e+02
4.862069396972656250e+02
3.640499267578125000e+02
4.292699279785156250e+02
4.254426879882812500e+02
5.910673217773437500e+02
6.586077880859375000e+02
4.799429321289062500e+02
4.184073486328125000e+02
4.557039489746093750e+02
5.009143676757812500e+02
4.268854370117187500e+02
4.664780883789062500e+02
5.748903808593750000e+02
5.641904296875000000e+02
4.868405761718750000e+02
5.113506469726562500e+02
4.847177734375000000e+02
4.657451171875000000e+02
5.101957092285156250e+02
4.494185791015625000e+02
5.278564453125000000e+02
5.544088134765625000e+02
5.431683349609375000e+02
4.088173217773437500e+02
5.255042724609375000e+02
5.045638427734375000e+02
4.651981201171875000e+02
4.618864746093750000e+02
5.609192504882812500e+02
4.920708007812500000e+02
5.276089477539062500e+02
4.670232543945312500e+02
5.122714233398437500e+02
4.768264160156250000e+02
4.684657287597656250e+02
5.350285644531250000e+02
5.691345214843750000e+02
4.567695007324218750e+02
5.059537353515625000e+02
5.356744995117187500e+02
4.692857360839843750e+02
4.699829711914062500e+02
5.641842041015625000e+02
5.091611022949218750e+02
3.639456481933593750e+02
4.595042724609375000e+02
5.371936035156250000e+02
4.811588745117187500e+02
4.750833129882812500e+02
4.387681884765625000e+02
5.879448852539062500e+02
5.914830322265625000e+02
6.246264038085937500e+02
5.194151000976562500e+02
5.304786376953125000e+02
4.047775268554687500e+02
4.447669372558593750e+02
4.708930664062500000e+02
5.314408569335937500e+02
5.687412109375000000e+02
5.323976440429687500e+02
4.235787658691406250e+02
5.015481262207031250e+02
4.603926696777343750e+02
4.857586059570312500e+02
5.924071044921875000e+02
4.992802734375000000e+02
5.707063598632812500e+02
4.817486267089843750e+02
5.159586181640625000e+02
4.746486816406250000e+02
4.659418029785156250e+02
4.665623168945312500e+02
4.882600708007812500e+02
4.266924743652343750e+02
5.767657470703125000e+02
4.801300659179687500e+02
5.190140380859375000e+02
4.798330078125000000e+02
5.758073120117187500e+02
5.644174194335937500e+02
4.491309204101562500e+02
5.501835327148437500e+02
5.738669433593750000e+02
4.906222839355468750e+02
4.052677001953125000e+02
3.640158996582031250e+02
4.292333679199218750e+02
5.612616577148437500e+02
4.495714416503906250e+02
6.042745971679687500e+02
5.100396423339843750e+02
4.304901733398437500e+02
5.087260742187500000e+02
4.529753417968750000e+02
5.301205444335937500e+02
4.967485961914062500e+02
5.446708374023437500e+02
4.614287719726562500e+02
4.729469604492187500e+02
5.810895385742187500e+02
4.498634033203125000e+02
4.089160766601562500e+02
4.914894409179687500e+02
5.424106445312500000e+02
5.678621826171875000e+02
5.611669311523437500e+02
3.693058166503906250e+02
5.054642028808593750e+02
5.290131225585937500e+02
4.862820434570312500e+02
4.862009277343750000e+02
5.447442016601562500e+02
4.266727905273437500e+02
4.974732055664062500e+02
5.171630859375000000e+02
4.694434509277343750e+02
5.029802856445312500e+02
4.566251220703125000e+02
5.004909057617187500e+02
5.473391113281250000e+02
4.366937561035156250e+02
4.471337890625000000e+02
5.934368896484375000e+02
4.734761657714843750e+02
4.805720214843750000e+02
4.476244506835937500e+02
5.500954589843750000e+02
4.316569519042968750e+02
