3.670306662371337580e+01
3.517993774119772610e+01
3.379132663810121784e+01
3.237405522880482067e+01
3.115505988602800969e+01
2.999240745623264459e+01
2.891621196688350537e+01
2.789929588962269591e+01
2.692565866069118030e+01
2.611165372534983220e+01
2.520325321614661718e+01
2.430648234108095451e+01
2.354770994334783651e+01
2.295804727228692954e+01
2.231683568965230435e+01
2.168032005843635801e+01
2.113751124577452956e+01
2.066156934553180236e+01
2.006616239370685761e+01
1.961391651595948460e+01
1.910552289939852244e+01
1.863074064496541737e+01
1.817318324650594974e+01
1.781490269710828755e+01
1.746041346986192266e+01
1.708325016029193577e+01
1.682060793743366034e+01
1.654200855177478147e+01
1.631795179671172136e+01
1.598152744774923129e+01
1.569512366246003232e+01
1.544105329661164205e+01
1.519376181138022375e+01
1.503028564585366667e+01
1.485233185589853733e+01
1.463535394551265689e+01
1.440516254329148005e+01
1.423371796451304405e+01
1.404549927796293574e+01
1.395710730091724017e+01
1.375545793631114400e+01
1.366624482502330018e+01
1.347721718503114907e+01
1.336401421566543135e+01
1.322108096819944123e+01
1.303566498862187828e+01
1.287881162961265069e+01
1.272116747186203156e+01
1.257885012045679574e+01
1.243977687749584149e+01
1.233220943658517754e+01
1.219432948939251027e+01
1.207169586135941408e+01
1.199140253449494509e+01
1.184191314687353547e+01
1.177215107871165323e+01
1.160916003757451520e+01
1.145782217761471600e+01
1.133461469129323973e+01
1.128273008764214680e+01
1.123430827421386802e+01
1.109730097380539426e+01
1.102867228089791318e+01
1.093694052343618495e+01
1.087505195399478097e+01
1.076909588984438670e+01
1.068351798416307474e+01
1.057665278450491897e+01
1.051851867326509549e+01
1.049043383005053798e+01
1.041213470780038364e+01
1.026949435239930430e+01
1.017188003042067201e+01
1.008798641337458868e+01
1.003959833035784932e+01
9.932332434945600141e+00
9.864555852807736613e+00
9.808919092103014492e+00
9.713111034628893137e+00
9.693220470217200457e+00
9.667895390381174181e+00
9.584758165547633268e+00
9.487177618222197850e+00
9.394303629237427344e+00
9.344051093028864940e+00
9.305512481879365083e+00
9.281820341055308177e+00
9.219365607215511460e+00
9.160782989859754366e+00
9.112284170482842782e+00
9.072594274712994178e+00
9.012876250785456733e+00
8.991933804965714927e+00
8.936901010008933000e+00
8.870226656370173046e+00
8.830670622530659486e+00
8.781213186865862497e+00
8.734339204870810391e+00
8.657970263329126226e+00
8.642942265190411533e+00
8.569983409265972796e+00
8.513711368731614826e+00
8.484779931560899158e+00
8.442656638571316208e+00
8.425582629681606761e+00
8.355437697586001633e+00
8.326126538561812396e+00
8.315365257955180667e+00
8.294248402029870348e+00
8.238957850137577310e+00
8.179440894034007314e+00
8.113760954717310625e+00
8.081238837235119377e+00
8.031913321716560361e+00
7.978776691578144842e+00
7.956008448650911724e+00
7.933797724501112647e+00
7.892011799899331770e+00
7.846828724441354375e+00
7.809129284133820903e+00
7.765454197005191794e+00
7.711484805327019743e+00
7.703910274522660195e+00
7.659862562831900590e+00
7.611357575292523769e+00
7.571198278377409885e+00
7.518017644849595449e+00
7.478054100846252439e+00
7.441398392630184766e+00
7.396966214668712958e+00
7.374677223459265463e+00
7.345078705047002110e+00
7.302068317243606721e+00
7.263279452977743134e+00
7.243411963709831092e+00
7.210667940788670904e+00
7.170097998340834167e+00
7.132811296916645283e+00
7.109507152456959744e+00
7.059350266252185868e+00
7.028147346900146530e+00
6.999303167312537433e+00
6.984045446769713728e+00
6.969845801406929553e+00
6.934232930810665607e+00
6.901049661257696144e+00
6.890882367020879862e+00
6.885217315960008300e+00
6.846476793095944480e+00
6.825773108507216413e+00
6.803103144843859695e+00
6.767918230773970478e+00
6.728568926696540942e+00
6.723602672223317533e+00
6.689005525702795829e+00
6.670923671918104425e+00
6.653635817061562818e+00
6.632947986154227316e+00
6.612629291715804492e+00
6.582847712466293189e+00
6.557863639660079791e+00
6.532550363613006006e+00
6.509320388211270902e+00
6.483124723085899710e+00
6.464371338751206508e+00
6.438936215341968250e+00
6.418003132934520849e+00
6.392340394561556671e+00
6.374276166978221525e+00
6.355914177988949199e+00
6.328437659745679511e+00
6.307020169802895815e+00
6.286840135012617736e+00
6.261774222266939027e+00
6.236538889291252552e+00
6.205449804880993625e+00
6.181536569149236549e+00
6.154130049533196534e+00
6.129739623655984460e+00
6.103580639565478805e+00
6.081916657555043848e+00
6.062150955277565423e+00
6.045340715218189942e+00
6.023658769478504205e+00
6.006166541613302101e+00
5.986500065930507652e+00
5.966356854005789856e+00
5.940446415987873152e+00
5.924030276007156814e+00
5.895860153596532705e+00
5.878864634818836699e+00
5.854021936942847226e+00
5.837085417877817761e+00
5.813007238459846349e+00
5.793287761481303200e+00
5.772391331172972428e+00
5.751035684671834680e+00
5.727318189123282721e+00
5.713281610010835010e+00
5.696138872659370911e+00
5.679679110434268985e+00
5.655514654200826108e+00
5.634229040360820839e+00
5.609347076136428356e+00
5.591423283050894533e+00
5.572932292068054849e+00
5.560887907819418885e+00
5.534846240010150353e+00
5.515162128144848630e+00
5.491191770400006611e+00
5.475721658732995323e+00
5.457623275400733220e+00
5.446766380803482299e+00
5.426235793748495517e+00
5.411165928211620013e+00
5.398667879575117290e+00
5.377870754234306716e+00
5.364428216037672392e+00
5.350025876358855292e+00
5.329161742974910965e+00
5.316321161976601317e+00
5.306726511025121162e+00
5.293204906262090503e+00
5.279516121882026347e+00
5.261403622997806728e+00
5.247391835172304120e+00
5.220725549258746767e+00
5.204147140807338090e+00
5.184360952034437808e+00
5.171026733868300695e+00
5.158535079222158259e+00
5.139239039481215521e+00
5.123340601531960026e+00
5.105648279124681110e+00
5.092883497939271642e+00
5.073320774875600847e+00
5.055970044065282387e+00
5.041468724555756786e+00
5.017181677672625462e+00
5.006909110902978632e+00
4.997316451796499415e+00
4.985970280269621746e+00
4.969099804443416701e+00
4.955461600289094548e+00
4.939784686964800997e+00
4.924451010307684840e+00
4.911530413724332078e+00
4.900027249433219545e+00
4.889391031078071492e+00
4.874740984886736683e+00
4.864835774881212771e+00
4.847992549977700349e+00
4.839064982199175802e+00
4.827269197110447330e+00
4.818866652529429473e+00
4.805739911851583557e+00
4.797898453246910222e+00
4.789405678585197279e+00
4.776799136044632021e+00
4.760068112895648795e+00
4.750941276557491655e+00
4.734604665720180350e+00
4.723166586727886695e+00
4.715430020776397058e+00
4.700007451048726637e+00
4.692685009531109230e+00
4.683116501405353738e+00
4.669144891089123561e+00
4.658289467820173613e+00
4.648562468697536865e+00
4.639548406984649986e+00
4.625164852451408848e+00
4.616484073852245906e+00
4.599826268364722637e+00
4.589552353758823422e+00
4.577194160618437202e+00
4.563525956017524976e+00
4.554792865373320510e+00
4.545157397758685214e+00
4.538806554274373184e+00
4.520859408553202563e+00
4.514990210019163008e+00
4.504134059296795556e+00
4.488207202083932756e+00
4.475343216525540235e+00
4.465232258292831879e+00
4.455075611800910274e+00
4.447357348486354667e+00
4.433139159043594013e+00
4.423696269531978587e+00
4.417673415593764474e+00
4.407883711931688708e+00
4.398176060243692120e+00
4.384122133293341328e+00
4.378359926533560653e+00
4.364772284114740941e+00
4.356152218186393199e+00
4.340115792743874934e+00
4.332711890333408533e+00
4.323687109600539813e+00
4.312256650993564477e+00
4.300938050110836741e+00
4.292386039265760012e+00
4.279730416080045785e+00
4.273805935231584030e+00
4.259270432739020507e+00
4.250703085166508188e+00
4.236211172465526253e+00
4.228092520725704517e+00
4.221929072554751805e+00
4.205999496043766328e+00
4.196508883545020829e+00
4.185331601995136097e+00
4.176502576700192648e+00
4.166195901099519538e+00
4.156267061345886304e+00
4.141344519988990669e+00
4.132474772648314421e+00
4.117483134316260340e+00
4.106196885365350546e+00
4.099128377443888915e+00
4.091539389413833661e+00
4.078967560013554206e+00
4.065356183836483339e+00
4.052517135949779359e+00
4.042123905119600735e+00
4.035542986599556237e+00
4.023566780392881626e+00
4.013463883021533896e+00
4.008982958860548784e+00
3.996042309515742907e+00
3.987483746009223395e+00
3.978278228353341550e+00
3.965758890426843042e+00
3.957426280671740404e+00
3.951057754876960537e+00
3.941364337472667234e+00
3.936750711036725470e+00
3.926074605376647320e+00
3.915507135075977363e+00
3.907573770655068834e+00
3.901775426251307355e+00
3.896926930228704844e+00
3.887803576893824609e+00
3.884907771097319440e+00
3.872902644544678807e+00
3.862262055506480607e+00
3.854159239291433003e+00
3.846462028257253696e+00
3.836625056999720229e+00
3.826294667645340208e+00
3.816675571921888555e+00
3.812397984093740977e+00
3.806087994018838128e+00
3.799038747675798522e+00
3.789890200074230275e+00
3.784224006594137713e+00
3.770549191823024060e+00
3.760632443320733653e+00
3.750600722978684853e+00
3.744145752856550491e+00
3.737140383682669764e+00
3.730492084413958853e+00
3.724207837148270972e+00
3.715324696471088650e+00
3.709583578121783631e+00
3.702461808137667898e+00
3.696921672639908785e+00
3.685834228131986912e+00
3.677024068777224208e+00
3.670855154756082150e+00
3.668001052502667836e+00
3.659549130929354632e+00
3.650399822437655484e+00
3.644915472011252877e+00
3.640480517894094881e+00
3.629015070453305736e+00
3.621569736667066941e+00
3.608053501362060711e+00
3.602710389073481068e+00
3.593807653713646300e+00
3.587594124538364682e+00
3.575731497228082922e+00
3.567630733108553720e+00
3.558780794855094243e+00
3.555140636243919960e+00
3.548458567975544042e+00
3.539738718634730663e+00
3.532127980145165047e+00
3.524424394832762264e+00
3.518176142049353139e+00
3.508906298747552110e+00
3.507387076253521752e+00
3.505938453251686404e+00
3.496963669001019959e+00
3.483403938094877805e+00
3.474361104729640104e+00
3.467426162997546690e+00
3.462197783954107599e+00
3.460800371518529150e+00
3.452556472899419582e+00
3.445924117787306340e+00
3.438328156022748328e+00
3.432986739657621911e+00
3.429905383283845310e+00
3.424108308617423102e+00
3.416568188172754983e+00
3.411702750443118326e+00
3.404837868882050866e+00
3.398200777323376887e+00
3.391432204373928450e+00
3.379861853493078439e+00
3.376418593954960023e+00
3.368111579304598369e+00
3.364079969994365538e+00
3.355181338585166095e+00
3.351402902376693582e+00
3.342522136326026683e+00
3.335584510224101962e+00
3.331078372509205021e+00
3.324127284593961562e+00
3.316339507884570992e+00
3.312139691594489843e+00
3.306698785937115748e+00
3.301177468157002082e+00
3.295582457995881676e+00
3.292191736793832924e+00
3.286980406893642570e+00
3.278992264099130693e+00
3.273868427572880879e+00
3.267634156147116276e+00
3.261401970261656125e+00
3.251931309757208233e+00
3.248445971299779078e+00
3.243895825457527859e+00
3.233860484480505892e+00
3.225999824832644691e+00
3.222031689662281373e+00
3.217306677388827030e+00
3.211709541037858440e+00
3.205091855196877226e+00
3.201700906604505015e+00
3.195047725029604990e+00
3.190302277407900622e+00
3.185182051175450724e+00
3.181406012415636031e+00
3.175863034502530713e+00
3.170198526689999685e+00
3.165004060004377173e+00
3.161109206106555991e+00
3.155491953243267478e+00
3.151096241383506413e+00
3.145862807911410375e+00
3.135051228697994130e+00
3.131478021459891625e+00
3.126301071232019613e+00
3.122864417601253439e+00
3.115969939609232853e+00
3.109318091246052074e+00
3.105795203184736675e+00
3.099497665795580392e+00
3.091050277464603369e+00
3.085500006026051789e+00
3.078488099528654764e+00
3.069962823308324484e+00
3.063734856105432947e+00
3.059053705330919914e+00
3.054706057835914645e+00
3.051492266288541533e+00
3.046545887243734985e+00
3.043260039758098223e+00
3.035271849101572439e+00
3.026291267956115139e+00
3.020306198941380416e+00
3.015669570225285145e+00
3.011154525015505623e+00
3.006966354118816742e+00
3.002872115738205228e+00
2.997268727638933594e+00
2.988531451953223783e+00
2.982166384060129793e+00
2.973830874277749725e+00
2.969107032910328403e+00
2.964786777354328606e+00
2.961338903047404436e+00
2.954269220219197134e+00
2.948760605247918942e+00
2.944867591670245144e+00
2.942137058028550189e+00
2.936528819650153554e+00
2.934206375675994405e+00
2.930455554388413653e+00
2.925916300331091957e+00
2.920048449487647968e+00
2.916960799556733264e+00
2.912768002005067469e+00
2.910222839586965815e+00
2.906351666460060379e+00
2.902151628366367309e+00
2.897947965802651016e+00
