4.082581163230676680e+01
3.917828238967744170e+01
3.749628698648667324e+01
3.575032136611564937e+01
3.420899578075676573e+01
3.295457113909306912e+01
3.184004303071357000e+01
3.056474678614888063e+01
2.931727081636033105e+01
2.821283027459307391e+01
2.729799831854518288e+01
2.629441864705452758e+01
2.540841110567108529e+01
2.474958041006188836e+01
2.398839769207868855e+01
2.327112694721191488e+01
2.266958727215620684e+01
2.220049128986830667e+01
2.158472511216181644e+01
2.099624908789231625e+01
2.044036436725140504e+01
1.989195337095739191e+01
1.953341143692487236e+01
1.918028074127020233e+01
1.866249792781527006e+01
1.821385905248953563e+01
1.794436201843594247e+01
1.754943284112582802e+01
1.725953880417703346e+01
1.694269295564777522e+01
1.662396141079897305e+01
1.634229843257688231e+01
1.601558115347179978e+01
1.573064229978584549e+01
1.557437321200282376e+01
1.534600900636733378e+01
1.510718502079729930e+01
1.498140232179881437e+01
1.479301374839342920e+01
1.461438779542515753e+01
1.445963726183743780e+01
1.433928625780731281e+01
1.415855738140061426e+01
1.392903223785237898e+01
1.375165151279914788e+01
1.364065890394828351e+01
1.349246117418635471e+01
1.338571496862999410e+01
1.323486480076281779e+01
1.312782380448753194e+01
1.300394744595109842e+01
1.283627100269123389e+01
1.271803782312264453e+01
1.258263569047994146e+01
1.251037499515660656e+01
1.245557737110877561e+01
1.237109282670461319e+01
1.224430497277084484e+01
1.217362482847606309e+01
1.205538989681183182e+01
