3.641191518675675809e+01
3.268689505150509689e+01
2.965481707371798592e+01
2.753105617396568405e+01
2.582156808519533442e+01
2.434156161016835185e+01
2.326568491565624441e+01
2.240891925466647905e+01
2.170799765437066142e+01
2.068194391381172892e+01
2.010295796441207727e+01
1.947261937709987123e+01
1.897635619908612981e+01
1.843814806465264411e+01
1.806368800451127044e+01
1.776425388853177267e+01
1.742906860484611187e+01
1.687572621060009936e+01
1.646522081909688850e+01
1.607654883043301908e+01
1.570161486788729910e+01
1.541526972000621676e+01
1.525814138020677824e+01
1.494187951743399445e+01
1.444442050702567215e+01
1.403228239896576213e+01
1.323481919744993007e+01
1.262342912357168601e+01
1.190739890356616293e+01
1.177587791528409511e+01
1.152724702548212399e+01
1.096650536246004215e+01
1.051544512365732587e+01
1.033972021812917319e+01
1.020494050991042378e+01
9.793896334217826904e+00
9.666081160428976915e+00
9.276267488247279758e+00
9.080557266504643010e+00
8.801188590645477205e+00
8.693481073521450497e+00
8.367013133955497395e+00
8.135084697809885412e+00
7.988363316708230855e+00
7.823356240873965639e+00
7.617370462979351942e+00
7.458244406586470809e+00
7.265395466441161076e+00
7.180120183158120284e+00
7.069304005460623763e+00
6.943882199461624438e+00
6.816720735649791862e+00
6.726734178091379412e+00
6.623321434471101554e+00
6.506361232400679206e+00
6.342826537099192308e+00
6.245167726525240326e+00
6.126228503384090196e+00
6.000800200018372443e+00
5.908100757503278011e+00
5.815312999930628557e+00
5.703570257516990871e+00
5.655914298683640595e+00
5.598048043013911901e+00
5.542830010655841022e+00
5.431112277823422652e+00
5.360412125833589947e+00
5.304886436235119795e+00
5.222001434937229902e+00
5.164087511950303799e+00
5.088964444916237007e+00
5.012147827488191432e+00
4.940796239788492805e+00
4.866255584344307827e+00
4.760492944467444865e+00
4.694370190609864046e+00
4.644529394235643593e+00
4.584299550080127794e+00
4.516232921063449091e+00
4.481287576645198278e+00
4.384061080100738472e+00
4.346179686991970215e+00
4.308434482014414257e+00
4.267084352135922742e+00
4.200133976708039896e+00
4.162853167592202475e+00
4.105420105161573296e+00
4.072844547874206356e+00
3.997176738023976661e+00
3.962427129733232967e+00
3.927885623713217811e+00
3.897826322738063176e+00
3.854882664197411213e+00
3.824068624461987032e+00
3.781065022279133547e+00
3.733710114111192802e+00
3.705389780988506576e+00
3.689507441444314750e+00
3.604939835311570917e+00
3.589124520358012660e+00
