3.763999674474620605e+01
3.592334899666698078e+01
3.421801849711227561e+01
3.284950259147454688e+01
3.155811759402192251e+01
3.048553421213532744e+01
2.940323142525252820e+01
2.827891375363798687e+01
2.724761906178444804e+01
2.621528052207334625e+01
2.531875019431386420e+01
2.437779667679137674e+01
2.360800651104486292e+01
2.294981801887336559e+01
2.230545359722526300e+01
2.164187314202894186e+01
2.098731485185873780e+01
2.047482581209543895e+01
1.987375677208890323e+01
1.943492061907114277e+01
1.891795197588249877e+01
1.844286759772545992e+01
1.804594390446776586e+01
1.774198327060463498e+01
1.740513976113883388e+01
1.705092469114453380e+01
1.665705058178662412e+01
1.639230956679415030e+01
1.605027789797499338e+01
1.577037532475985415e+01
1.552275785961191445e+01
1.527741386332387918e+01
1.497446318019631128e+01
1.479056725814387185e+01
1.461472922063879309e+01
1.436232265200762193e+01
1.418175401556208826e+01
1.400620009238394204e+01
1.384527411978372591e+01
1.370023522171139696e+01
1.356729794041068971e+01
1.344527087634856066e+01
1.326989915203466985e+01
1.314250704767439437e+01
1.302282031273123231e+01
1.290428269845427778e+01
1.276475186141101759e+01
1.262543456748062098e+01
1.250436060487748335e+01
1.242309103764960376e+01
1.236945648027400146e+01
1.222037116313475025e+01
1.213902236381815847e+01
1.203763501742082376e+01
1.189978628419538786e+01
1.184812369692501832e+01
1.176679369253094798e+01
1.167046177130185924e+01
1.158236117641856744e+01
1.140351313196204863e+01
1.126937574176005974e+01
1.119753458907312016e+01
1.110280311120337160e+01
1.103908651124745433e+01
1.096634101008098661e+01
1.089344909603480716e+01
1.080933386112713812e+01
1.075311487651689468e+01
1.067753567251958025e+01
1.058499115422440440e+01
1.049841602984069411e+01
1.042564906276112069e+01
1.030562991917958371e+01
1.020474662659911225e+01
1.014989328650697864e+01
1.009403881073107101e+01
1.002474578629288970e+01
9.948657046417812566e+00
9.865835865122413395e+00
9.785685538288799279e+00
9.742150551611608478e+00
9.686260619695964635e+00
9.590885841409603429e+00
9.495918810168761937e+00
9.383317218957976991e+00
9.317105620244083397e+00
9.226347462559310486e+00
9.185734098301152173e+00
9.118185736803846808e+00
9.066491091994485885e+00
9.021756712857955662e+00
8.982302675029892214e+00
8.920290115415703269e+00
8.899306057253241420e+00
8.821774410792022181e+00
8.745186675958132483e+00
8.714104371489559853e+00
8.662576833028930778e+00
8.620729240248362402e+00
8.565744143375750852e+00
8.492103180037688048e+00
8.479449494606221549e+00
8.461447676754675129e+00
8.403628288885640174e+00
8.349190700936471643e+00
8.300428010208838359e+00
8.235544979767110974e+00
8.196921459727743553e+00
8.157873924461945592e+00
8.098618513461108392e+00
8.081726391103803309e+00
8.030242135685627503e+00
7.997123670528641703e+00
7.940625419459879097e+00
7.923130996859373276e+00
7.906443695794392212e+00
7.866968937247563964e+00
7.849059733697340668e+00
7.815523159842534540e+00
7.788310898635757873e+00
7.774050877791209402e+00
7.715371516510441730e+00
7.661214030205385050e+00
7.648229049378993949e+00
7.635079748247652454e+00
7.582390623417460951e+00
7.569760146323378791e+00
7.527236160253731434e+00
7.479989887265785953e+00
7.468389340686814037e+00
7.426253187238840425e+00
7.414505964388428794e+00
7.359213034545667220e+00
7.315178087039612365e+00
7.274132775425164787e+00
7.250730124778557162e+00
7.206246021309999250e+00
7.180994587788481986e+00
7.131908855586235774e+00
7.121542725392342454e+00
7.087617548699682857e+00
7.046816329136537327e+00
7.036982502267435713e+00
7.000403047403040979e+00
6.949431925787133757e+00
6.939932198046482981e+00
6.930837280301795467e+00
6.922474708448725700e+00
6.876143497549951356e+00
6.848533723524282024e+00
6.827425045537173887e+00
6.819076790261065391e+00
6.811077297652026630e+00
6.786583099209436476e+00
6.778865328121614020e+00
6.740644072601897463e+00
6.733231556589156952e+00
6.693737021589901026e+00
6.669645760444710803e+00
6.630081396991426956e+00
6.594211496156895613e+00
6.565718814915325829e+00
6.530349185475581741e+00
6.497193229238304113e+00
6.490053815764921907e+00
6.462202301125957504e+00
6.455326855566589472e+00
6.407731240899658509e+00
6.375906424690173324e+00
6.349780512426414170e+00
6.320349387513928718e+00
6.292588349457836294e+00
6.260579462917630345e+00
6.254124070627261389e+00
6.230775103083264987e+00
6.211199458208779944e+00
6.181923430039534928e+00
6.167940233424248575e+00
6.136151007410049374e+00
6.130246615591339321e+00
6.105690122945959253e+00
6.100013024660490224e+00
6.094572294768460630e+00
6.068159909377754957e+00
6.056743316147915834e+00
6.028157475911183560e+00
6.008307952093677962e+00
5.993493954906071508e+00
5.974310264895613010e+00
5.953826274744032254e+00
5.913551600354002957e+00
5.884605552400880235e+00
5.861348071578362351e+00
5.836323675056887872e+00
5.808953261673234891e+00
5.788172270115837570e+00
5.764848965653147417e+00
5.745556528005478114e+00
5.719821987457121004e+00
5.697341460015704406e+00
5.678883482575988850e+00
5.658565679432785878e+00
5.643025165913983621e+00
5.633239165667937698e+00
5.613456444922031885e+00
5.590646597644746585e+00
5.572068360748383853e+00
5.547543533396854798e+00
5.531355320826039978e+00
5.510310452498563549e+00
5.491560520460425643e+00
5.466316952052947542e+00
5.445584934742125682e+00
5.428097646079349303e+00
5.407976023074668959e+00
5.390510374332499133e+00
5.370031320783837714e+00
5.350183875636020936e+00
5.331444365123485518e+00
5.315455542357703678e+00
5.296494827986808041e+00
5.280008963328654659e+00
5.252758383361165073e+00
5.239945298676275343e+00
5.225337451630453600e+00
5.214716090453229036e+00
5.199297469659401649e+00
5.183753011884127737e+00
5.169570047783682121e+00
5.154412652500467651e+00
5.144325906660164982e+00
5.126637047726423368e+00
5.113172865601692152e+00
5.103986325143091030e+00
5.087511720264860315e+00
5.075090182693146268e+00
5.059217329834865495e+00
5.035172766921082399e+00
5.025455248479175019e+00
5.009277650878422250e+00
4.987637538446858976e+00
4.973764735025906880e+00
4.957852926207582556e+00
4.945162161939806289e+00
4.932358610387628239e+00
4.910417956347946422e+00
4.895487952634890227e+00
4.880087757169699003e+00
4.867151145737024009e+00
4.856753145761997459e+00
4.846117163812044382e+00
4.832742387265783535e+00
4.817567361560874950e+00
4.805146289611925248e+00
4.792918195029568729e+00
4.780020251095043804e+00
4.765001875604377268e+00
4.754420996310834369e+00
4.748334540454409058e+00
4.726437229476082358e+00
4.719874660443860392e+00
4.708291827625657788e+00
4.696090325560766665e+00
4.682541731679555674e+00
4.666182086096656967e+00
4.656086833193914032e+00
4.640463804677314563e+00
4.629648356232651807e+00
4.615613862547997215e+00
4.603327105427908350e+00
4.588637673499128766e+00
4.579693354036344921e+00
4.568832891341727098e+00
4.556817281956939247e+00
4.541459478252449777e+00
4.530185497014511675e+00
4.519161327246452586e+00
4.504486726080209280e+00
4.487474780098534843e+00
4.481036460712569003e+00
4.468929327148546626e+00
4.456433104306714021e+00
4.446854541245336634e+00
4.434210510325761412e+00
4.425911341342913197e+00
4.417701084832443392e+00
4.410960932262473655e+00
4.401155066268528593e+00
4.384886676361836599e+00
4.369304176593225009e+00
4.359727926067527903e+00
4.351124995516035376e+00
4.338490920032372244e+00
4.330072160611028842e+00
4.320376948727210120e+00
4.313285633556453114e+00
4.303305955578250241e+00
4.295058806234855808e+00
4.283432885177509419e+00
4.273415407186541337e+00
4.260310794024389835e+00
4.248533362370150890e+00
4.234136996470810210e+00
4.225653715090480489e+00
4.212818746268672143e+00
4.206513096077375558e+00
4.194045504891794174e+00
4.186658044128808598e+00
4.178431959513328131e+00
4.171917472811348837e+00
4.163022946010436875e+00
4.156652642213050974e+00
4.149872899152571293e+00
4.142147571724320798e+00
4.133738920302131525e+00
4.125322382023330015e+00
4.119518432750526316e+00
4.107684548239051381e+00
4.103300428077741202e+00
4.088514362077697584e+00
4.077854789201788677e+00
4.070150312847834684e+00
4.059889700077522257e+00
4.048243569418279009e+00
4.042220485809069785e+00
4.035848429183032771e+00
4.027582132208711307e+00
4.015923026540031415e+00
4.002386379115496773e+00
3.995011084273478286e+00
3.985678792775433354e+00
3.973263898836574270e+00
3.965180076640230755e+00
3.957699737499806414e+00
3.949233050064704820e+00
3.940327240823862986e+00
3.930303687807268354e+00
3.920569171444207690e+00
3.909538964093706159e+00
3.900807695798554242e+00
3.892585070235317524e+00
3.881031776426644431e+00
3.872513204994239011e+00
3.866291472692191977e+00
3.855680082294637767e+00
3.844884236739742445e+00
3.840767125393047543e+00
3.829583930291454053e+00
3.822054752761084195e+00
3.815685655977217206e+00
3.805887932999886480e+00
3.796414387634886367e+00
3.787585833217845810e+00
3.776088283960342906e+00
3.766504312770451168e+00
3.757516657830345164e+00
3.746887764064851023e+00
3.737586885029822614e+00
3.727020446915606300e+00
3.718743242480421429e+00
3.712391912242400505e+00
3.702951270191683353e+00
3.694433873271315338e+00
3.687425482704711932e+00
3.679508922051112130e+00
3.669137355482801510e+00
3.662922851799822244e+00
3.655178078248754847e+00
3.650163493434857909e+00
3.645365215475645737e+00
3.642794787287907177e+00
3.634802032776240033e+00
3.624470752361877768e+00
3.618091279743861577e+00
3.611623208372678029e+00
3.602160372499468632e+00
3.595911865389738615e+00
3.588713970518114582e+00
3.578797952470752719e+00
3.573730054034881753e+00
3.567003292245550572e+00
3.561033316920114267e+00
3.553949728649535622e+00
3.549789987148365356e+00
3.540362561591456458e+00
3.534538840299811913e+00
3.525033302844527316e+00
3.516330657241715230e+00
3.507845811192744634e+00
3.496702168777136244e+00
3.493854692089053415e+00
3.486310649289351193e+00
3.481435636290891367e+00
3.475764970195337700e+00
3.467052227996668456e+00
3.462693934147219377e+00
3.455939033524277448e+00
3.450391349090068172e+00
3.443861452227174436e+00
3.441058584730168679e+00
3.438967160011840996e+00
3.431920273182484937e+00
3.424328043116374953e+00
3.419896085252453144e+00
3.414080983873364339e+00
3.409461890211638035e+00
3.401117856047111587e+00
3.397687354620743783e+00
3.390903055333074345e+00
3.383621725623089826e+00
3.375857930006628482e+00
3.366125792979755893e+00
3.357527910234005208e+00
3.350273959304219229e+00
3.341702964184629643e+00
3.335339573669232838e+00
3.328445971043822560e+00
3.320408753303819793e+00
3.316312025396540797e+00
3.311602136843776467e+00
3.304235296846683045e+00
3.297356635403299929e+00
3.292594499898565008e+00
3.288776348069889277e+00
3.280688912114355205e+00
3.275325757948800209e+00
3.271228385352603851e+00
3.264096140891774134e+00
3.260518432426847024e+00
3.256237661371949255e+00
3.249595756486185483e+00
3.242259805403764794e+00
3.236650386466503715e+00
3.228384409955830758e+00
3.222776907525665369e+00
3.217151274757708013e+00
3.210263753301388689e+00
3.203325230324542972e+00
3.197091561135330995e+00
3.189189572988008869e+00
3.182331046808084984e+00
3.176603537658436505e+00
3.170257808062067362e+00
3.165043568393977491e+00
3.161148192402193136e+00
3.157589214454857185e+00
3.151532811994280259e+00
3.144557073876963482e+00
3.136734745477895547e+00
3.132128429795217883e+00
3.127949984295958608e+00
3.121434556671038862e+00
3.114271520055187814e+00
3.107983299401059440e+00
3.102639696502266897e+00
3.095758519715111845e+00
3.089401379947368298e+00
3.085985310868537557e+00
3.081647493717479147e+00
3.076802518146212417e+00
3.070663031562769429e+00
3.067428973456113539e+00
3.061507380529350453e+00
