3.842576029246596647e+01
3.460588920353828257e+01
3.152666610467519348e+01
2.922407721706862205e+01
2.743678237379571172e+01
2.596325626102542117e+01
2.477921289895811086e+01
2.393887627473974078e+01
2.327947564887333343e+01
2.222775991436858334e+01
2.137626873111546644e+01
2.025139634825347201e+01
1.927285498282984477e+01
1.850069575024796720e+01
1.785654358067788650e+01
1.697596373095190714e+01
1.639589753813682194e+01
1.592280735043035378e+01
1.553572604623883713e+01
1.506242304006356925e+01
1.468200544148461262e+01
1.444159369246962221e+01
1.425381587126380367e+01
1.411999791842110064e+01
1.317973336686374708e+01
1.277607958097707908e+01
1.216639701046354105e+01
1.185003813142456686e+01
1.133253806165763322e+01
1.091768881467382890e+01
1.060477646081159975e+01
1.025788342190031344e+01
1.002045163720246279e+01
9.719083867125348775e+00
9.519988306971015390e+00
9.256534397605513220e+00
8.974583104071848894e+00
8.736164737705232497e+00
8.526534497704242099e+00
8.374935961836655451e+00
8.144442175164275710e+00
7.905433204790575985e+00
7.687422269437828248e+00
7.516513352144927218e+00
7.370609091410178060e+00
7.153972330205879970e+00
7.033493711078711463e+00
6.939182289333131415e+00
6.779283327346072419e+00
6.663743482153702047e+00
6.605855497822224365e+00
6.532585616054418232e+00
6.432005658466147580e+00
6.352515994427677448e+00
6.257310926730729861e+00
6.153439216339850582e+00
6.090631651882990383e+00
5.990059332828917782e+00
5.937488975807688973e+00
5.881471780435068020e+00
5.842563382197920596e+00
5.812561028450321743e+00
5.757450372977373831e+00
5.712471169127080195e+00
5.659640147989068559e+00
5.579682882045285730e+00
5.547540619560678010e+00
5.470472412156207831e+00
5.422364964425802292e+00
5.377060415897910950e+00
5.312732506835741830e+00
5.243869288821303876e+00
5.197876710474893081e+00
5.133265417972399547e+00
5.041775648438671986e+00
4.987358173828510211e+00
4.930218716024456604e+00
4.895593845973103875e+00
4.825539547623216130e+00
