2.296227722167968750e+02
2.295646972656250000e+02
2.304754486083984375e+02
2.264375000000000000e+02
2.289806976318359375e+02
2.242804870605468750e+02
2.259573516845703125e+02
2.257085876464843750e+02
2.210683441162109375e+02
2.195522613525390625e+02
2.174464721679687500e+02
2.213589019775390625e+02
2.132722167968750000e+02
2.112701416015625000e+02
2.042685089111328125e+02
1.976284942626953125e+02
1.947352294921875000e+02
1.809001312255859375e+02
1.729477539062500000e+02
1.561893615722656250e+02
1.421238250732421875e+02
1.212357101440429688e+02
1.013804473876953125e+02
8.224723052978515625e+01
5.536275100708007812e+01
3.210337829589843750e+01
1.311357879638671875e+01
5.326844692230224609e+00
1.276840400695800781e+01
3.347544479370117188e+01
4.400398254394531250e+01
3.855457687377929688e+01
2.854986953735351562e+01
1.593456840515136719e+01
8.346277236938476562e+00
5.159804344177246094e+00
5.620615959167480469e+00
7.950941085815429688e+00
1.107481193542480469e+01
1.424270534515380859e+01
1.613531112670898438e+01
1.637040901184082031e+01
1.604944038391113281e+01
1.309639644622802734e+01
1.143669891357421875e+01
9.252143859863281250e+00
6.374079704284667969e+00
5.012605667114257812e+00
4.191342353820800781e+00
5.081126213073730469e+00
6.663373947143554688e+00
7.795694351196289062e+00
8.420648574829101562e+00
7.852309703826904297e+00
7.156903743743896484e+00
6.591136932373046875e+00
5.148861885070800781e+00
4.623791694641113281e+00
4.508156776428222656e+00
4.388820648193359375e+00
5.309665203094482422e+00
5.257905960083007812e+00
5.712839126586914062e+00
6.096823692321777344e+00
5.100135803222656250e+00
5.047516345977783203e+00
4.785451889038085938e+00
4.465202331542968750e+00
4.353067398071289062e+00
4.305765151977539062e+00
4.065826892852783203e+00
4.549119949340820312e+00
4.787779808044433594e+00
4.947389602661132812e+00
4.681864738464355469e+00
4.237051963806152344e+00
4.292698860168457031e+00
3.994537353515625000e+00
4.202429771423339844e+00
4.391201972961425781e+00
4.180232048034667969e+00
4.325767040252685547e+00
4.370491981506347656e+00
4.263611793518066406e+00
4.451813697814941406e+00
4.049962520599365234e+00
4.152294635772705078e+00
4.068013191223144531e+00
4.251893043518066406e+00
3.979156017303466797e+00
4.349689006805419922e+00
4.199307441711425781e+00
4.114502429962158203e+00
3.934361219406127930e+00
3.942908763885498047e+00
3.780726432800292969e+00
3.850785255432128906e+00
4.062444210052490234e+00
3.928123235702514648e+00
3.890181064605712891e+00
3.736534118652343750e+00
3.647756576538085938e+00
3.923079729080200195e+00
3.637040138244628906e+00
3.853815078735351562e+00
3.724427938461303711e+00
3.656969547271728516e+00
3.861788988113403320e+00
3.629109382629394531e+00
3.725581169128417969e+00
3.602378845214843750e+00
3.722249031066894531e+00
3.483673334121704102e+00
3.677483320236206055e+00
3.309388637542724609e+00
3.620937347412109375e+00
3.684469223022460938e+00
3.540231227874755859e+00
3.488972187042236328e+00
3.597875833511352539e+00
3.718017101287841797e+00
3.567377328872680664e+00
3.312983512878417969e+00
3.304986238479614258e+00
3.161564826965332031e+00
3.322355747222900391e+00
3.216758728027343750e+00
3.384135723114013672e+00
3.075679779052734375e+00
3.238826274871826172e+00
3.247984409332275391e+00
3.269574880599975586e+00
3.107709884643554688e+00
3.307854413986206055e+00
3.030673265457153320e+00
3.026443481445312500e+00
2.928556919097900391e+00
2.961503505706787109e+00
3.029389619827270508e+00
2.936083316802978516e+00
2.828456878662109375e+00
2.856894493103027344e+00
2.892840385437011719e+00
2.863355636596679688e+00
2.785160779953002930e+00
2.832634925842285156e+00
2.833448171615600586e+00
2.778317451477050781e+00
2.767099857330322266e+00
2.808856010437011719e+00
2.666670322418212891e+00
2.355880260467529297e+00
2.643083572387695312e+00
2.527072906494140625e+00
2.448957443237304688e+00
2.437672138214111328e+00
2.390802860260009766e+00
2.397544145584106445e+00
2.629530906677246094e+00
2.483139753341674805e+00
2.480584859848022461e+00
2.249624729156494141e+00
2.370148420333862305e+00
2.321706771850585938e+00
2.274014711380004883e+00
2.297026157379150391e+00
2.099845886230468750e+00
2.174571514129638672e+00
2.281786441802978516e+00
2.169498443603515625e+00
2.141050338745117188e+00
2.074433326721191406e+00
1.977331638336181641e+00
2.197459220886230469e+00
1.941552400588989258e+00
2.134031772613525391e+00
2.082026243209838867e+00
1.960305213928222656e+00
1.844284534454345703e+00
2.095359086990356445e+00
1.944053292274475098e+00
1.967043042182922363e+00
1.858316659927368164e+00
1.812808513641357422e+00
1.803942680358886719e+00
1.883819341659545898e+00
1.799376249313354492e+00
1.786585330963134766e+00
1.767990350723266602e+00
1.727931499481201172e+00
1.707885742187500000e+00
1.794468283653259277e+00
1.638526678085327148e+00
1.652190566062927246e+00
1.594002366065979004e+00
1.672660708427429199e+00
1.475752592086791992e+00
1.643358349800109863e+00
1.673439025878906250e+00
1.624136209487915039e+00
1.500123262405395508e+00
1.502408742904663086e+00
1.486463308334350586e+00
1.590959548950195312e+00
1.572099685668945312e+00
1.449562788009643555e+00
1.560781240463256836e+00
1.501788020133972168e+00
1.443187952041625977e+00
1.542076945304870605e+00
1.567976951599121094e+00
1.408781409263610840e+00
1.465989232063293457e+00
1.419609546661376953e+00
1.380590081214904785e+00
1.370104551315307617e+00
1.311015129089355469e+00
1.503848195075988770e+00
1.338418245315551758e+00
1.412560701370239258e+00
1.318253636360168457e+00
1.156749606132507324e+00
1.257934331893920898e+00
1.259887456893920898e+00
1.233487367630004883e+00
1.263118982315063477e+00
1.229121208190917969e+00
1.206188559532165527e+00
1.236703157424926758e+00
1.202627182006835938e+00
1.169522762298583984e+00
1.127159714698791504e+00
1.248915195465087891e+00
1.189503192901611328e+00
1.117432951927185059e+00
1.208982944488525391e+00
1.110918283462524414e+00
