2.254182128906250000e+02
2.305272369384765625e+02
2.259998474121093750e+02
2.275287017822265625e+02
2.242138366699218750e+02
2.226625671386718750e+02
2.232215118408203125e+02
2.229265899658203125e+02
2.188039245605468750e+02
2.169520721435546875e+02
2.165286712646484375e+02
2.136682281494140625e+02
2.110491180419921875e+02
2.090464782714843750e+02
2.038063964843750000e+02
1.955020446777343750e+02
1.953094482421875000e+02
1.832044525146484375e+02
1.744717712402343750e+02
1.645898284912109375e+02
1.496598358154296875e+02
1.346439208984375000e+02
1.167375335693359375e+02
9.683220672607421875e+01
7.357638549804687500e+01
5.416567611694335938e+01
2.940474128723144531e+01
1.287789154052734375e+01
4.856963634490966797e+00
1.009734344482421875e+01
2.515884399414062500e+01
4.422708892822265625e+01
4.261299133300781250e+01
3.028711128234863281e+01
1.948275375366210938e+01
9.978565216064453125e+00
5.573904514312744141e+00
5.182952880859375000e+00
7.349302291870117188e+00
1.032089519500732422e+01
1.360733413696289062e+01
1.534752941131591797e+01
1.620979690551757812e+01
1.630523872375488281e+01
1.409288978576660156e+01
1.222462272644042969e+01
1.006957244873046875e+01
7.333907604217529297e+00
5.264575958251953125e+00
4.531597137451171875e+00
4.996722698211669922e+00
5.131538391113281250e+00
6.836401939392089844e+00
7.723034858703613281e+00
7.768502712249755859e+00
7.566960334777832031e+00
6.490077972412109375e+00
5.368678092956542969e+00
4.883474349975585938e+00
4.633287429809570312e+00
4.654195308685302734e+00
4.230765342712402344e+00
4.555572509765625000e+00
4.538242340087890625e+00
5.420661926269531250e+00
5.387044906616210938e+00
5.428312301635742188e+00
4.774192810058593750e+00
4.438090324401855469e+00
4.517568588256835938e+00
4.174009323120117188e+00
4.114005088806152344e+00
4.205891132354736328e+00
4.365335464477539062e+00
4.329752922058105469e+00
4.593215465545654297e+00
4.085104942321777344e+00
4.390805244445800781e+00
3.995305299758911133e+00
4.127575397491455078e+00
3.763101577758789062e+00
3.870839595794677734e+00
3.828588485717773438e+00
4.035284042358398438e+00
3.954527854919433594e+00
3.845844268798828125e+00
4.246170997619628906e+00
3.919481754302978516e+00
3.863988399505615234e+00
3.847839355468750000e+00
3.628685474395751953e+00
3.996887445449829102e+00
3.864043235778808594e+00
3.725128889083862305e+00
3.878509759902954102e+00
3.463772296905517578e+00
3.653619050979614258e+00
3.662528991699218750e+00
3.764155387878417969e+00
3.412504196166992188e+00
3.529823780059814453e+00
3.787815809249877930e+00
3.554376602172851562e+00
3.397744894027709961e+00
3.391134262084960938e+00
3.295367240905761719e+00
3.331624507904052734e+00
3.404014110565185547e+00
3.333579540252685547e+00
3.483637809753417969e+00
3.474429607391357422e+00
3.278601884841918945e+00
3.227637529373168945e+00
3.207582473754882812e+00
3.180079936981201172e+00
3.159350633621215820e+00
3.186678886413574219e+00
3.232806682586669922e+00
3.116263866424560547e+00
2.979122877120971680e+00
3.088325500488281250e+00
2.861904859542846680e+00
3.058526039123535156e+00
3.003801822662353516e+00
2.876116275787353516e+00
2.714191913604736328e+00
3.004783153533935547e+00
2.896846771240234375e+00
2.642580032348632812e+00
2.745189189910888672e+00
2.613497257232666016e+00
2.992113113403320312e+00
2.706636905670166016e+00
2.739434242248535156e+00
2.492488384246826172e+00
2.668778896331787109e+00
2.614905834197998047e+00
2.468907356262207031e+00
2.438327789306640625e+00
2.359497785568237305e+00
2.326686382293701172e+00
2.424850225448608398e+00
2.490454196929931641e+00
2.369582653045654297e+00
2.343846797943115234e+00
2.390509128570556641e+00
2.248797655105590820e+00
2.276010751724243164e+00
2.209774971008300781e+00
2.243662357330322266e+00
2.091075420379638672e+00
2.145421266555786133e+00
2.274653196334838867e+00
2.049719095230102539e+00
2.132065057754516602e+00
1.963719010353088379e+00
2.190134525299072266e+00
2.067284584045410156e+00
2.038029909133911133e+00
1.911788702011108398e+00
2.028506755828857422e+00
1.916203975677490234e+00
2.022987365722656250e+00
1.851204395294189453e+00
1.866364955902099609e+00
1.799223184585571289e+00
1.826268076896667480e+00
1.888633251190185547e+00
1.838212013244628906e+00
1.851309776306152344e+00
1.562286376953125000e+00
1.818808078765869141e+00
1.725675344467163086e+00
1.761261224746704102e+00
1.596872091293334961e+00
1.785115003585815430e+00
1.615184545516967773e+00
1.533948063850402832e+00
1.663647413253784180e+00
1.737021207809448242e+00
1.546423435211181641e+00
1.467458248138427734e+00
1.498416662216186523e+00
1.496260762214660645e+00
1.492203712463378906e+00
1.482759833335876465e+00
1.439795613288879395e+00
1.361764669418334961e+00
1.415822029113769531e+00
1.256928086280822754e+00
1.464579105377197266e+00
1.387293577194213867e+00
1.405875444412231445e+00
1.283537387847900391e+00
1.326776742935180664e+00
1.321845293045043945e+00
1.341838598251342773e+00
1.229179620742797852e+00
1.140812873840332031e+00
1.203020095825195312e+00
1.290240526199340820e+00
1.218153595924377441e+00
1.188472509384155273e+00
1.242904424667358398e+00
1.232035636901855469e+00
1.152290463447570801e+00
1.062699079513549805e+00
1.153516411781311035e+00
1.000419855117797852e+00
1.111757159233093262e+00
1.011346101760864258e+00
1.074326872825622559e+00
1.177849888801574707e+00
1.131936907768249512e+00
1.024090766906738281e+00
1.096770644187927246e+00
9.712854623794555664e-01
1.039927124977111816e+00
1.074023365974426270e+00
9.354519844055175781e-01
9.415029883384704590e-01
1.136078000068664551e+00
1.016201019287109375e+00
9.130121469497680664e-01
9.985696077346801758e-01
8.914644718170166016e-01
9.328998327255249023e-01
9.927109479904174805e-01
1.034487605094909668e+00
8.486576080322265625e-01
8.740088939666748047e-01
9.008200168609619141e-01
8.685318231582641602e-01
9.185734987258911133e-01
8.665763139724731445e-01
8.326826095581054688e-01
8.578187823295593262e-01
8.032121062278747559e-01
8.424921035766601562e-01
9.421415925025939941e-01
8.626945614814758301e-01
7.965713739395141602e-01
7.818831205368041992e-01
9.254251718521118164e-01
7.393509149551391602e-01
7.660832405090332031e-01
8.714889287948608398e-01
7.646892070770263672e-01
7.408549785614013672e-01
7.041857838630676270e-01
7.902306318283081055e-01
8.304572105407714844e-01
9.097246527671813965e-01
7.139815092086791992e-01
6.442709565162658691e-01
6.616758704185485840e-01
8.560913801193237305e-01
7.242214083671569824e-01
6.563130021095275879e-01
7.681222558021545410e-01
7.496012449264526367e-01
7.868612408638000488e-01
6.248662471771240234e-01
6.452867388725280762e-01
7.611849904060363770e-01
8.463475108146667480e-01
5.351483821868896484e-01
7.590094208717346191e-01
7.160950899124145508e-01
6.242109537124633789e-01
7.377392649650573730e-01
7.107347249984741211e-01
6.363263726234436035e-01
6.657310724258422852e-01
7.185046672821044922e-01
6.739269495010375977e-01
7.804309129714965820e-01
6.895928382873535156e-01
5.474459528923034668e-01
7.911047339439392090e-01
6.882565617561340332e-01
6.939188241958618164e-01
6.760963797569274902e-01
6.401711106300354004e-01
6.928435564041137695e-01
7.239022850990295410e-01
6.279751658439636230e-01
6.860607862472534180e-01
6.196495890617370605e-01
5.686693787574768066e-01
7.406800985336303711e-01
6.827775835990905762e-01
6.165695190429687500e-01
6.736325621604919434e-01
6.770778894424438477e-01
6.443277001380920410e-01
5.737997889518737793e-01
5.764488577842712402e-01
6.404576301574707031e-01
7.025159001350402832e-01
