2.278784332275390625e+02
2.254218750000000000e+02
2.206548919677734375e+02
2.237915649414062500e+02
2.214894104003906250e+02
2.214525604248046875e+02
2.200006713867187500e+02
2.235339202880859375e+02
2.144530181884765625e+02
2.184599304199218750e+02
2.159269409179687500e+02
2.107911834716796875e+02
2.068472137451171875e+02
2.064086303710937500e+02
1.983065643310546875e+02
1.959524688720703125e+02
1.855654449462890625e+02
1.742734222412109375e+02
1.666674957275390625e+02
1.490144500732421875e+02
1.340865325927734375e+02
1.126955032348632812e+02
9.328231811523437500e+01
6.989285278320312500e+01
4.592527389526367188e+01
2.354864501953125000e+01
8.091989517211914062e+00
6.809772491455078125e+00
2.062498474121093750e+01
3.798328781127929688e+01
4.568690872192382812e+01
3.632041549682617188e+01
2.118249130249023438e+01
1.144063377380371094e+01
5.904023170471191406e+00
4.743102073669433594e+00
7.274664878845214844e+00
1.056189918518066406e+01
1.398112678527832031e+01
1.642491531372070312e+01
1.710019493103027344e+01
1.678920364379882812e+01
1.545993709564208984e+01
1.258399581909179688e+01
1.042383956909179688e+01
8.293407440185546875e+00
5.283037662506103516e+00
4.512524604797363281e+00
4.716100692749023438e+00
6.350129127502441406e+00
6.878423690795898438e+00
8.063186645507812500e+00
8.415620803833007812e+00
7.876148223876953125e+00
6.499185562133789062e+00
5.197684288024902344e+00
4.635606288909912109e+00
4.404361724853515625e+00
4.497145652770996094e+00
4.627723693847656250e+00
5.097792148590087891e+00
5.792456626892089844e+00
5.705527305603027344e+00
5.207780838012695312e+00
5.009646892547607422e+00
5.058764457702636719e+00
4.514976501464843750e+00
4.334228992462158203e+00
3.979002714157104492e+00
4.242926597595214844e+00
4.426770210266113281e+00
4.449121475219726562e+00
4.761095046997070312e+00
4.565009117126464844e+00
4.490536689758300781e+00
4.301162242889404297e+00
4.469156265258789062e+00
3.828084945678710938e+00
4.173759460449218750e+00
4.090245723724365234e+00
4.152165412902832031e+00
4.071987152099609375e+00
4.236067771911621094e+00
4.110721588134765625e+00
3.942718029022216797e+00
3.946188449859619141e+00
4.004474639892578125e+00
3.879154443740844727e+00
3.664705991744995117e+00
3.942846536636352539e+00
3.873719692230224609e+00
4.119574546813964844e+00
3.829074382781982422e+00
3.777833223342895508e+00
3.934433698654174805e+00
3.786156415939331055e+00
3.758566617965698242e+00
3.702682018280029297e+00
3.619976997375488281e+00
3.633876323699951172e+00
3.904815435409545898e+00
3.723243474960327148e+00
3.801339149475097656e+00
3.716813802719116211e+00
3.581756830215454102e+00
3.526462554931640625e+00
3.643030881881713867e+00
3.517700672149658203e+00
3.673554182052612305e+00
3.625517606735229492e+00
3.520604848861694336e+00
3.478616714477539062e+00
3.443945407867431641e+00
3.434903383255004883e+00
3.472836256027221680e+00
3.279238700866699219e+00
3.318677663803100586e+00
3.486368656158447266e+00
3.463087081909179688e+00
3.284318447113037109e+00
3.390357255935668945e+00
3.091991662979125977e+00
3.097480058670043945e+00
3.120960235595703125e+00
3.172280788421630859e+00
3.316449165344238281e+00
3.197238445281982422e+00
2.993863821029663086e+00
3.276707172393798828e+00
3.141163825988769531e+00
3.097091197967529297e+00
2.928727865219116211e+00
3.042509078979492188e+00
3.093470811843872070e+00
2.943431615829467773e+00
2.951611042022705078e+00
2.838479995727539062e+00
2.715034246444702148e+00
2.957896709442138672e+00
2.835981130599975586e+00
2.736904859542846680e+00
2.818787574768066406e+00
2.744360446929931641e+00
2.844884157180786133e+00
2.650134801864624023e+00
2.751966953277587891e+00
2.727467775344848633e+00
2.675379514694213867e+00
2.671841144561767578e+00
2.640265226364135742e+00
2.727427721023559570e+00
2.609458208084106445e+00
2.490972042083740234e+00
2.657963037490844727e+00
2.580698013305664062e+00
2.572942733764648438e+00
2.537589788436889648e+00
2.473400115966796875e+00
2.529550790786743164e+00
2.521336555480957031e+00
2.488639354705810547e+00
2.348326206207275391e+00
2.459391117095947266e+00
2.506973028182983398e+00
2.331501483917236328e+00
2.510219335556030273e+00
2.412310600280761719e+00
2.300019264221191406e+00
2.404421567916870117e+00
2.264231681823730469e+00
2.269420623779296875e+00
2.120787143707275391e+00
2.378578424453735352e+00
2.290586948394775391e+00
2.246982097625732422e+00
2.214569330215454102e+00
2.224868535995483398e+00
2.225347757339477539e+00
2.172921180725097656e+00
1.940267920494079590e+00
2.005737304687500000e+00
2.137210845947265625e+00
2.123500823974609375e+00
2.088123559951782227e+00
2.141494750976562500e+00
2.092161178588867188e+00
2.084084272384643555e+00
2.034823656082153320e+00
2.006598234176635742e+00
2.011991500854492188e+00
1.979766249656677246e+00
1.985577583312988281e+00
1.887625813484191895e+00
2.062661170959472656e+00
1.957686185836791992e+00
1.859096288681030273e+00
1.885713100433349609e+00
1.839540004730224609e+00
1.919917941093444824e+00
1.963782429695129395e+00
1.771590948104858398e+00
1.749855875968933105e+00
1.770829200744628906e+00
2.013208866119384766e+00
1.679165124893188477e+00
1.755426406860351562e+00
1.860855817794799805e+00
1.780315637588500977e+00
1.610327720642089844e+00
1.819501876831054688e+00
1.744089245796203613e+00
1.660198330879211426e+00
1.693981289863586426e+00
1.684567451477050781e+00
1.721788048744201660e+00
1.594818592071533203e+00
1.631645560264587402e+00
1.693181872367858887e+00
1.643717169761657715e+00
1.612457394599914551e+00
1.730189561843872070e+00
1.608134984970092773e+00
1.607679247856140137e+00
1.482586503028869629e+00
1.582242727279663086e+00
1.521126389503479004e+00
1.525331377983093262e+00
1.615087509155273438e+00
1.541967034339904785e+00
1.569875359535217285e+00
1.480732202529907227e+00
1.478892207145690918e+00
1.449504017829895020e+00
1.534237146377563477e+00
1.540152311325073242e+00
1.508442163467407227e+00
1.359735846519470215e+00
1.378549098968505859e+00
1.391229391098022461e+00
1.555054187774658203e+00
1.320017695426940918e+00
1.462880849838256836e+00
1.384063720703125000e+00
1.377788305282592773e+00
1.389916896820068359e+00
1.334260463714599609e+00
1.227561354637145996e+00
1.405997991561889648e+00
1.371595501899719238e+00
1.267986655235290527e+00
1.291610360145568848e+00
1.320799589157104492e+00
1.284306287765502930e+00
1.305979609489440918e+00
1.211863279342651367e+00
1.302968740463256836e+00
1.267104387283325195e+00
1.169317722320556641e+00
1.247068047523498535e+00
1.262535810470581055e+00
1.234351158142089844e+00
1.191982030868530273e+00
1.187085628509521484e+00
1.279627442359924316e+00
1.196532964706420898e+00
1.167591810226440430e+00
1.186695098876953125e+00
1.206835389137268066e+00
1.080755949020385742e+00
1.243135452270507812e+00
1.062728166580200195e+00
1.131166458129882812e+00
1.195017337799072266e+00
1.173198699951171875e+00
1.101772308349609375e+00
1.057592630386352539e+00
1.146320104598999023e+00
1.111585736274719238e+00
1.102653741836547852e+00
1.093186140060424805e+00
1.075929760932922363e+00
1.072128176689147949e+00
1.002213835716247559e+00
1.152178049087524414e+00
9.728881716728210449e-01
1.022402167320251465e+00
1.075529813766479492e+00
9.889167547225952148e-01
1.015616416931152344e+00
1.017136096954345703e+00
1.044731259346008301e+00
9.737276434898376465e-01
1.023220777511596680e+00
9.790571331977844238e-01
9.740114212036132812e-01
9.465657472610473633e-01
9.451533555984497070e-01
9.080379009246826172e-01
8.857086896896362305e-01
9.823959469795227051e-01
