7.927610820966251026e-01
7.737629737488335158e-01
7.483317922782616316e-01
7.275405226008619941e-01
7.183241301607681262e-01
7.063016204074127335e-01
7.028885751659724734e-01
6.981040791965009706e-01
6.861070691876518524e-01
6.825186434581675954e-01
6.792380162381908004e-01
6.740068967421140034e-01
6.715785124181313792e-01
6.659484989029502700e-01
6.625239369997748540e-01
6.576752916434702723e-01
6.522955207160771041e-01
6.487961432728245326e-01
6.412832383045409257e-01
6.370745085680252773e-01
6.341841271611102782e-01
6.293211794866063746e-01
6.263696850687721085e-01
6.209587733540190557e-01
6.156207428407618476e-01
6.113866443445981069e-01
6.071217911427957414e-01
6.016249470186301185e-01
5.966811488523923179e-01
5.917393689553492875e-01
5.871068806048654887e-01
5.830180227485951550e-01
5.797700255363520405e-01
5.755326167722816244e-01
5.740895012765452332e-01
5.717060111867112715e-01
5.689496678046167544e-01
5.667139855635865420e-01
5.643297557146812471e-01
5.623780635791771898e-01
5.611909209667010900e-01
5.575715593433313577e-01
5.529059053464805418e-01
5.477422636424005287e-01
5.466476227806446042e-01
5.415206365216782558e-01
5.373817112397285545e-01
5.349399483406850342e-01
5.307098871211534119e-01
5.290009336399223994e-01
5.239386151172141792e-01
5.201586056532803148e-01
5.155652331964314383e-01
5.136472193122095797e-01
5.115270917535893469e-01
5.094872975722567476e-01
5.063388206638543831e-01
5.019012514264123981e-01
5.001059728100630819e-01
4.969420021733908510e-01
4.922421035028258229e-01
4.864850707676298125e-01
4.843774600210429826e-01
4.836239385514937150e-01
4.814456626947649087e-01
4.744901305286789994e-01
4.742771474431934364e-01
4.720633684980169442e-01
4.703485050577817517e-01
4.682499776266225711e-01
4.651115470929944040e-01
4.623048996936163224e-01
4.602507844610411736e-01
4.599277509611859327e-01
4.558562059852497295e-01
4.531107191280334123e-01
4.501004474487936835e-01
4.479849825701283650e-01
4.448927374332450335e-01
4.437603470082370216e-01
4.408323458602563805e-01
4.385858235457529841e-01
4.365085826846225592e-01
4.361835411127669149e-01
4.348364180334480245e-01
4.318127910288330762e-01
4.303545342692222109e-01
4.280584962120121961e-01
4.262989803670997335e-01
4.248078698931149755e-01
4.231842704768172814e-01
4.224922847862285225e-01
4.210057743721829504e-01
4.180795036110849794e-01
4.161218972453694653e-01
4.157598218982898053e-01
4.125888787638997135e-01
4.111107402394622579e-01
4.095847024260000913e-01
4.068096754345731370e-01
