8.051612965818848444e-01
7.865079892297691666e-01
7.713739926679753500e-01
7.560164509857776327e-01
7.411552538826919889e-01
7.319787897375238384e-01
7.177337597239510369e-01
7.058907712338936546e-01
6.982194496059794808e-01
6.932475823860994035e-01
6.879738190653725827e-01
6.844844774041479729e-01
6.728778600487540507e-01
6.709009335795724782e-01
6.662102058560377404e-01
6.614153087183848312e-01
6.562138104062468225e-01
6.500041104140120707e-01
6.449325344424340356e-01
6.349288348184068953e-01
6.295791064939476600e-01
6.234842252719750011e-01
6.199067889656155739e-01
6.132683778112905104e-01
6.112575383580689525e-01
6.050586065364533805e-01
6.007701529031481691e-01
5.930412095641897086e-01
5.860488867373454536e-01
5.829651368703334668e-01
5.803589568428376699e-01
5.754373135311896537e-01
5.737802123727138159e-01
5.671993918520690237e-01
5.639799613705692716e-01
5.605444171102023088e-01
5.581002066563935937e-01
5.565669384691590560e-01
5.557601713721170844e-01
5.532198942460783142e-01
5.503295392644718120e-01
5.469082269306393407e-01
5.455006383298577344e-01
5.435888154178892817e-01
5.404129647777847767e-01
5.394031714955600521e-01
5.377049501292719969e-01
5.328174523349532565e-01
5.305015994248810651e-01
5.264481956422432107e-01
5.239891045458677787e-01
5.206066763232566341e-01
5.175071271983029408e-01
5.152496895768623464e-01
5.131180893109877905e-01
5.103796030830345387e-01
5.081069639950394068e-01
5.046783168723744106e-01
5.028975265243209591e-01
4.995528267443223314e-01
4.977309568760395209e-01
