2.315625762939453125e+02
2.213674011230468750e+02
2.239849243164062500e+02
2.235668334960937500e+02
2.253369598388671875e+02
2.211313323974609375e+02
2.257670288085937500e+02
2.221771240234375000e+02
2.199913940429687500e+02
2.205340118408203125e+02
2.179919586181640625e+02
2.129284515380859375e+02
2.169460906982421875e+02
2.114813995361328125e+02
2.050052947998046875e+02
2.099834442138671875e+02
2.014644622802734375e+02
1.894937896728515625e+02
1.823709259033203125e+02
1.728758392333984375e+02
1.671270904541015625e+02
1.509283905029296875e+02
1.322914276123046875e+02
1.121470108032226562e+02
9.114090728759765625e+01
6.071095657348632812e+01
3.874065017700195312e+01
2.162543106079101562e+01
1.059046363830566406e+01
1.705303192138671875e+01
3.599945068359375000e+01
5.150686645507812500e+01
4.235918426513671875e+01
3.315533065795898438e+01
2.064903640747070312e+01
1.243063354492187500e+01
9.961837768554687500e+00
1.057951927185058594e+01
1.356945610046386719e+01
1.797129821777343750e+01
1.974715042114257812e+01
2.152539443969726562e+01
2.014826202392578125e+01
1.932412338256835938e+01
1.738501167297363281e+01
1.662608146667480469e+01
1.227989196777343750e+01
9.769063949584960938e+00
8.486707687377929688e+00
8.629353523254394531e+00
9.369128227233886719e+00
1.097211074829101562e+01
1.317389965057373047e+01
1.262616729736328125e+01
1.150696372985839844e+01
9.532022476196289062e+00
8.699733734130859375e+00
8.576322555541992188e+00
8.419147491455078125e+00
8.046772003173828125e+00
9.293082237243652344e+00
9.212199211120605469e+00
9.338066101074218750e+00
8.866208076477050781e+00
8.874578475952148438e+00
8.441947937011718750e+00
8.094467163085937500e+00
7.345313072204589844e+00
6.857044219970703125e+00
7.737347126007080078e+00
7.500464439392089844e+00
7.584441661834716797e+00
7.587283134460449219e+00
7.902017116546630859e+00
6.759886741638183594e+00
7.428330898284912109e+00
7.843325614929199219e+00
7.482362747192382812e+00
7.333024024963378906e+00
6.358636856079101562e+00
6.996174335479736328e+00
6.731175899505615234e+00
6.522884368896484375e+00
6.781429290771484375e+00
6.509787082672119141e+00
6.083693981170654297e+00
6.500623703002929688e+00
6.647464752197265625e+00
6.431709289550781250e+00
5.758412361145019531e+00
6.388991355895996094e+00
5.885571002960205078e+00
6.181856632232666016e+00
5.781588554382324219e+00
5.691791057586669922e+00
6.006309986114501953e+00
5.356662273406982422e+00
5.650156974792480469e+00
5.582606315612792969e+00
5.741076469421386719e+00
5.310492038726806641e+00
5.289959907531738281e+00
5.163362503051757812e+00
5.268885612487792969e+00
4.796478271484375000e+00
5.173418045043945312e+00
5.199881076812744141e+00
4.932575225830078125e+00
5.431413650512695312e+00
5.274136543273925781e+00
4.585341930389404297e+00
4.508377075195312500e+00
4.740296363830566406e+00
4.594710826873779297e+00
4.130524635314941406e+00
4.619272232055664062e+00
4.624452114105224609e+00
4.517870426177978516e+00
4.010348796844482422e+00
4.331810474395751953e+00
3.848770618438720703e+00
4.135915756225585938e+00
4.217605590820312500e+00
3.967704057693481445e+00
3.748992919921875000e+00
3.952755212783813477e+00
3.642024040222167969e+00
3.336423397064208984e+00
3.259214878082275391e+00
3.578698873519897461e+00
3.386897563934326172e+00
3.637805461883544922e+00
3.352281093597412109e+00
3.365826606750488281e+00
3.358955860137939453e+00
3.135042190551757812e+00
3.284833431243896484e+00
3.141142845153808594e+00
3.114422321319580078e+00
2.681152343750000000e+00
3.022724151611328125e+00
2.681744337081909180e+00
2.786545991897583008e+00
2.797117710113525391e+00
2.485578775405883789e+00
2.805337905883789062e+00
2.634820938110351562e+00
2.541218996047973633e+00
2.574513912200927734e+00
2.472195148468017578e+00
2.223601818084716797e+00
2.433764934539794922e+00
2.293461799621582031e+00
2.374029397964477539e+00
2.468995332717895508e+00
2.126318931579589844e+00
2.153706550598144531e+00
2.187011718750000000e+00
2.158276319503784180e+00
1.808721780776977539e+00
2.064050436019897461e+00
2.060447692871093750e+00
1.842006444931030273e+00
2.063023090362548828e+00
1.849997520446777344e+00
2.050937175750732422e+00
1.730032920837402344e+00
1.687504053115844727e+00
1.719210982322692871e+00
2.015073776245117188e+00
1.782200932502746582e+00
1.896545648574829102e+00
1.565088033676147461e+00
1.596991777420043945e+00
1.618227124214172363e+00
1.816624402999877930e+00
1.900603413581848145e+00
1.529778718948364258e+00
1.504422426223754883e+00
1.476652145385742188e+00
1.394740581512451172e+00
1.290508270263671875e+00
1.389048814773559570e+00
1.316812038421630859e+00
1.583083868026733398e+00
1.222634911537170410e+00
1.420926332473754883e+00
1.298726439476013184e+00
1.295283198356628418e+00
1.433706998825073242e+00
1.332694768905639648e+00
1.272606849670410156e+00
1.183976411819458008e+00
1.303947210311889648e+00
1.077876329421997070e+00
1.325151324272155762e+00
1.254772663116455078e+00
1.219668388366699219e+00
1.091639757156372070e+00
1.046941518783569336e+00
1.061270236968994141e+00
1.146452665328979492e+00
1.185580611228942871e+00
8.894772529602050781e-01
1.013392448425292969e+00
1.189159393310546875e+00
1.079717397689819336e+00
1.040399074554443359e+00
1.099126696586608887e+00
1.153521299362182617e+00
9.164616465568542480e-01
1.132812261581420898e+00
1.005519509315490723e+00
9.156224727630615234e-01
1.015731453895568848e+00
9.939222335815429688e-01
9.791556596755981445e-01
1.073541045188903809e+00
8.605525493621826172e-01
9.785455465316772461e-01
1.006752729415893555e+00
9.166876077651977539e-01
8.967671394348144531e-01
9.538801312446594238e-01
9.702644348144531250e-01
9.841167330741882324e-01
8.123458623886108398e-01
9.180470705032348633e-01
9.493057727813720703e-01
8.613957166671752930e-01
9.418014287948608398e-01
8.793371915817260742e-01
7.385087013244628906e-01
8.531153798103332520e-01
9.474724531173706055e-01
9.612834453582763672e-01
9.971152544021606445e-01
7.376100420951843262e-01
8.721065521240234375e-01
6.410671472549438477e-01
8.368415832519531250e-01
8.603857755661010742e-01
8.754153251647949219e-01
7.855163812637329102e-01
9.073119163513183594e-01
8.238126039505004883e-01
9.303966164588928223e-01
7.765644788742065430e-01
6.060708761215209961e-01
7.282596826553344727e-01
1.067115545272827148e+00
8.531951904296875000e-01
6.755602359771728516e-01
8.394292593002319336e-01
7.380622029304504395e-01
8.906444311141967773e-01
8.204176425933837891e-01
6.320365667343139648e-01
6.780478358268737793e-01
7.501185536384582520e-01
7.252209782600402832e-01
7.887692451477050781e-01
7.959561347961425781e-01
5.521161556243896484e-01
6.872979402542114258e-01
7.829092144966125488e-01
6.611047983169555664e-01
6.946972608566284180e-01
6.428031325340270996e-01
6.598672866821289062e-01
6.915484666824340820e-01
7.318126559257507324e-01
8.263887763023376465e-01
6.072683930397033691e-01
8.007526993751525879e-01
6.805568933486938477e-01
7.865192890167236328e-01
8.649970293045043945e-01
7.636634707450866699e-01
7.564134001731872559e-01
7.302504777908325195e-01
7.269721627235412598e-01
8.100835084915161133e-01
6.869305372238159180e-01
7.142401933670043945e-01
8.308930397033691406e-01
8.795633316040039062e-01
5.637875795364379883e-01
7.943552136421203613e-01
9.433247447013854980e-01
5.421635508537292480e-01
5.846435427665710449e-01
8.914818763732910156e-01
8.126091361045837402e-01
6.901112794876098633e-01
7.269188761711120605e-01
6.132940053939819336e-01
7.066925764083862305e-01
7.010933160781860352e-01
5.631544589996337891e-01
6.641514301300048828e-01
9.537494182586669922e-01
7.616012692451477051e-01
5.653703808784484863e-01
5.198733806610107422e-01
6.257297396659851074e-01
7.151818871498107910e-01
6.780503392219543457e-01
5.506862401962280273e-01
5.845896005630493164e-01
7.372305393218994141e-01
6.012785434722900391e-01
7.864705920219421387e-01
6.402358412742614746e-01
5.496695041656494141e-01
6.731860637664794922e-01
5.992430448532104492e-01
5.987082123756408691e-01
5.943095684051513672e-01
6.346647739410400391e-01
6.465432047843933105e-01
6.696505546569824219e-01
5.558016300201416016e-01
6.309865713119506836e-01
6.861640214920043945e-01
6.608980894088745117e-01
5.699688196182250977e-01
6.183030605316162109e-01
6.006537675857543945e-01
5.869923830032348633e-01
5.873140096664428711e-01
5.322443842887878418e-01
6.899979114532470703e-01
6.173142194747924805e-01
5.765088796615600586e-01
6.871425509452819824e-01
5.749804377555847168e-01
7.616140842437744141e-01
6.069316267967224121e-01
6.396317481994628906e-01
6.796709299087524414e-01
6.769344806671142578e-01
5.157780051231384277e-01
5.239641666412353516e-01
8.607960939407348633e-01
6.355535984039306641e-01
5.117917060852050781e-01
6.069608330726623535e-01
7.502691745758056641e-01
6.647028923034667969e-01
4.663883447647094727e-01
6.358704566955566406e-01
9.694917201995849609e-01
7.869292497634887695e-01
6.527988910675048828e-01
7.113907933235168457e-01
6.355401873588562012e-01
5.166249871253967285e-01
7.617979645729064941e-01
7.355164289474487305e-01
5.813573598861694336e-01
6.151872873306274414e-01
6.325932145118713379e-01
7.227685451507568359e-01
5.069148540496826172e-01
8.773608207702636719e-01
6.812720894813537598e-01
5.779900550842285156e-01
5.715874433517456055e-01
6.737778186798095703e-01
7.106631994247436523e-01
5.918487906455993652e-01
5.423215031623840332e-01
7.612888813018798828e-01
5.315642356872558594e-01
6.448346376419067383e-01
4.963639378547668457e-01
5.247225761413574219e-01
5.836375355720520020e-01
5.637385845184326172e-01
5.918755531311035156e-01
6.134579181671142578e-01
5.304303169250488281e-01
7.120505571365356445e-01
5.700997114181518555e-01
5.718688964843750000e-01
5.728011727333068848e-01
5.733567476272583008e-01
5.625926852226257324e-01
5.292409658432006836e-01
6.739238500595092773e-01
5.335798263549804688e-01
6.007416844367980957e-01
5.091805458068847656e-01
5.349305272102355957e-01
5.317634344100952148e-01
5.829672217369079590e-01
5.674623847007751465e-01
5.281379222869873047e-01
5.332189202308654785e-01
5.686306357383728027e-01
5.720466971397399902e-01
5.297247171401977539e-01
4.936410188674926758e-01
5.208880305290222168e-01
5.661146640777587891e-01
5.515269637107849121e-01
4.760054349899291992e-01
6.179616451263427734e-01
5.729453563690185547e-01
4.563432931900024414e-01
4.978178739547729492e-01
6.729637980461120605e-01
5.720854401588439941e-01
6.837100982666015625e-01
5.204656720161437988e-01
4.259153008460998535e-01
6.948119401931762695e-01
5.285030603408813477e-01
5.130413770675659180e-01
5.228654742240905762e-01
5.901600122451782227e-01
5.300782918930053711e-01
6.136281490325927734e-01
4.883991479873657227e-01
5.100753307342529297e-01
6.962831020355224609e-01
4.648798108100891113e-01
4.999958872795104980e-01
5.155719518661499023e-01
5.748710632324218750e-01
7.266167402267456055e-01
5.158930420875549316e-01
5.270774364471435547e-01
5.011831521987915039e-01
4.923141002655029297e-01
5.249531269073486328e-01
8.271188735961914062e-01
5.287082791328430176e-01
5.155270099639892578e-01
4.238287210464477539e-01
5.208508968353271484e-01
5.500138401985168457e-01
4.670109748840332031e-01
4.605726301670074463e-01
5.173556208610534668e-01
5.593127608299255371e-01
5.545207858085632324e-01
4.953250288963317871e-01
4.588753581047058105e-01
4.335567653179168701e-01
5.489382743835449219e-01
5.453758239746093750e-01
5.903210639953613281e-01
5.864472389221191406e-01
4.617431163787841797e-01
5.444780588150024414e-01
5.479297041893005371e-01
5.535179376602172852e-01
6.174654364585876465e-01
4.210604429244995117e-01
4.970146417617797852e-01
5.446749925613403320e-01
4.970211088657379150e-01
6.430004835128784180e-01
5.115876197814941406e-01
4.980570375919342041e-01
5.480635166168212891e-01
5.047051310539245605e-01
5.977514982223510742e-01
5.984799265861511230e-01
5.776064395904541016e-01
4.342079162597656250e-01
5.570220947265625000e-01
5.988863706588745117e-01
4.310418367385864258e-01
5.695165395736694336e-01
4.962637424468994141e-01
4.940245747566223145e-01
4.484156966209411621e-01
5.185614228248596191e-01
5.746059417724609375e-01
5.439428091049194336e-01
5.214045047760009766e-01
4.610771536827087402e-01
5.039253234863281250e-01
5.307590961456298828e-01
4.746691882610321045e-01
6.155424714088439941e-01
5.489442944526672363e-01
6.346441507339477539e-01
4.072545766830444336e-01
6.260049343109130859e-01
4.345360398292541504e-01
4.910457134246826172e-01
7.937403917312622070e-01
5.549573302268981934e-01
5.607392191886901855e-01
5.260229110717773438e-01
5.961052775382995605e-01
4.845891296863555908e-01
6.172423958778381348e-01
6.917563080787658691e-01
4.195936918258666992e-01
4.880208969116210938e-01
7.219519019126892090e-01
5.844300985336303711e-01
4.165396094322204590e-01
4.776065945625305176e-01
5.737702846527099609e-01
5.246020555496215820e-01
4.694883823394775391e-01
4.729283154010772705e-01
6.947231292724609375e-01
5.047634840011596680e-01
5.371923446655273438e-01
4.663534164428710938e-01
5.424461364746093750e-01
5.138422250747680664e-01
5.283772349357604980e-01
6.525469422340393066e-01
4.737580716609954834e-01
4.058150053024291992e-01
5.439283847808837891e-01
4.482866525650024414e-01
5.440914630889892578e-01
4.787211716175079346e-01
5.570455193519592285e-01
4.804357290267944336e-01
4.661244750022888184e-01
8.098924160003662109e-01
5.556766390800476074e-01
5.040835738182067871e-01
5.567421317100524902e-01
6.092847585678100586e-01
6.198402643203735352e-01
5.245391130447387695e-01
5.766781568527221680e-01
4.780793190002441406e-01
5.255090594291687012e-01
5.476680994033813477e-01
6.426250934600830078e-01
5.048473477363586426e-01
4.390653371810913086e-01
6.796947121620178223e-01
5.693986415863037109e-01
4.709708094596862793e-01
5.223026871681213379e-01
6.448699831962585449e-01
4.882120490074157715e-01
4.376764297485351562e-01
4.582269191741943359e-01
5.126644372940063477e-01
5.258471965789794922e-01
5.483540892601013184e-01
5.188170671463012695e-01
3.954433500766754150e-01
4.498707354068756104e-01
5.320978164672851562e-01
4.361816048622131348e-01
5.104241371154785156e-01
5.513738393783569336e-01
3.993369936943054199e-01
5.117156505584716797e-01
4.084958732128143311e-01
5.024351477622985840e-01
4.853788614273071289e-01
3.919987678527832031e-01
4.123729467391967773e-01
5.303179025650024414e-01
4.717220664024353027e-01
3.541415929794311523e-01
6.226280331611633301e-01
5.012534856796264648e-01
3.794815540313720703e-01
4.636543989181518555e-01
5.695373415946960449e-01
4.317073822021484375e-01
4.984270334243774414e-01
5.671389102935791016e-01
5.173187255859375000e-01
4.176265299320220947e-01
3.692758679389953613e-01
5.918257236480712891e-01
4.564996361732482910e-01
4.752949476242065430e-01
4.542524814605712891e-01
4.682666957378387451e-01
4.892250597476959229e-01
4.312427043914794922e-01
5.557532906532287598e-01
4.597722291946411133e-01
5.409263372421264648e-01
4.423667192459106445e-01
4.031307697296142578e-01
4.561009109020233154e-01
3.567816019058227539e-01
4.862014353275299072e-01
5.764019489288330078e-01
4.449416697025299072e-01
5.065946578979492188e-01
4.817137420177459717e-01
3.556109964847564697e-01
4.295725524425506592e-01
4.228700399398803711e-01
5.449169278144836426e-01
5.794448852539062500e-01
5.215979814529418945e-01
4.191651344299316406e-01
4.160994291305541992e-01
4.304356575012207031e-01
5.066201686859130859e-01
4.818590283393859863e-01
5.289730429649353027e-01
5.458381175994873047e-01
4.595909714698791504e-01
4.603539407253265381e-01
4.775278568267822266e-01
5.362781882286071777e-01
4.685359895229339600e-01
4.140197932720184326e-01
5.055201053619384766e-01
5.173401832580566406e-01
4.077612459659576416e-01
5.102499127388000488e-01
5.077727437019348145e-01
5.071035623550415039e-01
4.756008982658386230e-01
4.905232787132263184e-01
4.213810265064239502e-01
4.610785841941833496e-01
5.467592477798461914e-01
4.829741716384887695e-01
4.250338375568389893e-01
4.951331317424774170e-01
4.049525558948516846e-01
4.851741194725036621e-01
5.779153108596801758e-01
4.945897161960601807e-01
4.079405367374420166e-01
5.268447399139404297e-01
4.260919392108917236e-01
4.020019173622131348e-01
3.934030532836914062e-01
4.128588140010833740e-01
5.147496461868286133e-01
4.713095128536224365e-01
4.899696707725524902e-01
3.874022066593170166e-01
4.385867416858673096e-01
4.650895297527313232e-01
4.652177691459655762e-01
4.368705749511718750e-01
4.318076968193054199e-01
5.445824861526489258e-01
4.372274875640869141e-01
5.869737863540649414e-01
4.874557852745056152e-01
4.635816812515258789e-01
4.937652051448822021e-01
3.648223578929901123e-01
4.413757324218750000e-01
4.450843334197998047e-01
5.056082010269165039e-01
5.045293569564819336e-01
4.713559448719024658e-01
6.216974258422851562e-01
4.934061765670776367e-01
4.019083678722381592e-01
4.716114997863769531e-01
4.068853557109832764e-01
5.222650766372680664e-01
4.543401896953582764e-01
4.737085998058319092e-01
4.734533131122589111e-01
4.241437911987304688e-01
3.705204427242279053e-01
4.559713006019592285e-01
4.490299224853515625e-01
5.232332944869995117e-01
4.888089299201965332e-01
5.420553088188171387e-01
4.297129213809967041e-01
4.810405373573303223e-01
4.663476347923278809e-01
5.666590929031372070e-01
4.555770158767700195e-01
4.361113309860229492e-01
4.391476511955261230e-01
4.906837046146392822e-01
4.557509422302246094e-01
3.769164383411407471e-01
4.843350350856781006e-01
4.184634983539581299e-01
4.061094522476196289e-01
4.511290490627288818e-01
4.557186961174011230e-01
3.916245102882385254e-01
4.688870608806610107e-01
4.693580567836761475e-01
