2.329601593017578125e+02
2.339896240234375000e+02
2.283140869140625000e+02
2.319270935058593750e+02
2.226127471923828125e+02
2.263215026855468750e+02
2.283184356689453125e+02
2.309508666992187500e+02
2.293983154296875000e+02
2.237806854248046875e+02
2.234619445800781250e+02
2.197228240966796875e+02
2.154727020263671875e+02
2.182852783203125000e+02
2.159298248291015625e+02
2.122954254150390625e+02
2.065525512695312500e+02
2.020189208984375000e+02
1.995411376953125000e+02
1.829937286376953125e+02
1.724585723876953125e+02
1.659984741210937500e+02
1.499371643066406250e+02
1.314802093505859375e+02
1.076293563842773438e+02
9.489762878417968750e+01
6.515485382080078125e+01
4.306164550781250000e+01
2.343919754028320312e+01
1.118146514892578125e+01
1.145516395568847656e+01
2.877561569213867188e+01
4.436433410644531250e+01
4.644122314453125000e+01
3.841855239868164062e+01
2.538114547729492188e+01
1.474955749511718750e+01
1.041452503204345703e+01
9.893707275390625000e+00
1.172282791137695312e+01
1.445901584625244141e+01
1.744060707092285156e+01
1.857107162475585938e+01
2.038672065734863281e+01
2.103123855590820312e+01
1.841804313659667969e+01
1.784900474548339844e+01
1.410595989227294922e+01
1.204986763000488281e+01
9.618545532226562500e+00
8.282810211181640625e+00
8.738289833068847656e+00
1.002452468872070312e+01
1.079006767272949219e+01
1.017120933532714844e+01
1.228497314453125000e+01
1.238532161712646484e+01
1.004994773864746094e+01
9.483754158020019531e+00
8.912237167358398438e+00
8.059279441833496094e+00
8.416949272155761719e+00
8.268079757690429688e+00
9.170189857482910156e+00
9.707889556884765625e+00
9.355231285095214844e+00
9.249812126159667969e+00
8.384414672851562500e+00
8.255631446838378906e+00
8.072687149047851562e+00
7.653684616088867188e+00
7.072988033294677734e+00
6.762368679046630859e+00
7.916533470153808594e+00
7.968221664428710938e+00
7.852765083312988281e+00
8.187575340270996094e+00
7.664689540863037109e+00
6.900170803070068359e+00
7.320790290832519531e+00
6.833954334259033203e+00
7.034990310668945312e+00
7.609324932098388672e+00
7.759801864624023438e+00
6.883523941040039062e+00
7.160891532897949219e+00
6.415319442749023438e+00
6.918291568756103516e+00
6.122868061065673828e+00
6.403890609741210938e+00
6.561288356781005859e+00
6.320447444915771484e+00
6.234426975250244141e+00
6.503344535827636719e+00
5.951639652252197266e+00
6.683930397033691406e+00
5.925936222076416016e+00
6.108481407165527344e+00
6.179183959960937500e+00
6.240736484527587891e+00
6.197403430938720703e+00
5.802471637725830078e+00
6.275304317474365234e+00
6.245102405548095703e+00
5.583682060241699219e+00
5.556864738464355469e+00
5.409082412719726562e+00
6.332735538482666016e+00
5.733613014221191406e+00
5.225957870483398438e+00
6.079922676086425781e+00
5.541128158569335938e+00
5.494177818298339844e+00
5.422525882720947266e+00
4.750588893890380859e+00
5.048461914062500000e+00
5.201845645904541016e+00
5.223257541656494141e+00
5.120433807373046875e+00
4.843694686889648438e+00
4.798187255859375000e+00
5.281498908996582031e+00
4.585659503936767578e+00
4.739365577697753906e+00
4.765254974365234375e+00
4.376579761505126953e+00
4.074522018432617188e+00
4.597224712371826172e+00
4.336330413818359375e+00
4.665049076080322266e+00
4.509764671325683594e+00
4.480062007904052734e+00
4.801312446594238281e+00
4.047996044158935547e+00
4.488339900970458984e+00
3.988954544067382812e+00
4.113516807556152344e+00
3.898846149444580078e+00
4.041414260864257812e+00
4.227101802825927734e+00
3.811737298965454102e+00
3.974441528320312500e+00
3.712207317352294922e+00
3.937517166137695312e+00
4.408167839050292969e+00
3.781394004821777344e+00
3.783078193664550781e+00
3.855584144592285156e+00
3.993521690368652344e+00
3.185725927352905273e+00
3.679866790771484375e+00
3.651377677917480469e+00
3.732244491577148438e+00
3.612404346466064453e+00
3.411256551742553711e+00
3.175492763519287109e+00
3.523824930191040039e+00
3.383578538894653320e+00
3.397319555282592773e+00
2.911929130554199219e+00
3.290585756301879883e+00
3.131751060485839844e+00
3.210426807403564453e+00
2.876274585723876953e+00
3.045878410339355469e+00
3.322939395904541016e+00
2.923730850219726562e+00
2.796217918395996094e+00
2.785598516464233398e+00
2.956140518188476562e+00
2.820275545120239258e+00
2.718391180038452148e+00
2.569700002670288086e+00
2.873410224914550781e+00
3.069054603576660156e+00
2.669833898544311523e+00
2.745887279510498047e+00
2.504618883132934570e+00
2.578089714050292969e+00
2.416313648223876953e+00
2.629686355590820312e+00
2.478982925415039062e+00
2.489556312561035156e+00
2.536825895309448242e+00
2.248064279556274414e+00
2.552732467651367188e+00
2.349622249603271484e+00
2.381136894226074219e+00
2.332051753997802734e+00
2.062378406524658203e+00
2.223759889602661133e+00
2.318486690521240234e+00
2.233519077301025391e+00
2.186084985733032227e+00
2.087820529937744141e+00
2.102753162384033203e+00
2.189854145050048828e+00
2.185770511627197266e+00
2.129440784454345703e+00
2.029502868652343750e+00
2.187429189682006836e+00
1.991671204566955566e+00
2.099277019500732422e+00
2.120573520660400391e+00
1.910524845123291016e+00
2.068390369415283203e+00
1.748662352561950684e+00
1.927879571914672852e+00
2.093792915344238281e+00
1.741910934448242188e+00
1.703332424163818359e+00
2.059275627136230469e+00
1.761726737022399902e+00
1.945093274116516113e+00
1.609059095382690430e+00
1.660975933074951172e+00
1.794312238693237305e+00
1.845237016677856445e+00
1.462631940841674805e+00
1.693880796432495117e+00
1.678013086318969727e+00
1.800906538963317871e+00
1.510804414749145508e+00
1.687297940254211426e+00
1.454398512840270996e+00
1.589380264282226562e+00
1.600307226181030273e+00
1.594281196594238281e+00
1.642720222473144531e+00
1.489161014556884766e+00
1.583852767944335938e+00
1.553964614868164062e+00
1.551151037216186523e+00
1.342373490333557129e+00
1.416597843170166016e+00
1.589584589004516602e+00
1.240858316421508789e+00
1.372603893280029297e+00
1.124165415763854980e+00
1.225911140441894531e+00
1.553811311721801758e+00
1.551856398582458496e+00
1.396060705184936523e+00
1.394552230834960938e+00
1.160803318023681641e+00
1.306501746177673340e+00
1.276568651199340820e+00
1.207141160964965820e+00
1.190443754196166992e+00
1.223791599273681641e+00
1.361934781074523926e+00
1.397813081741333008e+00
1.423281788825988770e+00
1.197302103042602539e+00
1.183032274246215820e+00
1.179990291595458984e+00
1.039941072463989258e+00
1.083088874816894531e+00
1.135744094848632812e+00
1.123827219009399414e+00
1.267245173454284668e+00
1.078755974769592285e+00
1.009635329246520996e+00
1.174678564071655273e+00
1.059867501258850098e+00
1.061305046081542969e+00
1.118749618530273438e+00
1.248108983039855957e+00
9.552770853042602539e-01
1.046038866043090820e+00
8.991734981536865234e-01
1.002172112464904785e+00
1.054635524749755859e+00
9.686378836631774902e-01
8.471321463584899902e-01
1.090492248535156250e+00
1.030349731445312500e+00
1.034425258636474609e+00
1.038698434829711914e+00
9.304813146591186523e-01
9.330966472625732422e-01
1.071798920631408691e+00
8.492819666862487793e-01
7.691819071769714355e-01
9.439239501953125000e-01
1.053237557411193848e+00
9.119601249694824219e-01
9.857769012451171875e-01
9.487828016281127930e-01
8.229029178619384766e-01
7.196722030639648438e-01
1.023509502410888672e+00
8.077922463417053223e-01
9.275634884834289551e-01
7.618765234947204590e-01
7.252231836318969727e-01
1.025919914245605469e+00
9.115536212921142578e-01
8.569596409797668457e-01
9.106835126876831055e-01
8.444710969924926758e-01
7.173358201980590820e-01
9.642151594161987305e-01
8.983908891677856445e-01
7.633177042007446289e-01
8.445618748664855957e-01
9.086768031120300293e-01
7.353782653808593750e-01
8.072329759597778320e-01
8.326797485351562500e-01
8.439648747444152832e-01
7.611241340637207031e-01
9.080724716186523438e-01
7.758416533470153809e-01
8.313187956809997559e-01
7.556446194648742676e-01
7.958513498306274414e-01
7.582542896270751953e-01
7.050266861915588379e-01
9.218350052833557129e-01
8.503981232643127441e-01
8.853719234466552734e-01
8.428736925125122070e-01
7.049344182014465332e-01
7.936748862266540527e-01
8.605376482009887695e-01
7.591624259948730469e-01
7.829852700233459473e-01
6.856447458267211914e-01
6.993577480316162109e-01
7.379299402236938477e-01
8.033200502395629883e-01
8.517656922340393066e-01
6.323830485343933105e-01
8.239376544952392578e-01
9.183707237243652344e-01
8.029555082321166992e-01
8.944376707077026367e-01
7.837222218513488770e-01
6.060453057289123535e-01
7.820717692375183105e-01
8.702059388160705566e-01
7.060337066650390625e-01
7.547301650047302246e-01
7.435129284858703613e-01
8.065894842147827148e-01
7.131234407424926758e-01
6.134099960327148438e-01
6.646078824996948242e-01
7.399704456329345703e-01
7.336388826370239258e-01
6.193638443946838379e-01
5.949866175651550293e-01
6.893170475959777832e-01
5.718154311180114746e-01
1.039359331130981445e+00
8.255829215049743652e-01
5.723428726196289062e-01
8.212771415710449219e-01
7.611085176467895508e-01
6.421332955360412598e-01
6.628429889678955078e-01
5.456645488739013672e-01
7.016410827636718750e-01
8.296861648559570312e-01
6.058145165443420410e-01
6.264038681983947754e-01
7.586264610290527344e-01
7.963505387306213379e-01
6.971521377563476562e-01
6.976848244667053223e-01
7.370632886886596680e-01
7.764819860458374023e-01
7.801546454429626465e-01
5.129263997077941895e-01
6.968548893928527832e-01
6.101784706115722656e-01
6.748191714286804199e-01
7.646643519401550293e-01
6.971020102500915527e-01
7.698098421096801758e-01
6.369689702987670898e-01
7.365147471427917480e-01
6.835295557975769043e-01
5.784069299697875977e-01
6.243799328804016113e-01
8.261087536811828613e-01
5.724604129791259766e-01
5.655030012130737305e-01
9.029363393783569336e-01
6.837912797927856445e-01
5.793156623840332031e-01
5.487233400344848633e-01
7.028551101684570312e-01
6.061664819717407227e-01
6.369506120681762695e-01
5.114344358444213867e-01
9.195747971534729004e-01
6.482870578765869141e-01
5.731055140495300293e-01
6.670992374420166016e-01
6.046424508094787598e-01
5.996032357215881348e-01
5.725566744804382324e-01
5.794331431388854980e-01
7.658926844596862793e-01
6.616435647010803223e-01
8.031154870986938477e-01
5.769629478454589844e-01
6.427465081214904785e-01
6.634286046028137207e-01
7.778780460357666016e-01
6.097656488418579102e-01
7.634033560752868652e-01
7.047275304794311523e-01
5.316463112831115723e-01
6.166654825210571289e-01
7.214559316635131836e-01
8.177222013473510742e-01
5.681809186935424805e-01
5.203555226325988770e-01
6.833158731460571289e-01
7.528019547462463379e-01
4.893032312393188477e-01
6.843594312667846680e-01
6.421980261802673340e-01
7.722885012626647949e-01
6.967011094093322754e-01
5.215765237808227539e-01
8.247721195220947266e-01
7.126790285110473633e-01
7.267533540725708008e-01
5.105766654014587402e-01
8.064728379249572754e-01
4.116110205650329590e-01
6.971874237060546875e-01
4.754633903503417969e-01
6.847381591796875000e-01
7.503653764724731445e-01
6.350603103637695312e-01
7.265532016754150391e-01
6.055173277854919434e-01
8.506097793579101562e-01
5.575803518295288086e-01
4.223795533180236816e-01
5.923385620117187500e-01
7.090821266174316406e-01
6.440371870994567871e-01
6.448446512222290039e-01
7.925428152084350586e-01
6.367117166519165039e-01
4.652190506458282471e-01
6.103401184082031250e-01
5.765620470046997070e-01
5.993285775184631348e-01
5.971053838729858398e-01
5.663210153579711914e-01
7.523775696754455566e-01
6.390727162361145020e-01
5.146958827972412109e-01
5.919182300567626953e-01
6.101005077362060547e-01
6.519561409950256348e-01
4.506773650646209717e-01
5.989491939544677734e-01
7.491416931152343750e-01
5.751401185989379883e-01
6.396481990814208984e-01
5.299462080001831055e-01
5.884675979614257812e-01
6.119396090507507324e-01
5.976612567901611328e-01
5.533447861671447754e-01
6.428455114364624023e-01
6.709644794464111328e-01
5.292307734489440918e-01
4.990636110305786133e-01
5.710121393203735352e-01
5.221006870269775391e-01
5.433752536773681641e-01
7.168471217155456543e-01
6.213150024414062500e-01
6.133613586425781250e-01
4.609078168869018555e-01
6.838225722312927246e-01
5.655658245086669922e-01
5.406325459480285645e-01
7.302406430244445801e-01
5.567880868911743164e-01
4.836741685867309570e-01
4.932533204555511475e-01
6.704494953155517578e-01
6.244126558303833008e-01
6.349089145660400391e-01
5.745521783828735352e-01
5.468192696571350098e-01
4.672708511352539062e-01
4.768792688846588135e-01
4.858613610267639160e-01
5.477700233459472656e-01
7.243458032608032227e-01
6.562475562095642090e-01
5.223471522331237793e-01
5.575930476188659668e-01
5.664014816284179688e-01
4.479001760482788086e-01
5.141986012458801270e-01
6.240258812904357910e-01
6.724332571029663086e-01
5.905876159667968750e-01
5.983375310897827148e-01
4.868557453155517578e-01
4.777777791023254395e-01
7.125040888786315918e-01
4.987263977527618408e-01
5.478476285934448242e-01
5.769777894020080566e-01
5.922194719314575195e-01
4.436980485916137695e-01
5.695489048957824707e-01
5.147837400436401367e-01
7.087734937667846680e-01
5.091738104820251465e-01
5.607230663299560547e-01
7.920904159545898438e-01
4.289517402648925781e-01
5.802597999572753906e-01
6.509100198745727539e-01
5.559595227241516113e-01
5.695176124572753906e-01
6.062890291213989258e-01
5.284020304679870605e-01
5.968941450119018555e-01
5.864791274070739746e-01
6.650444865226745605e-01
5.297636985778808594e-01
6.071648001670837402e-01
4.701256752014160156e-01
4.559684991836547852e-01
5.934053659439086914e-01
6.458973288536071777e-01
5.657852292060852051e-01
4.540697038173675537e-01
8.526679277420043945e-01
5.773123502731323242e-01
5.749899744987487793e-01
5.550497770309448242e-01
8.267712593078613281e-01
4.926004111766815186e-01
5.606970191001892090e-01
5.230070352554321289e-01
5.944195985794067383e-01
6.125140786170959473e-01
6.328229308128356934e-01
5.053404569625854492e-01
7.199450731277465820e-01
6.225184798240661621e-01
6.758562922477722168e-01
4.110004305839538574e-01
5.800415277481079102e-01
4.656866788864135742e-01
5.674240589141845703e-01
6.395027637481689453e-01
6.075627207756042480e-01
4.417056441307067871e-01
5.757129192352294922e-01
4.226939380168914795e-01
4.848003983497619629e-01
6.459103822708129883e-01
6.280612945556640625e-01
6.480843424797058105e-01
3.496685922145843506e-01
4.723438918590545654e-01
6.528490185737609863e-01
4.897679388523101807e-01
6.627987623214721680e-01
6.547721624374389648e-01
5.407691597938537598e-01
6.049603223800659180e-01
6.040803194046020508e-01
4.907130599021911621e-01
3.940123617649078369e-01
5.022393465042114258e-01
7.104941010475158691e-01
6.467221379280090332e-01
6.229802966117858887e-01
5.723318457603454590e-01
6.358680129051208496e-01
5.881791114807128906e-01
6.428903341293334961e-01
4.946773350238800049e-01
6.060819029808044434e-01
5.163137316703796387e-01
5.997148752212524414e-01
5.918598175048828125e-01
5.939004421234130859e-01
5.760598778724670410e-01
7.317194342613220215e-01
5.184595584869384766e-01
5.624037384986877441e-01
4.835447371006011963e-01
5.188537836074829102e-01
5.561964511871337891e-01
5.089616775512695312e-01
3.674186468124389648e-01
5.599060654640197754e-01
4.727703928947448730e-01
6.016046404838562012e-01
6.087925434112548828e-01
5.615240931510925293e-01
4.055716097354888916e-01
5.893367528915405273e-01
4.751625359058380127e-01
5.032688975334167480e-01
4.484214484691619873e-01
7.239786982536315918e-01
5.263400077819824219e-01
4.958574175834655762e-01
5.379291176795959473e-01
4.254666268825531006e-01
6.193924546241760254e-01
5.309354066848754883e-01
5.853140950202941895e-01
5.536739826202392578e-01
4.848965704441070557e-01
7.132562398910522461e-01
5.395607352256774902e-01
5.104836225509643555e-01
5.151219367980957031e-01
5.505320429801940918e-01
5.471234917640686035e-01
5.308014154434204102e-01
4.705891311168670654e-01
6.222798228263854980e-01
5.058961510658264160e-01
5.254575610160827637e-01
4.862646460533142090e-01
5.311485528945922852e-01
6.127191781997680664e-01
3.563119769096374512e-01
5.075437426567077637e-01
5.282891988754272461e-01
5.359376668930053711e-01
6.150692105293273926e-01
4.662840962409973145e-01
5.441492199897766113e-01
5.866307020187377930e-01
4.860009253025054932e-01
5.680835843086242676e-01
6.833650469779968262e-01
5.965542197227478027e-01
5.351406931877136230e-01
5.781506299972534180e-01
5.483371019363403320e-01
5.527167320251464844e-01
4.512015879154205322e-01
4.940225481986999512e-01
5.543068647384643555e-01
5.690858364105224609e-01
4.569789767265319824e-01
5.293084979057312012e-01
4.232936799526214600e-01
6.373239159584045410e-01
4.512782096862792969e-01
6.035545468330383301e-01
4.720566570758819580e-01
4.667878448963165283e-01
5.239404439926147461e-01
5.571072697639465332e-01
4.352729022502899170e-01
5.891090035438537598e-01
5.013313889503479004e-01
5.658814311027526855e-01
5.078935623168945312e-01
4.466980397701263428e-01
5.659720897674560547e-01
4.274603724479675293e-01
5.955844521522521973e-01
5.726997256278991699e-01
6.396636962890625000e-01
4.377894997596740723e-01
4.649152457714080811e-01
6.340775489807128906e-01
5.604860186576843262e-01
4.706611335277557373e-01
4.942736029624938965e-01
5.442212224006652832e-01
4.179765880107879639e-01
4.404218494892120361e-01
4.996305704116821289e-01
6.271634101867675781e-01
5.194787979125976562e-01
5.387066006660461426e-01
5.111379027366638184e-01
4.339451789855957031e-01
4.621123671531677246e-01
4.562247395515441895e-01
5.498099327087402344e-01
4.521320760250091553e-01
6.821727156639099121e-01
