2.263510894775390625e+02
2.314661560058593750e+02
2.282650146484375000e+02
2.263765258789062500e+02
2.243043365478515625e+02
2.243923339843750000e+02
2.221337127685546875e+02
2.220289306640625000e+02
2.204805755615234375e+02
2.246074218750000000e+02
2.172971954345703125e+02
2.092410888671875000e+02
1.980727233886718750e+02
1.988501434326171875e+02
1.894941864013671875e+02
1.779461212158203125e+02
1.722491760253906250e+02
1.554255371093750000e+02
1.392966308593750000e+02
1.205390167236328125e+02
1.016587829589843750e+02
7.397866821289062500e+01
4.740242004394531250e+01
2.584250068664550781e+01
1.124452781677246094e+01
1.243992233276367188e+01
3.110065460205078125e+01
4.913153839111328125e+01
4.749716567993164062e+01
3.563409042358398438e+01
2.417702865600585938e+01
1.344914054870605469e+01
9.485850334167480469e+00
1.089813804626464844e+01
1.313035202026367188e+01
1.576087951660156250e+01
1.988590812683105469e+01
2.141069984436035156e+01
2.264792633056640625e+01
2.346334266662597656e+01
1.792323303222656250e+01
1.739333724975585938e+01
1.315187263488769531e+01
1.038831710815429688e+01
1.008269882202148438e+01
8.816460609436035156e+00
1.041842365264892578e+01
1.111316680908203125e+01
1.326143074035644531e+01
1.340105247497558594e+01
1.218624782562255859e+01
1.121821594238281250e+01
1.054408931732177734e+01
9.326115608215332031e+00
8.859007835388183594e+00
9.330459594726562500e+00
9.226768493652343750e+00
9.890505790710449219e+00
9.727995872497558594e+00
9.570007324218750000e+00
9.907255172729492188e+00
8.704868316650390625e+00
8.975292205810546875e+00
8.067928314208984375e+00
7.657848358154296875e+00
8.343786239624023438e+00
8.418124198913574219e+00
8.885064125061035156e+00
8.212210655212402344e+00
7.842958450317382812e+00
8.134578704833984375e+00
8.543219566345214844e+00
7.829269409179687500e+00
7.542646408081054688e+00
7.504467010498046875e+00
7.120810031890869141e+00
7.298994064331054688e+00
7.345544815063476562e+00
7.844343185424804688e+00
6.321148872375488281e+00
7.076772212982177734e+00
7.235455036163330078e+00
7.125439643859863281e+00
6.775559902191162109e+00
6.966079711914062500e+00
7.344200134277343750e+00
6.554456233978271484e+00
7.161936283111572266e+00
6.918753623962402344e+00
6.233370304107666016e+00
6.510064125061035156e+00
6.462907791137695312e+00
6.437401294708251953e+00
6.191766738891601562e+00
6.602557182312011719e+00
6.248753547668457031e+00
6.032478809356689453e+00
5.882824897766113281e+00
5.806774616241455078e+00
6.547682762145996094e+00
5.701086521148681641e+00
5.881647109985351562e+00
5.812242507934570312e+00
5.128572940826416016e+00
5.362605094909667969e+00
5.864623069763183594e+00
5.823328971862792969e+00
5.585248947143554688e+00
5.232943058013916016e+00
5.129393577575683594e+00
5.067383289337158203e+00
5.332024097442626953e+00
5.038954257965087891e+00
4.947058677673339844e+00
5.206921577453613281e+00
5.026582241058349609e+00
4.798240661621093750e+00
4.866834640502929688e+00
4.815954208374023438e+00
4.587893009185791016e+00
4.941816329956054688e+00
4.853844642639160156e+00
4.482918262481689453e+00
4.094586372375488281e+00
4.140903949737548828e+00
4.270231723785400391e+00
4.278623580932617188e+00
4.304386138916015625e+00
4.450366020202636719e+00
4.640095233917236328e+00
4.215302467346191406e+00
4.049227237701416016e+00
3.697110176086425781e+00
4.279337882995605469e+00
4.246543884277343750e+00
3.507327556610107422e+00
4.003831863403320312e+00
3.930083990097045898e+00
3.665050029754638672e+00
3.827754497528076172e+00
3.549919128417968750e+00
3.485132455825805664e+00
3.308003425598144531e+00
3.276975393295288086e+00
3.698863029479980469e+00
3.419146299362182617e+00
3.348278999328613281e+00
3.155421257019042969e+00
3.221327304840087891e+00
3.434559583663940430e+00
3.145619392395019531e+00
3.365869998931884766e+00
3.250624656677246094e+00
3.061386585235595703e+00
2.789492607116699219e+00
2.867336273193359375e+00
2.612782955169677734e+00
2.829610586166381836e+00
2.959173202514648438e+00
2.817374229431152344e+00
2.723280906677246094e+00
2.643713712692260742e+00
2.483417987823486328e+00
2.668637752532958984e+00
2.381305217742919922e+00
2.524789333343505859e+00
2.259741306304931641e+00
2.423672199249267578e+00
2.300695896148681641e+00
2.050570964813232422e+00
1.955658912658691406e+00
2.357608318328857422e+00
2.072069168090820312e+00
1.952195644378662109e+00
2.276599884033203125e+00
2.063911676406860352e+00
1.943046927452087402e+00
1.753072738647460938e+00
2.128751993179321289e+00
1.795035600662231445e+00
1.838008999824523926e+00
1.702715873718261719e+00
1.858913540840148926e+00
1.788917303085327148e+00
1.775560259819030762e+00
1.512576103210449219e+00
1.617932915687561035e+00
1.696266293525695801e+00
1.512837409973144531e+00
1.627776861190795898e+00
1.515185356140136719e+00
1.576419591903686523e+00
1.497247457504272461e+00
1.374524831771850586e+00
1.568322181701660156e+00
1.387801170349121094e+00
1.263282299041748047e+00
1.492399215698242188e+00
1.470418691635131836e+00
1.499158620834350586e+00
1.413336277008056641e+00
1.199580430984497070e+00
1.155575752258300781e+00
1.297195911407470703e+00
1.332772016525268555e+00
1.476249337196350098e+00
1.200273275375366211e+00
1.092536211013793945e+00
1.162785410881042480e+00
1.014446735382080078e+00
1.229536056518554688e+00
1.007040500640869141e+00
1.311669945716857910e+00
9.926674962043762207e-01
1.093980669975280762e+00
1.115833997726440430e+00
1.076772093772888184e+00
1.088719367980957031e+00
1.219011664390563965e+00
9.291092157363891602e-01
1.182107686996459961e+00
1.036070108413696289e+00
9.452832937240600586e-01
1.223034620285034180e+00
9.069543480873107910e-01
1.056991934776306152e+00
1.180439114570617676e+00
1.102335214614868164e+00
9.299916625022888184e-01
9.784300327301025391e-01
8.346635103225708008e-01
9.677448272705078125e-01
7.594354152679443359e-01
9.204613566398620605e-01
8.863916397094726562e-01
1.047715187072753906e+00
9.487583637237548828e-01
9.510577917098999023e-01
8.852595090866088867e-01
7.553899884223937988e-01
1.145086526870727539e+00
9.947607517242431641e-01
9.721572995185852051e-01
7.678029537200927734e-01
7.605889439582824707e-01
1.027966856956481934e+00
1.085207939147949219e+00
7.148481011390686035e-01
7.420547604560852051e-01
8.677593469619750977e-01
8.272501230239868164e-01
7.522936463356018066e-01
7.401871681213378906e-01
8.935026526451110840e-01
9.064733982086181641e-01
9.020988941192626953e-01
8.330657482147216797e-01
8.519402146339416504e-01
9.672229886054992676e-01
8.115015029907226562e-01
8.976281285285949707e-01
9.381580352783203125e-01
7.672727704048156738e-01
8.957670331001281738e-01
8.212686777114868164e-01
8.679298162460327148e-01
8.420971632003784180e-01
8.220763802528381348e-01
8.468294143676757812e-01
9.128918647766113281e-01
9.877939224243164062e-01
8.776471614837646484e-01
7.386052012443542480e-01
9.103193283081054688e-01
9.086715579032897949e-01
7.696571350097656250e-01
7.807769775390625000e-01
7.737893462181091309e-01
6.756809949874877930e-01
7.937549948692321777e-01
6.919443011283874512e-01
7.578293085098266602e-01
6.658813953399658203e-01
6.977872252464294434e-01
8.531952500343322754e-01
7.257578372955322266e-01
8.685745596885681152e-01
7.650100588798522949e-01
8.592789173126220703e-01
6.071658730506896973e-01
7.529893517494201660e-01
7.507332563400268555e-01
6.911206245422363281e-01
7.157418131828308105e-01
7.883553504943847656e-01
6.772989034652709961e-01
7.189708352088928223e-01
6.605312824249267578e-01
6.918882727622985840e-01
7.112289071083068848e-01
9.108560681343078613e-01
8.080489635467529297e-01
5.712682008743286133e-01
8.063827157020568848e-01
8.330570459365844727e-01
5.714340806007385254e-01
7.076438069343566895e-01
6.587305665016174316e-01
6.982657313346862793e-01
7.944476008415222168e-01
7.117878198623657227e-01
5.732221603393554688e-01
7.644915580749511719e-01
6.508072614669799805e-01
7.187230587005615234e-01
9.740697145462036133e-01
5.396553277969360352e-01
7.957110404968261719e-01
8.536090254783630371e-01
5.616481304168701172e-01
5.836496353149414062e-01
7.310793399810791016e-01
6.754597425460815430e-01
6.039656996726989746e-01
6.424373984336853027e-01
6.953050494194030762e-01
6.580613255500793457e-01
8.114620447158813477e-01
6.817383170127868652e-01
6.605926752090454102e-01
7.821319103240966797e-01
6.727010011672973633e-01
6.472964882850646973e-01
5.914852619171142578e-01
7.035371661186218262e-01
6.711410284042358398e-01
7.485329508781433105e-01
6.469815969467163086e-01
6.278908252716064453e-01
9.068999886512756348e-01
7.870833873748779297e-01
5.866104364395141602e-01
6.234083175659179688e-01
8.042206764221191406e-01
6.231604814529418945e-01
6.125826239585876465e-01
7.980169057846069336e-01
8.317880034446716309e-01
6.744320988655090332e-01
6.828649640083312988e-01
8.144726753234863281e-01
8.238231539726257324e-01
8.383705615997314453e-01
6.008498668670654297e-01
6.893150210380554199e-01
6.074599027633666992e-01
5.379975438117980957e-01
6.355097889900207520e-01
6.242053508758544922e-01
5.546908974647521973e-01
7.211325168609619141e-01
9.039494395256042480e-01
8.038871884346008301e-01
5.733133554458618164e-01
7.191678285598754883e-01
7.304089069366455078e-01
7.287006974220275879e-01
6.967960596084594727e-01
6.429994106292724609e-01
6.909410357475280762e-01
5.830521583557128906e-01
6.981539130210876465e-01
6.335667371749877930e-01
6.357290744781494141e-01
7.028260827064514160e-01
7.212343215942382812e-01
8.643278479576110840e-01
7.035633325576782227e-01
6.947715282440185547e-01
8.490521907806396484e-01
7.148931622505187988e-01
6.035113930702209473e-01
8.802450895309448242e-01
5.722756981849670410e-01
5.906874537467956543e-01
7.702704668045043945e-01
6.016094088554382324e-01
6.149306297302246094e-01
5.540016293525695801e-01
5.982980728149414062e-01
6.284620761871337891e-01
7.028068304061889648e-01
5.945984721183776855e-01
5.260506868362426758e-01
6.499328613281250000e-01
5.927886962890625000e-01
6.656394004821777344e-01
6.245296001434326172e-01
6.761963963508605957e-01
5.234243869781494141e-01
5.551404356956481934e-01
5.809085369110107422e-01
6.780912280082702637e-01
6.305100917816162109e-01
7.060005068778991699e-01
6.559706926345825195e-01
5.287446975708007812e-01
4.767355024814605713e-01
6.488182544708251953e-01
6.482674479484558105e-01
5.820100903511047363e-01
5.745987892150878906e-01
7.864510416984558105e-01
6.013145446777343750e-01
5.362300872802734375e-01
5.587442517280578613e-01
5.988525748252868652e-01
7.038065195083618164e-01
6.210246086120605469e-01
5.968636870384216309e-01
6.555070877075195312e-01
6.455531716346740723e-01
6.261089444160461426e-01
6.028124690055847168e-01
6.791334152221679688e-01
5.546038150787353516e-01
5.710066556930541992e-01
4.734274744987487793e-01
5.334798097610473633e-01
7.596676349639892578e-01
5.135054588317871094e-01
6.174427270889282227e-01
6.617656350135803223e-01
6.137170791625976562e-01
5.915158390998840332e-01
6.518296599388122559e-01
4.727422595024108887e-01
7.277997732162475586e-01
6.599647998809814453e-01
6.584149003028869629e-01
4.602085947990417480e-01
6.190212965011596680e-01
8.120621442794799805e-01
6.148096919059753418e-01
6.418794393539428711e-01
3.677325546741485596e-01
5.196109414100646973e-01
7.631212472915649414e-01
6.334928274154663086e-01
5.821602344512939453e-01
5.389373898506164551e-01
5.852887630462646484e-01
5.115340948104858398e-01
5.951444506645202637e-01
6.502828598022460938e-01
6.530995965003967285e-01
4.732630252838134766e-01
5.934085249900817871e-01
5.255982875823974609e-01
7.917990088462829590e-01
4.992626905441284180e-01
5.897718071937561035e-01
6.394014954566955566e-01
5.336377024650573730e-01
6.081728935241699219e-01
7.211736440658569336e-01
4.767560362815856934e-01
5.780118107795715332e-01
7.835732698440551758e-01
5.688022971153259277e-01
5.096040368080139160e-01
6.069039702415466309e-01
5.494379997253417969e-01
6.116389632225036621e-01
6.158881187438964844e-01
6.387619972229003906e-01
6.492127776145935059e-01
6.069307923316955566e-01
6.968500018119812012e-01
5.679162740707397461e-01
4.845017492771148682e-01
6.052038073539733887e-01
5.694292783737182617e-01
4.570041894912719727e-01
6.630442142486572266e-01
7.822483181953430176e-01
5.293397903442382812e-01
6.848289370536804199e-01
5.531399250030517578e-01
6.928384900093078613e-01
5.096150636672973633e-01
6.955324411392211914e-01
4.696400165557861328e-01
6.394627690315246582e-01
5.368098020553588867e-01
6.103129386901855469e-01
6.371525526046752930e-01
4.292196035385131836e-01
8.072844147682189941e-01
6.085668802261352539e-01
5.081175565719604492e-01
8.247845768928527832e-01
4.862823486328125000e-01
7.403961420059204102e-01
6.583876609802246094e-01
5.597094893455505371e-01
5.717689990997314453e-01
7.039464712142944336e-01
4.569853544235229492e-01
6.767991185188293457e-01
5.369815230369567871e-01
6.186851859092712402e-01
5.994068980216979980e-01
6.088507175445556641e-01
4.528050720691680908e-01
6.803213357925415039e-01
4.802865684032440186e-01
5.535513162612915039e-01
4.563955664634704590e-01
6.074506044387817383e-01
5.440673232078552246e-01
4.587627947330474854e-01
5.909948945045471191e-01
5.737358331680297852e-01
6.129325628280639648e-01
5.388526916503906250e-01
6.314902305603027344e-01
5.355160832405090332e-01
5.717668533325195312e-01
4.487394094467163086e-01
6.281241178512573242e-01
5.995998382568359375e-01
6.027656793594360352e-01
5.209835767745971680e-01
4.699870645999908447e-01
4.603177905082702637e-01
6.000628471374511719e-01
6.886260509490966797e-01
5.254569053649902344e-01
6.734669804573059082e-01
5.762012004852294922e-01
4.629445672035217285e-01
6.076015233993530273e-01
5.661984682083129883e-01
5.413746237754821777e-01
5.263993740081787109e-01
6.532494425773620605e-01
4.348628818988800049e-01
4.861836135387420654e-01
5.698708891868591309e-01
5.682718753814697266e-01
7.077481746673583984e-01
4.967625737190246582e-01
5.310639142990112305e-01
5.617491602897644043e-01
5.109392404556274414e-01
7.503976821899414062e-01
5.618563890457153320e-01
5.990660190582275391e-01
4.729363322257995605e-01
6.411311030387878418e-01
4.174973964691162109e-01
5.922569036483764648e-01
5.935471057891845703e-01
5.867165327072143555e-01
5.465430021286010742e-01
4.950326979160308838e-01
5.927670001983642578e-01
4.288313388824462891e-01
5.703628063201904297e-01
5.254539251327514648e-01
6.083578467369079590e-01
5.539951920509338379e-01
5.273259878158569336e-01
7.246446609497070312e-01
4.341014623641967773e-01
6.057780385017395020e-01
4.324857592582702637e-01
4.708329439163208008e-01
6.573944687843322754e-01
5.796783566474914551e-01
5.637515783309936523e-01
4.677942693233489990e-01
5.784512758255004883e-01
5.094960927963256836e-01
6.826099157333374023e-01
5.172368288040161133e-01
6.287451386451721191e-01
4.528899490833282471e-01
5.786287784576416016e-01
5.857928991317749023e-01
5.941148996353149414e-01
5.790064930915832520e-01
5.570247173309326172e-01
5.944687128067016602e-01
4.313383102416992188e-01
5.537213087081909180e-01
7.712580561637878418e-01
5.867906212806701660e-01
5.697171092033386230e-01
5.404061079025268555e-01
5.703955292701721191e-01
5.774315595626831055e-01
6.402054429054260254e-01
6.440775990486145020e-01
5.328665971755981445e-01
6.184119582176208496e-01
4.970996379852294922e-01
8.977370858192443848e-01
7.165336608886718750e-01
6.014176607131958008e-01
7.437430620193481445e-01
4.979428052902221680e-01
5.776585340499877930e-01
6.173587441444396973e-01
5.112947225570678711e-01
4.326924085617065430e-01
5.116751790046691895e-01
5.431250333786010742e-01
5.356876254081726074e-01
6.356031298637390137e-01
6.015453934669494629e-01
5.519748330116271973e-01
4.650251865386962891e-01
5.972567796707153320e-01
5.125567913055419922e-01
6.519044637680053711e-01
4.894819855690002441e-01
5.517030954360961914e-01
5.529940724372863770e-01
4.884685873985290527e-01
5.005460977554321289e-01
5.781102180480957031e-01
4.399934709072113037e-01
5.706552267074584961e-01
5.310057401657104492e-01
5.549104213714599609e-01
5.223942995071411133e-01
4.929155707359313965e-01
5.709224343299865723e-01
5.140692591667175293e-01
6.048752069473266602e-01
4.894925355911254883e-01
4.876508414745330811e-01
4.712809920310974121e-01
5.486155748367309570e-01
5.613849759101867676e-01
4.864504337310791016e-01
5.150080919265747070e-01
4.960478544235229492e-01
6.176300644874572754e-01
5.376302599906921387e-01
3.966357409954071045e-01
5.117576122283935547e-01
5.883136987686157227e-01
4.785158634185791016e-01
6.327298879623413086e-01
4.842313826084136963e-01
5.310749411582946777e-01
5.440711975097656250e-01
5.241016149520874023e-01
6.737895607948303223e-01
5.542767047882080078e-01
5.691624283790588379e-01
4.804235696792602539e-01
5.422802567481994629e-01
4.140122830867767334e-01
5.105416178703308105e-01
5.080082416534423828e-01
5.965229272842407227e-01
5.651884675025939941e-01
4.635361433029174805e-01
4.421464204788208008e-01
4.877334833145141602e-01
4.364515244960784912e-01
5.544211864471435547e-01
5.144810080528259277e-01
5.606469511985778809e-01
6.599004864692687988e-01
4.588210880756378174e-01
5.571170449256896973e-01
4.593883156776428223e-01
5.180538296699523926e-01
6.237928867340087891e-01
5.338119864463806152e-01
4.718190431594848633e-01
4.925648570060729980e-01
4.653521180152893066e-01
6.200431585311889648e-01
4.907700717449188232e-01
5.113483667373657227e-01
4.393833875656127930e-01
5.826646089553833008e-01
3.843607902526855469e-01
4.654811620712280273e-01
5.463654994964599609e-01
4.395474791526794434e-01
5.993071198463439941e-01
5.122958421707153320e-01
6.263319849967956543e-01
