4.846600441279454157e+06
4.144468536464932840e+06
3.622265324830619153e+06
3.182078618320760783e+06
2.856690719200478401e+06
2.598630680362788495e+06
2.399766012740033679e+06
2.202363817417169455e+06
2.064591308429109864e+06
1.922248229351527058e+06
1.833034655209040269e+06
1.727713329055794748e+06
1.634073885367053794e+06
1.562716334903011099e+06
1.435881275738419034e+06
1.336105146501749055e+06
1.251065288518584566e+06
1.185442656993508572e+06
1.117649821890369989e+06
1.051760172515983460e+06
1.003804786511647515e+06
9.535056182276881300e+05
9.063640733433740679e+05
8.626934404535746435e+05
8.284834528503667098e+05
8.023478068003650988e+05
7.755232634431906044e+05
7.508021527559487149e+05
7.245605520770836156e+05
7.070528762079805601e+05
6.873246906382499728e+05
6.550595025126036489e+05
6.258800899496723432e+05
6.053995876899216091e+05
5.858483518704660237e+05
5.680904839897875208e+05
5.487535575806705747e+05
5.284961953595663654e+05
5.139033880392968422e+05
4.986230851349350414e+05
4.806804996886973968e+05
4.702042657990025473e+05
4.549056957139432197e+05
4.432619102910422953e+05
4.329490769284213893e+05
4.223733949764950667e+05
4.127955041622514254e+05
4.023421563135539182e+05
3.913975440895437496e+05
3.763825880416381988e+05
3.663474988586617401e+05
3.574705189450067701e+05
3.469636858850891003e+05
3.387902419905606657e+05
3.295888299073582748e+05
3.217000047614470823e+05
3.133546793731066864e+05
3.039589064726430806e+05
2.969285271334282006e+05
2.894221695538659696e+05
2.820876702721090987e+05
2.744057921016270411e+05
2.677408097534672706e+05
2.579196810175945866e+05
2.532927738888160384e+05
2.478873381620527070e+05
2.416987425275527930e+05
2.345965123225049756e+05
2.283518829374249908e+05
2.232429285725907539e+05
2.191134833229444630e+05
2.139042760303116229e+05
2.106209691775980173e+05
2.069757502926491434e+05
2.014140645187713089e+05
1.973598310495941550e+05
1.936000812716934306e+05
1.899796652760837751e+05
1.864178278539215389e+05
1.826646139683255169e+05
1.800460113331486646e+05
1.745699223404027289e+05
1.715110845853881328e+05
1.683347420393672073e+05
1.643188487615342892e+05
1.604017163603714434e+05
1.571640637947619252e+05
1.537865578989619389e+05
1.492831206269216491e+05
1.454569524099327391e+05
1.424116374941498216e+05
1.392598285192953190e+05
1.355380625423611491e+05
1.330203164442609414e+05
1.302336714626762114e+05
1.280455336887052981e+05
1.255016111911644693e+05
1.236995573421964800e+05
1.214566790296057152e+05
1.200621371174038941e+05
