4.866684444966773503e+06
4.216525663869900629e+06
3.712474508645658847e+06
3.301818307475291193e+06
3.013120911837375723e+06
2.725276077201098204e+06
2.514860179206507280e+06
2.282876332220597658e+06
2.171740211640743539e+06
2.082591329455852509e+06
1.936718018959569512e+06
1.806913277510001091e+06
1.695906204150449950e+06
1.586255449054612545e+06
1.521044297834569123e+06
1.447991157424154691e+06
1.326078371567739174e+06
1.217400451366621070e+06
1.133929173549390864e+06
1.075030460317023331e+06
1.023593456523715402e+06
9.690671951136429561e+05
9.206440421037481865e+05
8.870290795539164683e+05
8.415142064617237775e+05
8.200556026828959584e+05
7.990262823805769440e+05
7.782020031496435404e+05
7.561185751775490353e+05
7.238540103892190382e+05
6.979803577744984068e+05
6.817780528000027407e+05
6.629409903678442352e+05
6.481709921199460514e+05
6.322226738829012029e+05
6.169073209303406766e+05
5.972409700841547456e+05
5.817129963181354105e+05
5.626840945397706237e+05
5.429663832971272059e+05
5.248374571108022938e+05
5.123555224601836526e+05
4.928839714155279216e+05
4.772701257333404501e+05
4.655626125853126287e+05
4.564972205737970071e+05
4.435444653905431624e+05
4.282200506282715942e+05
4.205241220783607569e+05
4.121655706435268512e+05
4.012181363851014175e+05
3.932960898285160656e+05
3.809190461752954288e+05
3.729416093079854036e+05
3.671868890866390429e+05
3.556111294370165560e+05
3.447149025748908170e+05
3.362585786044698907e+05
3.305554658991685137e+05
3.209764436537107686e+05
3.121667877089455142e+05
3.058636629202702316e+05
2.978895429231465096e+05
2.875861739346745890e+05
2.801537942847775994e+05
2.738348773299677996e+05
2.662541805071650306e+05
2.596732334430396440e+05
2.500149277347646421e+05
2.448908301762473711e+05
2.390813378029852174e+05
2.329180803379545978e+05
2.257117347532886488e+05
2.199352427877637383e+05
2.150057510681227141e+05
2.096401874547394691e+05
2.056666949681909755e+05
2.019754741469287255e+05
1.975887744945330487e+05
1.928454813103926426e+05
1.883951223148803692e+05
1.841945018140356697e+05
1.814950672359013988e+05
1.778631130354081688e+05
1.741496483245122945e+05
1.699877489707298810e+05
1.658186489645180118e+05
1.620654418672367465e+05
1.591397669439055899e+05
1.555724005645428551e+05
1.519233655520900502e+05
1.486664998601838597e+05
1.467777083838888502e+05
1.433737768779731996e+05
1.410172388904996333e+05
1.378494884168442804e+05
1.350526977062919468e+05
1.326523705032892758e+05
1.295313607037967740e+05
1.266095632691995852e+05
