4.813342021168121137e+06
4.121140514480930753e+06
3.566133034271041863e+06
3.120452356104201172e+06
2.797378225012920331e+06
2.529385047057486139e+06
2.324943599649448413e+06
2.135719583311630879e+06
1.994229664068233455e+06
1.883233782805291004e+06
1.775749871899890946e+06
1.681660268906325102e+06
1.574007668014263734e+06
1.472859374962260714e+06
1.409450680370838381e+06
1.330001739305087365e+06
1.287521240353385685e+06
1.188303518471238902e+06
1.109979251692089718e+06
1.044798667694765376e+06
9.932802307132221758e+05
9.436807341177121270e+05
9.087952423623468494e+05
8.540646346919025527e+05
8.100232875389802502e+05
7.757212646561891306e+05
7.464535090232584625e+05
7.152148130080676638e+05
6.939102440564465942e+05
6.756896380953639746e+05
6.477739863809235394e+05
6.256683423311902443e+05
6.109936745240731398e+05
5.974612432901856955e+05
5.772429057224299759e+05
5.612068184227654710e+05
5.428412668620679760e+05
5.290286409025642788e+05
5.091039576842229581e+05
4.917427660165873822e+05
4.787293076352541102e+05
4.651891404863165808e+05
4.500914149086374091e+05
4.389648034695936949e+05
4.273529496294577257e+05
4.175467503053572727e+05
4.064844192015905282e+05
3.970459953583161696e+05
3.893319242690285901e+05
3.800777351123308181e+05
3.690239369375577662e+05
3.592701307804335956e+05
3.496449574164209771e+05
3.431387359092645347e+05
3.357994081587489927e+05
3.290451609983468661e+05
3.201368682706320542e+05
3.135034609301459277e+05
3.072665996102984645e+05
3.000340001023795921e+05
2.953838825971953920e+05
2.883861672654136200e+05
2.807553918154293788e+05
2.731035655678234762e+05
2.655947148308458272e+05
2.570480279427227215e+05
2.522969282003028202e+05
2.455894328341880173e+05
2.387648296927114425e+05
2.348102669633113837e+05
2.291721588324116601e+05
2.249435657987751474e+05
2.197101984906547295e+05
2.154848157981472905e+05
2.115394870156189718e+05
2.060336245770525711e+05
2.000104477873674477e+05
1.940190317245627521e+05
1.905762485361075960e+05
1.873608556925604644e+05
1.838160415517679066e+05
1.807986846018364595e+05
1.771383832142530591e+05
1.724070310500242631e+05
1.677580439912586880e+05
1.637714405460607086e+05
1.602740763600649952e+05
1.564683650002004870e+05
1.529972187108215294e+05
1.483726745382362860e+05
1.447340689807152958e+05
1.412908800745791814e+05
1.388680150854320964e+05
1.361349375268559670e+05
1.331852403922214289e+05
1.304395249206931476e+05
1.277735772400487767e+05
1.252835102026381937e+05
1.227372335287513997e+05
1.201509772602000594e+05
