4.834275907451774925e+06
4.175262842106650583e+06
3.656515654857454356e+06
3.267407910051841289e+06
2.967953246914950665e+06
2.705150353060278110e+06
2.422431846405169461e+06
2.220384313088844996e+06
2.038931269888909999e+06
1.902707838841037825e+06
1.790628172976647271e+06
1.687719705801015021e+06
1.589934258811649401e+06
1.499937437091195257e+06
1.440224154360744637e+06
1.339697093280705158e+06
1.265096379754781956e+06
1.200428815561939264e+06
1.149349877876496874e+06
1.078129038084767060e+06
1.023462113782489090e+06
9.641691908070192439e+05
9.278543187883247156e+05
8.827310364405319560e+05
8.452004686100843828e+05
8.058320832696408033e+05
7.661918864153577015e+05
7.288821686272431398e+05
6.976388036779067479e+05
6.726572522561750375e+05
6.443766168902558275e+05
6.215819954528387170e+05
5.952387493202795740e+05
5.801190314733862178e+05
5.657976295604197076e+05
5.518294422909939894e+05
5.327083857227818808e+05
5.190618498660839978e+05
5.030627574273949140e+05
4.889488366078055697e+05
4.757255148761240416e+05
4.646135833422067226e+05
4.543693445763019263e+05
4.426687484852907364e+05
4.329131655412176624e+05
4.194404258483564481e+05
4.076705321915007080e+05
3.967548708814649726e+05
3.837208562691240804e+05
3.750275318327833083e+05
3.662840090175882797e+05
3.591394874427075847e+05
3.486317749475457822e+05
3.412353954323678045e+05
3.312970264182665851e+05
3.213723590173124103e+05
3.121021597578973742e+05
3.058676598161786096e+05
2.983605960497783381e+05
2.933014060728191980e+05
2.886132450304611702e+05
2.832472729581814492e+05
2.780647125191046507e+05
2.718568577778969775e+05
2.662633057853990467e+05
2.609345002321589272e+05
2.554513243936840736e+05
2.488115701858357352e+05
2.432960437674234854e+05
2.384268090620040603e+05
2.348128359486367262e+05
2.293418265305827954e+05
2.253747341738830437e+05
2.200435018733534380e+05
2.135798437750304001e+05
2.076573503732233075e+05
2.035350275755088951e+05
1.985377942148855946e+05
1.921893226508124499e+05
1.882346872518066957e+05
1.824896453756184783e+05
1.772731997587208753e+05
1.739758567007230013e+05
1.700237390098350006e+05
1.668709601680378837e+05
1.625298511577249155e+05
1.599944259024648054e+05
1.583201579828439571e+05
1.552781064696576796e+05
1.519446032275405305e+05
1.488599110662786989e+05
1.458504745129361108e+05
1.424946745683715271e+05
1.396091964744583529e+05
1.364845596734843275e+05
1.336900630904576974e+05
1.311426150528626167e+05
1.276367718275470106e+05
1.254926822105240135e+05
1.221067738581650774e+05
