4.084300185600000000e+10
3.563508531200000000e+10
4.181348761600000000e+10
4.377598771200000000e+10
4.898897100800000000e+10
3.378651545600000000e+10
3.740844032000000000e+10
3.303700889600000000e+10
3.353284198400000000e+10
4.225137049600000000e+10
3.444173209600000000e+10
3.655892582400000000e+10
3.292134604800000000e+10
4.383741542400000000e+10
3.773485056000000000e+10
3.900731392000000000e+10
3.748407705600000000e+10
4.416751206400000000e+10
3.223229030400000000e+10
4.103467417600000000e+10
3.985983897600000000e+10
3.667986841600000000e+10
3.235400089600000000e+10
4.000054476800000000e+10
3.922022400000000000e+10
4.924853452800000000e+10
3.747879731200000000e+10
3.192691916800000000e+10
4.648357068800000000e+10
4.552375500800000000e+10
4.159315968000000000e+10
4.407493836800000000e+10
3.483725004800000000e+10
3.754412441600000000e+10
3.630918860800000000e+10
3.649856716800000000e+10
3.819526553600000000e+10
3.434741350400000000e+10
3.931618099200000000e+10
3.360083763200000000e+10
4.155115929600000000e+10
4.072168652800000000e+10
3.390567424000000000e+10
3.738898841600000000e+10
3.623078707200000000e+10
3.255661568000000000e+10
3.325396582400000000e+10
4.349279846400000000e+10
4.350482432000000000e+10
3.212845670400000000e+10
3.273656524800000000e+10
4.798039244800000000e+10
3.882685235200000000e+10
3.181298483200000000e+10
3.670098329600000000e+10
3.554222489600000000e+10
3.952262758400000000e+10
3.582335795200000000e+10
2.630481920000000000e+10
2.416382771200000000e+10
2.380294144000000000e+10
2.446121779200000000e+10
2.906026803200000000e+10
1.995467980800000000e+10
3.004555878400000000e+10
1.991437516800000000e+10
2.655303270400000000e+10
2.365151436800000000e+10
1.880092467200000000e+10
1.096741068800000000e+10
7.920213504000000000e+09
1.592268185600000000e+10
6.675632128000000000e+09
9.913161728000000000e+09
6.074606080000000000e+09
4.988921856000000000e+09
1.065733939200000000e+10
3.124509440000000000e+09
6.147926016000000000e+09
6.257796096000000000e+09
6.563488768000000000e+09
7.712211968000000000e+09
5.494152704000000000e+09
7.590988288000000000e+09
5.902295040000000000e+09
9.115731968000000000e+09
5.307808768000000000e+09
6.982022656000000000e+09
4.567427584000000000e+09
5.633934336000000000e+09
3.877609728000000000e+09
1.950751232000000000e+09
9.023015936000000000e+09
6.465480704000000000e+09
8.175274496000000000e+09
2.219417088000000000e+09
6.831979008000000000e+09
5.471559680000000000e+09
2.218175232000000000e+09
5.679349760000000000e+09
5.205186048000000000e+09
4.219349504000000000e+09
4.720256000000000000e+09
5.510265344000000000e+09
3.395914752000000000e+09
6.681518592000000000e+09
2.523805440000000000e+09
2.577175040000000000e+09
2.672355840000000000e+09
7.336323584000000000e+09
2.151832576000000000e+09
2.331174912000000000e+09
3.691141376000000000e+09
3.313365248000000000e+09
3.334167808000000000e+09
3.910470912000000000e+09
3.975074304000000000e+09
3.248473856000000000e+09
4.804043776000000000e+09
5.258906624000000000e+09
4.262802432000000000e+09
4.143078400000000000e+09
3.777486336000000000e+09
5.336389120000000000e+09
4.050601728000000000e+09
2.424281088000000000e+09
2.931650048000000000e+09
4.479218176000000000e+09
3.504650496000000000e+09
3.709208576000000000e+09
2.601672448000000000e+09
2.906979072000000000e+09
2.713825024000000000e+09
3.762279936000000000e+09
2.958134016000000000e+09
3.162194176000000000e+09
3.790113280000000000e+09
5.183249408000000000e+09
6.183081472000000000e+09
2.028306176000000000e+09
2.415407360000000000e+09
1.801977472000000000e+09
1.717650176000000000e+09
3.207029504000000000e+09
3.260535808000000000e+09
1.545644160000000000e+09
2.600789504000000000e+09
2.403228928000000000e+09
1.640667520000000000e+09
1.786485376000000000e+09
3.365251072000000000e+09
2.167574528000000000e+09
5.362725888000000000e+09
1.949075584000000000e+09
3.053307392000000000e+09
1.684048384000000000e+09
2.135542912000000000e+09
2.054163072000000000e+09
2.400471040000000000e+09
2.897189376000000000e+09
6.511903232000000000e+09
2.264048640000000000e+09
7.452869120000000000e+09
1.866779520000000000e+09
3.374815232000000000e+09
1.439937024000000000e+09
2.077266688000000000e+09
2.078325248000000000e+09
1.666529408000000000e+09
2.132339072000000000e+09
1.495069824000000000e+09
1.784200448000000000e+09
1.123677440000000000e+09
2.830918144000000000e+09
1.546923264000000000e+09
1.502147456000000000e+09
2.068878720000000000e+09
3.198182912000000000e+09
2.670616576000000000e+09
3.582475008000000000e+09
1.770230272000000000e+09
1.219728128000000000e+09
3.224500480000000000e+09
2.058292992000000000e+09
1.469975040000000000e+09
1.573300992000000000e+09
3.398560000000000000e+09
3.139403264000000000e+09
1.088197376000000000e+09
1.162826752000000000e+09
5.710771200000000000e+09
2.102014720000000000e+09
1.487366912000000000e+09
2.361646336000000000e+09
1.204355712000000000e+09
1.460377728000000000e+09
1.237188096000000000e+09
2.146337280000000000e+09
1.197417472000000000e+09
1.938405888000000000e+09
2.511579648000000000e+09
1.333360640000000000e+09
2.192859648000000000e+09
2.278124544000000000e+09
1.190306816000000000e+09
4.116568320000000000e+09
2.921165824000000000e+09
9.774538880000000000e+08
1.247415168000000000e+09
1.073065600000000000e+09
1.459512576000000000e+09
1.957800320000000000e+09
3.624057088000000000e+09
2.052776832000000000e+09
1.112039936000000000e+09
7.656913280000000000e+08
2.223929088000000000e+09
4.263374592000000000e+09
9.055116160000000000e+08
1.410111104000000000e+09
1.009207744000000000e+09
3.039724800000000000e+09
5.038429696000000000e+09
2.009693184000000000e+09
9.310658560000000000e+08
1.292567168000000000e+09
1.332809472000000000e+09
1.325051264000000000e+09
1.356696448000000000e+09
1.110065408000000000e+09
1.319291264000000000e+09
1.253457536000000000e+09
1.352254208000000000e+09
1.012978624000000000e+09
1.284824832000000000e+09
1.161417728000000000e+09
9.566307840000000000e+08
1.144096384000000000e+09
3.426684928000000000e+09
2.083556480000000000e+09
3.462756352000000000e+09
1.190184576000000000e+09
2.128877312000000000e+09
1.323228032000000000e+09
1.798467840000000000e+09
1.089767808000000000e+09
1.065651520000000000e+09
9.427568000000000000e+08
3.737194752000000000e+09
1.342791040000000000e+09
1.111965952000000000e+09
1.111084800000000000e+09
9.731379840000000000e+08
1.265178624000000000e+09
2.969929472000000000e+09
8.498106880000000000e+08
8.704306560000000000e+08
1.600203008000000000e+09
1.187021440000000000e+09
1.439238144000000000e+09
4.158231296000000000e+09
7.240682880000000000e+08
2.709110528000000000e+09
1.154438272000000000e+09
2.866639872000000000e+09
7.152824960000000000e+08
1.277658368000000000e+09
1.844334336000000000e+09
1.914324480000000000e+09
9.239980800000000000e+08
1.476220160000000000e+09
1.123878144000000000e+09
2.273872128000000000e+09
1.461043072000000000e+09
1.754658944000000000e+09
3.926148864000000000e+09
1.010596096000000000e+09
1.733604480000000000e+09
9.313450880000000000e+08
2.677704704000000000e+09
7.549933440000000000e+08
3.591155968000000000e+09
1.351132032000000000e+09
9.903555840000000000e+08
1.122813056000000000e+09
1.027739008000000000e+09
9.441404800000000000e+08
6.526650880000000000e+08
2.871091456000000000e+09
8.070053760000000000e+08
2.560647424000000000e+09
9.830174080000000000e+08
1.433003776000000000e+09
9.621640960000000000e+08
8.317710080000000000e+08
2.538241792000000000e+09
1.541106688000000000e+09
1.584819328000000000e+09
9.867200640000000000e+08
7.097361280000000000e+08
1.361676928000000000e+09
1.225297024000000000e+09
4.456948224000000000e+09
1.575316480000000000e+09
6.576902400000000000e+08
1.017269952000000000e+09
1.849531008000000000e+09
7.940165760000000000e+08
3.089407488000000000e+09
5.763203840000000000e+08
8.368915200000000000e+08
1.689693184000000000e+09
1.166980992000000000e+09
4.217945600000000000e+09
9.205717760000000000e+08
1.216188288000000000e+09
1.810033792000000000e+09
1.618559360000000000e+09
1.268686720000000000e+09
2.173280512000000000e+09
1.219066624000000000e+09
9.963889280000000000e+08
1.511576192000000000e+09
1.003768320000000000e+09
1.257049984000000000e+09
1.305590016000000000e+09
2.110551424000000000e+09
8.092524800000000000e+08
8.784925440000000000e+08
1.226370688000000000e+09
4.694174208000000000e+09
7.561000960000000000e+08
1.461970304000000000e+09
2.859278592000000000e+09
9.423579520000000000e+08
9.629492480000000000e+08
8.151454720000000000e+08
1.073581248000000000e+09
1.145736960000000000e+09
1.220634368000000000e+09
1.852754688000000000e+09
2.425979136000000000e+09
1.123303040000000000e+09
1.211385216000000000e+09
1.175998464000000000e+09
1.023212544000000000e+09
7.878899840000000000e+08
9.023325440000000000e+08
1.348171136000000000e+09
2.069792768000000000e+09
1.885483008000000000e+09
4.763550720000000000e+09
1.377521536000000000e+09
2.217085952000000000e+09
9.332386560000000000e+08
1.590276608000000000e+09
7.762775040000000000e+08
8.365457280000000000e+08
1.993537152000000000e+09
1.180777344000000000e+09
7.121903360000000000e+08
1.277013760000000000e+09
1.019824384000000000e+09
9.462113280000000000e+08
2.221916416000000000e+09
6.898836480000000000e+08
1.106091904000000000e+09
1.853288960000000000e+09
9.566459520000000000e+08
4.647535104000000000e+09
3.399651840000000000e+09
2.171078400000000000e+09
6.489957760000000000e+08
1.079748224000000000e+09
1.738158464000000000e+09
6.605214080000000000e+08
1.064319424000000000e+09
8.815988480000000000e+08
2.375666432000000000e+09
8.671959680000000000e+08
1.180208384000000000e+09
9.847004160000000000e+08
2.298502656000000000e+09
1.013421952000000000e+09
8.933536000000000000e+08
7.819853440000000000e+08
1.274615680000000000e+09
1.309242112000000000e+09
1.440638976000000000e+09
9.774380800000000000e+08
2.409490432000000000e+09
4.741545472000000000e+09
1.076832384000000000e+09
1.045846592000000000e+09
1.130694656000000000e+09
6.709058560000000000e+08
1.014732608000000000e+09
1.477456000000000000e+09
1.023187968000000000e+09
1.731466624000000000e+09
8.576268800000000000e+08
1.123152768000000000e+09
7.841697280000000000e+08
9.515900800000000000e+08
1.202487808000000000e+09
1.275070592000000000e+09
1.094396672000000000e+09
2.651878400000000000e+09
1.218030208000000000e+09
1.998014208000000000e+09
1.488561792000000000e+09
9.595675520000000000e+08
9.476538880000000000e+08
5.003230720000000000e+09
7.473149440000000000e+08
9.000412160000000000e+08
1.248577152000000000e+09
4.506332160000000000e+09
1.278165504000000000e+09
1.999419392000000000e+09
9.773479040000000000e+08
1.314452096000000000e+09
1.641088000000000000e+09
1.258782720000000000e+09
3.427153408000000000e+09
2.004439296000000000e+09
5.640997120000000000e+08
8.133804800000000000e+08
8.314487040000000000e+08
8.630476800000000000e+08
1.322233600000000000e+09
1.118086784000000000e+09
1.051257856000000000e+09
7.970837120000000000e+08
1.354190464000000000e+09
2.844978944000000000e+09
1.070686592000000000e+09
1.428175104000000000e+09
1.152419712000000000e+09
1.201858432000000000e+09
4.691060736000000000e+09
5.993557760000000000e+08
2.216790016000000000e+09
7.221815040000000000e+08
8.683017600000000000e+08
1.718887424000000000e+09
1.683160960000000000e+09
1.689462272000000000e+09
8.433900800000000000e+08
5.616171520000000000e+08
2.103140480000000000e+09
2.722677248000000000e+09
7.047800320000000000e+08
1.139661696000000000e+09
1.030567488000000000e+09
1.052498496000000000e+09
6.624624000000000000e+08
9.626007040000000000e+08
7.045450880000000000e+08
1.068321344000000000e+09
7.503155840000000000e+08
1.079114496000000000e+09
6.593885440000000000e+08
1.040174784000000000e+09
6.024203264000000000e+09
1.289128576000000000e+09
1.222427392000000000e+09
1.563271168000000000e+09
8.645240960000000000e+08
9.951541760000000000e+08
1.612270080000000000e+09
5.951799040000000000e+08
2.479279360000000000e+09
9.010427520000000000e+08
5.897917440000000000e+08
6.669012480000000000e+08
2.295369728000000000e+09
1.042469568000000000e+09
8.967366400000000000e+08
2.018312832000000000e+09
1.380277760000000000e+09
1.035443456000000000e+09
8.649490560000000000e+08
5.058827776000000000e+09
1.362922752000000000e+09
9.672530560000000000e+08
1.382046464000000000e+09
8.175241600000000000e+08
7.464707840000000000e+08
1.981560960000000000e+09
1.238161920000000000e+09
1.942807296000000000e+09
2.012177920000000000e+09
7.730472960000000000e+08
8.068247040000000000e+08
8.368108160000000000e+08
1.369116800000000000e+09
7.900898560000000000e+08
1.599999744000000000e+09
1.390392832000000000e+09
5.587469312000000000e+09
6.182073600000000000e+08
8.540178560000000000e+08
9.140636800000000000e+08
1.329776640000000000e+09
1.330163840000000000e+09
8.973084160000000000e+08
7.440683520000000000e+08
5.443646464000000000e+09
2.069392512000000000e+09
2.274782720000000000e+09
8.529569920000000000e+08
5.908959360000000000e+08
8.108442880000000000e+08
1.052370368000000000e+09
8.234080640000000000e+08
9.692133760000000000e+08
2.364875008000000000e+09
1.099710720000000000e+09
4.950108160000000000e+08
8.150544000000000000e+08
9.805631360000000000e+08
8.811101440000000000e+08
1.137309440000000000e+09
2.447264768000000000e+09
7.613720960000000000e+08
6.019211520000000000e+08
5.786937856000000000e+09
1.607749504000000000e+09
1.194166144000000000e+09
1.060622976000000000e+09
9.809007360000000000e+08
1.128447488000000000e+09
9.199787520000000000e+08
7.188423040000000000e+08
7.718732160000000000e+08
9.071831680000000000e+08
1.322434176000000000e+09
9.842368640000000000e+08
1.690872448000000000e+09
6.160195200000000000e+08
1.270879104000000000e+09
5.100317184000000000e+09
9.066873600000000000e+08
8.089529600000000000e+08
4.978956800000000000e+08
8.475669120000000000e+08
1.125775488000000000e+09
6.025696000000000000e+08
9.630629760000000000e+08
7.302224640000000000e+08
1.047390720000000000e+09
2.160084992000000000e+09
1.753861760000000000e+09
2.081333248000000000e+09
8.781945600000000000e+08
1.994493568000000000e+09
8.470065920000000000e+08
9.467241600000000000e+08
6.075603840000000000e+08
7.915639680000000000e+08
1.192177664000000000e+09
8.775040000000000000e+08
1.391398400000000000e+09
1.770405376000000000e+09
6.716031360000000000e+08
1.105332480000000000e+09
5.652102144000000000e+09
1.929722368000000000e+09
1.104972544000000000e+09
1.047788672000000000e+09
2.298201344000000000e+09
1.117901312000000000e+09
8.407072000000000000e+08
8.397230080000000000e+08
8.368573440000000000e+08
8.635728640000000000e+08
6.516987520000000000e+08
8.032478720000000000e+08
7.695882240000000000e+08
1.035146432000000000e+09
1.441384064000000000e+09
1.366834432000000000e+09
5.861146240000000000e+08
5.361509888000000000e+09
2.254861056000000000e+09
1.948577792000000000e+09
7.817803520000000000e+08
1.692315392000000000e+09
1.616594816000000000e+09
1.189228928000000000e+09
7.917356800000000000e+08
6.452250240000000000e+08
5.772328960000000000e+08
6.134037120000000000e+08
1.158662784000000000e+09
1.048392192000000000e+09
7.527265920000000000e+08
5.399136640000000000e+08
6.786200320000000000e+08
9.120961280000000000e+08
9.943213440000000000e+08
2.668779520000000000e+09
7.067136640000000000e+08
2.143981568000000000e+09
5.615748096000000000e+09
6.505243520000000000e+08
1.259967616000000000e+09
1.031384512000000000e+09
7.945315840000000000e+08
4.683479680000000000e+08
1.616044672000000000e+09
9.040868480000000000e+08
1.071614272000000000e+09
1.754439808000000000e+09
5.905761920000000000e+08
1.085974784000000000e+09
6.768134400000000000e+08
1.649792256000000000e+09
8.903941760000000000e+08
2.336823296000000000e+09
7.235419520000000000e+08
1.326761856000000000e+09
5.245158400000000000e+09
8.049166080000000000e+08
8.817916160000000000e+08
1.179506688000000000e+09
5.965777280000000000e+08
1.388087168000000000e+09
1.330734848000000000e+09
5.402021376000000000e+09
1.065314944000000000e+09
7.149761280000000000e+08
8.269281280000000000e+08
9.436823680000000000e+08
7.922142080000000000e+08
1.096866304000000000e+09
1.140220672000000000e+09
5.518999040000000000e+08
1.871821952000000000e+09
1.175307776000000000e+09
8.134094720000000000e+08
6.695307520000000000e+08
1.825377792000000000e+09
9.166444800000000000e+08
1.546442752000000000e+09
1.441594112000000000e+09
7.269301760000000000e+08
2.066130816000000000e+09
7.969301120000000000e+08
8.310546560000000000e+08
9.346581760000000000e+08
1.038063936000000000e+09
5.548787840000000000e+08
8.732878720000000000e+08
7.560093440000000000e+08
8.445674880000000000e+08
1.002317504000000000e+09
1.596104064000000000e+09
1.651049088000000000e+09
6.590850560000000000e+08
1.488886912000000000e+09
1.607282560000000000e+09
9.473760640000000000e+08
9.381217920000000000e+08
9.691013120000000000e+08
8.733040000000000000e+08
1.161135616000000000e+09
8.276546560000000000e+08
1.523087232000000000e+09
6.227495040000000000e+08
1.311311104000000000e+09
7.763500800000000000e+08
6.157608960000000000e+08
5.804331520000000000e+08
9.321168000000000000e+08
1.775138176000000000e+09
5.994010240000000000e+08
9.478613760000000000e+08
1.280668928000000000e+09
6.415123200000000000e+08
1.500009472000000000e+09
9.594132480000000000e+08
6.699602432000000000e+09
7.462347520000000000e+08
1.273509248000000000e+09
7.119258880000000000e+08
1.175097728000000000e+09
8.864827520000000000e+08
9.075114240000000000e+08
9.866272000000000000e+08
1.502739712000000000e+09
7.988732160000000000e+08
7.136519680000000000e+08
5.657885696000000000e+09
7.423024640000000000e+08
5.311870400000000000e+08
9.131996160000000000e+08
3.012669696000000000e+09
8.306080000000000000e+08
1.025976960000000000e+09
1.261545472000000000e+09
6.867114240000000000e+08
1.394296960000000000e+09
1.314918144000000000e+09
1.024181696000000000e+09
6.935981440000000000e+08
6.684926080000000000e+08
5.679815168000000000e+09
1.234957696000000000e+09
4.913269120000000000e+08
5.872016000000000000e+08
7.362369920000000000e+08
1.207732736000000000e+09
7.893858560000000000e+08
1.947333376000000000e+09
1.708791552000000000e+09
1.064079808000000000e+09
1.056955712000000000e+09
1.646090368000000000e+09
5.947014400000000000e+08
4.816350400000000000e+08
9.423649920000000000e+08
1.516267904000000000e+09
7.361403520000000000e+08
5.753434624000000000e+09
1.176074368000000000e+09
7.316449920000000000e+08
6.806535040000000000e+08
1.707168640000000000e+09
1.226572288000000000e+09
1.679501568000000000e+09
5.625408640000000000e+08
2.366816768000000000e+09
1.408738944000000000e+09
1.174382848000000000e+09
5.847265920000000000e+08
8.051681280000000000e+08
8.860524160000000000e+08
9.993830400000000000e+08
1.171084544000000000e+09
6.256736640000000000e+08
1.048676608000000000e+09
6.717971840000000000e+08
1.235919872000000000e+09
9.915287680000000000e+08
5.976906240000000000e+09
5.392174080000000000e+08
2.312556032000000000e+09
1.411432576000000000e+09
6.700275840000000000e+08
1.235445376000000000e+09
7.392860160000000000e+08
1.393912960000000000e+09
1.029650432000000000e+09
5.722382720000000000e+08
9.000539520000000000e+08
6.821137920000000000e+08
7.968053760000000000e+08
1.631004160000000000e+09
6.595214080000000000e+08
7.335610880000000000e+08
7.793400960000000000e+08
8.633566720000000000e+08
6.961210880000000000e+08
1.122870784000000000e+09
1.054620672000000000e+09
6.868080128000000000e+09
7.484521600000000000e+08
1.212581504000000000e+09
1.375367424000000000e+09
8.743646720000000000e+08
1.341407488000000000e+09
6.138508160000000000e+08
6.776341120000000000e+08
8.093647360000000000e+08
8.157424640000000000e+08
1.668324992000000000e+09
1.041050496000000000e+09
9.420019200000000000e+08
6.418243840000000000e+08
1.057786688000000000e+09
6.545154048000000000e+09
1.761375872000000000e+09
7.231783040000000000e+08
1.670186368000000000e+09
7.785500160000000000e+08
6.196788480000000000e+08
5.638916480000000000e+08
8.844888960000000000e+08
7.351066880000000000e+08
4.542632320000000000e+08
1.100240256000000000e+09
8.863312640000000000e+08
4.691010560000000000e+08
1.948465536000000000e+09
5.687715840000000000e+09
8.279622400000000000e+08
1.335564160000000000e+09
7.952845440000000000e+08
2.043229952000000000e+09
1.010743168000000000e+09
1.353486592000000000e+09
8.914601600000000000e+08
6.793826560000000000e+08
9.376623360000000000e+08
5.918965760000000000e+08
8.640523520000000000e+08
8.094001920000000000e+08
9.428725120000000000e+08
2.066697472000000000e+09
1.170957056000000000e+09
1.145015936000000000e+09
1.094964096000000000e+09
1.958295168000000000e+09
1.016000960000000000e+09
6.163704320000000000e+08
6.612381440000000000e+08
6.089845248000000000e+09
5.405448320000000000e+08
5.767501440000000000e+08
4.724941760000000000e+08
5.922449280000000000e+08
8.671834240000000000e+08
1.711198464000000000e+09
9.943304320000000000e+08
5.884538880000000000e+08
8.504830720000000000e+08
6.236444800000000000e+08
5.063369728000000000e+09
1.189692928000000000e+09
8.487683840000000000e+08
4.289822080000000000e+08
1.460493056000000000e+09
1.048266304000000000e+09
5.112056320000000000e+08
9.372481920000000000e+08
1.078089856000000000e+09
1.183547904000000000e+09
1.537955200000000000e+09
7.777477120000000000e+08
7.179364480000000000e+08
2.012606464000000000e+09
7.521216000000000000e+08
1.559348096000000000e+09
7.092762240000000000e+08
5.522998784000000000e+09
1.066497600000000000e+09
6.729102080000000000e+08
2.922216960000000000e+09
7.476726400000000000e+08
4.811787200000000000e+08
6.565644800000000000e+08
3.370167040000000000e+08
1.121598592000000000e+09
1.185058304000000000e+09
7.860735360000000000e+08
6.688453760000000000e+08
9.137876480000000000e+08
6.721023360000000000e+08
6.706915200000000000e+08
7.431272960000000000e+08
9.541061120000000000e+08
1.019672192000000000e+09
1.166255232000000000e+09
5.571447040000000000e+08
9.529818240000000000e+08
7.150418560000000000e+08
1.643670784000000000e+09
1.239790848000000000e+09
6.996774400000000000e+08
6.283795840000000000e+08
1.025057600000000000e+09
7.226336640000000000e+08
5.539225088000000000e+09
7.603124480000000000e+08
5.924075520000000000e+08
9.234784640000000000e+08
6.992440960000000000e+08
8.828298240000000000e+08
1.939790720000000000e+09
1.561167104000000000e+09
1.167928448000000000e+09
1.071949376000000000e+09
1.027135040000000000e+09
7.161377280000000000e+08
7.649901440000000000e+08
6.205183488000000000e+09
8.754675200000000000e+08
5.563662080000000000e+08
1.197647616000000000e+09
5.779509120000000000e+08
7.612433920000000000e+08
4.841708800000000000e+08
6.441201920000000000e+08
1.998299392000000000e+09
6.572737280000000000e+08
9.625501440000000000e+08
8.090190720000000000e+08
2.043566976000000000e+09
5.178865152000000000e+09
7.081522560000000000e+08
1.048833984000000000e+09
5.828387200000000000e+08
5.594026880000000000e+08
9.756581760000000000e+08
6.239451520000000000e+08
1.269273088000000000e+09
8.120007680000000000e+08
6.729342720000000000e+08
1.811086592000000000e+09
1.039977664000000000e+09
6.142333440000000000e+08
1.404606848000000000e+09
2.175420672000000000e+09
8.794352000000000000e+08
7.810382720000000000e+08
7.086136960000000000e+08
9.322616320000000000e+08
6.215666176000000000e+09
5.630267520000000000e+08
1.084139136000000000e+09
4.948361600000000000e+08
1.027051840000000000e+09
7.477136000000000000e+08
1.175860992000000000e+09
4.209397120000000000e+08
1.533637888000000000e+09
6.879441920000000000e+08
5.456652800000000000e+08
7.057579520000000000e+08
1.001242304000000000e+09
1.301327104000000000e+09
2.084055168000000000e+09
8.664934400000000000e+08
1.178472576000000000e+09
6.014501376000000000e+09
9.871896320000000000e+08
1.381503232000000000e+09
1.123436544000000000e+09
5.415694080000000000e+08
1.322709120000000000e+09
1.587150080000000000e+09
8.727584000000000000e+08
4.631463040000000000e+08
8.516872320000000000e+08
6.358794240000000000e+08
1.612436992000000000e+09
2.981117440000000000e+08
5.968071040000000000e+08
1.304032640000000000e+09
5.966314880000000000e+08
7.915562880000000000e+08
1.287357952000000000e+09
5.212268544000000000e+09
1.013886528000000000e+09
6.838731520000000000e+08
5.101200000000000000e+08
7.299777280000000000e+08
1.847824128000000000e+09
6.801368320000000000e+08
9.418020480000000000e+08
1.881140864000000000e+09
6.363740800000000000e+08
7.788200960000000000e+08
8.381422720000000000e+08
8.256573440000000000e+08
5.649883520000000000e+08
1.254146432000000000e+09
1.218300800000000000e+09
1.012197440000000000e+09
1.503538560000000000e+09
5.298067200000000000e+08
8.628034560000000000e+08
6.935608320000000000e+08
7.718400640000000000e+08
1.382188032000000000e+09
1.752970240000000000e+09
8.538450560000000000e+08
1.268966272000000000e+09
1.096127872000000000e+09
1.363954048000000000e+09
1.105415552000000000e+09
5.465775616000000000e+09
8.441309440000000000e+08
6.692343040000000000e+08
6.765423360000000000e+08
9.176696960000000000e+08
5.550257920000000000e+08
8.367207040000000000e+08
1.712489472000000000e+09
6.411729920000000000e+08
1.315251200000000000e+09
6.768327040000000000e+08
9.936274560000000000e+08
5.478142080000000000e+08
7.752138880000000000e+08
4.924910720000000000e+08
9.080273920000000000e+08
1.354976384000000000e+09
5.650218496000000000e+09
7.810745600000000000e+08
8.723989120000000000e+08
1.120152448000000000e+09
1.050931840000000000e+09
5.442561920000000000e+08
1.522975104000000000e+09
7.477919360000000000e+08
8.769268480000000000e+08
5.788222464000000000e+09
1.069121792000000000e+09
1.259311872000000000e+09
5.790528640000000000e+08
1.701058432000000000e+09
1.118273280000000000e+09
5.864695680000000000e+08
6.231083520000000000e+08
9.408611200000000000e+08
8.128087040000000000e+08
1.070465152000000000e+09
6.127143680000000000e+08
8.322734080000000000e+08
5.780298880000000000e+08
6.312223360000000000e+08
6.048622720000000000e+08
1.316342016000000000e+09
7.148738560000000000e+08
1.151585536000000000e+09
1.128394368000000000e+09
8.955435520000000000e+08
7.894658560000000000e+08
6.016736640000000000e+08
8.445041280000000000e+08
1.237469312000000000e+09
9.357733120000000000e+08
7.256646400000000000e+08
9.126101760000000000e+08
5.330756096000000000e+09
6.019951360000000000e+08
1.531788288000000000e+09
6.368663040000000000e+08
2.203996160000000000e+09
7.683651200000000000e+08
6.086928000000000000e+08
1.109576960000000000e+09
6.149893120000000000e+08
1.089366016000000000e+09
2.026292352000000000e+09
6.792725120000000000e+08
8.087434880000000000e+08
6.478698240000000000e+08
9.995554560000000000e+08
1.004976512000000000e+09
6.571361920000000000e+08
6.129508352000000000e+09
6.807150080000000000e+08
4.363707520000000000e+08
1.214865664000000000e+09
6.277705600000000000e+08
3.826595200000000000e+08
1.086304000000000000e+09
1.357145344000000000e+09
9.950014080000000000e+08
5.085024000000000000e+08
2.075707648000000000e+09
4.595048640000000000e+08
9.510019840000000000e+08
1.818774400000000000e+09
5.679248640000000000e+08
7.041891200000000000e+08
1.015937088000000000e+09
1.097170432000000000e+09
1.093375232000000000e+09
9.215758080000000000e+08
5.680122240000000000e+08
5.835695104000000000e+09
6.497477120000000000e+08
5.510675200000000000e+08
7.638092800000000000e+08
9.467852800000000000e+08
1.242469376000000000e+09
2.895768576000000000e+09
1.046677120000000000e+09
9.493232000000000000e+08
5.031583744000000000e+09
4.785347200000000000e+08
6.647466880000000000e+08
4.436427840000000000e+08
5.480803840000000000e+08
8.150190080000000000e+08
5.996200960000000000e+08
1.209232768000000000e+09
1.476927232000000000e+09
4.140656640000000000e+08
7.078202880000000000e+08
9.629189760000000000e+08
1.290656512000000000e+09
6.422229760000000000e+08
7.770369280000000000e+08
8.862256640000000000e+08
4.695751040000000000e+08
1.519594240000000000e+09
6.014389760000000000e+08
5.376514048000000000e+09
1.295215360000000000e+09
7.025002240000000000e+08
1.830033280000000000e+09
6.613915520000000000e+08
1.341523072000000000e+09
6.991534080000000000e+08
8.439978240000000000e+08
1.158435968000000000e+09
9.999203840000000000e+08
6.798133760000000000e+08
5.995136000000000000e+08
7.077656320000000000e+08
5.618252160000000000e+08
5.528170240000000000e+08
6.628463360000000000e+08
6.827536640000000000e+08
6.442414080000000000e+08
6.105818240000000000e+08
1.170494848000000000e+09
5.241008000000000000e+08
5.198246400000000000e+09
7.570429440000000000e+08
2.529482240000000000e+09
8.324739840000000000e+08
5.263570880000000000e+08
1.822867968000000000e+09
1.242526208000000000e+09
1.273354240000000000e+09
5.719361920000000000e+08
8.271068160000000000e+08
5.350435328000000000e+09
5.124950400000000000e+08
5.988211200000000000e+08
1.651291008000000000e+09
9.074302080000000000e+08
6.517136640000000000e+08
7.987572480000000000e+08
6.721217920000000000e+08
5.541083520000000000e+08
1.245893888000000000e+09
5.491461760000000000e+08
1.056019392000000000e+09
8.434993920000000000e+08
1.266528384000000000e+09
1.324378880000000000e+09
8.629132800000000000e+08
7.389656960000000000e+08
1.693658496000000000e+09
7.830889600000000000e+08
1.279676416000000000e+09
8.668906240000000000e+08
1.201635328000000000e+09
6.032636800000000000e+08
9.794823680000000000e+08
7.039958400000000000e+08
1.003702464000000000e+09
6.491499520000000000e+08
5.367698560000000000e+08
5.151816320000000000e+08
5.291226624000000000e+09
1.955133952000000000e+09
1.191770112000000000e+09
6.051819520000000000e+08
1.003878720000000000e+09
4.423832000000000000e+08
5.081372160000000000e+08
6.449296640000000000e+08
8.622692480000000000e+08
9.016522880000000000e+08
6.881476480000000000e+08
1.180385664000000000e+09
2.018448640000000000e+09
7.466724480000000000e+08
9.621809280000000000e+08
9.914267520000000000e+08
9.000426240000000000e+08
8.742780800000000000e+08
7.751143040000000000e+08
5.805422720000000000e+08
8.773765120000000000e+08
5.097480192000000000e+09
6.042663040000000000e+08
6.193153280000000000e+08
1.562838400000000000e+09
6.381557120000000000e+08
2.074391424000000000e+09
1.042284928000000000e+09
6.917264000000000000e+08
4.200928000000000000e+08
1.150823552000000000e+09
9.241883520000000000e+08
1.074364288000000000e+09
6.359413120000000000e+08
7.426999040000000000e+08
9.264830720000000000e+08
1.005116608000000000e+09
7.220585600000000000e+08
8.007018880000000000e+08
5.351646720000000000e+09
8.318901760000000000e+08
1.148084608000000000e+09
1.905208960000000000e+09
9.084844160000000000e+08
9.839456640000000000e+08
1.424592768000000000e+09
1.300946688000000000e+09
3.173904320000000000e+08
1.604560256000000000e+09
1.607279104000000000e+09
6.872208000000000000e+08
1.128617856000000000e+09
1.023122112000000000e+09
1.038571904000000000e+09
8.945176320000000000e+08
5.487022592000000000e+09
5.107459520000000000e+08
7.791005440000000000e+08
4.651866240000000000e+08
5.779968000000000000e+08
1.030627136000000000e+09
1.777076992000000000e+09
1.725324544000000000e+09
1.291206528000000000e+09
8.362289920000000000e+08
6.327814400000000000e+08
5.124526720000000000e+08
7.719357440000000000e+08
1.781464448000000000e+09
6.461639040000000000e+08
1.269173376000000000e+09
1.166184320000000000e+09
9.899454720000000000e+08
5.305524480000000000e+08
4.566429760000000000e+08
6.493623680000000000e+08
7.676426880000000000e+08
5.983477760000000000e+08
4.764822016000000000e+09
5.321937408000000000e+09
9.589852800000000000e+08
6.833287680000000000e+08
1.426897664000000000e+09
1.387219328000000000e+09
9.658447360000000000e+08
7.645562240000000000e+08
7.005926400000000000e+08
1.736688128000000000e+09
4.671283200000000000e+08
5.757201920000000000e+08
8.873086080000000000e+08
8.855016320000000000e+08
1.177755008000000000e+09
7.938644480000000000e+08
8.267589760000000000e+08
7.267424000000000000e+08
1.266716288000000000e+09
8.252819200000000000e+08
1.122987136000000000e+09
6.056424320000000000e+08
5.739146880000000000e+08
9.717742080000000000e+08
7.952136960000000000e+08
4.278405440000000000e+08
9.382166400000000000e+08
8.128439680000000000e+08
9.088253440000000000e+08
8.592489600000000000e+08
1.122062592000000000e+09
6.390797440000000000e+08
1.441580416000000000e+09
5.083677184000000000e+09
9.661949440000000000e+08
7.719991680000000000e+08
1.594646144000000000e+09
1.925055872000000000e+09
1.416372736000000000e+09
3.752332800000000000e+08
8.073515520000000000e+08
5.418604800000000000e+08
6.221360640000000000e+08
6.922819840000000000e+08
5.259566720000000000e+08
6.001680000000000000e+08
1.072301312000000000e+09
6.626461184000000000e+09
7.442259200000000000e+08
6.632742400000000000e+08
8.341141760000000000e+08
7.891433600000000000e+08
6.502084480000000000e+08
4.362700480000000000e+08
4.304029440000000000e+08
7.909419520000000000e+08
5.130302400000000000e+08
1.343379968000000000e+09
6.049585920000000000e+08
6.113082880000000000e+08
1.204469504000000000e+09
7.495532800000000000e+08
7.344016640000000000e+08
4.120901440000000000e+08
7.801363200000000000e+08
5.483613696000000000e+09
2.594216960000000000e+09
9.534197120000000000e+08
7.564871680000000000e+08
5.300355520000000000e+08
4.755866560000000000e+08
8.003812480000000000e+08
6.276826880000000000e+08
1.183309184000000000e+09
2.955378240000000000e+08
1.100846720000000000e+09
5.943697920000000000e+08
8.923822720000000000e+08
9.072600320000000000e+08
6.330552960000000000e+08
5.800732160000000000e+08
6.797428480000000000e+08
8.633350400000000000e+08
9.237924480000000000e+08
1.336773888000000000e+09
1.830280192000000000e+09
1.122019328000000000e+09
5.069114880000000000e+09
4.433126400000000000e+08
6.639185920000000000e+08
6.599181440000000000e+08
4.890049536000000000e+09
6.281566720000000000e+08
7.823226880000000000e+08
1.142426496000000000e+09
6.175779200000000000e+08
1.095292928000000000e+09
1.664265856000000000e+09
7.485364480000000000e+08
1.040577408000000000e+09
9.682976640000000000e+08
6.609207040000000000e+08
1.243638784000000000e+09
1.183486976000000000e+09
7.217884160000000000e+08
6.500510720000000000e+08
1.050931136000000000e+09
6.551889920000000000e+08
7.979983360000000000e+08
1.127733632000000000e+09
6.663163520000000000e+08
1.012966016000000000e+09
7.567856640000000000e+08
6.883362560000000000e+08
1.451544448000000000e+09
6.547818240000000000e+08
6.415867520000000000e+08
5.269957120000000000e+08
9.810899840000000000e+08
9.038878720000000000e+08
5.236394560000000000e+08
5.789322880000000000e+08
1.448168832000000000e+09
4.889367552000000000e+09
6.013105920000000000e+08
1.418701184000000000e+09
8.769160320000000000e+08
9.950012800000000000e+08
6.217218560000000000e+08
5.749221120000000000e+08
6.522752000000000000e+08
5.564398080000000000e+08
9.051603840000000000e+08
5.196992960000000000e+08
4.815199744000000000e+09
6.345224960000000000e+08
2.184575232000000000e+09
6.971879040000000000e+08
5.590448000000000000e+08
6.972373760000000000e+08
8.077966080000000000e+08
7.895831680000000000e+08
8.294449920000000000e+08
9.569130240000000000e+08
1.654729216000000000e+09
7.059728000000000000e+08
7.340819200000000000e+08
8.834180480000000000e+08
6.784592000000000000e+08
8.569312640000000000e+08
5.951718400000000000e+08
5.369144320000000000e+08
5.348608640000000000e+08
9.392286080000000000e+08
5.316488640000000000e+08
1.498206208000000000e+09
4.603123200000000000e+09
8.364380160000000000e+08
7.115734400000000000e+08
8.622651520000000000e+08
1.476430720000000000e+09
6.933904000000000000e+08
1.912922240000000000e+09
4.991798272000000000e+09
5.144910720000000000e+08
1.448636800000000000e+09
5.530138880000000000e+08
7.700380800000000000e+08
1.339712128000000000e+09
5.508752000000000000e+08
8.011297280000000000e+08
7.681214720000000000e+08
5.740056960000000000e+08
4.792802880000000000e+08
9.317153920000000000e+08
6.161959040000000000e+08
6.050364160000000000e+08
1.243363200000000000e+09
1.234105600000000000e+09
1.428710144000000000e+09
6.419466880000000000e+08
9.660233600000000000e+08
7.121045120000000000e+08
6.287317120000000000e+08
1.156681600000000000e+09
6.986618880000000000e+08
8.063751040000000000e+08
4.764232640000000000e+08
5.233541440000000000e+08
6.222433920000000000e+08
1.065656384000000000e+09
9.197911680000000000e+08
9.162295040000000000e+08
5.258387840000000000e+08
6.453654400000000000e+08
1.852472064000000000e+09
5.009847296000000000e+09
7.270341120000000000e+08
1.292032384000000000e+09
1.025660736000000000e+09
6.879892480000000000e+08
8.789071360000000000e+08
4.777623040000000000e+08
9.326790400000000000e+08
4.004859840000000000e+08
1.068276864000000000e+09
9.394985600000000000e+08
5.413158400000000000e+08
8.326492800000000000e+08
4.843032064000000000e+09
1.240618112000000000e+09
2.025382528000000000e+09
4.368653440000000000e+08
7.329728000000000000e+08
3.503108800000000000e+08
8.107340160000000000e+08
8.842776960000000000e+08
4.849541760000000000e+08
5.957045760000000000e+08
3.728620800000000000e+08
9.862170880000000000e+08
5.440779264000000000e+09
5.832551040000000000e+08
4.218881280000000000e+08
9.839342720000000000e+08
1.236236672000000000e+09
1.219819392000000000e+09
4.743911360000000000e+08
1.062541824000000000e+09
5.070247680000000000e+08
5.404931840000000000e+08
8.783323520000000000e+08
1.200710400000000000e+09
1.152008960000000000e+09
6.734145280000000000e+08
6.927300480000000000e+08
8.758221440000000000e+08
4.590451712000000000e+09
6.598355200000000000e+08
4.840072640000000000e+08
1.212496384000000000e+09
1.112889472000000000e+09
4.822889600000000000e+08
2.019412992000000000e+09
7.660277760000000000e+08
9.266092800000000000e+08
8.131407360000000000e+08
6.873738240000000000e+08
4.952906880000000000e+08
7.135773440000000000e+08
1.335032064000000000e+09
8.308894080000000000e+08
8.380382720000000000e+08
9.597744640000000000e+08
6.449712000000000000e+08
5.622412800000000000e+08
8.094223360000000000e+08
4.997617600000000000e+08
9.060146560000000000e+08
7.345292160000000000e+08
6.947236480000000000e+08
1.121080320000000000e+09
1.905733760000000000e+09
4.603724160000000000e+08
5.216303104000000000e+09
7.413005440000000000e+08
7.092647040000000000e+08
1.235985024000000000e+09
6.775336960000000000e+08
4.917061760000000000e+08
4.974374080000000000e+08
6.543292160000000000e+08
5.415530880000000000e+08
7.273120000000000000e+08
9.977693440000000000e+08
6.557968640000000000e+08
6.127760000000000000e+08
8.169375360000000000e+08
7.258961280000000000e+08
1.438663552000000000e+09
4.244947456000000000e+09
6.259964800000000000e+08
1.664539264000000000e+09
1.189104000000000000e+09
9.486968320000000000e+08
7.383687680000000000e+08
5.336141440000000000e+08
8.640420480000000000e+08
7.244165120000000000e+08
9.059043840000000000e+08
6.029072000000000000e+08
4.649339392000000000e+09
5.807610880000000000e+08
6.376901120000000000e+08
6.045845120000000000e+08
1.075052928000000000e+09
1.717943040000000000e+09
7.828992000000000000e+08
8.550451200000000000e+08
4.210594560000000000e+08
4.019132800000000000e+08
7.814087040000000000e+08
5.352515840000000000e+08
1.273777920000000000e+09
4.940749760000000000e+08
1.213007744000000000e+09
1.163554432000000000e+09
8.471352320000000000e+08
6.080716160000000000e+08
1.548083584000000000e+09
6.174624640000000000e+08
6.250187520000000000e+08
9.110588160000000000e+08
5.505919360000000000e+08
1.074001920000000000e+09
1.411284992000000000e+09
9.462113920000000000e+08
9.366495360000000000e+08
7.076083840000000000e+08
7.698814720000000000e+08
4.734839040000000000e+08
1.094655744000000000e+09
5.129993280000000000e+08
4.704546304000000000e+09
4.564680640000000000e+08
6.627336320000000000e+08
8.211326720000000000e+08
6.919573760000000000e+08
5.022709120000000000e+08
6.701360000000000000e+08
4.917908800000000000e+08
1.705470976000000000e+09
9.047161600000000000e+08
7.794223360000000000e+08
9.873107200000000000e+08
6.164662400000000000e+08
9.899867520000000000e+08
1.196710400000000000e+09
4.484958720000000000e+09
6.224983680000000000e+08
7.369335680000000000e+08
1.133800832000000000e+09
7.189172480000000000e+08
8.143361920000000000e+08
1.011160192000000000e+09
2.356337664000000000e+09
6.619233920000000000e+08
1.359671296000000000e+09
1.135365632000000000e+09
6.128391040000000000e+08
4.304060928000000000e+09
6.456659200000000000e+08
4.599560000000000000e+08
1.260460800000000000e+09
7.564200320000000000e+08
5.914757120000000000e+08
6.239100800000000000e+08
6.299220480000000000e+08
5.384874880000000000e+08
3.902518720000000000e+08
4.039309120000000000e+08
1.359073408000000000e+09
9.479953920000000000e+08
3.933065280000000000e+08
7.869339520000000000e+08
1.407514880000000000e+09
7.745503360000000000e+08
7.670380800000000000e+08
6.631818880000000000e+08
6.782016640000000000e+08
8.113463040000000000e+08
1.279697152000000000e+09
6.167735680000000000e+08
4.039872960000000000e+08
5.191715840000000000e+08
5.517495680000000000e+08
5.007480320000000000e+08
4.068581376000000000e+09
1.874264960000000000e+09
9.320956160000000000e+08
1.019480128000000000e+09
6.239341440000000000e+08
1.331505024000000000e+09
9.444927360000000000e+08
3.871866880000000000e+08
9.619640320000000000e+08
1.518595968000000000e+09
8.327794560000000000e+08
6.599048320000000000e+08
1.250953984000000000e+09
8.132985600000000000e+08
4.380484480000000000e+08
9.114781440000000000e+08
3.734770560000000000e+08
8.827623040000000000e+08
5.212259840000000000e+08
4.033917184000000000e+09
1.179594496000000000e+09
1.177652864000000000e+09
1.758612352000000000e+09
4.258653440000000000e+08
4.123062528000000000e+09
5.754140160000000000e+08
9.876210560000000000e+08
6.323637120000000000e+08
9.484693760000000000e+08
8.606280320000000000e+08
4.494395200000000000e+08
8.659787520000000000e+08
1.273978880000000000e+09
7.556581760000000000e+08
7.234033920000000000e+08
6.582476800000000000e+08
4.377104320000000000e+08
5.272535680000000000e+08
1.194234368000000000e+09
2.320243456000000000e+09
8.637931520000000000e+08
4.604682560000000000e+08
9.009716480000000000e+08
9.793808000000000000e+08
6.848970880000000000e+08
5.475063680000000000e+08
8.427069440000000000e+08
4.040054528000000000e+09
5.992019840000000000e+08
1.113766528000000000e+09
9.052052480000000000e+08
3.064152960000000000e+08
4.874513280000000000e+08
5.906392320000000000e+08
7.204976000000000000e+08
7.637722240000000000e+08
5.266964480000000000e+08
6.799621760000000000e+08
7.796213120000000000e+08
8.216705280000000000e+08
4.775861440000000000e+08
8.307112960000000000e+08
8.610476800000000000e+08
6.231769600000000000e+08
4.576780288000000000e+09
9.941711360000000000e+08
6.593478400000000000e+08
1.672276096000000000e+09
7.095738240000000000e+08
9.866212480000000000e+08
4.815053760000000000e+08
4.899477760000000000e+08
5.752078080000000000e+08
9.639498880000000000e+08
5.226475200000000000e+08
8.689286400000000000e+08
1.078680576000000000e+09
9.210022400000000000e+08
2.173048832000000000e+09
5.719102720000000000e+08
4.042409920000000000e+08
9.679225600000000000e+08
9.877619200000000000e+08
8.336138240000000000e+08
1.320498432000000000e+09
4.486611968000000000e+09
6.312498560000000000e+08
6.211527040000000000e+08
6.171737600000000000e+08
6.103463040000000000e+08
4.576068480000000000e+08
4.345739200000000000e+08
7.164206080000000000e+08
8.775599360000000000e+08
6.582641920000000000e+08
1.230746112000000000e+09
6.626928000000000000e+08
5.686081280000000000e+08
1.139238784000000000e+09
6.290993920000000000e+08
1.253464960000000000e+09
4.893722624000000000e+09
9.178671360000000000e+08
4.680389440000000000e+08
5.046842880000000000e+08
8.030241920000000000e+08
7.909128320000000000e+08
5.313853760000000000e+08
1.172804224000000000e+09
7.063174400000000000e+08
5.702307840000000000e+08
1.154618880000000000e+09
5.777992320000000000e+08
7.034394880000000000e+08
1.277653120000000000e+09
6.589859840000000000e+08
9.000157440000000000e+08
9.345694080000000000e+08
5.589853440000000000e+08
5.125577920000000000e+08
7.723917440000000000e+08
8.754851840000000000e+08
4.130745920000000000e+08
6.716924800000000000e+08
5.715029760000000000e+08
7.685577600000000000e+08
1.492955008000000000e+09
3.860291584000000000e+09
4.101652224000000000e+09
7.488776960000000000e+08
5.016564480000000000e+08
3.108324800000000000e+08
8.942746880000000000e+08
1.502988544000000000e+09
7.803185920000000000e+08
5.208058880000000000e+08
4.250600000000000000e+08
6.762088320000000000e+08
6.322369920000000000e+08
1.362370688000000000e+09
1.345643392000000000e+09
7.286861440000000000e+08
6.923985280000000000e+08
1.119910528000000000e+09
8.445955840000000000e+08
4.935446400000000000e+08
4.838059200000000000e+08
1.073560960000000000e+09
6.890341120000000000e+08
5.940042240000000000e+08
9.183077120000000000e+08
1.552810112000000000e+09
5.825205760000000000e+08
1.036180736000000000e+09
1.017279680000000000e+09
5.418009600000000000e+08
5.988001280000000000e+08
9.980779520000000000e+08
6.194339200000000000e+08
6.271247360000000000e+08
6.476364160000000000e+08
3.944287744000000000e+09
1.246227712000000000e+09
4.483290880000000000e+08
6.430416000000000000e+08
1.855246080000000000e+09
5.994362880000000000e+08
5.716740480000000000e+08
5.030244480000000000e+08
5.299731840000000000e+08
9.393308160000000000e+08
3.308565440000000000e+08
1.145988096000000000e+09
6.376565120000000000e+08
1.100004992000000000e+09
9.125050240000000000e+08
7.407034880000000000e+08
9.955229440000000000e+08
4.369023680000000000e+08
3.675456000000000000e+09
8.385736320000000000e+08
7.276646400000000000e+08
