3.785149644800000000e+10
4.375173120000000000e+10
5.524970291200000000e+10
4.648151859200000000e+10
4.849382604800000000e+10
4.135311769600000000e+10
3.809910784000000000e+10
2.978288435200000000e+10
3.128853504000000000e+10
4.141193216000000000e+10
3.075119308800000000e+10
3.588329472000000000e+10
3.440594124800000000e+10
3.658823270400000000e+10
4.504498176000000000e+10
4.263965491200000000e+10
3.958877388800000000e+10
4.200678195200000000e+10
3.694878720000000000e+10
4.102952550400000000e+10
4.921279283200000000e+10
3.402151731200000000e+10
3.293577420800000000e+10
3.687288832000000000e+10
4.127960678400000000e+10
4.072794112000000000e+10
3.330772582400000000e+10
4.077742899200000000e+10
4.883596083200000000e+10
4.210637209600000000e+10
4.100179148800000000e+10
3.631330918400000000e+10
3.824873472000000000e+10
4.140510003200000000e+10
4.321788723200000000e+10
4.323674931200000000e+10
4.294265241600000000e+10
3.796873216000000000e+10
4.469761638400000000e+10
3.617230438400000000e+10
4.456112537600000000e+10
3.877193318400000000e+10
4.428202393600000000e+10
3.366295756800000000e+10
4.003477913600000000e+10
3.260612608000000000e+10
4.016778854400000000e+10
3.908530585600000000e+10
3.116682649600000000e+10
3.354608230400000000e+10
3.514541260800000000e+10
3.935565824000000000e+10
3.494278758400000000e+10
3.701831270400000000e+10
2.497578393600000000e+10
2.564784537600000000e+10
2.517571174400000000e+10
2.613669478400000000e+10
3.218438144000000000e+10
3.958912614400000000e+10
3.151485952000000000e+10
2.622120140800000000e+10
2.907076608000000000e+10
3.774754816000000000e+10
2.197774540800000000e+10
1.806837555200000000e+10
1.269847756800000000e+10
1.647766425600000000e+10
1.664562892800000000e+10
1.132740812800000000e+10
1.260722176000000000e+10
1.089191833600000000e+10
1.576322457600000000e+10
7.197019648000000000e+09
4.687099392000000000e+09
6.001920000000000000e+09
7.146560000000000000e+09
6.318291456000000000e+09
7.791274496000000000e+09
1.090797056000000000e+10
6.058442240000000000e+09
6.585903104000000000e+09
8.515574784000000000e+09
1.163673395200000000e+10
5.950839296000000000e+09
5.547373568000000000e+09
4.988994560000000000e+09
4.361868288000000000e+09
4.856329728000000000e+09
6.036751360000000000e+09
6.384500224000000000e+09
8.688861184000000000e+09
9.243003904000000000e+09
4.035358720000000000e+09
9.332290560000000000e+09
6.956947968000000000e+09
4.014064896000000000e+09
8.590415872000000000e+09
4.541828096000000000e+09
3.057281280000000000e+09
4.163368448000000000e+09
4.979836928000000000e+09
5.557313024000000000e+09
4.511682048000000000e+09
3.268683520000000000e+09
3.071074304000000000e+09
2.800372992000000000e+09
5.020746240000000000e+09
4.441622016000000000e+09
6.523501056000000000e+09
3.309601280000000000e+09
5.050569216000000000e+09
3.856338688000000000e+09
8.211406336000000000e+09
4.590481920000000000e+09
3.862147584000000000e+09
6.237834240000000000e+09
3.111805440000000000e+09
5.854567424000000000e+09
2.856014592000000000e+09
2.727803648000000000e+09
2.488304128000000000e+09
4.247029248000000000e+09
3.019966208000000000e+09
6.354788352000000000e+09
2.078233344000000000e+09
3.517435648000000000e+09
2.852164096000000000e+09
4.972917248000000000e+09
2.196354304000000000e+09
1.978980608000000000e+09
3.613333248000000000e+09
2.190339328000000000e+09
6.784654336000000000e+09
4.106789120000000000e+09
5.434678272000000000e+09
5.178400256000000000e+09
2.240945408000000000e+09
4.053947392000000000e+09
2.382279936000000000e+09
6.847747072000000000e+09
1.527457664000000000e+09
3.634376448000000000e+09
3.085084672000000000e+09
2.911999488000000000e+09
2.777163520000000000e+09
4.216434432000000000e+09
1.373616128000000000e+09
3.858129920000000000e+09
3.981350912000000000e+09
5.860102144000000000e+09
1.874825984000000000e+09
4.313197056000000000e+09
1.915183616000000000e+09
2.307528704000000000e+09
2.704116992000000000e+09
4.868357120000000000e+09
3.254070784000000000e+09
1.107857536000000000e+09
2.536111872000000000e+09
3.236847616000000000e+09
2.044372608000000000e+09
2.359048448000000000e+09
1.855185024000000000e+09
1.641128448000000000e+09
2.271080960000000000e+09
7.687623680000000000e+09
1.805073024000000000e+09
2.610249472000000000e+09
2.246881280000000000e+09
4.075191296000000000e+09
1.864026368000000000e+09
3.263657984000000000e+09
1.963870208000000000e+09
1.332366464000000000e+09
1.649724800000000000e+09
1.689566976000000000e+09
4.996485632000000000e+09
1.867430016000000000e+09
1.813651712000000000e+09
4.747518464000000000e+09
2.220175104000000000e+09
2.293216768000000000e+09
1.096500736000000000e+09
3.164395520000000000e+09
3.957209600000000000e+09
2.338924032000000000e+09
4.157352704000000000e+09
1.038916160000000000e+09
2.129492224000000000e+09
1.650487296000000000e+09
2.845625344000000000e+09
2.108077056000000000e+09
1.122400768000000000e+09
1.918202368000000000e+09
2.063541248000000000e+09
1.811801216000000000e+09
6.346497920000000000e+08
1.316906240000000000e+09
1.939802112000000000e+09
2.317894912000000000e+09
2.497477120000000000e+09
3.988624896000000000e+09
1.199914112000000000e+09
3.072054272000000000e+09
2.627727360000000000e+09
1.312311424000000000e+09
1.367205248000000000e+09
1.747449856000000000e+09
8.733864320000000000e+08
1.787551360000000000e+09
2.721561600000000000e+09
4.028448000000000000e+09
1.482598400000000000e+09
1.847002752000000000e+09
1.546295168000000000e+09
1.360183936000000000e+09
2.177787904000000000e+09
1.139464832000000000e+09
1.653609216000000000e+09
6.062949376000000000e+09
4.000621312000000000e+09
3.825551104000000000e+09
1.850767744000000000e+09
1.001173440000000000e+09
1.545827584000000000e+09
1.316726272000000000e+09
1.233349376000000000e+09
1.043715200000000000e+09
1.191364608000000000e+09
1.119660928000000000e+09
1.957168768000000000e+09
1.988418944000000000e+09
1.433581056000000000e+09
1.409403776000000000e+09
4.025580544000000000e+09
1.123235840000000000e+09
2.149145600000000000e+09
1.432536576000000000e+09
8.005693440000000000e+08
1.665898112000000000e+09
2.404122112000000000e+09
3.224975360000000000e+09
2.003066112000000000e+09
3.552201216000000000e+09
1.382515968000000000e+09
9.101624960000000000e+08
1.959819648000000000e+09
1.205350016000000000e+09
1.684341248000000000e+09
1.033782400000000000e+09
2.791549696000000000e+09
1.253326208000000000e+09
1.533549184000000000e+09
1.266681984000000000e+09
1.268344704000000000e+09
1.942074112000000000e+09
2.134532608000000000e+09
9.607038080000000000e+08
2.244879104000000000e+09
2.175387136000000000e+09
1.824521216000000000e+09
1.164650880000000000e+09
1.015492736000000000e+09
3.345865216000000000e+09
7.617578240000000000e+08
1.038147392000000000e+09
3.359286272000000000e+09
1.571602560000000000e+09
2.910868480000000000e+09
1.253552000000000000e+09
1.172066944000000000e+09
2.517625856000000000e+09
1.203941376000000000e+09
1.098953216000000000e+09
2.794481664000000000e+09
2.154484736000000000e+09
2.424977408000000000e+09
2.313046016000000000e+09
8.446489600000000000e+08
3.160434176000000000e+09
1.433963904000000000e+09
3.990470400000000000e+09
1.759275776000000000e+09
8.817648640000000000e+08
1.873711872000000000e+09
9.661824000000000000e+08
1.646069888000000000e+09
9.416025600000000000e+08
3.491197184000000000e+09
9.252020480000000000e+08
1.189180544000000000e+09
1.870048896000000000e+09
1.704633472000000000e+09
1.169962112000000000e+09
4.145683200000000000e+09
2.105623936000000000e+09
4.092356096000000000e+09
1.234642304000000000e+09
9.367347200000000000e+08
1.983363072000000000e+09
2.058144768000000000e+09
1.092098560000000000e+09
1.275245312000000000e+09
2.068569728000000000e+09
1.187533952000000000e+09
1.184296960000000000e+09
2.345956352000000000e+09
1.272586496000000000e+09
3.170504960000000000e+09
9.565483520000000000e+08
2.413511936000000000e+09
3.952618752000000000e+09
1.754919680000000000e+09
1.273070592000000000e+09
1.345015680000000000e+09
9.651100800000000000e+08
1.693688576000000000e+09
4.408620032000000000e+09
1.535512576000000000e+09
1.594812032000000000e+09
1.167859072000000000e+09
1.117858560000000000e+09
9.233976960000000000e+08
2.501858048000000000e+09
2.995317760000000000e+09
1.963021696000000000e+09
1.407292160000000000e+09
8.520546560000000000e+08
9.903907200000000000e+08
2.421783808000000000e+09
1.210963328000000000e+09
1.005885312000000000e+09
1.360363776000000000e+09
5.032323584000000000e+09
2.344795904000000000e+09
1.079147904000000000e+09
2.552534272000000000e+09
1.355894912000000000e+09
1.323961088000000000e+09
9.699219200000000000e+08
1.237127296000000000e+09
3.575557376000000000e+09
5.200166400000000000e+08
1.443818112000000000e+09
3.430222336000000000e+09
1.312455936000000000e+09
1.104651520000000000e+09
2.057717376000000000e+09
1.480299136000000000e+09
9.851604480000000000e+08
2.844660736000000000e+09
9.564885760000000000e+08
1.300674816000000000e+09
9.891576960000000000e+08
1.828317440000000000e+09
1.328721792000000000e+09
3.244693248000000000e+09
1.750170496000000000e+09
1.944314112000000000e+09
1.671188224000000000e+09
1.012049216000000000e+09
2.774625792000000000e+09
1.484000384000000000e+09
3.748479488000000000e+09
1.863966080000000000e+09
1.201741824000000000e+09
1.654003456000000000e+09
1.261255168000000000e+09
8.528576000000000000e+08
8.820914560000000000e+08
1.051058816000000000e+09
8.983614080000000000e+08
1.109351296000000000e+09
2.843340032000000000e+09
1.649435392000000000e+09
1.208073728000000000e+09
4.525184512000000000e+09
3.968352000000000000e+09
2.076988416000000000e+09
9.723699200000000000e+08
1.670871552000000000e+09
1.144919168000000000e+09
3.019038464000000000e+09
1.462108672000000000e+09
8.616405760000000000e+08
1.192529792000000000e+09
1.756234496000000000e+09
1.205693952000000000e+09
5.239962112000000000e+09
9.894451840000000000e+08
9.122467840000000000e+08
1.347762048000000000e+09
7.261854720000000000e+08
2.444320512000000000e+09
1.365282944000000000e+09
1.326795776000000000e+09
3.021064448000000000e+09
1.931548928000000000e+09
8.081304320000000000e+08
1.803408000000000000e+09
1.147594880000000000e+09
8.148656640000000000e+08
1.115360000000000000e+09
7.221852160000000000e+08
1.692782976000000000e+09
1.126259584000000000e+09
1.721463936000000000e+09
1.138618368000000000e+09
5.910394368000000000e+09
3.816136960000000000e+09
1.142161024000000000e+09
9.006279040000000000e+08
1.901601024000000000e+09
1.699137536000000000e+09
4.744917504000000000e+09
1.533488896000000000e+09
1.634126464000000000e+09
2.254052096000000000e+09
2.983713280000000000e+09
9.868611840000000000e+08
2.442377216000000000e+09
1.081234304000000000e+09
1.061417216000000000e+09
1.182594304000000000e+09
1.577379456000000000e+09
1.040157696000000000e+09
1.552569216000000000e+09
8.346002560000000000e+08
9.686992640000000000e+08
7.789173120000000000e+08
2.830708224000000000e+09
1.954269952000000000e+09
1.379637248000000000e+09
9.972764800000000000e+08
7.883042560000000000e+08
2.197435392000000000e+09
2.799566336000000000e+09
1.290777728000000000e+09
1.038920256000000000e+09
1.213505280000000000e+09
9.532081280000000000e+08
9.333722880000000000e+08
4.409625088000000000e+09
2.640670208000000000e+09
1.255992320000000000e+09
2.026929152000000000e+09
1.127784960000000000e+09
6.475007360000000000e+08
1.984456192000000000e+09
9.275847680000000000e+08
7.514579200000000000e+08
2.933623296000000000e+09
5.321961984000000000e+09
3.764750848000000000e+09
1.068148352000000000e+09
1.181498496000000000e+09
1.137135872000000000e+09
1.224171392000000000e+09
7.579342080000000000e+08
2.644513792000000000e+09
8.231450880000000000e+08
8.279249920000000000e+08
9.432088960000000000e+08
1.393277952000000000e+09
2.026309632000000000e+09
8.873247360000000000e+08
1.045167104000000000e+09
6.445485440000000000e+08
1.076759424000000000e+09
1.104494592000000000e+09
1.089827328000000000e+09
4.856993792000000000e+09
6.682067200000000000e+08
9.083054720000000000e+08
2.896075776000000000e+09
1.930026624000000000e+09
2.351709952000000000e+09
1.594524544000000000e+09
6.550736000000000000e+08
1.100612224000000000e+09
1.509607040000000000e+09
1.348166912000000000e+09
3.056311296000000000e+09
1.442649728000000000e+09
1.479809920000000000e+09
6.130265088000000000e+09
2.438299136000000000e+09
1.198808576000000000e+09
1.011997824000000000e+09
8.172750080000000000e+08
6.040017920000000000e+08
3.112585216000000000e+09
1.262041472000000000e+09
1.104931200000000000e+09
1.244193664000000000e+09
1.703119232000000000e+09
1.792147968000000000e+09
1.509797248000000000e+09
1.140994816000000000e+09
1.736662656000000000e+09
1.061408448000000000e+09
9.100435200000000000e+08
1.346415744000000000e+09
5.656558720000000000e+08
1.364026752000000000e+09
1.066820608000000000e+09
1.458459520000000000e+09
1.165027200000000000e+09
8.580648960000000000e+08
6.347521536000000000e+09
2.139414400000000000e+09
1.225171200000000000e+09
1.204263680000000000e+09
7.676800000000000000e+08
2.926957312000000000e+09
1.923891328000000000e+09
1.047490368000000000e+09
8.598661760000000000e+08
9.736624000000000000e+08
3.189708544000000000e+09
1.033008000000000000e+09
1.441542144000000000e+09
4.193299200000000000e+09
1.393695872000000000e+09
1.435776000000000000e+09
1.457569408000000000e+09
1.077804800000000000e+09
1.927249536000000000e+09
9.843496960000000000e+08
2.024153216000000000e+09
8.018226560000000000e+08
7.267383680000000000e+08
2.460443136000000000e+09
1.481718912000000000e+09
6.335242240000000000e+08
8.202722560000000000e+08
9.001033600000000000e+08
4.816436224000000000e+09
7.016198400000000000e+08
2.044092160000000000e+09
1.043403392000000000e+09
7.726911360000000000e+08
1.598170880000000000e+09
1.474160000000000000e+09
9.553452800000000000e+08
1.155040384000000000e+09
2.894106624000000000e+09
9.588989440000000000e+08
1.226663680000000000e+09
2.761136896000000000e+09
9.141557760000000000e+08
1.017259328000000000e+09
1.268973056000000000e+09
1.346115200000000000e+09
1.156070400000000000e+09
4.921375232000000000e+09
2.708876288000000000e+09
7.659411200000000000e+08
7.787401600000000000e+08
1.527980160000000000e+09
2.708573440000000000e+09
1.913839616000000000e+09
8.542874880000000000e+08
5.312979968000000000e+09
2.894913024000000000e+09
9.795548800000000000e+08
6.099018240000000000e+08
1.081886848000000000e+09
9.203833600000000000e+08
3.763697664000000000e+09
1.017240448000000000e+09
7.483373440000000000e+08
8.354108160000000000e+08
1.089964288000000000e+09
1.951477760000000000e+09
7.335452800000000000e+08
6.404224640000000000e+08
5.722746368000000000e+09
9.354504320000000000e+08
2.881603072000000000e+09
2.451673344000000000e+09
2.369204224000000000e+09
1.003322752000000000e+09
2.253180160000000000e+09
2.096335360000000000e+09
1.701164672000000000e+09
1.100959744000000000e+09
1.445380480000000000e+09
8.297658880000000000e+08
8.677217920000000000e+08
9.793411200000000000e+08
1.043937152000000000e+09
7.550691200000000000e+08
1.671786624000000000e+09
1.257363072000000000e+09
6.947863552000000000e+09
8.202784640000000000e+08
1.571769600000000000e+09
7.565507200000000000e+08
1.821577472000000000e+09
1.267856768000000000e+09
1.583209088000000000e+09
1.201849728000000000e+09
2.404233216000000000e+09
6.871877120000000000e+08
7.290820480000000000e+08
1.174548480000000000e+09
9.553921280000000000e+08
1.971896320000000000e+09
1.181247104000000000e+09
2.341505536000000000e+09
7.508604160000000000e+08
2.036799872000000000e+09
1.633872896000000000e+09
9.320283520000000000e+08
6.027645440000000000e+08
9.039287040000000000e+08
1.000404352000000000e+09
1.798027520000000000e+09
9.021856000000000000e+08
2.354450944000000000e+09
9.631324800000000000e+08
2.394283776000000000e+09
1.715772160000000000e+09
5.018249216000000000e+09
1.958590848000000000e+09
1.515060224000000000e+09
1.782212608000000000e+09
1.240621696000000000e+09
8.623521920000000000e+08
7.814800640000000000e+08
6.240928640000000000e+08
1.152499072000000000e+09
5.339227200000000000e+08
2.105206144000000000e+09
8.870993280000000000e+08
3.248222976000000000e+09
7.760701440000000000e+08
9.973678080000000000e+08
1.075161472000000000e+09
5.350370304000000000e+09
7.239217280000000000e+08
1.101868416000000000e+09
4.572621312000000000e+09
1.136174592000000000e+09
1.643188608000000000e+09
2.297774080000000000e+09
2.712876544000000000e+09
1.420434432000000000e+09
1.433454336000000000e+09
1.936967552000000000e+09
8.202422400000000000e+08
9.556562560000000000e+08
2.340483328000000000e+09
9.110142720000000000e+08
6.482947840000000000e+08
7.966592000000000000e+08
1.350808448000000000e+09
9.014241280000000000e+08
8.237411840000000000e+08
5.352175360000000000e+08
1.033537984000000000e+09
1.335819776000000000e+09
1.575337984000000000e+09
2.259001856000000000e+09
1.218428544000000000e+09
7.953237760000000000e+08
1.157837312000000000e+09
9.000785920000000000e+08
1.245466368000000000e+09
9.689306240000000000e+08
8.210254720000000000e+08
8.379794944000000000e+09
2.210853632000000000e+09
2.042358016000000000e+09
1.135652352000000000e+09
1.533643008000000000e+09
8.505636480000000000e+08
8.560154880000000000e+08
8.481212160000000000e+08
1.021151424000000000e+09
8.284888320000000000e+08
9.336087040000000000e+08
8.280905600000000000e+08
8.479403520000000000e+08
5.331045888000000000e+09
7.950539520000000000e+08
1.563612800000000000e+09
3.021725696000000000e+09
9.819902720000000000e+08
5.818876160000000000e+08
3.033757696000000000e+09
7.531684480000000000e+08
1.850470528000000000e+09
8.572156160000000000e+08
2.539672064000000000e+09
1.072587520000000000e+09
8.035224960000000000e+08
1.113910528000000000e+09
9.736725120000000000e+08
1.716165376000000000e+09
8.079924480000000000e+08
5.935100416000000000e+09
7.079962240000000000e+08
9.169936640000000000e+08
1.937036672000000000e+09
2.096582528000000000e+09
1.585288064000000000e+09
1.500128512000000000e+09
6.469362560000000000e+08
4.808806720000000000e+08
7.902160000000000000e+08
1.735084416000000000e+09
8.741169280000000000e+08
2.807390720000000000e+09
8.263080960000000000e+08
8.099349120000000000e+08
2.858663424000000000e+09
1.246195072000000000e+09
5.557214080000000000e+08
1.097343232000000000e+09
1.754613504000000000e+09
1.236251392000000000e+09
2.695719936000000000e+09
6.704741120000000000e+08
4.894163200000000000e+08
2.016974976000000000e+09
1.697120000000000000e+09
1.573403136000000000e+09
8.811462400000000000e+08
9.193770240000000000e+08
6.077333760000000000e+08
6.789234560000000000e+08
1.208397184000000000e+09
9.747119360000000000e+08
2.560081664000000000e+09
6.357969920000000000e+09
1.264334720000000000e+09
8.748149760000000000e+08
5.650409472000000000e+09
1.049609728000000000e+09
1.477621504000000000e+09
1.249744384000000000e+09
1.154004736000000000e+09
3.731685120000000000e+09
8.496398080000000000e+08
1.301489536000000000e+09
6.434499840000000000e+08
1.588912640000000000e+09
8.435328640000000000e+08
1.441693696000000000e+09
2.063042560000000000e+09
7.998230400000000000e+08
1.362607744000000000e+09
6.479870720000000000e+08
8.188955520000000000e+08
7.531937920000000000e+08
7.542065920000000000e+08
9.707969920000000000e+08
2.621286912000000000e+09
3.323330304000000000e+09
6.111897088000000000e+09
1.820946816000000000e+09
1.592715520000000000e+09
8.645390720000000000e+08
9.619277440000000000e+08
1.121853184000000000e+09
8.848692480000000000e+08
1.093444480000000000e+09
1.307582464000000000e+09
4.833416320000000000e+08
8.617271680000000000e+08
1.068741568000000000e+09
9.216526720000000000e+08
5.373673600000000000e+08
7.446303744000000000e+09
1.096499456000000000e+09
1.092404992000000000e+09
1.315717888000000000e+09
1.547713152000000000e+09
9.384691200000000000e+08
1.458911104000000000e+09
1.269990784000000000e+09
2.450641664000000000e+09
4.935992000000000000e+08
7.740806400000000000e+08
1.057182464000000000e+09
9.855176960000000000e+08
7.616088320000000000e+08
2.821944064000000000e+09
1.123664640000000000e+09
8.673824640000000000e+08
6.212544512000000000e+09
9.413614080000000000e+08
6.064953600000000000e+08
8.007792640000000000e+08
7.719822080000000000e+08
1.455264768000000000e+09
1.397061504000000000e+09
6.795158400000000000e+08
2.116035328000000000e+09
9.166704640000000000e+08
8.637318400000000000e+08
6.403435520000000000e+08
9.969370240000000000e+08
1.958071296000000000e+09
2.160131328000000000e+09
1.191776128000000000e+09
3.609206272000000000e+09
1.079288832000000000e+09
2.186825216000000000e+09
1.656643968000000000e+09
6.609496064000000000e+09
8.788931200000000000e+08
1.817672192000000000e+09
1.576632064000000000e+09
8.507830400000000000e+08
1.171666560000000000e+09
1.184907008000000000e+09
8.130534400000000000e+08
5.744448000000000000e+08
5.339022080000000000e+08
2.929279488000000000e+09
5.310556800000000000e+08
7.212950400000000000e+08
9.096416000000000000e+08
9.099799680000000000e+08
1.375199360000000000e+09
9.433486080000000000e+08
7.655309440000000000e+08
1.415796736000000000e+09
6.641636480000000000e+08
2.929480960000000000e+09
2.743924224000000000e+09
7.204165760000000000e+08
1.456683264000000000e+09
5.675608960000000000e+08
1.005108736000000000e+09
6.819035520000000000e+08
5.829916672000000000e+09
1.201060480000000000e+09
1.552522240000000000e+09
8.911799680000000000e+08
1.784556544000000000e+09
6.400858880000000000e+08
5.802641408000000000e+09
1.243551104000000000e+09
8.620286720000000000e+08
8.969112960000000000e+08
3.026672384000000000e+09
1.039081216000000000e+09
9.130193280000000000e+08
6.729128320000000000e+08
5.503496960000000000e+08
1.376284928000000000e+09
1.647368320000000000e+09
1.243820928000000000e+09
2.662138112000000000e+09
1.475338368000000000e+09
6.885608960000000000e+08
1.020309184000000000e+09
9.990951680000000000e+08
1.062334528000000000e+09
1.322712704000000000e+09
3.964079104000000000e+09
9.713095680000000000e+08
6.676247040000000000e+08
7.022369280000000000e+08
1.084541824000000000e+09
1.386218496000000000e+09
6.003083776000000000e+09
1.448703104000000000e+09
6.313171200000000000e+08
1.130196992000000000e+09
1.162775424000000000e+09
1.352453888000000000e+09
7.839735040000000000e+08
5.937340160000000000e+08
1.978803456000000000e+09
1.145601024000000000e+09
8.381540480000000000e+08
2.829551616000000000e+09
7.243274240000000000e+08
1.105421696000000000e+09
7.891004800000000000e+08
9.081930240000000000e+08
2.316459264000000000e+09
1.470956032000000000e+09
7.072604800000000000e+08
7.110046720000000000e+08
8.618723200000000000e+08
1.118833024000000000e+09
2.209141248000000000e+09
1.087913600000000000e+09
7.562305280000000000e+08
9.773396480000000000e+08
8.700637440000000000e+08
8.328577280000000000e+08
7.955774080000000000e+08
2.142280704000000000e+09
1.015069952000000000e+09
6.800151040000000000e+08
9.887326720000000000e+08
6.801248768000000000e+09
7.276768640000000000e+08
1.049442240000000000e+09
2.476727296000000000e+09
2.597907200000000000e+09
8.368693120000000000e+08
8.897375360000000000e+08
1.240983040000000000e+09
1.110739456000000000e+09
1.385566976000000000e+09
1.016567232000000000e+09
6.140520960000000000e+08
8.589013760000000000e+08
7.980905600000000000e+08
6.950624000000000000e+08
7.305488000000000000e+08
1.405817856000000000e+09
1.013920064000000000e+09
6.617820160000000000e+09
6.654674560000000000e+08
1.744199552000000000e+09
6.934457600000000000e+08
2.730604544000000000e+09
1.698949376000000000e+09
8.571411200000000000e+08
8.137978880000000000e+08
1.355891328000000000e+09
1.387446656000000000e+09
1.808382592000000000e+09
7.727892480000000000e+08
1.750948096000000000e+09
1.211924352000000000e+09
1.041308480000000000e+09
1.013540288000000000e+09
7.116344832000000000e+09
8.727280000000000000e+08
2.393080832000000000e+09
9.655719680000000000e+08
1.503677952000000000e+09
7.756521600000000000e+08
2.898119168000000000e+09
5.187762240000000000e+08
1.543892736000000000e+09
4.844948480000000000e+08
5.327324800000000000e+08
5.996834560000000000e+08
2.195721984000000000e+09
7.607918720000000000e+08
5.585957120000000000e+08
1.075436288000000000e+09
7.743973760000000000e+08
1.712144640000000000e+09
6.705377920000000000e+08
1.113507840000000000e+09
6.879838208000000000e+09
1.030819776000000000e+09
8.459568000000000000e+08
9.610518400000000000e+08
5.304613120000000000e+08
1.311565440000000000e+09
2.842105088000000000e+09
1.912568704000000000e+09
9.733036800000000000e+08
5.563014400000000000e+08
2.892233216000000000e+09
4.552424000000000000e+08
8.685926400000000000e+08
1.788702464000000000e+09
1.950132736000000000e+09
5.631102720000000000e+08
9.517840000000000000e+08
1.162215296000000000e+09
8.600233600000000000e+08
7.539045888000000000e+09
5.817258240000000000e+08
8.654552320000000000e+08
1.466292608000000000e+09
7.650748800000000000e+08
1.439094400000000000e+09
7.214172160000000000e+08
4.073384704000000000e+09
7.099526400000000000e+08
7.976779520000000000e+08
1.037879040000000000e+09
2.711647680000000000e+08
1.288462336000000000e+09
6.619006464000000000e+09
5.395800320000000000e+08
1.038559488000000000e+09
7.780905600000000000e+08
2.105425664000000000e+09
6.917353600000000000e+08
6.466019840000000000e+08
1.057407296000000000e+09
2.898220544000000000e+09
1.654433024000000000e+09
1.055680000000000000e+09
6.235479040000000000e+08
4.703006080000000000e+08
8.651959040000000000e+08
5.828752000000000000e+08
2.622416128000000000e+09
1.161443712000000000e+09
8.761595520000000000e+08
6.484477440000000000e+08
7.109937280000000000e+08
2.819634944000000000e+09
7.732656640000000000e+08
1.146083456000000000e+09
5.401072000000000000e+08
8.381586560000000000e+08
1.246868480000000000e+09
2.097172352000000000e+09
5.064481920000000000e+08
1.276015744000000000e+09
8.572599680000000000e+08
6.425633280000000000e+09
1.338890496000000000e+09
2.052236160000000000e+09
7.190494080000000000e+08
1.171847680000000000e+09
7.248353920000000000e+08
6.475198080000000000e+08
5.198353280000000000e+08
1.250221952000000000e+09
6.019949440000000000e+08
6.535466240000000000e+08
1.331604608000000000e+09
1.029113088000000000e+09
3.395948800000000000e+09
8.737345280000000000e+08
1.567461504000000000e+09
1.092562944000000000e+09
8.709347200000000000e+08
7.602417664000000000e+09
5.190584000000000000e+08
1.254683648000000000e+09
6.855967360000000000e+08
1.277493632000000000e+09
8.451640320000000000e+08
9.939758080000000000e+08
7.448103040000000000e+08
3.577271680000000000e+08
1.050560896000000000e+09
6.991487360000000000e+08
1.191900800000000000e+09
1.163765504000000000e+09
8.102430720000000000e+08
1.311250560000000000e+09
7.247675904000000000e+09
2.035862016000000000e+09
8.262312320000000000e+08
7.869228160000000000e+08
4.028080320000000000e+08
7.044645760000000000e+08
8.089729920000000000e+08
3.032040448000000000e+09
1.508763520000000000e+09
5.096291840000000000e+08
6.122573312000000000e+09
7.897230080000000000e+08
6.717479680000000000e+08
1.538148096000000000e+09
6.332422400000000000e+08
1.078408960000000000e+09
2.405973504000000000e+09
4.326491520000000000e+08
3.568087040000000000e+09
4.850690880000000000e+08
9.264853760000000000e+08
1.751862272000000000e+09
1.451674496000000000e+09
6.227661440000000000e+08
6.732701440000000000e+08
9.390480000000000000e+08
1.487912960000000000e+09
9.468659200000000000e+08
4.693180800000000000e+08
1.168688896000000000e+09
5.972787712000000000e+09
1.023886848000000000e+09
2.410142464000000000e+09
7.498097920000000000e+08
8.825252480000000000e+08
8.222830720000000000e+08
1.879630976000000000e+09
7.307786880000000000e+08
6.483827200000000000e+08
9.508130560000000000e+08
1.191237248000000000e+09
7.379873920000000000e+08
1.937715712000000000e+09
9.138970240000000000e+08
3.134275072000000000e+09
7.880331520000000000e+08
6.388930560000000000e+08
5.883568000000000000e+08
9.472099840000000000e+08
1.563342976000000000e+09
6.685192960000000000e+08
3.900520000000000000e+08
9.396275840000000000e+08
5.875863680000000000e+08
1.206705024000000000e+09
1.591342208000000000e+09
8.007938560000000000e+08
3.577598464000000000e+09
8.406212480000000000e+08
6.368024320000000000e+08
7.160758400000000000e+08
7.178528768000000000e+09
2.460039680000000000e+09
7.127398400000000000e+08
1.134086784000000000e+09
3.896949760000000000e+09
5.200591360000000000e+08
1.042482496000000000e+09
4.547221760000000000e+08
7.147774080000000000e+08
9.514144000000000000e+08
6.131813888000000000e+09
1.256672256000000000e+09
2.013580032000000000e+09
1.376568832000000000e+09
5.637272960000000000e+08
9.441217920000000000e+08
1.225319168000000000e+09
8.276735360000000000e+08
1.214767104000000000e+09
8.782340480000000000e+08
6.942720000000000000e+08
9.287443200000000000e+08
3.433846016000000000e+09
1.237503360000000000e+09
6.513747200000000000e+08
1.827781888000000000e+09
5.016955840000000000e+08
1.112275200000000000e+09
1.037698048000000000e+09
8.787705600000000000e+08
8.112296320000000000e+08
1.474292480000000000e+09
1.718023552000000000e+09
5.266525440000000000e+08
6.840859648000000000e+09
6.592434560000000000e+08
6.281842560000000000e+08
1.515674496000000000e+09
4.354795200000000000e+08
1.100173056000000000e+09
7.410179840000000000e+08
1.847554176000000000e+09
1.229341568000000000e+09
5.696889600000000000e+08
8.501646080000000000e+08
6.589580800000000000e+08
9.173548800000000000e+08
6.919428480000000000e+08
1.704930688000000000e+09
5.113213760000000000e+08
8.986897408000000000e+09
8.742624000000000000e+08
5.850956800000000000e+08
2.387491840000000000e+09
8.851354880000000000e+08
6.650473600000000000e+08
9.272247040000000000e+08
4.743693120000000000e+08
1.365048832000000000e+09
4.913457920000000000e+08
8.720968960000000000e+08
1.387264128000000000e+09
5.864090240000000000e+08
1.683414144000000000e+09
1.941435008000000000e+09
1.378919040000000000e+09
6.346376960000000000e+08
1.196580352000000000e+09
1.128645760000000000e+09
6.367169920000000000e+08
7.223930880000000000e+08
3.410738432000000000e+09
1.120013696000000000e+09
5.951980032000000000e+09
1.215639808000000000e+09
1.637763328000000000e+09
1.805668864000000000e+09
7.158640000000000000e+08
2.056330624000000000e+09
9.637614720000000000e+08
1.559644672000000000e+09
4.636831680000000000e+08
1.663367424000000000e+09
9.862467200000000000e+08
6.732572160000000000e+08
7.341419008000000000e+09
1.478978432000000000e+09
4.958709120000000000e+08
3.104073472000000000e+09
8.091479040000000000e+08
5.286227520000000000e+08
6.703025920000000000e+08
1.088705664000000000e+09
1.013275456000000000e+09
6.795736320000000000e+08
1.944765184000000000e+09
1.846673408000000000e+09
5.492483840000000000e+08
6.410398080000000000e+08
3.685607360000000000e+08
1.085610368000000000e+09
1.635474944000000000e+09
1.119725312000000000e+09
8.798981760000000000e+08
3.462644992000000000e+09
9.326443520000000000e+08
7.283289600000000000e+08
9.776403840000000000e+08
6.577286144000000000e+09
1.018107072000000000e+09
9.114474880000000000e+08
6.510649600000000000e+08
9.189492480000000000e+08
5.789524480000000000e+08
1.033998848000000000e+09
1.957056384000000000e+09
8.198996480000000000e+08
4.420968320000000000e+08
1.470512640000000000e+09
1.139935488000000000e+09
6.695643648000000000e+09
1.839827968000000000e+09
3.619731968000000000e+09
5.052929600000000000e+08
9.129857280000000000e+08
7.442451840000000000e+08
7.849626880000000000e+08
8.652504960000000000e+08
2.130680960000000000e+09
2.769010432000000000e+09
5.987918080000000000e+08
1.674397696000000000e+09
3.909824640000000000e+08
1.034828800000000000e+09
6.184193536000000000e+09
1.560012032000000000e+09
7.345776640000000000e+08
4.954960000000000000e+08
8.547740160000000000e+08
1.015696640000000000e+09
6.357110400000000000e+08
2.136254464000000000e+09
5.745643520000000000e+08
9.687113600000000000e+08
7.551461760000000000e+08
7.262506240000000000e+08
1.479826176000000000e+09
6.802451840000000000e+08
1.074610944000000000e+09
2.861784832000000000e+09
1.288969600000000000e+09
7.490745600000000000e+08
9.293212800000000000e+08
9.110974720000000000e+08
5.903041536000000000e+09
2.066784640000000000e+09
1.714881664000000000e+09
8.596876160000000000e+08
7.147221120000000000e+08
7.523932800000000000e+08
1.092136576000000000e+09
5.721218560000000000e+08
4.611004800000000000e+08
1.019799936000000000e+09
6.317364480000000000e+08
6.729489920000000000e+08
1.087167104000000000e+09
2.273193984000000000e+09
4.879484800000000000e+08
6.297533440000000000e+09
2.836717312000000000e+09
8.233128960000000000e+08
9.540939520000000000e+08
1.413909248000000000e+09
1.019763200000000000e+09
6.045776000000000000e+08
4.103427840000000000e+08
3.096705536000000000e+09
1.172659584000000000e+09
5.726549120000000000e+08
5.544968960000000000e+08
5.473769600000000000e+08
1.037801984000000000e+09
9.450214400000000000e+08
6.888654720000000000e+08
7.357627520000000000e+08
5.895384320000000000e+08
1.060015232000000000e+09
9.716716160000000000e+08
7.016119680000000000e+08
4.881198080000000000e+08
5.819671040000000000e+09
1.407468288000000000e+09
6.740952960000000000e+08
1.072327232000000000e+09
6.157075200000000000e+08
1.142035712000000000e+09
1.029034752000000000e+09
1.246548352000000000e+09
4.977586688000000000e+09
1.164759552000000000e+09
7.633470720000000000e+08
1.770665600000000000e+09
8.206439040000000000e+08
2.931599616000000000e+09
7.577131008000000000e+09
1.087182336000000000e+09
5.587182720000000000e+08
7.659920000000000000e+08
1.050128064000000000e+09
1.089694592000000000e+09
1.159360256000000000e+09
1.322091392000000000e+09
7.733738240000000000e+08
8.685399680000000000e+08
1.000079744000000000e+09
8.042691200000000000e+08
4.239605120000000000e+08
1.046040000000000000e+09
7.910373120000000000e+08
7.454013440000000000e+08
8.080147840000000000e+08
8.064200960000000000e+08
8.372154880000000000e+08
4.095882496000000000e+09
9.973510400000000000e+08
7.412880000000000000e+08
1.312703744000000000e+09
4.828795200000000000e+08
6.089397120000000000e+08
7.538526080000000000e+08
1.205835264000000000e+09
1.069115968000000000e+09
1.299852416000000000e+09
4.727608960000000000e+08
7.215739392000000000e+09
1.011322368000000000e+09
6.122011520000000000e+08
9.547770880000000000e+08
1.871209600000000000e+09
6.975473920000000000e+08
5.653249280000000000e+08
1.222965760000000000e+09
5.890483200000000000e+08
1.159346176000000000e+09
6.954604160000000000e+08
9.438517120000000000e+08
6.785512320000000000e+08
6.458295296000000000e+09
9.405381120000000000e+08
2.090459776000000000e+09
5.335567040000000000e+08
1.344984960000000000e+09
2.426234624000000000e+09
7.817149440000000000e+08
5.242082240000000000e+08
8.953069440000000000e+08
1.124496640000000000e+09
8.912371840000000000e+08
5.152296000000000000e+08
5.740844800000000000e+08
6.415395840000000000e+08
7.914632960000000000e+08
2.331477248000000000e+09
1.795644288000000000e+09
3.011934720000000000e+09
6.353647616000000000e+09
5.816490880000000000e+08
1.136320896000000000e+09
8.990858880000000000e+08
1.247372416000000000e+09
7.501758720000000000e+08
6.465840000000000000e+08
4.855928320000000000e+08
8.202178560000000000e+08
1.541545472000000000e+09
4.833243200000000000e+08
6.758626560000000000e+08
6.712438400000000000e+08
6.584389760000000000e+08
8.593015040000000000e+08
6.462360576000000000e+09
2.023353728000000000e+09
1.079956992000000000e+09
1.452453760000000000e+09
1.386067968000000000e+09
7.148111360000000000e+08
7.805509120000000000e+08
8.246043520000000000e+08
2.872481536000000000e+09
3.703082240000000000e+09
6.159233280000000000e+08
1.172020480000000000e+09
9.779981440000000000e+08
1.359115776000000000e+09
8.687463680000000000e+08
4.203095360000000000e+08
5.638764800000000000e+08
8.386425600000000000e+08
6.470463488000000000e+09
8.791964160000000000e+08
7.587324160000000000e+08
8.542004480000000000e+08
4.215485440000000000e+08
2.824783872000000000e+09
4.248240320000000000e+08
1.039614144000000000e+09
4.177928000000000000e+08
1.219298304000000000e+09
7.330312320000000000e+08
4.987970240000000000e+08
4.521283200000000000e+08
5.328973440000000000e+08
4.337271360000000000e+08
5.771104768000000000e+09
9.643312000000000000e+08
9.958997120000000000e+08
1.032031680000000000e+09
7.792560640000000000e+08
1.317315072000000000e+09
2.141998464000000000e+09
1.657861888000000000e+09
1.290035200000000000e+09
9.731782400000000000e+08
1.118664448000000000e+09
2.961024768000000000e+09
3.977106560000000000e+08
6.081599360000000000e+08
1.150108800000000000e+09
4.189685120000000000e+08
5.643271680000000000e+09
8.523411840000000000e+08
4.209227200000000000e+08
1.917347712000000000e+09
5.888830720000000000e+08
1.187971840000000000e+09
1.103269632000000000e+09
1.319265408000000000e+09
4.513757120000000000e+08
6.302217600000000000e+08
9.942042880000000000e+08
6.384832640000000000e+08
4.062060032000000000e+09
2.177907712000000000e+09
3.098150400000000000e+09
1.004502592000000000e+09
5.295418880000000000e+08
6.615148160000000000e+08
5.129206720000000000e+08
5.286280960000000000e+08
1.312020608000000000e+09
9.003152000000000000e+08
9.815765120000000000e+08
3.856791680000000000e+08
6.499473280000000000e+08
5.884194304000000000e+09
7.228369920000000000e+08
6.444517760000000000e+08
7.892566400000000000e+08
1.844899584000000000e+09
2.006411008000000000e+09
1.940828160000000000e+09
1.098310016000000000e+09
8.872846080000000000e+08
1.134423552000000000e+09
7.149658880000000000e+08
6.070053760000000000e+08
7.505948160000000000e+08
4.832395200000000000e+08
4.041113280000000000e+08
7.575500800000000000e+08
5.621178368000000000e+09
1.452866560000000000e+09
3.852486400000000000e+09
1.547991936000000000e+09
8.284229120000000000e+08
8.567445120000000000e+08
1.164666240000000000e+09
5.395696640000000000e+08
1.878805120000000000e+09
6.062012160000000000e+08
1.060635968000000000e+09
6.617128960000000000e+08
6.009078400000000000e+08
4.028910720000000000e+08
9.725020160000000000e+08
5.098800000000000000e+08
8.511980160000000000e+08
6.817623040000000000e+08
1.669917184000000000e+09
8.092483840000000000e+08
5.583541760000000000e+09
2.900953856000000000e+09
9.789352960000000000e+08
1.183872000000000000e+09
5.505845760000000000e+08
7.688393600000000000e+08
1.326050432000000000e+09
8.458844160000000000e+08
6.787783680000000000e+08
4.496089600000000000e+08
1.876467328000000000e+09
8.898413440000000000e+08
8.743516160000000000e+08
1.695230592000000000e+09
9.541296640000000000e+08
3.183171840000000000e+09
5.897504256000000000e+09
7.715440640000000000e+08
5.129812160000000000e+08
1.335149312000000000e+09
1.166965888000000000e+09
6.095719680000000000e+08
1.269536512000000000e+09
1.345229184000000000e+09
7.790659840000000000e+08
5.417040000000000000e+08
4.872153600000000000e+09
9.631988480000000000e+08
5.284148480000000000e+08
1.202358656000000000e+09
5.775193600000000000e+08
1.901346816000000000e+09
6.612026880000000000e+08
7.083424000000000000e+08
1.038368960000000000e+09
5.725653504000000000e+09
5.312789120000000000e+08
1.353545728000000000e+09
3.978700800000000000e+08
8.350744320000000000e+08
1.148802176000000000e+09
7.592654720000000000e+08
8.724291200000000000e+08
1.608028032000000000e+09
4.231174720000000000e+08
9.371649920000000000e+08
7.771505280000000000e+08
6.278436864000000000e+09
6.745857280000000000e+08
1.049529344000000000e+09
1.035627264000000000e+09
6.773483520000000000e+08
5.688625920000000000e+08
4.216758720000000000e+08
7.316311680000000000e+08
1.430133760000000000e+09
1.139535232000000000e+09
1.598308224000000000e+09
3.787608320000000000e+09
8.040724480000000000e+08
5.726724480000000000e+08
1.430821504000000000e+09
8.057833600000000000e+08
7.279915520000000000e+08
7.412325760000000000e+08
1.414855808000000000e+09
7.253592320000000000e+08
7.603579520000000000e+08
1.370518272000000000e+09
1.003595136000000000e+09
6.100512640000000000e+08
1.900215936000000000e+09
4.167676160000000000e+08
6.591048320000000000e+08
1.129152768000000000e+09
4.303653440000000000e+08
2.982799104000000000e+09
5.918609920000000000e+09
8.229451520000000000e+08
6.227621120000000000e+08
1.744713088000000000e+09
1.062344832000000000e+09
1.025092224000000000e+09
8.700694400000000000e+08
3.815640960000000000e+08
4.405798080000000000e+08
2.076557440000000000e+09
1.150841088000000000e+09
1.095310464000000000e+09
1.015716992000000000e+09
5.878859776000000000e+09
1.207022208000000000e+09
9.587512320000000000e+08
5.421267840000000000e+08
9.875070080000000000e+08
2.444248832000000000e+09
5.944365440000000000e+08
1.530414080000000000e+09
2.816898304000000000e+09
6.324019840000000000e+08
4.167986560000000000e+08
6.375197440000000000e+08
1.444624000000000000e+09
1.019251520000000000e+09
9.155648000000000000e+08
5.389927680000000000e+08
2.785592320000000000e+09
5.952423936000000000e+09
1.073192256000000000e+09
1.192706688000000000e+09
1.039346496000000000e+09
4.354736960000000000e+08
4.245251840000000000e+08
5.455525760000000000e+08
9.002035200000000000e+08
4.359214400000000000e+08
8.028231040000000000e+08
5.674513280000000000e+08
2.050243840000000000e+09
3.439087360000000000e+09
6.577825280000000000e+08
5.764595200000000000e+08
1.002223168000000000e+09
9.580874240000000000e+08
6.182304000000000000e+08
6.018877440000000000e+09
9.661533440000000000e+08
1.487892224000000000e+09
8.950641280000000000e+08
5.547268480000000000e+08
6.630749440000000000e+08
6.895421440000000000e+08
1.374531072000000000e+09
5.094620160000000000e+08
1.149510784000000000e+09
6.752871040000000000e+08
8.948413440000000000e+08
2.348619008000000000e+09
7.594056960000000000e+08
8.693153920000000000e+08
5.817786880000000000e+08
7.379148160000000000e+08
1.397780480000000000e+09
7.134380800000000000e+08
5.697273344000000000e+09
1.162942336000000000e+09
8.516787840000000000e+08
7.812986880000000000e+08
5.311609920000000000e+08
3.422573568000000000e+09
6.371705600000000000e+08
8.135662720000000000e+08
1.941708800000000000e+09
8.852183040000000000e+08
2.733382656000000000e+09
5.144602624000000000e+09
1.514883200000000000e+09
9.390207360000000000e+08
9.775082240000000000e+08
6.216602240000000000e+08
1.958933120000000000e+09
4.436993920000000000e+08
4.585490560000000000e+08
5.877987200000000000e+08
1.240146688000000000e+09
1.196550272000000000e+09
5.733103360000000000e+08
8.123038720000000000e+08
9.758513280000000000e+08
3.348730560000000000e+08
5.897514240000000000e+08
7.852739840000000000e+08
1.071162688000000000e+09
1.096292864000000000e+09
5.207506880000000000e+08
6.278838400000000000e+08
3.161934336000000000e+09
9.932510720000000000e+08
9.545160320000000000e+08
5.288668672000000000e+09
6.340948480000000000e+08
1.171820032000000000e+09
2.072422656000000000e+09
1.134552960000000000e+09
1.962804992000000000e+09
8.834247680000000000e+08
5.063142400000000000e+08
6.937144320000000000e+08
1.266991488000000000e+09
6.422742400000000000e+08
5.450980864000000000e+09
5.054129600000000000e+08
5.546152960000000000e+08
4.048264960000000000e+08
1.206705664000000000e+09
1.940769536000000000e+09
1.474424448000000000e+09
2.494950400000000000e+09
1.006939072000000000e+09
7.559617920000000000e+08
9.739648000000000000e+08
1.037958720000000000e+09
1.782680960000000000e+09
1.178572928000000000e+09
8.703006720000000000e+08
6.835298816000000000e+09
8.242225920000000000e+08
1.520701568000000000e+09
7.115059840000000000e+08
8.852085760000000000e+08
1.246125824000000000e+09
8.435739520000000000e+08
8.523857920000000000e+08
5.656635520000000000e+08
6.872387840000000000e+08
2.951816192000000000e+09
5.228212160000000000e+08
7.284929920000000000e+08
1.059804096000000000e+09
4.300720960000000000e+08
8.821953280000000000e+08
6.889276160000000000e+08
9.651833600000000000e+08
7.756294400000000000e+08
6.067685120000000000e+08
1.772891520000000000e+09
5.976625280000000000e+08
7.171520000000000000e+08
5.459436800000000000e+08
4.677924800000000000e+08
5.595583360000000000e+08
3.022778880000000000e+09
8.296874240000000000e+08
1.387948928000000000e+09
8.152446080000000000e+08
5.485153792000000000e+09
1.179141120000000000e+09
5.344352000000000000e+08
9.919427840000000000e+08
1.181857664000000000e+09
1.560033280000000000e+09
1.012254336000000000e+09
3.888903680000000000e+08
6.936847360000000000e+08
7.002666880000000000e+08
5.311237632000000000e+09
5.514327680000000000e+08
9.254769280000000000e+08
7.185148160000000000e+08
1.216130816000000000e+09
7.660385280000000000e+08
1.380648704000000000e+09
1.600766464000000000e+09
5.278938240000000000e+08
2.897309440000000000e+09
9.197626880000000000e+08
9.554583040000000000e+08
6.604577920000000000e+08
5.494401920000000000e+08
9.899863680000000000e+08
7.010369920000000000e+08
4.543814080000000000e+08
9.154809600000000000e+08
2.698117376000000000e+09
5.125449600000000000e+08
1.786827264000000000e+09
6.873327360000000000e+08
8.288343040000000000e+08
1.050865664000000000e+09
6.513900800000000000e+08
5.081537536000000000e+09
6.479678080000000000e+08
9.156967680000000000e+08
5.322194560000000000e+08
8.135809920000000000e+08
1.308117120000000000e+09
2.118725504000000000e+09
5.944841600000000000e+08
1.016251968000000000e+09
1.028355456000000000e+09
3.090104320000000000e+09
7.095020160000000000e+08
8.231285120000000000e+08
5.017301760000000000e+08
1.594495744000000000e+09
8.569031040000000000e+08
6.501650560000000000e+08
4.997539520000000000e+08
2.894672640000000000e+09
9.331889280000000000e+08
5.464985088000000000e+09
5.697955200000000000e+08
4.853944960000000000e+08
8.898362880000000000e+08
5.180746560000000000e+08
