2.132408814164075011e+03
1.935764652122203870e+03
1.803418075107152845e+03
1.706705126378249588e+03
1.640621501183294640e+03
1.590126637924690840e+03
1.557046628363630816e+03
1.531254202242089377e+03
1.512563655385849643e+03
1.498675001266215077e+03
1.488786764108785064e+03
1.449950100090904243e+03
1.414564866776649524e+03
1.392628410544274402e+03
1.367258990764400551e+03
1.344822867491305033e+03
1.327304514933298606e+03
1.312862353569592642e+03
1.291718818956500627e+03
1.284124803181111247e+03
1.268291741686030946e+03
1.251310065954646007e+03
1.239993380066480768e+03
1.234969355953793638e+03
1.225178479751573377e+03
1.210060245236347328e+03
1.203513734921595187e+03
1.191673761405859068e+03
1.184657005335238409e+03
1.178324706116051175e+03
1.167907798624085217e+03
1.156461890573064238e+03
1.147577016454953309e+03
1.138650958721372717e+03
1.129227413201007039e+03
1.125771794518468596e+03
1.119991925436732117e+03
1.105999030321665259e+03
1.096441887011893868e+03
1.093355913517272029e+03
1.088309248462887581e+03
1.083039673019106658e+03
1.075507219738735557e+03
1.072701911671806329e+03
1.068411731958006612e+03
1.059718398471014098e+03
1.051353148793620676e+03
1.040298195822661228e+03
1.036495455361723771e+03
1.029318389919312949e+03
1.023080384165275746e+03
1.017782300688218356e+03
1.014766522729329040e+03
1.012214332576092147e+03
1.006812551095524555e+03
1.002019433408123177e+03
9.954577885051943440e+02
9.926692459646657198e+02
9.896586675520351264e+02
