1.113700548885695953e+11
9.107583751514753723e+10
7.517288472636953735e+10
6.290440117673006439e+10
5.310301359671704865e+10
4.529409006692562103e+10
3.923141806486711884e+10
3.443985473805493164e+10
3.053716058575152588e+10
2.735369489295521927e+10
2.476999139509243011e+10
2.265896244172597122e+10
2.104067806701594925e+10
1.947055821862085724e+10
1.831038341821694946e+10
1.725328711333838654e+10
1.649631949542663002e+10
1.574881055375813484e+10
1.508270581500088310e+10
1.449272723639678192e+10
1.392412047456971550e+10
1.350309967281251717e+10
1.314461349506484222e+10
1.282883358357835388e+10
1.258198865432297707e+10
1.223507131609401512e+10
1.202682022797487068e+10
1.179293082681078148e+10
1.159270131760491943e+10
1.142037698320837021e+10
1.119877669820882607e+10
1.103722278693119049e+10
1.085491912723089218e+10
1.066819084899931145e+10
1.054112444017715073e+10
1.041740120065148354e+10
1.030972968085261345e+10
1.018088664951184273e+10
1.008486415576238251e+10
9.990639838347164154e+09
9.894385480095939636e+09
9.799177920851289749e+09
9.722575665237180710e+09
9.588307282816877365e+09
9.493643777669891357e+09
9.386459960567592621e+09
9.302676352244039536e+09
9.223577119083631516e+09
9.137498290513055801e+09
9.045566486562601089e+09
8.967194959803953171e+09
8.904535025898437500e+09
8.836751944119703293e+09
8.767284913662675858e+09
8.699389644929786682e+09
8.628573133787996292e+09
8.571011055990256310e+09
8.500921034895076752e+09
8.445223058177542686e+09
8.391985103838625908e+09
8.334915253382224083e+09
8.280994249026622772e+09
8.227838126994613647e+09
8.145893461268873215e+09
8.099102087251742363e+09
8.016438215058455467e+09
7.979742058648110390e+09
7.926342185978500366e+09
7.860881199261757851e+09
7.813194769757122993e+09
7.781785060284051895e+09
7.730500217449590683e+09
7.673429675990323067e+09
7.629833060864329338e+09
7.573714888547460556e+09
7.540415898260450363e+09
7.491637382591597557e+09
7.459433332414900780e+09
7.412802360201177597e+09
7.372166565676772118e+09
7.342412605554333687e+09
7.294146312431101799e+09
7.256814494740374565e+09
7.197114868306747437e+09
7.155483899984223366e+09
7.110383909662160873e+09
7.071231522502089500e+09
7.014335805065316200e+09
6.976208703594507217e+09
6.949011908292731285e+09
6.915457159577944756e+09
6.864725192852287292e+09
6.833268772501142502e+09
6.782297304717809677e+09
6.701751496770742416e+09
6.666087011860332489e+09
6.635153557117047310e+09
6.607232497070025444e+09
6.571129105791766167e+09
6.544552038693530083e+09
