1.122841000827857208e+11
9.217983048855708313e+10
7.610039484255964661e+10
6.395074826274141693e+10
5.397145255097995758e+10
4.626836783482170105e+10
4.007650855877597809e+10
3.529276744517222595e+10
3.120197672557649994e+10
2.809701871739111328e+10
2.552074024216580582e+10
2.326617922086541367e+10
2.138477185553077698e+10
1.991518600299299622e+10
1.873042404563746643e+10
1.773799837771426010e+10
1.690055427216034698e+10
1.609689478738320351e+10
1.544905949969781685e+10
1.485992708569806480e+10
1.431804361443308640e+10
1.390565456677519608e+10
1.354859712166499710e+10
1.317474605343248367e+10
1.282595012613821030e+10
1.257439162471763611e+10
1.232591364810361290e+10
1.205381003420998192e+10
1.185573603209433746e+10
1.162255954978044319e+10
1.142967382736742973e+10
1.128604719905893898e+10
1.113118449973686218e+10
1.098638943190357399e+10
1.084181378366287994e+10
1.068629852361704445e+10
1.056196773263294983e+10
1.038551891670543861e+10
1.028895360234540367e+10
1.016624648737708092e+10
1.007878076904474640e+10
9.990395157777706146e+09
9.861435364031156540e+09
9.774341239716449738e+09
9.677190315141246796e+09
9.596707415497085571e+09
9.496345794989713669e+09
9.401889836892761230e+09
9.309226008878101349e+09
9.246477664570636749e+09
9.179822685588359833e+09
9.101914174716243744e+09
9.033926128059614182e+09
8.974365147399959564e+09
8.902122367844175339e+09
8.842032028672710419e+09
8.789761116664188385e+09
8.725294593168540955e+09
8.670304152095163345e+09
8.600284102720710754e+09
8.524510874317972183e+09
8.472103421841734886e+09
8.418031879042404175e+09
8.376574464521788597e+09
8.318738295082285881e+09
8.275610450981710434e+09
8.217324892173005104e+09
8.161788791944797516e+09
8.108376960367484093e+09
8.056523673576893806e+09
8.017855051573412895e+09
7.971366552645685196e+09
7.907563556646155357e+09
7.866402350313549995e+09
7.832371670568745613e+09
7.795405354139873505e+09
7.751324314763727188e+09
7.702240921526434898e+09
7.656398234851011276e+09
7.619747310115585327e+09
7.570391477367285728e+09
7.523731599029390335e+09
7.478236995436489105e+09
7.450138528381981850e+09
7.421230706232577324e+09
7.385746766631065369e+09
7.334673789593176842e+09
7.279568843117172241e+09
7.241550438187368393e+09
7.196461106558690071e+09
7.147943900670099258e+09
7.080697180291896820e+09
7.033354863541457176e+09
6.998954345142630577e+09
6.932895843212198257e+09
6.846179085312727928e+09
6.788332206980630875e+09
6.746986570242545128e+09
6.695198905757837296e+09
6.661685552114738464e+09
