4.444514800000000000e+07
4.579722800000000000e+07
3.830114400000000000e+07
4.907004400000000000e+07
4.098254400000000000e+07
3.816600000000000000e+07
3.769316400000000000e+07
3.592032400000000000e+07
4.785766400000000000e+08
4.350838400000000000e+08
3.889884800000000000e+07
3.871029600000000000e+07
4.331190400000000000e+07
5.562186000000000000e+07
5.435534400000000000e+07
4.879860400000000000e+07
4.252234400000000000e+07
5.403653600000000000e+07
6.026434400000000000e+07
3.713516400000000000e+07
9.846779904000000000e+09
4.315857600000000000e+07
4.613082400000000000e+07
4.791888800000000000e+07
4.675796800000000000e+07
5.244450400000000000e+07
4.627158800000000000e+07
6.016169600000000000e+07
4.492688000000000000e+07
4.301548000000000000e+07
7.629169600000000000e+07
4.229241600000000000e+07
3.287417000000000000e+07
4.659569600000000000e+07
4.048062400000000000e+07
5.012441600000000000e+07
4.365059200000000000e+07
4.586150000000000000e+07
9.841463296000000000e+09
4.772558400000000000e+07
5.490588000000000000e+07
4.362717600000000000e+07
3.823367200000000000e+07
3.727636000000000000e+07
3.384012000000000000e+07
4.795992400000000000e+07
3.930409600000000000e+07
4.614582800000000000e+07
7.297088000000000000e+07
4.961384400000000000e+07
5.267072800000000000e+07
4.795157200000000000e+07
5.044166800000000000e+07
3.383378000000000000e+07
3.526638400000000000e+07
4.802942800000000000e+07
3.558726400000000000e+07
5.321417600000000000e+07
3.437059200000000000e+07
4.437316800000000000e+07
3.757551200000000000e+07
2.013635200000000000e+07
1.013746160000000000e+08
2.615143800000000000e+07
3.253006600000000000e+07
3.293768000000000000e+07
2.142589400000000000e+07
3.099470400000000000e+07
1.707251000000000000e+07
9.649847296000000000e+09
3.130251200000000000e+07
1.563803100000000000e+07
1.063226300000000000e+07
2.175745400000000000e+07
2.341764400000000000e+07
1.936989600000000000e+07
1.898656000000000000e+07
1.358638500000000000e+07
1.570193400000000000e+07
1.357058900000000000e+07
1.706406200000000000e+07
1.939258400000000000e+07
1.155356800000000000e+07
1.257193300000000000e+07
1.315298000000000000e+07
1.669249600000000000e+07
1.464510600000000000e+07
1.115487900000000000e+07
3.544698240000000000e+08
8.798939000000000000e+06
1.033448000000000000e+07
9.308128000000000000e+06
9.047989000000000000e+06
8.350219500000000000e+06
7.029730000000000000e+06
7.142127500000000000e+06
6.491066500000000000e+06
6.354739000000000000e+06
7.814146000000000000e+06
9.047187000000000000e+06
4.295292500000000000e+06
5.337634500000000000e+06
7.564546000000000000e+06
6.898471500000000000e+06
4.778126500000000000e+06
8.019797000000000000e+06
5.458435000000000000e+06
4.218693000000000000e+06
5.388326500000000000e+06
5.081199000000000000e+06
4.676143500000000000e+06
3.798973250000000000e+06
4.050367250000000000e+06
5.411251500000000000e+06
3.650703750000000000e+06
3.352321250000000000e+06
4.737373500000000000e+06
3.994934500000000000e+06
9.283888128000000000e+09
4.566599500000000000e+06
5.222852000000000000e+06
3.698544320000000000e+08
4.848774500000000000e+06
6.585069000000000000e+06
7.314272000000000000e+06
5.646846500000000000e+06
5.483619500000000000e+06
5.339452500000000000e+06
6.899785600000000000e+07
6.068986000000000000e+06
6.738232500000000000e+06
5.222160500000000000e+06
6.275757000000000000e+06
4.623986000000000000e+06
5.544344500000000000e+06
3.721436250000000000e+06
2.863802250000000000e+06
4.185864000000000000e+06
5.315382000000000000e+06
3.636629250000000000e+06
3.287881000000000000e+06
3.608230750000000000e+06
4.044461000000000000e+06
3.365266250000000000e+06
5.151272500000000000e+06
4.599983500000000000e+06
3.521452250000000000e+06
4.422080500000000000e+06
4.411556000000000000e+06
3.935983250000000000e+06
3.343314250000000000e+06
6.443394400000000000e+07
2.728236000000000000e+06
4.863863000000000000e+06
4.393371000000000000e+06
4.130990500000000000e+06
7.683489500000000000e+06
4.584041500000000000e+06
1.982515375000000000e+06
4.619673000000000000e+06
3.244296000000000000e+06
6.185392500000000000e+06
3.374181500000000000e+06
2.831228750000000000e+06
4.460032000000000000e+06
3.512751500000000000e+06
3.447947840000000000e+08
3.944198500000000000e+06
3.155405000000000000e+06
4.725160500000000000e+06
2.713243250000000000e+06
2.848485440000000000e+08
2.827214250000000000e+06
8.594117632000000000e+09
4.674158000000000000e+06
5.732551000000000000e+06
3.637262250000000000e+06
4.506136000000000000e+06
7.176603500000000000e+06
5.347970500000000000e+06
7.782307500000000000e+06
7.891001344000000000e+09
1.155358000000000000e+07
8.917318000000000000e+06
9.880846000000000000e+06
1.575727700000000000e+07
1.521729600000000000e+07
1.217910300000000000e+07
1.182394200000000000e+07
1.419437100000000000e+07
7.124228000000000000e+06
9.294263000000000000e+06
1.374414600000000000e+07
1.089110300000000000e+07
1.169827000000000000e+07
7.518228500000000000e+06
1.193562800000000000e+07
5.015225500000000000e+06
6.702537000000000000e+06
4.549816500000000000e+06
1.952383360000000000e+08
5.398023500000000000e+06
5.407330500000000000e+06
6.393687000000000000e+06
5.701359500000000000e+06
7.201610000000000000e+06
6.076817500000000000e+06
5.513181500000000000e+06
5.122609000000000000e+06
6.202290176000000000e+09
4.967311500000000000e+06
7.615269500000000000e+06
6.159680000000000000e+06
7.244582000000000000e+06
7.942232000000000000e+06
5.269290500000000000e+06
5.141094400000000000e+09
4.429374000000000000e+06
5.673477000000000000e+06
7.933017500000000000e+06
9.561337000000000000e+06
1.755212800000000000e+07
1.220269500000000000e+07
1.703750200000000000e+07
1.242687600000000000e+07
9.065546000000000000e+06
1.172226800000000000e+07
7.591527000000000000e+06
1.036590200000000000e+07
8.184678000000000000e+06
7.935598000000000000e+06
7.482372500000000000e+06
5.476908000000000000e+06
8.213826000000000000e+06
1.150576800000000000e+07
1.006944100000000000e+07
1.073132800000000000e+07
6.360558000000000000e+06
5.639509500000000000e+06
9.836338400000000000e+07
7.769802000000000000e+06
8.546349000000000000e+06
8.251606500000000000e+06
7.433899500000000000e+06
5.181071000000000000e+06
5.965743000000000000e+06
7.659181000000000000e+06
5.192306000000000000e+06
4.987101000000000000e+06
5.337853000000000000e+06
4.842059500000000000e+06
4.519691000000000000e+06
7.439013000000000000e+06
5.191181000000000000e+06
4.923268500000000000e+06
2.938463200000000000e+07
4.120474750000000000e+06
5.202186000000000000e+06
3.360592250000000000e+06
3.522180250000000000e+06
5.276956500000000000e+06
3.502650250000000000e+06
2.677039000000000000e+07
3.489389000000000000e+06
4.944436000000000000e+06
4.015401500000000000e+06
3.608908000000000000e+06
3.947757750000000000e+06
5.585143500000000000e+06
4.172938250000000000e+06
2.797625500000000000e+06
4.259039000000000000e+06
3.733736500000000000e+06
4.116732500000000000e+06
3.510151000000000000e+06
2.917574000000000000e+06
6.495045000000000000e+06
3.855812750000000000e+06
3.443938000000000000e+06
4.302104000000000000e+06
3.301090000000000000e+06
2.654476000000000000e+06
2.950746750000000000e+06
2.664832750000000000e+06
2.264716250000000000e+06
2.095730944000000000e+09
2.887819750000000000e+06
5.115711000000000000e+06
5.084917500000000000e+06
2.823420250000000000e+06
3.426758250000000000e+06
3.942767750000000000e+06
2.459196750000000000e+06
3.159716500000000000e+06
5.323838500000000000e+06
3.800072400000000000e+07
5.204240000000000000e+06
5.256377500000000000e+06
2.751155500000000000e+06
3.225679000000000000e+06
4.164903000000000000e+06
3.141068000000000000e+06
3.799509500000000000e+06
4.913806000000000000e+06
4.554814500000000000e+06
3.193421000000000000e+06
8.305537000000000000e+06
1.246556800000000000e+07
5.386744500000000000e+06
4.673413500000000000e+06
7.937932000000000000e+06
6.678926000000000000e+06
3.183579200000000000e+07
1.906320160000000000e+08
3.925054000000000000e+06
3.711458500000000000e+06
1.812876960000000000e+08
3.541007000000000000e+06
4.115420250000000000e+06
5.675293500000000000e+06
2.409735200000000000e+07
3.674258000000000000e+06
3.655944750000000000e+06
3.809166250000000000e+06
3.361427250000000000e+06
2.507178500000000000e+06
2.894948500000000000e+06
3.279449250000000000e+06
2.862549500000000000e+06
2.455640500000000000e+06
3.258954000000000000e+06
3.170345250000000000e+06
3.448402750000000000e+06
3.758015750000000000e+06
3.206116000000000000e+06
3.085020000000000000e+06
2.305297800000000000e+07
2.602561500000000000e+06
3.195161000000000000e+06
2.113005250000000000e+06
1.017539500000000000e+07
2.544792250000000000e+06
1.648121125000000000e+06
6.280586000000000000e+06
2.721887500000000000e+06
1.936418125000000000e+06
2.369050500000000000e+06
2.276748500000000000e+06
2.155128000000000000e+06
2.866220250000000000e+06
1.896134600000000000e+07
1.800399750000000000e+06
1.738525750000000000e+06
2.112945000000000000e+06
2.373945500000000000e+06
3.286926000000000000e+06
3.397888750000000000e+06
2.926440750000000000e+06
2.379578750000000000e+06
2.429245250000000000e+06
2.468102750000000000e+06
2.402477500000000000e+06
2.223351000000000000e+06
3.533176250000000000e+06
2.394496500000000000e+06
2.882859250000000000e+06
2.156370750000000000e+06
1.924991500000000000e+06
2.347235500000000000e+06
2.582241500000000000e+06
2.466263750000000000e+06
3.259668000000000000e+06
2.279027500000000000e+06
1.951117875000000000e+06
2.721604000000000000e+06
2.852540500000000000e+06
1.605372625000000000e+06
2.167337750000000000e+06
2.581875500000000000e+06
3.249767500000000000e+06
2.217962000000000000e+06
2.594418250000000000e+06
2.896988000000000000e+07
2.378313000000000000e+06
1.802093500000000000e+06
6.281027840000000000e+08
4.639079500000000000e+06
2.009291250000000000e+06
2.224219500000000000e+06
2.932740500000000000e+06
2.285172000000000000e+06
8.295273500000000000e+06
1.862399750000000000e+06
2.263948000000000000e+06
2.043989625000000000e+06
1.049464560000000000e+08
2.532345250000000000e+06
2.080509875000000000e+06
1.650048875000000000e+06
1.741988250000000000e+06
1.735948375000000000e+06
2.319748250000000000e+06
2.108729500000000000e+06
2.777654500000000000e+06
1.750362375000000000e+06
2.515330750000000000e+06
1.152213376000000000e+09
1.963145125000000000e+06
2.256150500000000000e+06
1.831549125000000000e+06
2.057155000000000000e+06
2.414257000000000000e+06
2.407472250000000000e+06
1.717440250000000000e+06
3.826314000000000000e+07
1.477568000000000000e+06
1.626276750000000000e+06
1.788974375000000000e+06
1.810401000000000000e+06
1.842193250000000000e+06
6.268117000000000000e+06
3.234073000000000000e+06
2.711744250000000000e+06
1.941657875000000000e+06
2.175772500000000000e+06
6.631473280000000000e+08
1.800402750000000000e+06
1.471537000000000000e+06
1.742799875000000000e+06
2.182348250000000000e+06
1.872346750000000000e+06
1.767330125000000000e+06
1.612810000000000000e+06
2.296799250000000000e+06
2.245455000000000000e+06
2.022997750000000000e+06
2.400533000000000000e+06
1.746265125000000000e+06
1.722519500000000000e+06
1.018082960000000000e+08
1.992094875000000000e+06
8.102709000000000000e+06
1.591998875000000000e+06
1.373359500000000000e+06
1.651710875000000000e+06
1.575124500000000000e+06
2.346512000000000000e+06
1.554593750000000000e+06
1.790342500000000000e+06
1.362728375000000000e+06
1.597528500000000000e+06
2.684928750000000000e+06
8.760043000000000000e+06
1.939935750000000000e+06
1.906396625000000000e+06
1.775299250000000000e+06
2.482485500000000000e+06
2.425919750000000000e+06
2.743586500000000000e+06
1.712082500000000000e+06
2.003408375000000000e+06
2.847704250000000000e+06
1.411919375000000000e+06
1.483988625000000000e+06
1.850974250000000000e+06
1.945349250000000000e+06
3.375545750000000000e+06
1.542575875000000000e+06
1.421056500000000000e+06
2.776782750000000000e+06
1.700709500000000000e+06
1.394364125000000000e+06
2.337875750000000000e+06
1.586378625000000000e+06
1.732255000000000000e+06
1.938259500000000000e+06
1.454955500000000000e+06
1.710674500000000000e+06
1.586512000000000000e+06
2.270899000000000000e+06
1.405861750000000000e+06
1.509932875000000000e+06
1.528855875000000000e+06
1.635450750000000000e+06
5.045404000000000000e+07
2.021464250000000000e+06
2.943528400000000000e+07
2.425988250000000000e+06
1.410437000000000000e+06
1.956828500000000000e+06
1.804666750000000000e+06
1.490858000000000000e+06
1.146969200000000000e+07
1.606888600000000000e+07
1.585893875000000000e+06
1.845319500000000000e+06
1.980030250000000000e+06
1.943204250000000000e+06
1.769059750000000000e+06
1.889913000000000000e+06
6.708691200000000000e+08
1.568648500000000000e+06
1.980094625000000000e+06
1.586420500000000000e+06
1.979071500000000000e+06
2.046967750000000000e+06
1.456917500000000000e+06
1.325502500000000000e+06
2.241907750000000000e+06
4.557822500000000000e+06
1.929330250000000000e+06
1.703902875000000000e+06
3.085032250000000000e+06
1.858593875000000000e+06
1.779850875000000000e+06
1.567871000000000000e+06
1.966406125000000000e+06
1.632064125000000000e+06
1.781952000000000000e+06
1.585244250000000000e+06
1.822987500000000000e+06
2.202889500000000000e+06
1.756106000000000000e+06
1.724553375000000000e+06
1.636385375000000000e+06
1.350189500000000000e+06
4.903100500000000000e+06
1.821704875000000000e+06
1.641623875000000000e+06
2.096436750000000000e+06
2.487343000000000000e+06
1.959892125000000000e+06
3.461544800000000000e+07
1.496644500000000000e+06
5.609566000000000000e+06
1.629574750000000000e+06
1.998754500000000000e+06
2.767403500000000000e+06
1.447508750000000000e+06
1.722131000000000000e+06
1.625384625000000000e+06
1.490724125000000000e+06
1.490629000000000000e+06
2.117920500000000000e+06
1.382488800000000000e+08
1.772811875000000000e+06
2.350661250000000000e+06
1.869332375000000000e+06
1.677533500000000000e+06
1.863231250000000000e+06
1.725446125000000000e+06
1.650530250000000000e+06
2.008570500000000000e+06
2.031911500000000000e+06
2.395969500000000000e+06
2.262601500000000000e+06
8.607386000000000000e+06
1.265658375000000000e+06
1.760184750000000000e+06
1.509204125000000000e+06
1.575684352000000000e+09
1.985470250000000000e+06
1.829936500000000000e+06
1.633747250000000000e+06
1.378536750000000000e+06
2.154375500000000000e+06
2.484855800000000000e+07
2.379856500000000000e+06
1.985561625000000000e+06
1.461945750000000000e+06
1.518917000000000000e+06
2.594290000000000000e+06
2.072207000000000000e+06
2.887055250000000000e+06
2.754070500000000000e+06
1.247818625000000000e+06
1.405949250000000000e+06
2.263309500000000000e+06
1.707497875000000000e+06
1.663933625000000000e+06
1.640190250000000000e+06
1.872219000000000000e+06
1.755180125000000000e+06
1.630292625000000000e+06
1.359089750000000000e+06
1.762535200000000000e+07
1.515520375000000000e+06
1.435421250000000000e+06
1.347233625000000000e+06
2.221904750000000000e+06
1.167402250000000000e+06
1.433320875000000000e+06
1.874581375000000000e+06
1.809661750000000000e+06
1.385721000000000000e+06
1.948959000000000000e+06
1.522595875000000000e+06
2.398092250000000000e+06
2.266847500000000000e+06
2.091597375000000000e+06
2.030976500000000000e+06
1.398008000000000000e+06
1.497514500000000000e+06
1.812190500000000000e+06
1.674361500000000000e+06
1.224179200000000000e+07
1.559036125000000000e+06
1.573048250000000000e+06
1.402526500000000000e+06
1.542343875000000000e+06
1.516031250000000000e+06
1.857746250000000000e+06
1.764154750000000000e+06
1.417948875000000000e+06
6.307440800000000000e+07
2.526338500000000000e+06
1.458229875000000000e+06
1.300697750000000000e+06
1.826372125000000000e+06
8.923261440000000000e+08
1.848521750000000000e+06
1.939717750000000000e+06
2.544050000000000000e+06
2.211364750000000000e+06
2.106886000000000000e+06
1.833418125000000000e+06
1.376684875000000000e+06
1.847317000000000000e+06
1.923848250000000000e+06
1.919036000000000000e+06
1.722786000000000000e+06
2.275522750000000000e+06
2.224666000000000000e+06
2.545187250000000000e+06
1.416161625000000000e+06
2.598706000000000000e+06
1.521005000000000000e+06
2.629608750000000000e+06
1.696422000000000000e+06
1.650966000000000000e+06
2.206472250000000000e+06
3.484326250000000000e+06
1.610264375000000000e+06
1.997882250000000000e+06
2.122984750000000000e+06
2.413234500000000000e+06
1.540035250000000000e+06
8.180572160000000000e+08
8.606990000000000000e+06
2.183972750000000000e+06
1.851019000000000000e+06
1.529079000000000000e+06
1.647972750000000000e+06
3.711144250000000000e+06
1.644466375000000000e+06
1.634774875000000000e+06
1.794996000000000000e+06
1.328186250000000000e+06
1.250192250000000000e+06
1.649427125000000000e+06
1.626723500000000000e+06
1.236053125000000000e+06
1.334966250000000000e+06
1.341101875000000000e+06
1.749423000000000000e+06
1.289696875000000000e+06
2.730249250000000000e+06
1.411930000000000000e+06
1.146113000000000000e+06
1.877075000000000000e+06
1.662137625000000000e+06
1.519346500000000000e+06
1.729311875000000000e+06
1.728209500000000000e+06
1.100078625000000000e+06
2.007608000000000000e+06
1.590645750000000000e+06
1.837448250000000000e+06
1.389762500000000000e+06
2.229937000000000000e+06
3.103192000000000000e+06
1.168640625000000000e+06
2.112632200000000000e+07
1.519812625000000000e+06
1.621528000000000000e+06
1.501014750000000000e+06
3.411598750000000000e+06
1.256322000000000000e+06
1.539055000000000000e+06
3.301891600000000000e+07
1.435561875000000000e+06
1.570412375000000000e+06
1.837420875000000000e+06
8.316499000000000000e+06
2.559247000000000000e+06
1.761346750000000000e+06
1.962566500000000000e+06
7.810502400000000000e+08
1.197034500000000000e+06
1.548180125000000000e+06
3.625876000000000000e+07
1.603763375000000000e+06
2.211175750000000000e+06
1.345130750000000000e+06
2.538070500000000000e+06
1.051169875000000000e+06
1.542950500000000000e+06
1.487389125000000000e+06
2.053212125000000000e+06
2.092957750000000000e+06
9.006421000000000000e+06
1.788507000000000000e+06
2.001884875000000000e+06
2.411426500000000000e+06
1.069299750000000000e+06
1.638968750000000000e+06
1.330232875000000000e+06
1.465142000000000000e+06
1.731232000000000000e+06
1.454102000000000000e+06
1.400848000000000000e+06
2.409822500000000000e+06
1.109119375000000000e+06
1.660941250000000000e+06
1.626491250000000000e+06
1.089727500000000000e+06
1.544156750000000000e+06
1.785341500000000000e+06
7.194984000000000000e+06
1.331765375000000000e+06
1.614419375000000000e+06
1.370246500000000000e+06
1.742696250000000000e+06
1.790133000000000000e+06
1.573948800000000000e+09
1.207680125000000000e+06
1.805095500000000000e+06
1.919132000000000000e+06
1.387208500000000000e+06
1.889794750000000000e+06
1.792307250000000000e+06
2.080376750000000000e+06
1.324746250000000000e+06
2.807025000000000000e+06
1.632712000000000000e+06
1.114213375000000000e+06
1.384532500000000000e+06
1.334786750000000000e+06
1.882488500000000000e+06
1.479813750000000000e+06
2.576887500000000000e+06
1.947044625000000000e+06
1.662167125000000000e+06
2.243219500000000000e+06
2.042461500000000000e+06
1.574502875000000000e+06
1.459647125000000000e+06
1.630616625000000000e+06
1.967614000000000000e+06
2.070820500000000000e+06
6.136554800000000000e+07
1.218012250000000000e+06
1.268931625000000000e+06
1.409455375000000000e+06
1.421938750000000000e+06
1.255386250000000000e+06
1.984711750000000000e+06
1.146616000000000000e+06
1.032551625000000000e+06
7.479615200000000000e+07
2.032884500000000000e+06
1.537340750000000000e+06
2.152294750000000000e+06
2.654296250000000000e+06
1.649681000000000000e+06
1.465184875000000000e+06
1.326504125000000000e+06
1.467709625000000000e+06
1.359272375000000000e+06
1.393479000000000000e+06
2.066553750000000000e+06
1.262619500000000000e+06
1.245800000000000000e+06
1.031297750000000000e+06
1.765509500000000000e+06
2.098291750000000000e+06
1.762754000000000000e+06
1.425649750000000000e+06
1.357439200000000000e+07
1.722304625000000000e+06
1.030943000000000000e+06
1.152004096000000000e+09
1.591969625000000000e+06
1.630771750000000000e+06
1.269191500000000000e+06
1.363975000000000000e+06
1.969113750000000000e+06
1.599241750000000000e+06
1.310465375000000000e+06
1.910298625000000000e+06
2.332934200000000000e+07
1.487887375000000000e+06
1.857395500000000000e+06
5.258735000000000000e+06
2.072021750000000000e+06
1.361543250000000000e+06
1.484505500000000000e+06
1.750799000000000000e+06
1.767240625000000000e+06
1.420805250000000000e+06
1.471438000000000000e+06
1.549233750000000000e+06
9.642626875000000000e+05
1.492953500000000000e+06
1.665197000000000000e+06
2.177642000000000000e+06
1.294998000000000000e+06
1.576218500000000000e+06
1.350521125000000000e+06
1.693518125000000000e+06
1.623227250000000000e+06
3.721411500000000000e+06
1.708952750000000000e+06
1.758448875000000000e+06
1.936498125000000000e+06
1.407837750000000000e+06
1.325119625000000000e+06
1.357906750000000000e+06
1.453028250000000000e+06
1.927515250000000000e+06
1.320764750000000000e+06
3.510388500000000000e+06
1.292744375000000000e+06
4.932836400000000000e+07
1.347255625000000000e+06
1.003007062500000000e+06
1.369612625000000000e+06
6.546392320000000000e+08
2.767086000000000000e+07
1.730453750000000000e+06
1.252424875000000000e+06
1.506727375000000000e+06
2.808867600000000000e+07
1.921407375000000000e+06
1.447257250000000000e+06
1.213359625000000000e+06
1.846484000000000000e+06
1.238944875000000000e+06
1.080825125000000000e+06
1.693042125000000000e+06
1.894809250000000000e+06
1.852590875000000000e+06
1.469071250000000000e+06
1.528800750000000000e+06
1.271701375000000000e+06
1.360152875000000000e+06
2.116715250000000000e+06
1.255435250000000000e+06
1.074765750000000000e+06
1.023396625000000000e+06
1.708997125000000000e+06
6.273760000000000000e+08
6.220157600000000000e+07
1.456770375000000000e+06
1.338246625000000000e+06
1.749237625000000000e+06
1.512403750000000000e+06
9.691073750000000000e+05
5.187976500000000000e+06
9.543575000000000000e+05
1.371484625000000000e+06
2.195649000000000000e+06
1.336708125000000000e+06
1.196995750000000000e+06
1.637789875000000000e+06
1.403262750000000000e+06
2.663785750000000000e+06
1.140379250000000000e+06
1.244329000000000000e+06
1.607316625000000000e+06
1.539576000000000000e+06
1.348317000000000000e+06
1.132930375000000000e+06
1.133740250000000000e+06
1.114622250000000000e+06
1.832016250000000000e+06
1.408312250000000000e+06
1.338569125000000000e+06
1.674535750000000000e+06
1.787364750000000000e+06
1.137476750000000000e+06
9.181225000000000000e+05
4.000344250000000000e+06
1.311296125000000000e+06
1.249790500000000000e+06
1.514124500000000000e+06
1.486621200000000000e+07
1.792857375000000000e+06
1.056321000000000000e+06
1.132466250000000000e+06
1.557799250000000000e+06
1.217060875000000000e+06
1.897955750000000000e+06
1.546698250000000000e+06
1.431230375000000000e+06
1.630528000000000000e+06
1.588055375000000000e+06
1.195395875000000000e+06
8.246271200000000000e+07
1.407500000000000000e+06
2.401177800000000000e+07
1.858052250000000000e+06
1.509686750000000000e+06
1.372177625000000000e+06
1.831729500000000000e+06
1.329848875000000000e+06
1.331147875000000000e+06
1.147867875000000000e+06
1.616460750000000000e+06
1.232711250000000000e+06
1.544014875000000000e+06
2.057982250000000000e+06
1.249010250000000000e+06
1.408202500000000000e+06
1.793769750000000000e+06
2.162080600000000000e+07
1.218276750000000000e+06
2.173898500000000000e+06
1.210798250000000000e+06
1.657888250000000000e+06
1.819536500000000000e+06
2.270551500000000000e+06
1.358133000000000000e+06
1.365124500000000000e+06
1.120452000000000000e+06
1.344911250000000000e+06
1.494112500000000000e+06
1.193225625000000000e+06
1.349644750000000000e+06
1.144624250000000000e+06
1.568773875000000000e+06
1.185586875000000000e+06
1.478875750000000000e+06
1.431718625000000000e+06
1.548269250000000000e+06
1.557372750000000000e+06
1.034183125000000000e+06
1.347438000000000000e+06
1.278054000000000000e+06
2.132525250000000000e+06
2.837730500000000000e+06
1.161011500000000000e+06
1.818193500000000000e+06
1.578704125000000000e+06
1.216895500000000000e+06
1.023157437500000000e+06
1.069861500000000000e+06
7.689379840000000000e+08
1.407588375000000000e+06
1.287279625000000000e+06
1.291152500000000000e+06
6.987156250000000000e+05
1.717764750000000000e+06
1.132721750000000000e+06
1.573619125000000000e+06
1.183813000000000000e+06
1.340374125000000000e+06
1.401461250000000000e+06
3.571615250000000000e+06
1.635152750000000000e+06
1.679942250000000000e+06
1.142489000000000000e+06
1.671751000000000000e+06
1.016258187500000000e+06
1.837202500000000000e+06
9.522132500000000000e+05
3.567343000000000000e+06
9.589893750000000000e+05
1.635429500000000000e+06
1.962000250000000000e+06
1.140859000000000000e+06
1.221711750000000000e+06
1.933618875000000000e+06
1.497723250000000000e+06
1.271378125000000000e+06
2.860249200000000000e+07
1.565332750000000000e+06
1.435485750000000000e+06
3.500703680000000000e+08
1.287390125000000000e+06
1.271234500000000000e+06
1.674706500000000000e+06
1.033951250000000000e+06
1.551026625000000000e+06
2.923526000000000000e+07
1.506306000000000000e+06
1.673925125000000000e+06
1.938612625000000000e+06
1.678167250000000000e+06
1.523789000000000000e+06
1.608910375000000000e+06
1.328813250000000000e+06
1.672514000000000000e+06
1.856865000000000000e+06
1.304243250000000000e+06
1.586128000000000000e+06
1.204250000000000000e+06
1.253117500000000000e+06
1.308485250000000000e+06
1.411407125000000000e+06
1.427068000000000000e+06
1.330231250000000000e+06
1.906942000000000000e+06
1.080107500000000000e+06
1.580018250000000000e+06
8.135495500000000000e+06
1.616862625000000000e+06
2.088466625000000000e+06
1.209288000000000000e+06
8.647032500000000000e+05
1.509986625000000000e+06
1.587285750000000000e+06
1.125448750000000000e+06
1.476421000000000000e+06
1.502588250000000000e+06
1.189464000000000000e+06
1.840563000000000000e+06
2.452495000000000000e+06
1.463318528000000000e+09
1.464650875000000000e+06
1.203318750000000000e+06
1.167206875000000000e+06
1.772932125000000000e+06
1.475604875000000000e+06
1.570008250000000000e+06
2.938944750000000000e+06
2.168864000000000000e+06
4.247993000000000000e+06
2.287894000000000000e+06
3.204600600000000000e+07
1.570755750000000000e+06
2.660132750000000000e+06
2.076285250000000000e+06
1.115832625000000000e+06
1.472497375000000000e+06
1.329189875000000000e+06
6.085152500000000000e+06
1.380173750000000000e+06
1.359307250000000000e+06
1.286560500000000000e+06
1.722466125000000000e+06
6.322061600000000000e+07
1.652154125000000000e+06
1.190865625000000000e+06
1.475554250000000000e+06
1.638758500000000000e+06
1.296919375000000000e+06
6.356170800000000000e+07
1.561193000000000000e+06
1.677308625000000000e+06
1.472795750000000000e+06
1.076237000000000000e+06
1.406214500000000000e+06
4.790257600000000000e+07
2.385750000000000000e+06
1.252503500000000000e+06
1.304836000000000000e+06
1.494875250000000000e+06
1.287225625000000000e+06
1.504941250000000000e+06
1.133017125000000000e+06
9.269650000000000000e+05
1.096384000000000000e+06
1.193853125000000000e+06
5.490281500000000000e+06
1.369312500000000000e+06
1.348284125000000000e+06
1.301523875000000000e+06
1.558009000000000000e+06
9.286943750000000000e+05
9.328268750000000000e+05
2.032432750000000000e+06
1.188308750000000000e+06
1.741679750000000000e+06
1.269414375000000000e+06
1.257933750000000000e+06
1.380437625000000000e+06
1.278119250000000000e+06
1.543348000000000000e+06
1.254687232000000000e+09
1.963574000000000000e+06
1.365528750000000000e+06
1.168200250000000000e+06
5.863641000000000000e+06
8.082161920000000000e+08
1.822066375000000000e+06
2.779370500000000000e+06
1.515980000000000000e+06
2.108167500000000000e+06
1.964773000000000000e+06
1.550385250000000000e+06
1.343624875000000000e+06
1.104126750000000000e+06
1.458514625000000000e+06
1.501337250000000000e+06
1.883314250000000000e+06
1.408139625000000000e+06
1.406182625000000000e+06
1.699954250000000000e+06
1.052622400000000000e+07
1.332041750000000000e+06
1.653711500000000000e+06
1.536030625000000000e+06
1.767416250000000000e+06
1.327873375000000000e+06
1.988159500000000000e+06
1.837340250000000000e+06
1.371899000000000000e+06
1.676068000000000000e+06
1.443926375000000000e+06
1.424094500000000000e+06
1.430184500000000000e+06
1.111063375000000000e+06
2.772189000000000000e+07
1.476891875000000000e+06
1.137534625000000000e+06
9.427155000000000000e+05
1.399632000000000000e+06
1.258937500000000000e+06
1.039254750000000000e+06
1.349594500000000000e+06
1.150124500000000000e+06
1.020367500000000000e+06
1.073365000000000000e+06
1.125195125000000000e+06
9.115948750000000000e+05
3.606104000000000000e+07
1.712768750000000000e+06
1.628602000000000000e+06
1.127774250000000000e+06
1.399335375000000000e+06
9.192888750000000000e+05
9.428970625000000000e+05
1.307661500000000000e+06
9.755325000000000000e+05
1.081769875000000000e+06
1.602077250000000000e+06
9.439820000000000000e+05
1.185653750000000000e+06
4.118761750000000000e+06
1.690419875000000000e+06
1.212644500000000000e+06
1.097451250000000000e+06
1.677637875000000000e+06
2.373350250000000000e+06
1.167826500000000000e+07
1.058353625000000000e+06
1.229657600000000000e+09
2.069480625000000000e+06
1.003028812500000000e+06
1.007317375000000000e+06
1.390239250000000000e+06
2.186396800000000000e+07
1.121661000000000000e+06
1.280333875000000000e+06
1.812367250000000000e+06
1.495240875000000000e+06
1.190872500000000000e+06
9.662815000000000000e+05
1.209305000000000000e+06
1.213318500000000000e+06
2.342296500000000000e+06
1.653227500000000000e+06
4.598060160000000000e+08
1.874841500000000000e+06
1.231302125000000000e+06
1.230335375000000000e+06
1.222245750000000000e+06
1.221243750000000000e+06
1.099118750000000000e+06
1.153214750000000000e+06
1.267545750000000000e+06
1.126584625000000000e+06
1.216832500000000000e+06
1.292008625000000000e+06
1.059740000000000000e+06
1.377763250000000000e+06
1.070148375000000000e+06
1.258070625000000000e+06
1.081021125000000000e+06
8.476643750000000000e+05
2.063324750000000000e+06
6.910464000000000000e+06
1.655897375000000000e+06
1.126365500000000000e+06
1.339673500000000000e+06
1.350303250000000000e+06
1.079613500000000000e+06
1.080748750000000000e+06
1.355027500000000000e+06
1.294655625000000000e+06
6.452703000000000000e+06
1.381419625000000000e+06
9.888575000000000000e+05
9.405023750000000000e+05
1.170940250000000000e+06
1.179457750000000000e+06
1.841478750000000000e+06
1.023000250000000000e+06
1.345459750000000000e+06
9.086367500000000000e+05
1.515185625000000000e+06
1.511152750000000000e+06
1.468420375000000000e+06
1.108257500000000000e+06
6.265195520000000000e+08
1.134034375000000000e+06
1.079096375000000000e+06
1.629837000000000000e+06
1.405797375000000000e+06
1.351213250000000000e+06
8.822783125000000000e+05
1.502159500000000000e+06
1.299650250000000000e+06
1.240806625000000000e+06
6.552495500000000000e+06
1.016298500000000000e+06
1.276639750000000000e+06
8.259779375000000000e+05
1.120498500000000000e+06
1.301510875000000000e+06
1.165887744000000000e+09
1.613735625000000000e+06
1.427640250000000000e+06
9.119641250000000000e+05
1.172687000000000000e+06
1.209587000000000000e+06
1.249385125000000000e+06
1.121208250000000000e+06
1.458854125000000000e+06
1.056670125000000000e+06
7.320168750000000000e+05
9.210546250000000000e+05
1.166661750000000000e+06
1.022291875000000000e+06
8.847646250000000000e+05
3.145013500000000000e+06
9.384178750000000000e+05
1.614244250000000000e+06
9.839424375000000000e+05
1.902492200000000000e+07
1.883684875000000000e+06
1.114954500000000000e+06
1.266917500000000000e+06
4.206889000000000000e+06
1.193576750000000000e+06
1.246067125000000000e+06
8.376153750000000000e+05
8.782637500000000000e+05
1.278422500000000000e+06
1.345664250000000000e+06
1.297414125000000000e+06
7.545149375000000000e+05
1.661819000000000000e+06
8.991756250000000000e+05
1.609192250000000000e+06
1.699676250000000000e+06
1.844913250000000000e+06
1.084825500000000000e+06
1.164002375000000000e+06
9.402922500000000000e+05
9.343295625000000000e+05
1.275598000000000000e+06
1.244467250000000000e+06
1.174658560000000000e+09
1.075360750000000000e+06
1.505084875000000000e+06
1.100147125000000000e+06
1.279398625000000000e+06
8.987596250000000000e+05
1.905187500000000000e+06
1.284888800000000000e+07
1.624467250000000000e+06
1.230982125000000000e+06
9.572103750000000000e+05
1.344210250000000000e+06
1.501029500000000000e+06
1.067125500000000000e+06
1.009522625000000000e+06
1.658312000000000000e+06
1.088914250000000000e+06
6.481665000000000000e+06
1.463879875000000000e+06
9.261047500000000000e+05
9.219275625000000000e+05
9.045036875000000000e+05
9.075882500000000000e+05
1.381605000000000000e+06
1.072460750000000000e+06
1.017097250000000000e+06
9.284581875000000000e+05
2.033082250000000000e+06
1.099894000000000000e+06
1.245887750000000000e+06
9.699521250000000000e+05
1.054854125000000000e+06
1.178531375000000000e+06
9.445867500000000000e+05
7.923225000000000000e+05
1.156772608000000000e+09
9.973753750000000000e+05
1.216074000000000000e+06
1.042698312500000000e+06
8.722034375000000000e+05
1.135397375000000000e+06
1.399198750000000000e+06
8.546590000000000000e+05
9.110223750000000000e+05
1.263004500000000000e+06
8.652914375000000000e+05
1.114778750000000000e+06
1.791126500000000000e+06
1.026705937500000000e+06
9.711448125000000000e+05
1.141741750000000000e+06
1.012652625000000000e+06
9.542203125000000000e+05
9.289530000000000000e+05
1.257420750000000000e+06
1.392837125000000000e+06
1.774795840000000000e+08
1.269209500000000000e+06
8.847802500000000000e+05
5.373960000000000000e+06
1.469763250000000000e+06
1.054347250000000000e+06
1.978991200000000000e+07
9.051466875000000000e+05
9.488268125000000000e+05
1.346836625000000000e+06
1.042769312500000000e+06
1.689402000000000000e+06
6.458552800000000000e+07
1.228826250000000000e+06
1.122252250000000000e+06
1.000177375000000000e+06
1.799972500000000000e+06
1.316717875000000000e+06
1.029609500000000000e+06
7.910309375000000000e+05
1.084652700000000000e+07
1.045677875000000000e+06
1.269226750000000000e+06
9.425141250000000000e+05
1.217946500000000000e+06
1.213468750000000000e+06
8.303049375000000000e+05
8.180604375000000000e+05
9.672815000000000000e+05
1.344359125000000000e+06
9.569318750000000000e+05
1.000511125000000000e+06
1.075423125000000000e+06
1.570491875000000000e+06
1.401214000000000000e+06
3.201749000000000000e+06
9.927653750000000000e+05
1.120873875000000000e+06
9.713287500000000000e+05
1.062768375000000000e+06
1.189816250000000000e+06
9.214502500000000000e+05
1.662127250000000000e+06
8.941090625000000000e+05
8.583961250000000000e+05
3.043389000000000000e+06
1.221411375000000000e+06
1.082243500000000000e+06
1.016910300000000000e+07
1.162504750000000000e+06
1.160057250000000000e+06
1.712626000000000000e+06
1.347733750000000000e+06
7.222439375000000000e+05
9.835924375000000000e+05
9.734976250000000000e+05
1.013887312500000000e+06
1.035422437500000000e+06
1.317197000000000000e+06
1.253669375000000000e+06
7.440645000000000000e+05
1.037471125000000000e+06
9.102206250000000000e+05
1.299135500000000000e+06
1.102223000000000000e+06
1.302993000000000000e+06
1.067088375000000000e+06
1.165702500000000000e+07
9.281871000000000000e+06
1.162076125000000000e+06
1.112962250000000000e+06
1.454113120000000000e+08
8.315730625000000000e+05
1.297946750000000000e+06
1.462989750000000000e+06
2.186440000000000000e+06
1.418481625000000000e+06
1.328736750000000000e+06
1.109026500000000000e+06
1.236828375000000000e+06
1.185470125000000000e+06
1.096051125000000000e+06
1.614526750000000000e+06
1.246512125000000000e+06
1.992141875000000000e+06
1.045132875000000000e+06
8.566780000000000000e+05
9.076006250000000000e+05
1.187739875000000000e+06
1.137802500000000000e+06
8.324993750000000000e+05
1.035286240000000000e+08
1.139684625000000000e+06
8.624399375000000000e+05
1.259335375000000000e+06
1.939115625000000000e+06
1.123492125000000000e+06
1.010987625000000000e+06
1.404125500000000000e+06
1.034376375000000000e+06
2.557694800000000000e+07
8.238113750000000000e+05
1.000779875000000000e+06
3.964966500000000000e+06
2.108996500000000000e+06
1.263334250000000000e+06
8.573968750000000000e+05
8.606920000000000000e+05
1.032913875000000000e+06
7.807595000000000000e+05
9.514928750000000000e+05
7.428395000000000000e+05
1.451644625000000000e+06
1.167903250000000000e+06
1.418469875000000000e+06
1.579620500000000000e+06
9.696274375000000000e+05
1.137261375000000000e+06
1.565780500000000000e+06
1.682664500000000000e+06
1.000180000000000000e+06
1.240252750000000000e+06
1.295186625000000000e+06
7.052165625000000000e+05
1.006900000000000000e+06
1.177537500000000000e+06
6.856298500000000000e+06
1.139061500000000000e+06
1.225819625000000000e+06
1.245070375000000000e+06
9.999598750000000000e+05
8.715464375000000000e+05
1.028529625000000000e+06
9.039841250000000000e+05
9.166165000000000000e+05
1.250962375000000000e+06
1.257235750000000000e+06
1.766828125000000000e+06
2.002573875000000000e+06
1.600448625000000000e+06
1.302795000000000000e+06
1.307883625000000000e+06
6.199172500000000000e+06
8.866835000000000000e+05
8.431772500000000000e+05
2.095513800000000000e+07
8.778986875000000000e+05
1.135738625000000000e+06
1.123120375000000000e+06
8.942213125000000000e+05
1.020984375000000000e+06
7.351951250000000000e+05
7.714398125000000000e+05
8.495521250000000000e+05
8.869473750000000000e+05
7.141744000000000000e+08
8.097402500000000000e+05
6.438438125000000000e+05
7.733935625000000000e+05
1.055308875000000000e+06
1.186910750000000000e+06
1.177612375000000000e+06
9.404546250000000000e+05
1.105152000000000000e+06
1.109193875000000000e+06
4.540350000000000000e+06
1.076788125000000000e+06
1.147958528000000000e+09
1.036919625000000000e+06
9.890013750000000000e+05
1.872060500000000000e+06
1.162000250000000000e+06
9.802098750000000000e+05
8.802560625000000000e+05
1.505545625000000000e+06
1.039013500000000000e+06
8.707208750000000000e+05
1.030885937500000000e+06
1.079135000000000000e+06
1.254939625000000000e+06
1.157442500000000000e+06
3.280329400000000000e+07
1.000090875000000000e+06
8.169283750000000000e+05
2.113229250000000000e+06
9.659915000000000000e+05
1.352066875000000000e+06
1.175106250000000000e+06
1.356129750000000000e+06
1.234378875000000000e+06
7.181706880000000000e+08
1.257800000000000000e+06
1.213474750000000000e+06
1.012502625000000000e+06
1.806462125000000000e+06
9.625367500000000000e+05
3.429335500000000000e+06
1.213675750000000000e+06
6.738030625000000000e+05
7.746092500000000000e+05
1.998062250000000000e+06
1.212333250000000000e+06
8.059491250000000000e+05
8.924760000000000000e+05
9.143218750000000000e+05
6.166197120000000000e+08
9.347241250000000000e+05
8.775306250000000000e+05
1.156378500000000000e+06
2.297673600000000000e+07
9.072986250000000000e+05
7.944743750000000000e+05
1.709729250000000000e+06
9.706395000000000000e+05
7.575367500000000000e+05
9.398578750000000000e+05
1.423193750000000000e+06
1.145818500000000000e+06
8.369818750000000000e+05
1.317501500000000000e+06
4.069174250000000000e+06
7.354053125000000000e+05
1.826071500000000000e+06
5.585273000000000000e+06
9.930800000000000000e+05
1.164102750000000000e+06
1.184951625000000000e+06
1.390421500000000000e+06
1.183843875000000000e+06
1.205641750000000000e+06
5.512658000000000000e+06
1.049266250000000000e+06
1.119606125000000000e+06
7.398948750000000000e+05
1.261043625000000000e+06
8.651162500000000000e+05
1.043573187500000000e+06
7.739641250000000000e+05
8.364634375000000000e+05
1.217969000000000000e+06
1.179745875000000000e+06
5.819022500000000000e+05
7.945466250000000000e+05
9.034689375000000000e+05
9.330918750000000000e+05
9.014083750000000000e+05
9.980528750000000000e+05
9.217723750000000000e+05
1.599165500000000000e+06
9.012488750000000000e+05
1.072625375000000000e+06
1.343895875000000000e+06
1.009087750000000000e+06
1.238124750000000000e+06
1.160397250000000000e+06
8.213713750000000000e+05
8.981167500000000000e+05
1.010823750000000000e+06
9.591091875000000000e+05
8.761608750000000000e+05
9.530186250000000000e+05
8.831950000000000000e+05
8.686990000000000000e+05
7.641157500000000000e+05
2.408431400000000000e+07
8.487060000000000000e+05
1.421571875000000000e+06
9.433598750000000000e+05
1.243008250000000000e+06
9.749063125000000000e+05
6.745134000000000000e+06
1.187401750000000000e+06
8.435092500000000000e+05
6.698630625000000000e+05
8.519910625000000000e+05
9.016167500000000000e+05
9.961410000000000000e+05
1.515896875000000000e+06
4.699915500000000000e+06
8.999330000000000000e+05
9.929965000000000000e+05
1.209224750000000000e+06
6.655233750000000000e+05
9.680753750000000000e+05
8.658333125000000000e+05
1.216853375000000000e+06
1.063151750000000000e+06
1.219436750000000000e+06
7.378561250000000000e+05
1.148676125000000000e+06
7.072372500000000000e+05
1.061792500000000000e+06
7.631888750000000000e+05
1.673129500000000000e+06
1.147664875000000000e+06
1.175267375000000000e+06
1.081878500000000000e+06
6.746735000000000000e+05
1.098876125000000000e+06
7.795432000000000000e+06
9.455146875000000000e+05
1.343026250000000000e+06
9.487491250000000000e+05
7.886237500000000000e+05
9.579133750000000000e+05
1.009127000000000000e+06
1.718840250000000000e+06
9.845455000000000000e+05
2.115375104000000000e+09
9.293921875000000000e+05
1.445971750000000000e+06
8.579060625000000000e+05
1.550324500000000000e+06
1.262495000000000000e+06
1.180118000000000000e+06
1.832243125000000000e+06
1.008507187500000000e+06
2.657015500000000000e+06
1.538096375000000000e+06
1.282021500000000000e+06
1.370660500000000000e+06
1.252939500000000000e+06
1.332999000000000000e+06
9.490161250000000000e+05
1.087091500000000000e+06
1.019384500000000000e+06
8.837517500000000000e+05
1.179795500000000000e+06
1.547395250000000000e+06
9.822718750000000000e+05
1.021531400000000000e+07
1.203837500000000000e+06
9.893896250000000000e+05
1.420962125000000000e+06
1.470527000000000000e+06
7.930967500000000000e+05
1.789056256000000000e+09
2.281895500000000000e+06
1.260736000000000000e+09
1.323614500000000000e+06
1.745130000000000000e+06
2.084431400000000000e+07
2.038565750000000000e+06
1.598841500000000000e+06
1.302117625000000000e+06
1.112792500000000000e+06
7.362270000000000000e+05
1.070943750000000000e+06
1.698463750000000000e+06
1.824554250000000000e+06
1.614004500000000000e+06
9.396093000000000000e+06
1.535018375000000000e+06
1.101455750000000000e+06
1.323103000000000000e+06
1.315877125000000000e+06
1.305189625000000000e+06
1.076829125000000000e+06
1.038725500000000000e+06
1.732110000000000000e+06
1.308056750000000000e+06
1.604277000000000000e+06
1.429878750000000000e+06
1.116808000000000000e+06
1.242827250000000000e+06
7.801386250000000000e+05
1.286700000000000000e+06
1.511499000000000000e+06
1.001554312500000000e+06
8.636426250000000000e+05
7.462936250000000000e+05
1.524508250000000000e+06
1.084172000000000000e+06
1.166195000000000000e+06
1.149987500000000000e+06
1.214890000000000000e+06
1.517970625000000000e+06
6.351884375000000000e+05
8.646810000000000000e+05
6.768268000000000000e+07
1.281970125000000000e+06
7.755963750000000000e+05
8.341160000000000000e+05
1.199776000000000000e+06
1.303377375000000000e+06
1.081277750000000000e+06
1.035310812500000000e+06
6.249878750000000000e+05
7.840464375000000000e+05
1.204046875000000000e+06
1.118616875000000000e+06
8.374163125000000000e+05
9.892297500000000000e+05
2.790397440000000000e+09
7.339021250000000000e+05
1.044503625000000000e+06
8.770500000000000000e+05
1.156585000000000000e+06
1.379361500000000000e+06
1.207384500000000000e+06
1.462593500000000000e+06
2.897563250000000000e+06
1.366184125000000000e+06
2.160413500000000000e+06
1.192901250000000000e+06
1.422627500000000000e+06
1.427174375000000000e+06
1.583470625000000000e+06
7.153058400000000000e+07
1.191685504000000000e+09
1.127288375000000000e+06
1.575420000000000000e+06
1.647039750000000000e+06
1.530856750000000000e+06
1.315639375000000000e+06
1.822330250000000000e+06
1.537843625000000000e+06
1.292093750000000000e+06
1.469392500000000000e+06
1.288059875000000000e+06
9.146928125000000000e+05
1.524520875000000000e+06
1.446072125000000000e+06
1.445772750000000000e+06
9.261991250000000000e+05
3.033851000000000000e+06
2.911089500000000000e+06
4.862124000000000000e+06
1.358318625000000000e+06
9.517371250000000000e+05
6.957783750000000000e+05
2.189505250000000000e+06
1.210493000000000000e+06
8.766980000000000000e+05
1.242480750000000000e+06
1.538959750000000000e+06
8.719387500000000000e+05
1.001234250000000000e+06
1.451169250000000000e+06
3.151444000000000000e+06
9.882272500000000000e+05
7.734846875000000000e+05
8.285826250000000000e+05
7.417070000000000000e+05
1.132549625000000000e+06
8.199133125000000000e+05
8.187733750000000000e+05
1.141473250000000000e+06
2.188565800000000000e+07
7.954868750000000000e+05
1.456715000000000000e+06
1.344563500000000000e+06
9.079775000000000000e+05
1.185937875000000000e+06
9.609055625000000000e+05
1.027733625000000000e+06
9.234402500000000000e+05
1.166987125000000000e+06
3.761288000000000000e+06
8.637897500000000000e+05
1.020413250000000000e+06
8.035450000000000000e+05
9.705506250000000000e+05
8.899073750000000000e+05
1.114725875000000000e+06
2.582467250000000000e+06
9.923513125000000000e+05
1.050920250000000000e+06
8.982233750000000000e+05
6.275940000000000000e+05
9.515760000000000000e+05
7.964103750000000000e+05
1.440395000000000000e+06
7.921869375000000000e+05
9.375483750000000000e+05
1.814952000000000000e+06
1.424714500000000000e+06
1.477137000000000000e+06
9.912462500000000000e+05
1.250201250000000000e+06
8.595315000000000000e+05
8.441500000000000000e+05
8.385344375000000000e+05
1.017100562500000000e+06
1.318192000000000000e+06
4.599679200000000000e+07
8.000525625000000000e+05
1.632174125000000000e+06
6.982743750000000000e+05
1.074273500000000000e+06
1.137871000000000000e+06
1.127874875000000000e+06
8.537915625000000000e+05
1.219348500000000000e+06
1.006871000000000000e+06
3.946072400000000000e+07
1.295387250000000000e+06
8.458290625000000000e+05
1.041798750000000000e+06
1.735999500000000000e+06
8.975236250000000000e+05
8.623493750000000000e+05
8.663019375000000000e+05
8.393615000000000000e+05
1.267048000000000000e+06
2.401475680000000000e+08
1.205243250000000000e+06
9.210924375000000000e+05
5.077713000000000000e+06
8.302311875000000000e+05
7.787585000000000000e+05
1.866641375000000000e+06
5.846940625000000000e+05
1.144358000000000000e+06
1.119851250000000000e+06
6.201954375000000000e+05
7.358183750000000000e+05
6.269290880000000000e+08
9.122116250000000000e+05
1.073606250000000000e+06
7.964788750000000000e+05
1.230869000000000000e+06
9.762396875000000000e+05
1.173290250000000000e+06
1.443436625000000000e+06
1.740597625000000000e+06
9.164447500000000000e+05
8.401256875000000000e+05
1.097305500000000000e+06
1.300035500000000000e+06
1.006615250000000000e+06
9.494268750000000000e+05
7.728143125000000000e+05
1.266970500000000000e+06
7.950838125000000000e+05
9.027348750000000000e+05
1.097041500000000000e+06
9.474061250000000000e+05
1.080513500000000000e+06
7.237273750000000000e+05
1.355581250000000000e+06
1.009663750000000000e+06
1.320774500000000000e+06
6.507231000000000000e+06
1.025722375000000000e+06
8.403826250000000000e+05
7.731106250000000000e+05
1.404050625000000000e+06
1.127797125000000000e+06
7.816858750000000000e+05
9.751375000000000000e+05
9.111603125000000000e+05
5.278245625000000000e+05
1.215333750000000000e+06
1.897120500000000000e+06
3.340073000000000000e+07
8.620718125000000000e+05
1.056481375000000000e+06
8.514761875000000000e+05
6.144828800000000000e+08
7.804485000000000000e+05
1.111061875000000000e+06
5.664640625000000000e+05
1.259927750000000000e+06
1.107214000000000000e+06
3.166576400000000000e+07
4.145415000000000000e+06
7.485586250000000000e+05
1.290325500000000000e+06
4.404335200000000000e+07
6.644058750000000000e+05
9.596998750000000000e+05
8.871188750000000000e+05
8.992778125000000000e+05
9.348526250000000000e+05
8.401076250000000000e+05
7.281291875000000000e+05
8.555517500000000000e+05
8.522663750000000000e+05
8.859243125000000000e+05
1.170051750000000000e+06
6.334087500000000000e+05
1.036385625000000000e+06
7.871893750000000000e+05
1.316229250000000000e+06
6.808366250000000000e+05
5.352904500000000000e+06
9.720508750000000000e+05
7.763923750000000000e+05
5.606408750000000000e+05
9.761073750000000000e+05
7.184226250000000000e+05
8.884861250000000000e+05
1.084160250000000000e+06
1.065417125000000000e+06
7.503277500000000000e+05
7.847520000000000000e+05
1.102572000000000000e+06
1.005611625000000000e+06
1.099355750000000000e+06
1.137977875000000000e+06
9.784301250000000000e+05
9.390018750000000000e+05
8.165048750000000000e+05
9.477310625000000000e+05
1.460195875000000000e+06
8.761515625000000000e+05
6.321685000000000000e+05
1.403796625000000000e+06
8.806735000000000000e+05
8.735867500000000000e+05
7.015631250000000000e+05
1.058493250000000000e+06
9.653385000000000000e+05
9.816291875000000000e+05
9.577849375000000000e+05
1.155627500000000000e+06
7.470436875000000000e+05
9.784455625000000000e+05
8.249136250000000000e+05
1.557211875000000000e+06
8.206312500000000000e+05
2.083392875000000000e+06
1.684890000000000000e+06
7.403895000000000000e+05
9.234517500000000000e+05
6.367671040000000000e+08
1.581803375000000000e+06
7.088956875000000000e+05
1.047974000000000000e+06
7.726590000000000000e+05
8.613296250000000000e+05
1.047197000000000000e+06
8.339826250000000000e+05
9.192505000000000000e+05
2.097070600000000000e+07
7.535402500000000000e+05
2.804668500000000000e+06
8.888728750000000000e+05
7.085552500000000000e+05
8.459985000000000000e+05
9.665457500000000000e+05
8.327122500000000000e+05
5.937783500000000000e+06
1.045226562500000000e+06
6.437821250000000000e+05
1.113401875000000000e+06
8.923027500000000000e+05
8.886630625000000000e+05
9.312443125000000000e+05
8.305213125000000000e+05
1.177345750000000000e+06
8.936270000000000000e+05
8.470152500000000000e+05
6.936069375000000000e+05
8.230658125000000000e+05
7.956925625000000000e+05
7.436613125000000000e+05
8.619817500000000000e+05
7.120175000000000000e+05
1.152183552000000000e+09
7.020789000000000000e+06
6.344166875000000000e+05
9.953869375000000000e+05
6.234033920000000000e+08
8.666350000000000000e+05
1.092921000000000000e+06
1.154264625000000000e+06
9.639976250000000000e+05
3.359398000000000000e+06
1.183599250000000000e+06
8.136176875000000000e+05
2.540098800000000000e+07
8.337146250000000000e+05
8.263656875000000000e+05
2.530309000000000000e+06
1.163935500000000000e+06
8.879091250000000000e+05
1.163801500000000000e+06
7.423397500000000000e+05
1.063292250000000000e+06
1.213998500000000000e+06
8.975182500000000000e+05
9.656863125000000000e+05
1.149748750000000000e+06
8.875751875000000000e+05
1.141683750000000000e+06
5.469927500000000000e+05
9.624173750000000000e+05
9.455263750000000000e+05
7.239336250000000000e+05
1.073790250000000000e+06
1.009775500000000000e+06
9.857695000000000000e+05
1.001613875000000000e+06
7.307146250000000000e+05
8.967805625000000000e+05
7.535517500000000000e+05
1.156750750000000000e+06
8.100123750000000000e+05
6.776451250000000000e+05
1.746873375000000000e+06
7.389943750000000000e+05
7.563061250000000000e+05
8.590558125000000000e+05
4.770150000000000000e+06
9.640474375000000000e+05
1.545046375000000000e+06
8.062856250000000000e+05
8.686379375000000000e+05
7.093645000000000000e+05
7.164047500000000000e+05
8.439790625000000000e+05
6.806708750000000000e+05
1.372595750000000000e+06
7.620225000000000000e+05
1.240630875000000000e+06
7.909402500000000000e+05
7.543038750000000000e+05
1.271864250000000000e+06
9.253218750000000000e+05
8.201486250000000000e+05
6.077624320000000000e+08
6.384370000000000000e+06
9.164226875000000000e+05
8.269841250000000000e+05
9.353336875000000000e+05
9.965548750000000000e+05
8.429968750000000000e+05
9.117186250000000000e+05
9.316802500000000000e+05
1.188274304000000000e+09
7.292766250000000000e+05
9.352397500000000000e+05
9.416815000000000000e+05
8.601553750000000000e+05
1.225438500000000000e+06
1.074866875000000000e+06
1.051961875000000000e+06
1.492880625000000000e+06
2.558634000000000000e+06
7.671267500000000000e+05
7.598037500000000000e+05
1.065909875000000000e+06
6.796351250000000000e+05
1.437484625000000000e+06
6.671201250000000000e+05
8.242085000000000000e+05
8.416764375000000000e+05
5.894275625000000000e+05
1.544994500000000000e+06
6.774522500000000000e+05
6.873090625000000000e+05
7.108853750000000000e+05
9.274246875000000000e+05
2.320093750000000000e+06
9.247535625000000000e+05
8.322023750000000000e+05
1.155152125000000000e+06
6.144317500000000000e+05
9.840268125000000000e+05
9.595178750000000000e+05
8.531889375000000000e+05
1.329624300000000000e+07
1.140210000000000000e+06
8.567301250000000000e+05
1.357497300000000000e+07
6.264033750000000000e+05
7.224561875000000000e+05
1.088010125000000000e+06
1.147510250000000000e+06
1.022219375000000000e+06
6.124873125000000000e+05
1.128275375000000000e+06
7.215195625000000000e+05
7.118416250000000000e+05
9.296801250000000000e+05
8.246416250000000000e+05
1.180411250000000000e+06
1.259454000000000000e+06
8.051190000000000000e+05
1.217712500000000000e+06
5.173196875000000000e+05
9.401409375000000000e+05
8.040146250000000000e+05
7.298893125000000000e+05
6.719535000000000000e+05
8.923841250000000000e+05
7.362627500000000000e+05
1.858180750000000000e+06
7.479838125000000000e+05
1.235190375000000000e+06
1.067726625000000000e+06
9.166535000000000000e+05
2.885001800000000000e+07
7.548372500000000000e+05
1.226094875000000000e+06
2.113945200000000000e+07
1.000201250000000000e+06
4.022649500000000000e+06
1.047917750000000000e+06
9.930802500000000000e+05
9.096991250000000000e+05
1.678092375000000000e+06
8.515593750000000000e+05
1.781998720000000000e+08
1.059032375000000000e+06
1.015535000000000000e+06
8.325683750000000000e+05
7.947298750000000000e+05
8.692127500000000000e+05
7.868780000000000000e+05
9.362086250000000000e+05
7.888125625000000000e+05
8.324177500000000000e+05
9.549260625000000000e+05
1.136594125000000000e+06
4.180390500000000000e+06
9.383588750000000000e+05
1.033718000000000000e+06
7.648362500000000000e+05
9.765916250000000000e+05
1.487499500000000000e+06
9.151311250000000000e+05
1.105160375000000000e+06
9.464785000000000000e+05
9.642451250000000000e+05
9.551426250000000000e+05
1.367805875000000000e+06
6.752840000000000000e+05
5.638242500000000000e+05
1.324466375000000000e+06
8.153094375000000000e+05
5.973988125000000000e+05
8.752110000000000000e+05
6.493730625000000000e+05
7.736561250000000000e+05
1.541974144000000000e+09
6.009332500000000000e+05
8.820597500000000000e+05
1.393718000000000000e+06
1.001406062500000000e+06
1.242736750000000000e+06
1.364192250000000000e+06
1.531789875000000000e+06
7.616543750000000000e+05
1.169626125000000000e+06
7.531890625000000000e+05
1.376323375000000000e+06
8.239238125000000000e+05
7.879126875000000000e+05
1.559369500000000000e+06
9.941118750000000000e+05
1.200206875000000000e+06
8.511510000000000000e+05
9.115977500000000000e+05
4.011828800000000000e+07
9.679626250000000000e+05
1.035488875000000000e+06
6.335757500000000000e+05
1.967804000000000000e+06
9.649991875000000000e+05
1.104913250000000000e+06
7.307901250000000000e+05
1.190217000000000000e+06
5.349834000000000000e+06
8.091899375000000000e+05
1.043152187500000000e+06
1.242106875000000000e+06
1.042950272000000000e+09
1.133619375000000000e+06
8.195975625000000000e+05
9.440272500000000000e+05
7.964952500000000000e+05
1.703480375000000000e+06
1.134326375000000000e+06
7.044373750000000000e+05
4.295078000000000000e+07
9.254047500000000000e+05
9.927941250000000000e+05
8.208252500000000000e+05
7.899101875000000000e+05
9.457821250000000000e+05
6.695120000000000000e+05
1.061856250000000000e+06
1.167027875000000000e+06
1.158544000000000000e+06
6.771739375000000000e+05
1.032637562500000000e+06
6.759112500000000000e+05
8.787400625000000000e+05
5.682971500000000000e+06
9.518521875000000000e+05
9.550375625000000000e+05
8.235035000000000000e+05
9.056360625000000000e+05
1.164113625000000000e+06
8.560865625000000000e+05
1.466583000000000000e+06
7.343885625000000000e+05
9.190581875000000000e+05
8.321871250000000000e+05
1.044274875000000000e+06
1.391390500000000000e+06
1.221836288000000000e+09
1.534032500000000000e+06
1.524344750000000000e+06
8.985042500000000000e+05
8.862313750000000000e+05
7.756365625000000000e+05
8.723355000000000000e+05
1.175172375000000000e+06
6.718741250000000000e+05
1.026847187500000000e+06
1.003565875000000000e+06
1.737514375000000000e+06
1.093101750000000000e+06
1.599196000000000000e+06
1.113851625000000000e+06
7.164890000000000000e+05
1.639896000000000000e+06
8.677656250000000000e+05
5.803063750000000000e+05
6.219987500000000000e+05
1.385174000000000000e+06
8.930990000000000000e+05
1.175105664000000000e+09
5.722853750000000000e+05
6.682150625000000000e+05
8.191560000000000000e+05
8.809501250000000000e+05
1.161506750000000000e+06
1.044960500000000000e+06
8.255059375000000000e+05
6.201189500000000000e+06
3.549755000000000000e+06
5.750834375000000000e+05
1.169174375000000000e+06
6.537432960000000000e+08
1.127137750000000000e+06
9.336768125000000000e+05
9.686401250000000000e+05
7.729296875000000000e+05
1.012087687500000000e+06
1.040322250000000000e+06
1.478464750000000000e+06
1.238155500000000000e+06
6.635727500000000000e+05
8.196902500000000000e+05
2.352317600000000000e+07
1.400842500000000000e+06
9.703587500000000000e+05
1.066119250000000000e+06
7.248456250000000000e+05
6.939083750000000000e+05
5.833638750000000000e+05
6.644290000000000000e+05
5.817505000000000000e+05
7.369531250000000000e+05
1.182007250000000000e+06
6.268073750000000000e+05
1.313661000000000000e+06
9.539553125000000000e+05
5.772991250000000000e+05
8.018301250000000000e+05
8.773942500000000000e+05
7.645707500000000000e+05
7.034471500000000000e+06
7.124552500000000000e+05
6.626337500000000000e+05
8.758973125000000000e+05
9.421943125000000000e+05
1.017598437500000000e+06
8.539598125000000000e+05
1.155118125000000000e+06
9.716003750000000000e+05
1.124997000000000000e+06
8.249824375000000000e+05
9.299480000000000000e+05
7.658800625000000000e+05
9.567162500000000000e+05
6.180887500000000000e+05
1.943300736000000000e+09
9.041667500000000000e+05
6.532927500000000000e+05
9.846994375000000000e+05
9.941213750000000000e+05
6.300101250000000000e+05
7.549910625000000000e+05
1.654914875000000000e+06
1.484288750000000000e+06
1.000520000000000000e+06
1.071972625000000000e+06
8.276762500000000000e+05
8.697607500000000000e+05
9.279391875000000000e+05
1.279852125000000000e+06
1.803429500000000000e+06
6.487767500000000000e+05
8.978368125000000000e+05
2.171031750000000000e+06
1.213320250000000000e+06
8.780583750000000000e+05
8.284955000000000000e+05
8.579941250000000000e+05
7.725910000000000000e+05
1.725895250000000000e+06
1.417895000000000000e+06
7.478425000000000000e+05
8.968572500000000000e+05
6.051980000000000000e+05
1.180656000000000000e+06
1.329398125000000000e+06
9.816305000000000000e+05
4.692716800000000000e+07
7.587613750000000000e+05
7.449782500000000000e+05
1.475294750000000000e+06
7.495063125000000000e+05
9.672527500000000000e+05
8.549678125000000000e+05
8.898857500000000000e+05
7.038578750000000000e+05
8.457821250000000000e+05
8.838486250000000000e+05
5.726126250000000000e+05
6.661130000000000000e+05
5.696033750000000000e+05
2.740458400000000000e+07
8.203426250000000000e+05
8.440016250000000000e+05
6.936401250000000000e+05
1.768783125000000000e+06
1.051875375000000000e+06
5.506759375000000000e+05
6.535958125000000000e+05
1.092207875000000000e+06
1.372233500000000000e+06
1.153753000000000000e+06
7.202333750000000000e+05
1.006488937500000000e+06
1.464367360000000000e+09
1.170895750000000000e+06
7.955884375000000000e+05
1.047961625000000000e+06
9.239398750000000000e+05
1.721142375000000000e+06
1.164779625000000000e+06
1.059206750000000000e+06
1.509908500000000000e+06
9.081414375000000000e+05
9.781471250000000000e+05
7.463651250000000000e+05
8.891328750000000000e+05
1.351342500000000000e+06
1.374216250000000000e+06
8.731976250000000000e+05
7.586570625000000000e+05
8.567248125000000000e+05
8.664553750000000000e+05
1.182298625000000000e+06
1.235709250000000000e+06
1.402363125000000000e+06
7.907062500000000000e+05
8.023637500000000000e+05
8.050136250000000000e+05
7.342262500000000000e+05
2.074503375000000000e+06
6.158952500000000000e+05
8.724222500000000000e+05
1.003293250000000000e+06
8.277820000000000000e+05
8.699470625000000000e+05
1.390099250000000000e+06
6.881405000000000000e+05
3.495346000000000000e+06
9.200246250000000000e+05
1.033396250000000000e+06
4.825778800000000000e+07
8.328053750000000000e+05
6.254395000000000000e+05
8.264943750000000000e+05
8.541047500000000000e+05
8.386933125000000000e+05
8.837826250000000000e+05
5.311655625000000000e+05
8.653201250000000000e+05
6.069398125000000000e+05
7.632064375000000000e+05
8.659425625000000000e+05
9.901163750000000000e+05
9.732498125000000000e+05
7.237256250000000000e+05
1.051401250000000000e+06
2.404635000000000000e+07
1.264854375000000000e+06
6.727265000000000000e+05
9.953797500000000000e+05
1.217794250000000000e+06
8.104483750000000000e+05
5.047719375000000000e+05
8.272246250000000000e+05
6.733938125000000000e+05
8.760851250000000000e+05
8.287148750000000000e+05
7.406455040000000000e+08
1.010953812500000000e+06
1.176873500000000000e+06
8.369390625000000000e+05
1.054430625000000000e+06
8.375830000000000000e+05
7.920233125000000000e+05
9.605186250000000000e+05
7.431822500000000000e+05
1.086341250000000000e+06
8.362053750000000000e+05
8.705731250000000000e+05
9.225456250000000000e+05
7.737755000000000000e+05
7.080986250000000000e+05
7.988190625000000000e+05
8.013341250000000000e+05
1.466907625000000000e+06
6.692188750000000000e+05
6.403613000000000000e+06
8.808126250000000000e+05
7.772545000000000000e+05
7.139941250000000000e+05
7.422031250000000000e+05
8.329195000000000000e+05
8.212841250000000000e+05
7.068010000000000000e+05
8.993603750000000000e+05
7.281212500000000000e+05
9.082612500000000000e+05
2.754281600000000000e+07
7.312524375000000000e+05
6.825725000000000000e+05
8.348563125000000000e+05
7.291627500000000000e+05
8.544780625000000000e+05
1.272557875000000000e+06
1.479277750000000000e+06
8.401056875000000000e+05
1.416666000000000000e+06
2.430805760000000000e+08
7.053040000000000000e+05
7.313312500000000000e+05
1.663847300000000000e+07
8.129875000000000000e+05
7.841462500000000000e+05
1.034669625000000000e+06
6.907436250000000000e+05
8.082697500000000000e+05
7.792075000000000000e+05
8.382995000000000000e+05
9.872872500000000000e+05
9.349078750000000000e+05
7.890988125000000000e+05
1.157412500000000000e+06
8.821053750000000000e+05
9.126193750000000000e+05
7.806595000000000000e+05
6.856220000000000000e+05
1.020892937500000000e+06
9.759196875000000000e+05
9.191225000000000000e+05
1.168137625000000000e+06
8.543552500000000000e+05
7.093816250000000000e+05
1.135711250000000000e+06
1.304350250000000000e+06
8.320703125000000000e+05
7.981465000000000000e+05
8.108818750000000000e+05
1.573321856000000000e+09
7.973223125000000000e+05
2.857525000000000000e+06
1.034864000000000000e+06
8.084072500000000000e+05
1.927300750000000000e+06
9.630348125000000000e+05
6.518273000000000000e+06
1.244868875000000000e+06
7.401968000000000000e+08
7.542946875000000000e+05
1.045107937500000000e+06
1.292429000000000000e+06
1.181839375000000000e+06
1.137766250000000000e+06
8.397171250000000000e+05
8.349870000000000000e+05
8.621601250000000000e+05
7.170410000000000000e+05
7.973723750000000000e+05
1.085986750000000000e+06
9.523783750000000000e+05
1.058327250000000000e+06
1.062923500000000000e+06
8.379811250000000000e+05
8.002133750000000000e+05
1.547310750000000000e+06
6.843675000000000000e+05
1.243995000000000000e+06
9.591182500000000000e+05
7.499142500000000000e+05
9.877999375000000000e+05
9.190533750000000000e+05
8.529133750000000000e+05
8.232910000000000000e+05
7.714381875000000000e+05
2.035315375000000000e+06
7.522121875000000000e+05
9.663449375000000000e+05
8.436644375000000000e+05
7.167110625000000000e+05
8.417221875000000000e+05
7.910708125000000000e+05
1.112321000000000000e+06
8.029670000000000000e+05
6.473401875000000000e+05
6.873115000000000000e+05
6.619421250000000000e+05
8.799158750000000000e+05
1.477476875000000000e+06
8.531278750000000000e+05
7.082581760000000000e+08
7.059418750000000000e+05
7.448854375000000000e+05
7.714451875000000000e+05
5.455550625000000000e+05
1.131838875000000000e+06
5.980005000000000000e+05
7.391676250000000000e+05
1.042517000000000000e+06
1.470270625000000000e+06
6.388089000000000000e+06
7.760630000000000000e+05
4.943370312500000000e+05
8.652186250000000000e+05
4.269289200000000000e+07
9.238963125000000000e+05
9.149251250000000000e+05
8.669277500000000000e+05
8.600399375000000000e+05
6.216018560000000000e+08
7.516426875000000000e+05
7.805581250000000000e+05
6.810643125000000000e+05
8.165633750000000000e+05
7.669342500000000000e+05
1.074851500000000000e+06
8.152193750000000000e+05
8.139465000000000000e+05
1.669700125000000000e+06
6.330772500000000000e+05
1.032440250000000000e+06
1.658882500000000000e+06
2.093584200000000000e+07
6.197507500000000000e+05
8.252966875000000000e+05
6.886095625000000000e+05
1.518745000000000000e+06
4.758700625000000000e+05
1.118316375000000000e+06
9.487192500000000000e+05
5.540388125000000000e+05
5.707150500000000000e+06
7.586871250000000000e+05
7.800983750000000000e+05
4.938473125000000000e+05
7.248598750000000000e+05
6.977945625000000000e+05
8.591500625000000000e+05
6.767596250000000000e+05
1.069462875000000000e+06
1.282581500000000000e+06
1.085629750000000000e+06
1.023297250000000000e+06
5.290353750000000000e+05
6.421361250000000000e+05
9.569272500000000000e+05
8.094204375000000000e+05
8.631045000000000000e+05
7.519925000000000000e+05
7.937676250000000000e+05
8.061650625000000000e+05
1.027463187500000000e+06
8.209655000000000000e+05
8.777088125000000000e+05
7.709476250000000000e+05
9.954856875000000000e+05
6.312594375000000000e+05
7.296845000000000000e+05
6.925133750000000000e+05
7.939188750000000000e+05
8.039035000000000000e+05
8.531055000000000000e+05
1.077661250000000000e+06
2.321685400000000000e+07
1.191569000000000000e+06
8.487411250000000000e+05
1.735338880000000000e+09
2.062512250000000000e+06
1.341816250000000000e+06
8.664673750000000000e+05
8.471736250000000000e+05
9.089810000000000000e+05
9.013830000000000000e+05
8.777638750000000000e+05
2.979138560000000000e+08
5.541520000000000000e+05
1.077494125000000000e+06
9.163666250000000000e+05
8.738530000000000000e+05
1.176979625000000000e+06
1.171200625000000000e+06
6.851042500000000000e+05
7.284196250000000000e+05
5.520646875000000000e+05
1.027065937500000000e+06
8.701646875000000000e+05
3.844942750000000000e+06
8.444635000000000000e+05
6.199490625000000000e+05
1.307654200000000000e+07
7.365738750000000000e+05
5.682580625000000000e+05
5.622049375000000000e+05
9.498165000000000000e+05
5.452378750000000000e+05
8.186011250000000000e+05
8.975636875000000000e+05
2.019558625000000000e+06
1.253161750000000000e+06
1.029227062500000000e+06
5.911047500000000000e+05
6.118786250000000000e+05
7.842789375000000000e+05
9.290453125000000000e+05
5.448218750000000000e+05
1.227953250000000000e+06
9.702486250000000000e+05
1.239964500000000000e+06
2.450231750000000000e+06
7.254283750000000000e+05
7.953593750000000000e+05
7.296731875000000000e+05
1.105239250000000000e+06
4.490810937500000000e+05
8.292190625000000000e+05
4.988255625000000000e+05
9.623573125000000000e+05
7.414564375000000000e+05
1.466095125000000000e+06
8.793023750000000000e+05
7.088905000000000000e+05
4.638337187500000000e+05
6.576033750000000000e+05
1.069876000000000000e+06
2.991955800000000000e+07
7.372070000000000000e+05
6.269623750000000000e+05
8.336965000000000000e+05
6.855678750000000000e+05
5.523462500000000000e+05
1.023657875000000000e+06
8.745316250000000000e+05
8.803882500000000000e+05
3.791078000000000000e+07
6.803095000000000000e+05
6.399683750000000000e+05
1.025051750000000000e+06
1.304452750000000000e+06
1.070455125000000000e+06
8.841766875000000000e+05
5.334348750000000000e+05
9.088323750000000000e+05
5.835615000000000000e+05
7.564135625000000000e+05
7.244860000000000000e+05
5.319400000000000000e+05
1.115309000000000000e+06
2.035025000000000000e+07
6.403490000000000000e+06
1.068907125000000000e+06
6.338357500000000000e+05
8.039068750000000000e+05
8.289701250000000000e+05
7.268042500000000000e+05
6.495673750000000000e+05
5.010614000000000000e+07
1.178910000000000000e+06
4.683272500000000000e+05
7.894293750000000000e+05
1.081034125000000000e+06
5.990000625000000000e+05
7.719031250000000000e+05
1.071103000000000000e+06
1.042325875000000000e+06
7.038440000000000000e+05
7.825578750000000000e+05
5.781277500000000000e+05
8.592153750000000000e+05
6.564428125000000000e+05
6.950331250000000000e+05
7.813311250000000000e+05
1.280496250000000000e+06
7.557996250000000000e+05
7.160688750000000000e+05
7.930433750000000000e+05
6.172743750000000000e+05
9.578475000000000000e+05
1.027431187500000000e+06
7.465540000000000000e+05
7.195564375000000000e+05
1.888250500000000000e+06
2.016877000000000000e+06
7.552527500000000000e+05
8.346805000000000000e+05
1.056249125000000000e+06
5.675607500000000000e+05
9.537473125000000000e+05
6.903661250000000000e+05
3.144532500000000000e+06
7.451842500000000000e+05
8.952861250000000000e+05
1.167843750000000000e+06
7.615492500000000000e+05
1.037071250000000000e+06
7.229474375000000000e+05
6.234351250000000000e+05
1.074909875000000000e+06
6.873108480000000000e+08
1.059756250000000000e+06
8.249151250000000000e+05
7.173970625000000000e+05
7.220021875000000000e+05
7.150832500000000000e+05
9.393645625000000000e+05
6.067290240000000000e+08
6.705918750000000000e+05
1.939460000000000000e+06
8.834633750000000000e+05
1.121762000000000000e+06
8.686809375000000000e+05
2.517103400000000000e+07
7.425878750000000000e+05
7.287315000000000000e+05
6.135290000000000000e+05
8.189261250000000000e+05
1.390926500000000000e+06
7.358492500000000000e+05
7.976488750000000000e+05
1.457121875000000000e+06
9.766536250000000000e+05
5.493133125000000000e+05
9.164407500000000000e+05
6.829898750000000000e+05
5.968370000000000000e+05
5.056041500000000000e+06
9.266056875000000000e+05
9.609775000000000000e+05
8.663978125000000000e+05
9.118968750000000000e+05
8.625874375000000000e+05
6.352522500000000000e+05
8.892181250000000000e+05
5.861463750000000000e+05
6.841045000000000000e+05
5.757042500000000000e+05
9.058925000000000000e+05
9.757413750000000000e+05
7.446422500000000000e+05
6.522730625000000000e+05
1.113274750000000000e+06
8.841870000000000000e+05
9.824284375000000000e+05
1.405780125000000000e+06
7.406047500000000000e+05
8.985491250000000000e+05
6.198318750000000000e+05
7.175005000000000000e+05
8.831566250000000000e+05
1.013313300000000000e+07
8.386263125000000000e+05
5.393205000000000000e+05
7.248210000000000000e+05
1.132977750000000000e+06
1.165086875000000000e+06
7.194670000000000000e+05
8.136586250000000000e+05
7.934902500000000000e+05
7.533406250000000000e+05
7.571543750000000000e+05
1.000071500000000000e+06
6.928791250000000000e+05
6.432156250000000000e+05
9.572478750000000000e+05
1.145671680000000000e+09
1.096483750000000000e+06
7.082152500000000000e+05
1.336523360000000000e+08
7.717358750000000000e+05
8.966668750000000000e+05
9.350188750000000000e+05
1.057641250000000000e+06
1.244346500000000000e+06
1.281080500000000000e+06
1.016854062500000000e+06
9.475995000000000000e+05
8.350345625000000000e+05
1.019891250000000000e+06
4.930269375000000000e+05
1.147301375000000000e+06
8.783434375000000000e+05
6.363336250000000000e+05
6.720051250000000000e+05
9.107458125000000000e+05
9.957012500000000000e+05
9.159920000000000000e+05
8.202278125000000000e+05
7.804217500000000000e+05
8.950288750000000000e+05
7.925606250000000000e+05
6.961837500000000000e+05
1.224735625000000000e+06
6.214648000000000000e+06
7.928040625000000000e+05
7.347652500000000000e+05
1.234425875000000000e+06
8.850855000000000000e+05
8.530053750000000000e+05
1.126600500000000000e+06
2.028678500000000000e+06
7.291849375000000000e+05
9.189608125000000000e+05
1.007469375000000000e+06
5.851363750000000000e+05
7.401618750000000000e+05
3.960021250000000000e+05
6.820102500000000000e+05
8.498511360000000000e+08
7.059336250000000000e+05
6.455821250000000000e+05
1.067146500000000000e+06
8.876108750000000000e+05
1.236229000000000000e+06
5.481640400000000000e+07
1.975178000000000000e+07
6.589970625000000000e+05
9.292141250000000000e+05
8.709027500000000000e+05
5.231307187500000000e+05
8.232405000000000000e+05
7.134852500000000000e+05
8.693981875000000000e+05
9.292248750000000000e+05
5.560110000000000000e+05
6.841568750000000000e+05
2.750913600000000000e+07
6.575031250000000000e+05
8.346556250000000000e+05
7.008573750000000000e+05
8.337276875000000000e+05
1.201592375000000000e+06
8.120328750000000000e+05
1.008463562500000000e+06
8.318138125000000000e+05
6.766965000000000000e+05
2.297113000000000000e+06
1.327300875000000000e+06
1.012395625000000000e+06
6.302633750000000000e+05
6.126157500000000000e+05
1.218577920000000000e+08
8.274705625000000000e+05
1.176048125000000000e+06
1.072145500000000000e+06
9.036312500000000000e+05
8.688619375000000000e+05
7.947951250000000000e+05
6.884518750000000000e+05
6.109288750000000000e+05
6.882021250000000000e+05
8.522268750000000000e+05
7.261887500000000000e+05
7.759485625000000000e+05
1.321424625000000000e+06
8.795147500000000000e+05
2.420741500000000000e+06
5.576650625000000000e+05
7.279025000000000000e+05
7.926947500000000000e+05
1.294526000000000000e+06
7.377597500000000000e+05
5.708069375000000000e+05
7.287179375000000000e+05
6.928203750000000000e+05
6.165083125000000000e+05
1.093171375000000000e+06
8.060353750000000000e+05
1.036588500000000000e+06
7.127381250000000000e+05
5.092010000000000000e+05
4.874308000000000000e+06
9.556593750000000000e+05
7.414540000000000000e+05
8.737553750000000000e+05
2.612491000000000000e+07
7.392144375000000000e+05
5.697431875000000000e+05
7.758438750000000000e+05
7.496692500000000000e+05
8.671859375000000000e+05
6.566618750000000000e+05
7.138835625000000000e+05
5.259396400000000000e+07
6.972919375000000000e+05
1.105632125000000000e+06
1.103132750000000000e+06
9.250718750000000000e+05
9.261603750000000000e+05
6.897013750000000000e+05
9.799886875000000000e+05
5.699530000000000000e+06
9.117026250000000000e+05
8.081503125000000000e+05
5.881861875000000000e+05
6.580022500000000000e+05
1.321908750000000000e+06
1.098134125000000000e+06
8.928668125000000000e+05
8.470790000000000000e+05
8.334391875000000000e+05
7.030016875000000000e+05
8.448158125000000000e+05
9.927292500000000000e+05
7.188625000000000000e+05
6.758215000000000000e+05
7.140347500000000000e+05
6.225152640000000000e+08
1.115157750000000000e+06
8.196327500000000000e+05
8.596561250000000000e+05
7.386367500000000000e+05
4.391653500000000000e+06
5.992730625000000000e+05
1.130056750000000000e+06
6.586227500000000000e+05
7.087752500000000000e+05
8.116820000000000000e+05
8.434651875000000000e+05
1.290429625000000000e+06
4.011302000000000000e+07
6.798219375000000000e+05
6.703564375000000000e+05
5.951424375000000000e+05
8.387501250000000000e+05
9.823770625000000000e+05
8.569597500000000000e+05
7.130735625000000000e+05
1.105078250000000000e+06
9.205946875000000000e+05
1.369029250000000000e+06
2.240922800000000000e+07
8.660660000000000000e+05
1.637489500000000000e+06
7.171031250000000000e+05
8.945836250000000000e+05
8.706937500000000000e+05
7.960447500000000000e+05
5.846093125000000000e+05
8.710230000000000000e+05
4.694754375000000000e+05
6.890580000000000000e+05
6.487081250000000000e+05
7.914983125000000000e+05
7.924171250000000000e+05
6.710403750000000000e+05
1.150893625000000000e+06
5.025255000000000000e+05
1.134918875000000000e+06
7.957808750000000000e+05
7.356174375000000000e+05
6.388450000000000000e+05
9.037418750000000000e+05
6.772025000000000000e+05
7.057125000000000000e+05
6.354453125000000000e+05
8.204628750000000000e+05
7.127717500000000000e+05
6.875893750000000000e+05
7.301727500000000000e+05
5.474446250000000000e+05
5.260226250000000000e+05
6.502395625000000000e+05
7.604883750000000000e+05
6.195688750000000000e+05
7.762169375000000000e+05
6.509417500000000000e+05
1.362549875000000000e+06
1.020911875000000000e+06
6.916428750000000000e+05
4.469875625000000000e+05
7.981571875000000000e+05
