1.166883391485047099e+02
9.395585710262247403e+01
8.263979068356277935e+01
7.688313071971603563e+01
7.368278105012480239e+01
7.182904028889264225e+01
7.045368425246097388e+01
6.943044397679160795e+01
6.872986191430595682e+01
6.820300889293613977e+01
6.732363419649803404e+01
6.672522980145566862e+01
6.630614345724052328e+01
6.594343002553873134e+01
6.526038988180928868e+01
6.496110136730764850e+01
6.465921800135990338e+01
6.425521510255586577e+01
6.390602872116253508e+01
6.353346832194509375e+01
6.338065751993863728e+01
6.314484566780928532e+01
6.282773103576536045e+01
6.263818548965495125e+01
6.230035090493853289e+01
6.215803919893556895e+01
6.174855628482160341e+01
6.109561347867780512e+01
6.081692561626963567e+01
6.058867117239727662e+01
