1.176587995794801316e+02
9.484230389342005196e+01
8.372847327313579058e+01
7.798378152158484511e+01
7.507286499468636976e+01
7.314408626634316590e+01
7.189170474636853214e+01
7.094669069922699123e+01
6.992076255220969472e+01
6.931040511222464318e+01
6.889073624155531661e+01
6.830026251684762428e+01
6.765503365820684678e+01
6.727866757918290830e+01
6.695654888020635553e+01
6.651219556088888396e+01
6.614189720359846092e+01
6.588218354004767718e+01
6.510698604490627872e+01
6.479552496156526331e+01
6.462718946948201904e+01
6.419383414114305708e+01
6.379139236392948931e+01
6.321156296300432587e+01
6.304649290176656962e+01
6.233798668118527786e+01
6.214543500913207907e+01
6.185509799951559984e+01
6.170943322483606863e+01
6.156077004626221338e+01
6.132995307858821121e+01
6.120510606936461784e+01
6.085418274368521452e+01
6.075841068700191272e+01
6.059153485760956670e+01
6.021207574665363182e+01
6.002982213475180373e+01
