1.124162690077837539e+02
9.025713272806780196e+01
7.906803400398501935e+01
7.330500367008988860e+01
7.029689365522342825e+01
6.834134992817021725e+01
6.699920373824321018e+01
6.610984530648875079e+01
6.537755971695047208e+01
6.477425157724250937e+01
6.427593509838690977e+01
6.379059264550185304e+01
6.339602667190771257e+01
6.298364695264518787e+01
6.215485450200630169e+01
6.181200386666291280e+01
6.146105996732902810e+01
6.118486079042671832e+01
6.091077882446609948e+01
6.060538674802274528e+01
6.036406163268128466e+01
6.016284270284168656e+01
5.988796931329004281e+01
5.973613862650712747e+01
5.951680236831610671e+01
5.926683273228137949e+01
5.904623807038269234e+01
5.871754264202253637e+01
5.846904710153099671e+01
5.819461440310902134e+01
5.799696482440713652e+01
5.771366411743441205e+01
