1.123429581675870992e+02
8.991999983573630573e+01
7.827746805992158841e+01
7.272083668481606367e+01
6.963968903249256925e+01
6.752000454390913831e+01
6.633431663892817198e+01
6.547526667118584953e+01
6.463939656831560399e+01
6.394025976416104129e+01
6.329729089856903101e+01
6.279366777957858403e+01
6.234854963661981486e+01
6.182869432955865108e+01
6.139155466792545468e+01
6.102840284385708003e+01
6.065245013600784318e+01
6.039377667609353750e+01
6.007493340868158072e+01
5.985420195441916746e+01
5.952889647214215074e+01
5.930177755983562093e+01
5.899831436726376666e+01
5.876206381755533670e+01
5.860245041272289512e+01
5.847516348540838038e+01
5.837730891254506105e+01
5.823553641686736171e+01
5.806686405501699255e+01
5.789864563779368467e+01
5.779278286852152036e+01
5.771449157375806749e+01
