1.165301100804500152e+02
9.445316167647148120e+01
8.227952484955937962e+01
7.630587238018509311e+01
7.325806929179235283e+01
7.130560310124681678e+01
7.004752302921092166e+01
6.910835727604096235e+01
6.802412505016302191e+01
6.729274271967386767e+01
6.658670430746644797e+01
6.596733872774076701e+01
6.545909934610521930e+01
6.499292114734686265e+01
6.451894166524580498e+01
6.397785981147956136e+01
6.373917600392476857e+01
6.342080582474639527e+01
6.320737671879682296e+01
6.247100439809020855e+01
6.209587394580018582e+01
6.167101086045160940e+01
6.142260273231413947e+01
6.128057506946136357e+01
6.087557650620144756e+01
6.067305006952005897e+01
6.035762523421468728e+01
6.022837157026788191e+01
6.002490046619405462e+01
5.989803441116573168e+01
5.979945684758372693e+01
5.937768069780899083e+01
5.910697300348585514e+01
5.900330239702163482e+01
5.880217017996576345e+01
5.853041990539013284e+01
5.841213665746175820e+01
5.833877073003030489e+01
5.820359657761070338e+01
5.793827098929934039e+01
