3.159079552347884746e+05
2.772159959209329099e+05
2.425815143540920690e+05
2.160796513898407866e+05
1.948917797598237521e+05
1.789742027656790742e+05
1.667768232761508261e+05
1.555061070684329898e+05
1.487162394329866511e+05
1.421568262355569750e+05
1.359088234714393329e+05
1.313352867511725635e+05
1.276499646255841944e+05
1.232784750388287794e+05
1.200240619212338643e+05
1.179065905094749178e+05
1.158034842579112446e+05
1.140169850469433732e+05
1.126633063895056112e+05
1.113246735343668988e+05
1.101152509896687989e+05
1.089014900350634707e+05
1.081575876851189678e+05
1.074244818188539211e+05
1.064959316634563002e+05
1.058559868498323485e+05
1.048434016992330435e+05
1.039375221876813303e+05
1.030713861083736701e+05
1.023295122208171961e+05
1.016970647093677399e+05
1.010194361604838341e+05
1.001988239782758028e+05
9.963634794160368619e+04
9.922488951154878305e+04
9.845391737973700219e+04
9.791345966900310304e+04
9.732231546502774290e+04
9.685756736197530699e+04
9.629373278124704666e+04
9.585896094821782026e+04
9.544965019419453165e+04
9.485616872992535355e+04
9.423327795252937358e+04
9.373918787721439730e+04
9.307261323337316571e+04
9.258845363826943503e+04
9.235808553358266363e+04
9.192278687652618100e+04
9.149173830857270514e+04
9.090422675509865803e+04
9.051299240484913753e+04
9.010226504017041589e+04
8.973682015016103105e+04
8.919980583927183761e+04
8.878945718466384278e+04
8.819321400714525953e+04
8.768497081315121613e+04
8.734762905029226386e+04
8.702763782247887866e+04
8.679951464221045899e+04
8.650305795527491136e+04
8.623058085252332967e+04
8.590010887965247093e+04
8.561942623876956350e+04
8.524244169618416345e+04
8.504177936400409089e+04
8.470460185401768831e+04
8.425063132680616400e+04
8.391518648304771341e+04
8.364845241909811739e+04
8.342143506306415657e+04
8.306773253169906093e+04
8.262944311469729291e+04
8.201445677585598605e+04
8.180441492953874695e+04
8.147591185769802541e+04
8.108577939198291278e+04
8.088518809373099066e+04
8.044222065353748621e+04
8.020193973711217404e+04
8.001106979347518063e+04
7.978571878150594421e+04
7.951449236450670287e+04
7.925789367580540420e+04
7.910282406862993957e+04
7.885074968352638825e+04
7.864784162126458250e+04
7.844772683949102066e+04
7.815999678168725222e+04
7.792177202531734656e+04
7.748717554843531980e+04
7.726978478899231413e+04
7.712220530971839617e+04
7.691833590287678817e+04
7.678140505175212456e+04
7.656302425668985234e+04
7.636183630823099520e+04
7.616440405908404500e+04
7.605237121438105532e+04
