3.109535785329666105e+05
2.694320578651398537e+05
2.363089715639173519e+05
2.117302878248055931e+05
1.915069925426560221e+05
1.765113606943278282e+05
1.632825024688754638e+05
1.526501694153774297e+05
1.440744696863344288e+05
1.381064691524541704e+05
1.342245954610920453e+05
1.288773150374351098e+05
1.250432297485175513e+05
1.213454697453288391e+05
1.188630329366913211e+05
1.165661542569564481e+05
1.148409945397661213e+05
1.131530058823309664e+05
1.121566237844232237e+05
1.106573299915624084e+05
1.096674146827748482e+05
1.080430274943786935e+05
1.069171952148995479e+05
1.056950681812724797e+05
1.046604573598188290e+05
1.039751154105563764e+05
1.033087572703675251e+05
1.025839486767589115e+05
1.019333239669335453e+05
1.014049138219039305e+05
1.008596134977565234e+05
1.002399635591091064e+05
9.949456158615199092e+04
9.865585767347323417e+04
9.818506844569627719e+04
9.767408343559678178e+04
9.703227813564622193e+04
9.666128651794901816e+04
9.625018569496301643e+04
9.571242550104696420e+04
9.526388890770373109e+04
9.479531880200793967e+04
9.437670709896444168e+04
9.366918035027541919e+04
9.321580880137688655e+04
9.267524112063877692e+04
9.226791318186547142e+04
9.179457860614733363e+04
9.141564193690728280e+04
9.110923635847469268e+04
9.066485987667516747e+04
9.038757781888413592e+04
9.014323307509170263e+04
8.972848008227803803e+04
8.931312381077006285e+04
8.872687997480855847e+04
8.820697975882225728e+04
8.800310668061615434e+04
8.753212914778082632e+04
8.694447899941557262e+04
8.661511762567448022e+04
8.625813474727138237e+04
8.574200339542300208e+04
8.555348695064931235e+04
8.519954708388700965e+04
8.485782799386125407e+04
8.468501337439191411e+04
8.440193106101575540e+04
8.413004210168603458e+04
8.383482017420711054e+04
8.338371621243255504e+04
8.310689082442950166e+04
8.293053582498339529e+04
8.266053938780546014e+04
8.220673049937644100e+04
8.203747440509400622e+04
8.159200689188530669e+04
8.134716009659269184e+04
8.115897157429570507e+04
8.094932314668135950e+04
8.073080728518977412e+04
8.047294726903252013e+04
8.022206346119505179e+04
8.001622688871347054e+04
7.982901539144240087e+04
7.952168895695419633e+04
7.934135817916331871e+04
7.916779020765901078e+04
7.895483641057088971e+04
7.883496865716930188e+04
7.866166800699121086e+04
7.845681155209529970e+04
7.817590785560771474e+04
7.786221255398516951e+04
7.770055203124944819e+04
7.751079899360146374e+04
7.720804144028649898e+04
7.692648806044373487e+04
7.679469246823132562e+04
7.668220751057856251e+04
