5.321567150437136292e+08
3.490553554111499190e+08
2.290267580221417546e+08
1.503305703394117951e+08
9.874810624145288765e+07
6.492774117427328974e+07
4.275286450087102503e+07
2.821410243210069090e+07
1.867797132441052422e+07
1.242637429965350218e+07
8.324527945223712362e+06
5.633709167271501385e+06
3.840012800524405204e+06
2.652111649350435473e+06
1.872484731092075584e+06
1.355236885819108458e+06
1.022400929558938951e+06
7.958230525591258192e+05
6.324432570992030669e+05
5.236035916912477114e+05
4.451203084115972742e+05
3.931591976966190850e+05
3.552849950444136630e+05
3.291385337227844866e+05
3.077205017476069042e+05
2.894045295204441645e+05
2.771363108252987731e+05
2.650094092787351692e+05
2.566602322725230770e+05
2.459257876805570268e+05
2.414241639267063292e+05
2.338407920262934349e+05
2.302731534684560902e+05
2.206179055230051454e+05
2.169689751096901891e+05
2.094471361227725574e+05
2.021313166089756123e+05
1.972424102018711565e+05
1.931907201466901170e+05
1.895315345773445442e+05
1.859718926080525562e+05
1.814216603247419698e+05
1.778387844164259732e+05
1.738196135332473787e+05
1.707657994027658133e+05
1.660247781719046179e+05
1.621682770126914256e+05
1.582206211415427970e+05
1.537576847305679112e+05
1.514680389353913779e+05
1.489415640097150754e+05
1.449696911584463669e+05
1.414987611755772377e+05
1.392363193149842846e+05
1.369095259024549741e+05
1.339047971037411189e+05
1.298761764098886488e+05
1.274682657968409185e+05
1.260194294079750689e+05
1.230468058720165718e+05
1.207938731660870253e+05
1.166759291188387433e+05
1.139974741951966716e+05
1.109013615080810268e+05
1.092327318938472745e+05
1.074683035634144617e+05
1.055019019066485926e+05
1.030498280058728415e+05
1.002973035045954748e+05
9.799606094336060050e+04
9.533376040922630636e+04
9.353145720839269052e+04
9.188897631909933989e+04
8.980581280536809936e+04
8.763650092048117949e+04
8.592202837021990854e+04
8.470835446736933955e+04
