8.161385633850942734e-01
8.018985702451771891e-01
7.914833611237859223e-01
7.744112455878396917e-01
7.639824626406318542e-01
7.496811636579965299e-01
7.399095355882201464e-01
7.308021282122096896e-01
7.233378562469464645e-01
7.174544242088402024e-01
7.149869504695168798e-01
7.091197209977817550e-01
7.017580843547582825e-01
6.928523055810081877e-01
6.838124746920150043e-01
6.812552968432138423e-01
6.751386783029108551e-01
6.710471978022463091e-01
6.674124682788187268e-01
6.651034670721809317e-01
6.619837051459004362e-01
6.574868626734616806e-01
6.532816473855838080e-01
6.515404616042352881e-01
6.433012496532105606e-01
6.402187408445458860e-01
6.381506307315306659e-01
6.328339708821721921e-01
6.303684269283691410e-01
6.279581693641625995e-01
6.264245602402956914e-01
6.206057766700061595e-01
6.167918035336154015e-01
6.154030873953801883e-01
6.138021984933235142e-01
6.093765480280270985e-01
6.088727424458466597e-01
6.083188715069038910e-01
6.044933835662046340e-01
6.023711138229510542e-01
6.007057436018216068e-01
5.990310192631673747e-01
5.935112745143208413e-01
5.867077366976750641e-01
5.808601417107566167e-01
5.787206384634775436e-01
5.755830515101219014e-01
