5.765567449861948262e+03
3.950815815038938126e+03
2.770285279070426441e+03
2.017531202720619376e+03
1.530457613736331723e+03
1.197068382551393825e+03
9.898117436915692906e+02
8.472965925906490838e+02
7.508993179061574210e+02
6.763083251953947865e+02
6.283372008122231591e+02
5.918126756479563255e+02
5.635805723099371107e+02
5.332238493924794511e+02
5.130011110604046962e+02
4.956800595855489178e+02
4.824362251909332144e+02
4.654980211310156051e+02
4.540171548863382327e+02
4.435802954326509280e+02
4.335962210990095400e+02
4.242734755567257139e+02
4.173018213589784864e+02
4.089659396570883132e+02
4.028782843645808498e+02
3.966006640471881610e+02
3.917588690584694291e+02
3.875195378334694851e+02
3.838827907901732601e+02
3.804233454470134461e+02
3.748495434115995408e+02
3.704303967403183151e+02
3.668188897621068918e+02
3.625769480912215954e+02
3.586072767078596826e+02
3.548347897019676793e+02
3.517589820112470420e+02
3.495929169626215298e+02
3.471066270842482595e+02
3.447133266781713132e+02
3.420674427268754698e+02
3.378989038971909622e+02
3.353168477206286298e+02
3.323271276219442711e+02
3.301108540297149716e+02
3.276515012245299090e+02
3.248968283823055572e+02
3.221304134134101673e+02
3.195698016399568360e+02
3.164579842464318631e+02
3.143854064051297996e+02
3.122271113308930239e+02
3.100581480482743473e+02
3.083768171366413071e+02
3.066081579054481949e+02
3.049420517795923047e+02
3.029711319807297514e+02
3.014577497956179286e+02
3.000406292825625201e+02
2.976631885214351314e+02
2.959940816908001011e+02
2.933166581988061807e+02
2.918068490410311711e+02
2.896759444982205309e+02
2.882503095881889976e+02
2.865885237519910902e+02
2.855179302244572455e+02
2.833168607811253423e+02
2.822922057689312396e+02
2.807594323014102429e+02
2.798660968842037846e+02
2.783649960814906876e+02
2.764013853444942583e+02
2.754879671322976833e+02
2.745023787218929101e+02
2.729264522649692140e+02
2.702188897872689495e+02
2.689815454688322802e+02
2.679566650514227035e+02
2.669980779450014552e+02
2.652082986116116672e+02
2.641027718581364070e+02
2.625944281635339053e+02
2.610458050804722347e+02
2.600814546907086537e+02
2.588331045905448491e+02
2.571831649719397888e+02
2.555672584812419643e+02
2.531106037179206680e+02
2.520599755826755199e+02
2.510400159363196906e+02
2.500914635344960857e+02
2.483869214149771665e+02
2.471451192770539933e+02
2.460724404809946861e+02
2.454897770774624348e+02
2.438291117944216353e+02
2.421745592996399807e+02
2.410404309132283061e+02
2.394855521267811582e+02
