7.522200918401772469e+03
6.768791898223784301e+03
6.096910451630677926e+03
5.496371732564560261e+03
4.981391797013594442e+03
4.511172686639212770e+03
4.094584938579205755e+03
3.723153903760530284e+03
3.395322267881459993e+03
3.096892699821015867e+03
2.829934917683507592e+03
2.613256468954077263e+03
2.399323987136217511e+03
2.218964662779384071e+03
2.056582097038826305e+03
1.911408005808482812e+03
1.777223471754566162e+03
1.659498801492172333e+03
1.551276613834899536e+03
1.454308531047316364e+03
1.372364587735040914e+03
1.295921851619488962e+03
1.229438216237641427e+03
1.165952892231192209e+03
1.110778503490150342e+03
1.059944976273955945e+03
1.016803801209890139e+03
9.791210465354666894e+02
9.413067421880627990e+02
9.071417151578750691e+02
8.790397652192370970e+02
8.525547080016549444e+02
8.263722582919176602e+02
8.022094228181520066e+02
7.830034185668586133e+02
7.623702622485818665e+02
7.439868826785055944e+02
7.265281385707949084e+02
7.100668625243390579e+02
6.947011940114928166e+02
6.812568787325935773e+02
6.680360751585922117e+02
6.564197806952738574e+02
6.450407958086667577e+02
6.345349364598891952e+02
6.248910351911054022e+02
6.157922729212550621e+02
6.076358341367028970e+02
5.997022235887920942e+02
5.921552695532810731e+02
5.845414768115430206e+02
5.778375540519058404e+02
5.710009252519012080e+02
5.650356279992928421e+02
5.595155612067887887e+02
5.541268776288407025e+02
5.489396584251103377e+02
5.438501337003544904e+02
5.391226502868272519e+02
5.347981859039260826e+02
5.305951871216709606e+02
5.263166742723770994e+02
5.227903095372049620e+02
5.192647776810811138e+02
5.157855430182626151e+02
5.124733136456432021e+02
5.093332814360409770e+02
5.061989343003497197e+02
5.031572382160632060e+02
5.003242337277286538e+02
4.974222864403000131e+02
4.948423180504302081e+02
4.922732403197200597e+02
4.897477629549375138e+02
4.872860200610598440e+02
4.846295990965491569e+02
4.824170645314821400e+02
4.798141906557004290e+02
4.777549724197320415e+02
4.756505849110107533e+02
4.734423053169069817e+02
4.713225774458682054e+02
4.693755181895364217e+02
4.672626161651811003e+02
4.641631214468975486e+02
4.624490068327480685e+02
4.607036272397306220e+02
4.588031241634676576e+02
4.570327695993759676e+02
4.554623200039060293e+02
4.528949185251459539e+02
4.512541258328686240e+02
4.492434053902003939e+02
4.477834388316966852e+02
4.463406339038110673e+02
4.447654346657345741e+02
4.430919131103908057e+02
4.416593231643233253e+02
4.401424286892369651e+02
4.388142380670874445e+02
4.376305237655031988e+02
4.362892704247763618e+02
4.349069394936504978e+02
4.336023823139198043e+02
4.324127278605367337e+02
4.305139474285923598e+02
4.291801439394931776e+02
4.281161051151703987e+02
4.268766285164011265e+02
4.252531636393538861e+02
4.241634847847573724e+02
4.231126546303828491e+02
4.221548615687406141e+02
4.210752713282089417e+02
4.198772285414332828e+02
4.189660785316093552e+02
4.181247570244226495e+02
4.171581200125851296e+02
4.162652152399853662e+02
4.154374550994979813e+02
4.146023520553571302e+02
4.135207621625194747e+02
4.126973523135603727e+02
4.117085743283646480e+02
4.105062747263496590e+02
4.096622068821988023e+02
4.089677353672104800e+02
4.082322057173294638e+02
4.073258575736202829e+02
4.062877510305737019e+02
4.054491798892829024e+02
4.046428698676779163e+02
4.036936293960958437e+02
4.026646862938729896e+02
4.018630465758135983e+02
4.009594220460463134e+02
4.001688830900923222e+02
3.995230749812329805e+02
3.989705876000958824e+02
3.983823490632885864e+02
3.976378398431916708e+02
3.969535320101334719e+02
3.961328060460084544e+02
3.952681811502253026e+02
3.946561284695870313e+02
3.939403355177634580e+02
3.932754356702010909e+02
3.927549846442979629e+02
3.921730474370688171e+02
3.915775746560480002e+02
3.907896565678551610e+02
3.903037909656772513e+02
3.896203625996497522e+02
3.888595842714721584e+02
3.883806667914248578e+02
3.876453857838127988e+02
3.870112211484873797e+02
3.862405684653705862e+02
3.857066456788070354e+02
3.851663901962210161e+02
3.844904892029280177e+02
3.840453902963371320e+02
3.833946618253950192e+02
3.828221969622834422e+02
3.823096352415975616e+02
3.815816777154907413e+02
3.809331751426383335e+02
3.803406376744732711e+02
3.797465447722871659e+02
3.793146060375334514e+02
3.787966283137548089e+02
3.782186172787847340e+02
3.775639669594095267e+02
3.771659670119087195e+02
3.765539836988591560e+02
3.760450960163663012e+02
3.755584444927562231e+02
3.750798432309500754e+02
3.745397589984679598e+02
3.740380038304422214e+02
3.735891713057445145e+02
3.729165390157712636e+02
3.723680926171096530e+02
3.718216085521165155e+02
3.712156058709470585e+02
3.708079581170120491e+02
3.703378791801327452e+02
3.699673042045892544e+02
3.695318636281087379e+02
3.689473886539408909e+02
3.686156255947053069e+02
3.680769427177294233e+02
3.675964200052401907e+02
3.671180683337362325e+02
3.666912569639281969e+02
3.662875196702869403e+02
3.658683821769931797e+02
3.652883191577013235e+02
3.647948784043062460e+02
3.641315074589970209e+02
3.636900436213058470e+02
3.632083171575366123e+02
3.627708384323351538e+02
3.623881296885884353e+02
3.620694120748161708e+02
3.615410871857334882e+02
3.609461575056147353e+02
3.604813211077449751e+02
3.600302771851767716e+02
3.596167482899285801e+02
3.592695131628231024e+02
3.588928308339703790e+02
3.583174645909663241e+02
3.579613030056354432e+02
3.576143782156933071e+02
3.572672041053104408e+02
3.567573765608186704e+02
3.563690292146573597e+02
3.559172001295926862e+02
3.554804813609831058e+02
3.551269237874510623e+02
3.547486521372004518e+02
3.542123768105426507e+02
3.538377396770069367e+02
3.534040261524666562e+02
3.530438308921799830e+02
3.525835229553777594e+02
3.523053582420603789e+02
3.518630053397171196e+02
3.514509263641317034e+02
3.510811829574963099e+02
3.506697507407818648e+02
3.503719095403179722e+02
3.500191165227050192e+02
3.495665919769789411e+02
3.492925372248217855e+02
3.487821249161342507e+02
3.483975099447608272e+02
3.480235471042512927e+02
3.477118824030424662e+02
3.472242106131698165e+02
3.468057885971199994e+02
3.464196800088126906e+02
3.461301538031403311e+02
3.458210523119309414e+02
3.454071230652516533e+02
3.450104820175066607e+02
3.446890411527278388e+02
3.442405799907484720e+02
3.438259851283361286e+02
3.435160378292928840e+02
3.431986259647026145e+02
3.428347574600897474e+02
3.425474527025012890e+02
3.421387890417407220e+02
3.418210231508942343e+02
3.415352059454058349e+02
3.412467475965171388e+02
3.410224277350753823e+02
3.406572408450345506e+02
3.403864530756480349e+02
3.400837641455552784e+02
3.396966407229572269e+02
3.393902682906935411e+02
3.389438144985258532e+02
3.386701908759366120e+02
3.382966505667245656e+02
3.380205265352283845e+02
3.376630691404576510e+02
3.374120380441914904e+02
3.371352435370084208e+02
3.368062663655173310e+02
3.365515596160170162e+02
3.361898244202564001e+02
3.357709671197736725e+02
3.355733990686316588e+02
3.352449590906103367e+02
3.349959096790047397e+02
3.346582930434395280e+02
3.343051740413146149e+02
3.339836332199065509e+02
3.336192102387054206e+02
3.333037879326018356e+02
3.330413003027499030e+02
3.327875741652346733e+02
3.324330035606012075e+02
3.321955965213646209e+02
3.319255037928982688e+02
3.316544680497189574e+02
3.312569297961662187e+02
3.310328478018087708e+02
3.307796609186378873e+02
3.305735617572881893e+02
3.302324912142043445e+02
3.299071573138724602e+02
3.296576857214869847e+02
3.293625529710027990e+02
3.291351889895633462e+02
3.287528507661658637e+02
3.284798013353513966e+02
3.280804080399301483e+02
3.278436519524973392e+02
3.276234885376612738e+02
3.273814731547783481e+02
3.272160250773939083e+02
3.269783246480907337e+02
3.265977925603789345e+02
3.262864319602253431e+02
3.259662174275815687e+02
3.257530287655783354e+02
3.254716069698732213e+02
3.251820960124786666e+02
3.249696146557586189e+02
3.245969653437026068e+02
3.242866479848647714e+02
3.239098261672351668e+02
3.236059540461567394e+02
3.233561770754442932e+02
3.231333974107368476e+02
3.228477182960406822e+02
3.226561791742529977e+02
3.223619031393339469e+02
3.220933489888257100e+02
3.218143486967709350e+02
3.216151353571590334e+02
3.213322755607097747e+02
3.209920592200656984e+02
3.207114394998326361e+02
3.204437633719218184e+02
3.202085276782183882e+02
3.200217130300324584e+02
3.197678006379721865e+02
3.195684640260649303e+02
3.193628321242771335e+02
3.191148788358296997e+02
3.189015532199625795e+02
3.186314092225627519e+02
3.184852671414537326e+02
3.180480468029269332e+02
3.178508799813664041e+02
3.175845006793636571e+02
