7.462669468386032349e+03
6.714271078031143588e+03
6.061751129285997195e+03
5.477404779476979456e+03
4.948186895165416900e+03
4.500901015047174951e+03
4.085882712201547747e+03
3.721505837325541961e+03
3.389162309201301014e+03
3.085212193300836589e+03
2.828252821683679940e+03
2.602511553415620256e+03
2.385695038660353930e+03
2.202165336568350995e+03
2.035167719245926264e+03
1.886123663891945398e+03
1.752518168893142729e+03
1.633504057327214468e+03
1.527970240381249369e+03
1.437405086158467611e+03
1.351832014981795737e+03
1.276487426528864034e+03
1.208299522361768140e+03
1.146359450474656569e+03
1.089591608646379200e+03
1.041724562306964344e+03
9.965992164243037905e+02
9.561319751314390487e+02
9.189851445599907720e+02
8.860614258665286798e+02
8.564795291949943703e+02
8.270363630170630813e+02
8.019810726960267857e+02
7.807121996791456695e+02
7.590753181381593322e+02
7.392691437977489386e+02
7.222082080809872195e+02
7.055103841567038216e+02
6.901665363964650624e+02
6.757458784533338303e+02
6.631792135099733514e+02
6.513737622179687605e+02
6.403859960376153140e+02
6.295612360825361975e+02
6.200821587840343909e+02
6.108869227167523377e+02
6.021483470280315942e+02
5.932827393098453967e+02
5.856937678411906063e+02
5.783093010613673641e+02
5.714308933588828268e+02
5.649564413110297210e+02
5.590894209238274470e+02
5.531902735960616155e+02
5.465328778306237609e+02
5.408065241133418795e+02
5.358237968899180714e+02
5.310122801692184566e+02
5.260623471819574206e+02
5.217107791507507955e+02
5.177040272253436797e+02
5.139134859724789521e+02
5.100232712514863920e+02
5.065124755772176854e+02
5.030839732611041768e+02
4.989197476132866882e+02
4.955154486023308209e+02
4.924475828412478791e+02
4.896166931373878697e+02
4.866844724906972033e+02
4.832538258858178892e+02
4.800829897357336336e+02
4.775515309293044766e+02
4.749634364172380856e+02
4.721029022786722749e+02
4.693010239890438129e+02
4.672862320405961327e+02
4.648120614775551189e+02
4.626161288357727130e+02
4.605642015317029063e+02
4.585247524109297501e+02
4.560452960642646758e+02
4.535778362776385961e+02
4.518131541266767499e+02
4.496483643851975671e+02
4.477388510268586970e+02
4.456303656116051002e+02
4.441137372918414030e+02
4.424951718258070628e+02
4.408993205023043629e+02
4.394637823454442582e+02
4.375561039032341455e+02
4.356889824831549731e+02
4.339821384605566550e+02
4.323607548217776184e+02
4.307205363902075419e+02
4.288826703799659867e+02
4.275328725508912271e+02
4.261397069738860068e+02
4.249467763941751173e+02
4.235133418124193554e+02
4.222916063417877695e+02
4.209886555648250237e+02
4.198253289413933658e+02
4.186132227335779703e+02
4.173150331111956461e+02
4.161699895857623801e+02
4.150991905625947425e+02
4.138972282755037213e+02
4.128340453961340586e+02
4.117753116236189044e+02
4.107861315465556231e+02
4.096097930141817187e+02
4.086258750787741860e+02
4.076215038325676687e+02
4.067777394432530969e+02
4.058204862574553999e+02
4.045150824571827570e+02
4.036639114561222073e+02
4.028032292857454308e+02
4.018237941701211184e+02
4.009854070701083515e+02
4.002201946695439574e+02
3.995136753710365269e+02
3.987835798694492269e+02
3.981383628531658019e+02
3.973193598496510504e+02
3.964561589186520791e+02
3.957447512071211122e+02
3.949066355206940102e+02
3.941371958044521193e+02
3.934820716370081755e+02
3.925502136440127856e+02
3.917775245770520769e+02
3.911044102101022304e+02
3.905027229545423211e+02
3.899276350987304340e+02
3.891686257309729626e+02
3.884512360090826064e+02
3.878329334821250995e+02
3.872713618564998228e+02
3.867335137994070351e+02
3.860844956480277119e+02
3.854911429115845181e+02
3.849820807192620009e+02
3.844496896213529453e+02
3.836667989488564672e+02
3.830573072956943292e+02
3.824433295476733861e+02
3.819213353612631749e+02
3.813986772888240466e+02
3.808097374711809948e+02
3.800837749611810636e+02
3.795139306976192870e+02
3.789226884944212088e+02
3.784629867342115972e+02
3.779915471612804367e+02
3.775254730447562679e+02
3.769309689065120210e+02
3.764764617952127992e+02
3.759588811987349004e+02
3.753743841784589108e+02
3.749032205507106141e+02
3.743522593216092673e+02
3.739239508600568342e+02
3.734927580847112267e+02
3.729433408454016785e+02
3.724453976661902175e+02
3.719721038166846370e+02
3.713803223661258812e+02
3.708615634369105578e+02
3.703521676035418864e+02
3.698533937606685527e+02
3.694687380164024830e+02
3.690112002115954510e+02
3.685634138543278482e+02
3.681957130383765389e+02
3.677305097482105225e+02
3.672321183736884223e+02
3.668359392820599965e+02
3.664433766730679736e+02
3.659273395828364528e+02
3.654625515870604318e+02
3.651113176281145343e+02
3.646417024066600447e+02
3.641975194567531275e+02
3.637326981784292457e+02
3.633413145482026039e+02
3.628061078392008767e+02
3.624671597717773466e+02
3.621062090046147546e+02
3.617714261158008071e+02
3.612811292356789750e+02
3.609263091850457386e+02
3.606088424803063504e+02
3.601807688039083359e+02
3.597359974602007355e+02
3.594216757959134725e+02
3.588128527712138407e+02
3.583926948023274690e+02
3.580217590270581240e+02
3.575122364489903930e+02
3.571765304816543107e+02
3.568241837150149536e+02
3.564345488720933872e+02
3.561123184191387736e+02
3.558245602903979261e+02
3.553323261233585981e+02
3.549445331511074642e+02
3.546363556248473969e+02
3.542787493061948112e+02
3.537335806911656846e+02
3.534300919994081482e+02
3.530490749440642730e+02
3.526833830987959004e+02
3.522263548036468706e+02
3.519296976751988382e+02
3.515516523150824924e+02
3.512993783090774969e+02
3.509875052588935205e+02
3.505364131874131317e+02
3.502351174251212456e+02
3.499431216784510639e+02
3.495837888815542556e+02
3.493071864955543333e+02
3.489652275261680643e+02
3.486308368146791281e+02
3.483628609583330444e+02
3.481060658458481498e+02
3.477456856916616630e+02
3.474731923153943853e+02
3.469724922448035045e+02
3.466675574861137648e+02
3.463899977417723335e+02
3.459993410422867441e+02
3.456919484012535690e+02
3.453795219775073519e+02
3.448685683613230708e+02
3.445739761912529957e+02
3.443524947864589763e+02
3.439525794523202080e+02
3.435875907386939048e+02
3.431370162557897174e+02
3.427558585868303567e+02
3.424423733514032619e+02
3.421204087987383105e+02
3.416606405062956355e+02
3.413111697139098055e+02
3.408675660399106846e+02
3.405606221477250415e+02
3.403012599098931332e+02
3.399391180295239678e+02
3.397238431730555703e+02
3.394298506490905538e+02
3.391468582438818657e+02
3.388886357545572423e+02
3.386345126627253421e+02
3.383883090905328004e+02
3.380927294625290074e+02
3.378035359497011427e+02
3.373695671534019311e+02
3.371112950043865908e+02
3.368192430178065706e+02
3.365153002265258806e+02
3.361324825491998354e+02
3.358549481776731227e+02
3.356399035136477664e+02
3.353023363376747739e+02
3.351063124484816740e+02
3.347040462695758833e+02
3.344486800095951935e+02
3.342029166243788154e+02
3.339133387758420213e+02
3.335769119675821912e+02
3.333067932480635704e+02
3.330965275797864251e+02
3.327868781486550915e+02
3.324376700709808006e+02
3.321322227869925428e+02
3.318682475024730252e+02
3.316272020614239295e+02
3.313782221689899075e+02
3.310429530636113782e+02
3.307837752228310251e+02
3.304512095814718577e+02
3.301908873515526466e+02
3.299383427710037608e+02
3.296281247143980977e+02
3.294160625371378046e+02
3.291760295137764274e+02
3.289180036514358108e+02
3.286022780709894846e+02
3.284407750901586382e+02
3.281982750601989665e+02
3.279681076833126667e+02
3.277394254562218521e+02
3.274311343348879859e+02
3.271552321229146969e+02
3.267931864858872473e+02
3.265413819655420866e+02
3.262510162022038003e+02
3.258491693893131469e+02
3.255813315081718997e+02
3.253129202325283700e+02
3.251279983592252165e+02
3.248552831810912949e+02
3.246245863926252468e+02
3.243983640407819848e+02
3.241609212309047052e+02
3.239262200319297449e+02
3.237777707418178466e+02
3.235943468810679065e+02
3.232959366139985491e+02
3.229763345020612064e+02
3.226835294419248612e+02
3.224967902457470359e+02
3.222573035758473452e+02
3.220848181123258200e+02
3.218772625408230965e+02
3.216589683684316014e+02
3.213850633207696887e+02
3.210776534824290138e+02
3.208809937905712104e+02
3.205223767487684086e+02
3.202568572736473698e+02
3.201157637502598163e+02
3.199018770532787244e+02
3.196895940075947351e+02
3.194290678630119373e+02
3.192154309349846812e+02
3.188652234868047799e+02
3.186624155273844963e+02
3.184103494860959245e+02
3.181572255015913697e+02
3.179128531929807764e+02
3.176523109238389111e+02
3.173205610999523287e+02
3.170361962644509504e+02
3.168015176811861693e+02
3.165817270149113369e+02
3.163779411256321055e+02
3.161353618761935991e+02
3.159369103627008144e+02
3.157055605962121945e+02
3.154633090692871633e+02
3.152878908021394295e+02
3.150458185758624836e+02
3.148296367057673137e+02
3.146164450721846606e+02
3.143863178001552683e+02
3.141721270319220025e+02
3.139590249848279200e+02
3.137677513382143957e+02
3.134475644603407432e+02
3.132358162025384445e+02
3.130782005883209536e+02
3.128808985621290617e+02
3.126089566086126865e+02
3.124812229767638314e+02
3.123345953968985782e+02
3.120376904662018092e+02
3.118554843221005513e+02
3.116578334770218248e+02
3.114256390669895040e+02
3.112576322450800603e+02
3.109997474763572427e+02
3.108090190508235651e+02
3.106078383222336470e+02
3.104057827866306525e+02
3.102545358465247887e+02
3.100265329549505964e+02
3.097804381653419341e+02
3.096672726017991408e+02
3.094515793680289448e+02
3.092933044939148886e+02
3.090994179312600068e+02
3.088349725963284413e+02
3.086132762684716795e+02
3.084155644530428049e+02
3.082303747732968873e+02
3.079399623599667848e+02
3.077556883709694944e+02
3.075736196754498906e+02
3.074389163052944696e+02
3.071702166555650706e+02
3.069346689702299500e+02
3.067778886463289041e+02
3.066766663939596356e+02
3.064824849494126511e+02
3.063112676196103052e+02
3.060998183659779102e+02
3.058994413448571095e+02
3.056688567686447868e+02
3.054875927038987129e+02
3.052848908770401408e+02
3.051833260886127732e+02
3.049499657034111806e+02
3.047268810953407865e+02
3.045371494896841682e+02
3.043548130215859828e+02
3.040445816455255112e+02
3.038234565880839568e+02
3.035324955788182706e+02
3.033884533075261629e+02
3.032155401642478409e+02
3.030163727164903662e+02
3.028383149339633178e+02
3.026322869454825764e+02
3.024720298892740402e+02
3.023764932921693003e+02
3.022088282433767858e+02
3.020219967084195787e+02
3.018351682195620356e+02
3.016161798406610615e+02
3.014908673881529921e+02
3.013594026163838180e+02
3.012037035290964013e+02
3.011108138056707730e+02
3.009263788303083516e+02
3.007548685755526776e+02
3.005465692426807891e+02
3.004228490585873601e+02
3.001619558605657403e+02
2.999524333209218412e+02
