5.488278100115173402e+03
3.808855725508657542e+03
2.667186604354085375e+03
1.950317812539294664e+03
1.489957741740709253e+03
1.187603261497913081e+03
9.800098179291551332e+02
8.450030322354889449e+02
7.560177550030429074e+02
6.909298319555477974e+02
6.385044657978513669e+02
6.017820929041249656e+02
5.738764160174461040e+02
5.449713609386570852e+02
5.239397557193838111e+02
5.067306370493963072e+02
4.921748927535067537e+02
4.790506951877685538e+02
4.656125752260876993e+02
4.549473361930466240e+02
4.455763609077200158e+02
4.354920205724145603e+02
4.267368808844005343e+02
4.209678219363216272e+02
4.142101734047034824e+02
4.071518916435152278e+02
4.017533993100462908e+02
3.956483531084452920e+02
3.900708816196013231e+02
3.860151612304737796e+02
3.819107728768760808e+02
3.778694716572069865e+02
3.742400584948928781e+02
3.716507928917196182e+02
3.673246250880537218e+02
3.632070046503881144e+02
3.600407983599789645e+02
3.563805202199936843e+02
3.527747500198220223e+02
3.491927985060642072e+02
3.450092559404837971e+02
3.414912839071537860e+02
3.390491116698937049e+02
3.355030441904561940e+02
3.320177289796446303e+02
3.299149026282016735e+02
3.275808081964783014e+02
3.256953535027465136e+02
3.227382993853387916e+02
3.207776053484224121e+02
3.187710295251786761e+02
3.173129464182882771e+02
3.152221859450881425e+02
3.130604157530694920e+02
3.115290884785927688e+02
3.093285693048496796e+02
3.071310174266174613e+02
3.050222109043252772e+02
3.028904044946750673e+02
2.996524219587396374e+02
2.971927726554402511e+02
2.941872294443557507e+02
2.923980393959065509e+02
2.908989149038292226e+02
2.893375738050422115e+02
2.881126753925346975e+02
2.863412039577384007e+02
2.849058589615873416e+02
2.829696925293044956e+02
2.812258042260592106e+02
2.784841615690208414e+02
2.767408428279860004e+02
2.748362668261444242e+02
2.735791918567309153e+02
2.718637758158238853e+02
2.705021018938788302e+02
2.694008488967287462e+02
2.681732080431199279e+02
2.662179263298580736e+02
