1.649175779528177083e+08
1.557599928679419160e+08
1.511833140309735537e+08
1.489200494535419345e+08
1.477922411211021543e+08
1.468700792641618848e+08
1.463941914080701768e+08
1.443325151621457636e+08
1.427511315578955412e+08
1.419047754274319410e+08
1.385570732310813069e+08
1.383644466252782941e+08
1.330311033128618598e+08
1.326416107580320686e+08
1.319765407392907888e+08
1.317844357541976571e+08
1.266365418492981046e+08
1.259791476147358119e+08
1.255199198279979229e+08
1.252531129593410939e+08
1.214004769911147803e+08
1.208885170641637892e+08
1.205118204304343313e+08
1.202177698089903444e+08
1.194864986486158371e+08
1.178909890803712457e+08
1.175478930398747027e+08
1.172898460606104285e+08
1.130626401855158359e+08
1.125384499275341630e+08
1.120112037273356915e+08
1.118626637723343223e+08
1.086218746982410550e+08
1.082028374397474676e+08
1.077548450556784719e+08
1.076005787135439217e+08
1.072776391136011034e+08
1.063438061437972635e+08
1.027794696702413112e+08
1.022252738546351790e+08
1.018422809426092654e+08
1.017082639589747041e+08
9.934764823272724450e+07
9.911377008287498355e+07
9.900902191949690878e+07
9.647092470503868163e+07
9.603075978600972891e+07
9.578439872059568763e+07
9.535973381088468432e+07
9.506554215850563347e+07
9.439201346995334327e+07
9.398567004346939921e+07
9.072586225951120257e+07
9.035195415931190550e+07
9.002376009776601195e+07
8.776128081969366968e+07
8.753070889826649427e+07
8.723385061457152665e+07
8.700723588921229541e+07
8.664185885631358624e+07
8.416987493199402094e+07
8.346027940912619233e+07
8.275579001994903386e+07
8.215380087394078076e+07
7.935837566108655930e+07
7.901618776868295670e+07
7.890151761939719319e+07
7.855806598711971939e+07
7.694288519276380539e+07
7.677489149624168873e+07
7.668611592350599170e+07
7.486283871145486832e+07
7.461426197376634181e+07
7.439357155785612762e+07
7.425964743822093308e+07
7.397314199744845927e+07
7.164350248300118744e+07
7.133161531019696593e+07
7.120086506936162710e+07
7.100202834950232506e+07
7.067940051883986592e+07
6.900836695708912611e+07
6.867578930224078894e+07
6.847610514288397133e+07
6.838104551609918475e+07
6.817726951746350527e+07
6.689149255300261825e+07
6.649150171402268112e+07
6.622387544758129865e+07
6.492014702575100958e+07
6.467152791389381886e+07
6.454395952519696206e+07
6.314761641595524549e+07
6.292899035425167531e+07
6.280287896088085324e+07
6.271183381958248466e+07
6.256442743230818957e+07
6.066705248684781790e+07
6.043093605507659167e+07
6.030854586133447289e+07
