3.015602821327485442e+08
2.853346658455360532e+08
2.773394759701262712e+08
2.733919050889638066e+08
2.714396960104183555e+08
2.702217702200442553e+08
2.630096064405283928e+08
2.561517962332107723e+08
2.474149720294623673e+08
2.468631647633584440e+08
2.306064602370019257e+08
2.289690799029886127e+08
2.271339667265908718e+08
2.261734664119652212e+08
2.236587591800201535e+08
2.174555979574132562e+08
2.164884454280840456e+08
2.038834394779445231e+08
2.020631622706741393e+08
2.011809356547587216e+08
1.895889787939226627e+08
