3.010009591123345494e+08
2.851035304231720567e+08
2.772699408919352889e+08
2.733151545599325895e+08
2.713618652111840248e+08
2.701907938453234434e+08
2.603939720956797898e+08
2.590507821532752812e+08
2.552276188539756238e+08
2.498827285760926306e+08
2.305916365899385214e+08
2.293303842186320126e+08
2.278159857401902676e+08
2.270232205258298218e+08
2.206739723262885213e+08
2.199581129757722318e+08
2.140304597099536657e+08
1.997001690275487602e+08
1.984854133574515879e+08
1.970867253109707832e+08
1.957747986386091709e+08
