2.903622989912093282e+08
2.741786267884718776e+08
2.661911205121909976e+08
2.622332635452542603e+08
2.602806356956328452e+08
2.593170044948586524e+08
2.563757594000145197e+08
2.505929875232842863e+08
2.453488885382432342e+08
2.257301331918290854e+08
2.243471281301442385e+08
2.236575368032078743e+08
2.179772497922543585e+08
2.174218120894539356e+08
2.098370227386798561e+08
2.095259039266293943e+08
1.962867692654047310e+08
1.947754336825028360e+08
1.935856707948513925e+08
1.930220343477268815e+08
1.889973772612909377e+08
1.884821724011375904e+08
1.778862818234308064e+08
1.766230104104093313e+08
1.746168211476321220e+08
