6.877764020218214137e+04
6.237088410995577578e+04
5.642963177680458466e+04
5.132576335098819982e+04
4.664013169463772647e+04
4.307112132466931507e+04
3.985146374101420224e+04
3.693239773438706470e+04
3.478760647205833084e+04
3.307296444372488622e+04
3.156389917056058403e+04
3.034585956185695613e+04
2.930398789823197512e+04
2.815624781975878432e+04
2.745617575062694596e+04
2.651036444719852807e+04
2.601592424461160408e+04
2.543042356156397000e+04
2.471053586619522321e+04
2.423780544340450069e+04
2.373397358738261028e+04
2.338853097227561739e+04
2.299695095453915565e+04
2.266941666047071703e+04
2.224430714180997165e+04
2.180037511302255371e+04
2.150259747546283688e+04
2.131113116827056001e+04
2.104307385223663005e+04
2.077514721771685072e+04
2.050604508264592005e+04
2.027768494527237635e+04
2.011178648767998675e+04
1.985351373614335535e+04
1.967665145807943918e+04
1.946626837898675876e+04
1.934226308528229129e+04
1.920359126230984475e+04
1.904227821065680109e+04
1.894921068656516945e+04
1.885101578310289915e+04
1.874138593433596543e+04
1.865480482085271069e+04
1.852126406526677965e+04
1.847276010704958753e+04
1.835245927456747086e+04
1.821594992202283902e+04
1.808328426952921291e+04
1.799926111116634638e+04
1.792507716725522914e+04
1.780355513212082587e+04
1.769898461293096625e+04
1.763925047952582463e+04
1.753034125276391205e+04
1.741436467048718623e+04
1.731561059251971164e+04
1.718889346411071165e+04
1.708758216101941798e+04
1.703229955275548127e+04
1.695618339067144552e+04
1.686850232326915648e+04
1.676889258316581254e+04
1.667110096700439317e+04
1.656815088929392005e+04
1.650123467692686609e+04
1.648120820148880739e+04
1.638851136519492502e+04
1.633065459349547382e+04
1.615322228679390719e+04
1.609588278505211383e+04
1.598463086500313693e+04
1.588511345158928998e+04
1.583131861173608559e+04
1.573791083940435419e+04
1.569319523067068803e+04
1.562928157403749537e+04
1.555317521913966812e+04
1.548396279318772758e+04
1.541098934002474016e+04
1.536797966240551796e+04
1.527234119182295035e+04
1.518798475363707803e+04
1.509940445527934025e+04
1.504178922612890710e+04
1.499636175785989508e+04
1.494075609390415775e+04
1.488872685615732189e+04
1.486051149767741845e+04
1.480608727831734359e+04
1.475729735808926853e+04
1.466726946042301097e+04
1.461685170457115419e+04
1.455484816276335732e+04
1.448814374791587943e+04
1.439689561666890404e+04
1.435125655898875630e+04
1.428735533681961533e+04
1.422060060770414930e+04
1.418560347579907284e+04
1.413039102310171074e+04
