6.884435427872640139e+04
6.192954557409329573e+04
5.624041600033210125e+04
5.106528688670923293e+04
4.646474145602601493e+04
4.308155614645320748e+04
3.951702385776720621e+04
3.681714526148761070e+04
3.512016690446189023e+04
3.313042890534402250e+04
3.158166889844421894e+04
3.038132767576930200e+04
2.933275618527276310e+04
2.802848092003795318e+04
2.712428384964595534e+04
2.625702621687049759e+04
2.531902574680004182e+04
2.447101319509513996e+04
2.383989261720782088e+04
2.338186554072158469e+04
2.291600362969434354e+04
2.258732661508303136e+04
2.222269586003622680e+04
2.170813480500636797e+04
2.130388359990629033e+04
2.088141873099570148e+04
2.051773236422249101e+04
2.026562527485450846e+04
2.001712608113225724e+04
1.974349734046318190e+04
1.959529086285784069e+04
1.941780605808980181e+04
1.922461253506264256e+04
1.907501897591472516e+04
1.890762668763332840e+04
1.873769111374111162e+04
1.862561250845374161e+04
1.848520707047546603e+04
1.827418973036478565e+04
1.814206904271629537e+04
1.802048616861999835e+04
1.779463782554918362e+04
1.769657350008287904e+04
1.755681835937564028e+04
1.745045990209199590e+04
1.730978255365429504e+04
1.717260181657645444e+04
1.705593379410934358e+04
1.696450206464574876e+04
1.681960395670106300e+04
1.666653900517317743e+04
1.659338380776449048e+04
1.649378117759073939e+04
1.640986485799118964e+04
1.631768600301987317e+04
1.620118208438837428e+04
1.610121541911053100e+04
1.600127468895003040e+04
1.595781573270302215e+04
1.585893231390393157e+04
1.579335531511872978e+04
1.569343209971907891e+04
1.559842532270309675e+04
1.556374729677297910e+04
1.548358682738259813e+04
1.538400407468299454e+04
1.522920061763107697e+04
1.516698869526155431e+04
1.505222889607137404e+04
1.497067368109242489e+04
1.491800032139164068e+04
1.483003305957020530e+04
1.476797376034713125e+04
1.469082278065468745e+04
1.464526112517825823e+04
1.459656597633052479e+04
1.443400308062551449e+04
1.432773734490751849e+04
1.429433770069008460e+04
1.422268474742576655e+04
1.402813161091492839e+04
1.387734608081009719e+04
1.383424176672772955e+04
1.376509927813767354e+04
1.370612249155189238e+04
1.366077559722756814e+04
1.358957705350503784e+04
1.346004871248487507e+04
1.343222580113224285e+04
1.341514623042036146e+04
1.337915988107204248e+04
1.328813244967102219e+04
1.320780242627466214e+04
1.317154618605981523e+04
1.314456397459390064e+04
1.310896107604071949e+04
1.308146643365316777e+04
1.301738097093519718e+04
1.295561677948936267e+04
1.291856484670917780e+04
