7.266412026069175045e+04
6.550810365179864311e+04
5.919389539795097517e+04
5.398395517695924354e+04
4.931267118386177026e+04
4.555206616909898730e+04
4.205881473065955652e+04
3.904872303175814159e+04
3.710432470159837976e+04
3.468769266405830422e+04
3.270729136588890105e+04
3.128666404155794589e+04
2.992378861076781686e+04
2.885338321892395106e+04
2.776929658394543003e+04
2.679854586118382213e+04
2.586237707876798231e+04
2.510490568225796960e+04
2.461811573974219573e+04
2.410095093673265364e+04
2.352705170591085334e+04
2.315106624012800239e+04
2.268130279653144680e+04
2.228142644163457953e+04
2.179987965280341450e+04
2.129217919060732311e+04
2.094225512578396228e+04
2.075092038889604009e+04
2.047968972367702008e+04
2.024461720035825056e+04
2.005372536292214500e+04
1.989747573995047787e+04
1.971231310905924693e+04
1.943435205174674411e+04
1.919083909306444184e+04
1.909637056529651818e+04
1.894979992665553073e+04
1.884850049338978715e+04
1.874535091805687989e+04
1.858295642167475671e+04
1.850523805889668438e+04
1.837394815627047137e+04
1.824165414273096394e+04
1.801830569931514401e+04
1.790427490087290062e+04
1.780566657532878889e+04
1.768027362337077284e+04
1.756993656517033742e+04
1.740045203002827475e+04
1.733838052825193154e+04
1.721963031439361657e+04
1.706987494958649404e+04
1.690557636459573769e+04
1.685055740389373022e+04
1.678645100089591506e+04
1.669248204169555902e+04
1.654714068914328527e+04
1.646626436496712995e+04
1.636767422913936389e+04
1.624427492152319428e+04
1.611585713785249573e+04
1.605420036190759492e+04
1.598967425713591729e+04
1.586414299564591602e+04
1.579576122090813260e+04
1.572116218646543530e+04
1.561142803047450070e+04
1.547451195769246624e+04
1.537018475125368241e+04
1.528669494010333256e+04
1.520572431504680026e+04
1.507681277317126660e+04
1.497215733396081851e+04
1.492535823575948416e+04
1.487516315554587709e+04
1.480036146170965185e+04
1.469947872712890057e+04
1.466021593965314969e+04
1.460091052142963235e+04
1.454464510225962658e+04
1.450510295090794534e+04
1.444338790750201224e+04
1.438893066176361390e+04
1.431827475640832927e+04
1.425150343426918334e+04
1.420050203241430245e+04
1.414134779571777835e+04
1.407961394240350819e+04
1.403891789921224336e+04
1.397992630548706802e+04
1.393583882391108091e+04
1.389235358818577151e+04
1.385211600471997008e+04
1.376932821751460142e+04
1.368452316474985309e+04
1.366592319082520771e+04
1.360744022106520242e+04
1.356856085684946083e+04
1.350736931283899685e+04
1.345424111775890924e+04
