7.239457519977698394e+04
6.510807206567853427e+04
5.874025393669953337e+04
5.337132189348071552e+04
4.888157802084767900e+04
4.480917698571338406e+04
4.178649702593686379e+04
3.908668073741351691e+04
3.727439595717954217e+04
3.501424621845478396e+04
3.344242429437393002e+04
3.209454176613341406e+04
3.089556589722203353e+04
2.959920360276283100e+04
2.826528065525881175e+04
2.742433937866442648e+04
2.648733204786202259e+04
2.584846004262811766e+04
2.523968680959760604e+04
2.469074923212812791e+04
2.420881868075780585e+04
2.373560830920958688e+04
2.334823107552613510e+04
2.297139130333552384e+04
2.253607825274172865e+04
2.215507269289354736e+04
2.178193511662031960e+04
2.163588779199839701e+04
2.126168432096534525e+04
2.095771540409173758e+04
2.074053324369643087e+04
2.057927650258538779e+04
2.042338956747037082e+04
2.019059144512883358e+04
2.000805326081653402e+04
1.983191421621856716e+04
1.964169065624485302e+04
1.952181082999709179e+04
1.938294431173398334e+04
1.925825172508785181e+04
1.911357865461885012e+04
1.890850877540556030e+04
1.880232249134380618e+04
1.865750561372091397e+04
1.850191458734096159e+04
1.843225951111071845e+04
1.833391099529944040e+04
1.818134129506597310e+04
1.813964568079149467e+04
1.800674737462872872e+04
1.786313403909375847e+04
1.778052887328435463e+04
1.771400268342796335e+04
1.753475528029193811e+04
1.743576190807469538e+04
1.730440083386818878e+04
1.725170936299372624e+04
1.715895095302213304e+04
1.709619545916816423e+04
1.705924706299092213e+04
1.698491176357529184e+04
1.687788401981425341e+04
1.683036233504101256e+04
1.678191538042116372e+04
1.666086615847702342e+04
1.657668375381435180e+04
1.654484913429893641e+04
1.637737879908647483e+04
1.631868831688262981e+04
1.623614449138727832e+04
1.617162527730558759e+04
1.610469287854719551e+04
1.604692297564556065e+04
1.595904456919786389e+04
1.583275395354278407e+04
1.575573501848145133e+04
1.565905853465593282e+04
1.555460917286409858e+04
1.546748057691556642e+04
1.538091452827260764e+04
1.533993026720590206e+04
1.528744782985979327e+04
1.523468331378217044e+04
1.514165725896426375e+04
1.510869441790714882e+04
1.502409978521722951e+04
1.495627878412585414e+04
1.491494215199174869e+04
1.485985827842225808e+04
1.481174127378829871e+04
1.472102533653495630e+04
1.464604507278236451e+04
1.459019887946924973e+04
1.456857528597129749e+04
1.450401399329882770e+04
1.444107238457166568e+04
1.434301736276203337e+04
1.428979442320757335e+04
1.422732734554386661e+04
1.415432041501671301e+04
