7.877040202111388112e+00
7.112991423496920262e+00
6.403701879565105948e+00
5.819490436705024194e+00
5.258333379189410905e+00
4.887490675609178936e+00
4.441007785888355208e+00
4.091496853089659602e+00
3.816738309007370766e+00
3.604137062338274688e+00
3.434876067846706071e+00
3.283023477224336517e+00
3.174976153064911433e+00
3.054791571156676433e+00
2.974067687066500820e+00
2.889408632132422827e+00
2.824251747124228995e+00
2.739823165815317818e+00
2.681214612057470692e+00
2.629346553906525941e+00
2.587522505046162991e+00
2.528317631607289950e+00
2.482961080491930428e+00
2.435160320602534068e+00
2.399662801028922932e+00
2.329897592444969412e+00
2.265815365565635009e+00
2.225554549035593688e+00
2.200091078186267701e+00
2.153150589358590494e+00
2.121917301483830176e+00
2.096809424054191240e+00
2.068102601416227593e+00
2.043237420147886674e+00
2.016541595830854572e+00
2.000215645926291863e+00
1.966987073221157623e+00
1.937978149382641568e+00
1.925340021026509030e+00
1.894319673259626136e+00
1.865293645739984463e+00
1.845597329929751229e+00
1.826690208033793450e+00
1.803145092373665381e+00
1.787749320947601639e+00
1.775687111617414882e+00
1.746075743634197597e+00
1.723094082349564182e+00
1.707324891491957652e+00
1.691944806431125548e+00
1.677392066705792883e+00
1.666937821547833209e+00
1.653117670466142997e+00
1.634237731913482206e+00
1.622097397273753128e+00
1.610398736484439430e+00
1.601155991394032307e+00
1.582431993235012380e+00
1.573100471002794265e+00
1.557536773879474978e+00
1.547760387358557255e+00
1.536735889870490812e+00
1.523129024641080687e+00
1.510469148194230726e+00
1.498341438542789339e+00
1.483542753208681120e+00
1.473578497305737756e+00
1.460943844064260810e+00
1.453985074604962069e+00
1.442779154900296845e+00
1.432178657157869628e+00
1.422709741746101653e+00
1.410163557250825539e+00
1.397410813115966155e+00
1.379562326980524611e+00
1.370581820406016060e+00
1.348089998300750825e+00
1.339196713817854434e+00
1.326759578618529778e+00
1.318935448698578039e+00
1.304791281356942889e+00
1.294084691603764492e+00
1.284512464107503638e+00
1.271385116625263434e+00
1.260565458867524358e+00
1.250129478247856918e+00
1.239010454494412494e+00
1.231397800475936943e+00
1.225372201010318962e+00
1.215330108000306719e+00
1.207264753398931356e+00
1.200822010205051749e+00
1.193682381657416025e+00
1.186297248173620922e+00
1.178876716821782855e+00
1.171624844699369117e+00
1.165144121630678153e+00
1.156018430160170363e+00
1.147435748221353080e+00
1.138739615894978074e+00
