7.958742320489338162e+00
7.108903905347006891e+00
6.408085042661742392e+00
5.726806632123409457e+00
5.168933171057296327e+00
4.749853437030171044e+00
4.334221699695361529e+00
4.007887513652495848e+00
3.749939246362238965e+00
3.481981658441731131e+00
3.287037968876164395e+00
3.105486628357839951e+00
2.980839846752318500e+00
2.891336337080897323e+00
2.796385784693855570e+00
2.712259620499930968e+00
2.632548412916467129e+00
2.606655859650990781e+00
2.538338505880620932e+00
2.480209852640352874e+00
2.427166548382930777e+00
2.387642199991009573e+00
2.348635069924014385e+00
2.331078576170203309e+00
2.292053230340250991e+00
2.258935824483557564e+00
2.237633151866358361e+00
2.208597062129556310e+00
2.181812382509230819e+00
2.157764548267752769e+00
2.131454095504531132e+00
2.100546908530388279e+00
2.080757790069007296e+00
2.059273545570134978e+00
2.046680873994965122e+00
2.013082339999812564e+00
2.000351676614924301e+00
1.979783491049015964e+00
1.960150575802531936e+00
1.943960631480438073e+00
1.925584056376709929e+00
1.902317979233112188e+00
1.885046023315350538e+00
1.867499954438214482e+00
1.850533471937939822e+00
1.828686373199030601e+00
1.809809371970232394e+00
1.788757290268024214e+00
1.780544961134321813e+00
1.760907444539119515e+00
1.746358187262894379e+00
1.726731544970361076e+00
1.713495780242191513e+00
1.702930102136379853e+00
1.691111600924722680e+00
1.662939344183741230e+00
1.641696612690537682e+00
1.626132079747389492e+00
1.614531640088590292e+00
1.598827960110739577e+00
1.588818797513907644e+00
1.574440184242556384e+00
1.563125358303419699e+00
1.545216132217784422e+00
1.534587670337957510e+00
1.521541208413892843e+00
1.513724011498311706e+00
1.495934241926690111e+00
1.484716579461460073e+00
1.474911872803242652e+00
1.464136328768967710e+00
1.453721700337854861e+00
1.440214565477798025e+00
1.429602062097746984e+00
1.416424768583920857e+00
1.411114622070267277e+00
1.403673016113684113e+00
1.392185657366600715e+00
1.383262878878442015e+00
1.375429980657286499e+00
1.367649873193385934e+00
1.355783469362680682e+00
1.352266137108831368e+00
1.342710637173431421e+00
1.330404741582500883e+00
1.321907254535767962e+00
1.313109864553932082e+00
1.307589238272694576e+00
1.297081991898529463e+00
1.286831851029085483e+00
1.278721909117783051e+00
1.270185653405603299e+00
1.262040148789168148e+00
1.248126629822228884e+00
1.243724821642379519e+00
1.230873673649512501e+00
1.222467613975290801e+00
1.214889451183458258e+00
1.204228071485311746e+00
1.196876769691612274e+00
