1.331730389681194993e+02
1.143038786688612021e+02
1.013870463125470422e+02
9.245962582063447144e+01
8.639840341462384288e+01
8.208610201184308153e+01
7.902537080276053416e+01
7.689045866828004705e+01
7.523559818972850621e+01
7.391897478501907415e+01
7.295044509254590537e+01
7.212891692152061296e+01
7.149862555477444914e+01
7.097001405624146742e+01
7.048781415304198106e+01
7.004756071383798144e+01
6.962969061393310710e+01
6.932721461885290637e+01
6.884272613654478334e+01
6.857381213532308095e+01
6.821268952705042921e+01
6.800185762517273247e+01
6.781941620313658348e+01
6.750846839108238839e+01
6.732722383584092540e+01
6.706329030623010112e+01
6.691494518113735523e+01
6.665297375187763862e+01
6.653446416339201619e+01
6.635771464969461420e+01
6.622126939214209074e+01
6.600069192385028316e+01
6.587550907945970380e+01
6.576971582312457087e+01
6.568257844541655288e+01
6.552918215420694992e+01
6.536489710589528102e+01
6.529004538184176454e+01
6.507157615440284815e+01
6.500125036788811883e+01
6.488175583120523982e+01
6.482173809939575904e+01
6.472866833648630802e+01
6.460667703170953757e+01
6.455350911565395222e+01
6.440952141288080668e+01
6.432521079024598976e+01
6.422195267808483266e+01
6.406243882427064307e+01
6.401894391115823169e+01
6.397193693563819039e+01
6.379028445091616106e+01
6.364146172907921795e+01
6.355552252092341803e+01
6.341655227288435270e+01
6.327611639704728930e+01
6.323667362729070618e+01
6.319012682738459574e+01
6.313197094333774828e+01
6.302034285986956519e+01
6.297859837055495547e+01
