1.307832652750759621e+02
1.114690609976964026e+02
9.808568581374818507e+01
8.896500418608769678e+01
8.259498784902210389e+01
7.804861612184903663e+01
7.491051127475975591e+01
7.267700544005987240e+01
7.094962649394781806e+01
6.973935704766955723e+01
6.873829186467409613e+01
6.795868442200557524e+01
6.730303896698231370e+01
6.676458261645535686e+01
6.621944102710689606e+01
6.581957386131549015e+01
6.543112670918399942e+01
6.512664773102616778e+01
6.482715591904936048e+01
6.455138127946941040e+01
6.428474198620844504e+01
6.402472225914144133e+01
6.371498846246675640e+01
6.345413335871528204e+01
6.321797129372073698e+01
6.305862741121451620e+01
6.289304336554935304e+01
6.270851684637558776e+01
6.258330203087427890e+01
6.243566285497312407e+01
6.228424339043177582e+01
6.212802488386427058e+01
6.199210484265960019e+01
6.184937376205762405e+01
6.171998314565852439e+01
6.163188176947084429e+01
6.153760688641266086e+01
6.135676257052059412e+01
6.123369831693101872e+01
6.110875871221327316e+01
6.097086684027368619e+01
6.090578917160388528e+01
6.074336827630325075e+01
6.064767591859816775e+01
6.055900335503614684e+01
6.049607043455721112e+01
6.040621607209087784e+01
6.030102215122985143e+01
6.023126794054922328e+01
6.012637470905578141e+01
6.007893518563953705e+01
6.000079367779240158e+01
5.984493959329370938e+01
5.973725613279565039e+01
5.965956653019198086e+01
5.961668724948460607e+01
5.955693341251019746e+01
5.949054414709373617e+01
5.944917556099646561e+01
5.941654827779508707e+01
5.936883833249798670e+01
5.932284048205606553e+01
