1.303141257985631682e+02
1.117982759250998726e+02
9.911591109114814913e+01
9.002235754133097601e+01
8.366348990401783681e+01
7.916557572324305170e+01
7.600496531048457882e+01
7.378710296937880742e+01
7.214011369850935296e+01
7.093481108130720258e+01
6.992935823649033011e+01
6.918996964072677258e+01
6.856007266032892744e+01
6.803934925955991275e+01
6.754324907164075853e+01
6.708933075897238041e+01
6.675977814932049625e+01
6.642911571676606286e+01
6.612580551298860598e+01
6.582705073530613049e+01
6.558771290532105525e+01
6.531431069880774487e+01
6.512568104298921412e+01
6.488848545433030779e+01
6.467019278951083550e+01
6.443948159773810858e+01
6.424787999565214136e+01
6.404982360292392229e+01
6.387944348817800488e+01
6.369328332023300732e+01
6.357446551738106422e+01
6.336053911000895766e+01
6.326774542848267657e+01
6.310469018691278364e+01
6.294260452565077912e+01
6.283181979890276381e+01
6.266340982702643458e+01
6.242546371117521886e+01
6.225310791238669594e+01
6.214878753663470690e+01
6.201784092692792427e+01
6.188482277378159324e+01
6.181644584605306392e+01
6.168255559249307396e+01
6.155726767253266019e+01
6.139652701972735116e+01
6.122505671396753968e+01
6.106884686702694154e+01
6.097333580355160620e+01
6.090564465702765773e+01
6.075398693206809497e+01
6.066643845121481604e+01
6.053097757549053881e+01
6.046295330662105272e+01
6.036445953338650128e+01
6.026490187433773826e+01
