2.969447774622976155e+00
2.804161266048527779e+00
2.658904379205058177e+00
2.546968878032135120e+00
2.467937776871951261e+00
2.408384289191717542e+00
2.361553045614928070e+00
2.320428176463876113e+00
2.294593857766019873e+00
2.275354908000257748e+00
2.261464864161551347e+00
2.239125624738429909e+00
2.216106394724287831e+00
2.197134437681422803e+00
2.180304633466385589e+00
2.168500513600017943e+00
2.159626748883777481e+00
2.151255284191840200e+00
2.141207632393155258e+00
2.135739833926846298e+00
2.125508382858952494e+00
2.120642580819368295e+00
2.114356463333346259e+00
2.111592752463264500e+00
2.105919584024605218e+00
2.099498155947273403e+00
2.091651812617282502e+00
2.089002143128296130e+00
2.085421581143461101e+00
2.082798358526712246e+00
2.076542971463732457e+00
2.073352250200416691e+00
2.067353318228052572e+00
2.061956738473802897e+00
2.059904897333853846e+00
2.058074998681592049e+00
2.051721306355220875e+00
2.050558319702586729e+00
2.048617091316537575e+00
2.043184539704002933e+00
2.042800003783302731e+00
2.042536357830331717e+00
2.035887036157425278e+00
2.033813348288073808e+00
2.032221879427531519e+00
2.027031480076794789e+00
2.024518939417459418e+00
2.024303580094732435e+00
2.020963877256097163e+00
2.018510087034914857e+00
2.017230685448587746e+00
2.013064583312746514e+00
2.010278339551163196e+00
2.008528855048189232e+00
2.008176898180870751e+00
2.003228203556732812e+00
2.000933828080821097e+00
2.000668535524376512e+00
1.998915098967253279e+00
1.996225700592799024e+00
1.996019366268186657e+00
1.994784867264303818e+00
1.993193242670081133e+00
1.990699864282884590e+00
1.987627882719643191e+00
1.987238404632845290e+00
1.986344330609791653e+00
1.983713310081965719e+00
1.983082453823837854e+00
1.982372684818010544e+00
1.981467345858296758e+00
1.979389200535430327e+00
1.979220752276831696e+00
1.979077316363228034e+00
1.978846453512725700e+00
1.978357691411065433e+00
1.978194842351431504e+00
1.976855056947886435e+00
1.974087277332762680e+00
1.972224795854798263e+00
1.971101703535545591e+00
1.968574035931946353e+00
1.965622233443083289e+00
1.962656462938258572e+00
1.961175248256101566e+00
1.960458367708951988e+00
1.959936767574908423e+00
1.958113132140994583e+00
1.954961098358520388e+00
1.952039831690693727e+00
1.950472428252250978e+00
1.950078226528257241e+00
1.948320579520791185e+00
1.945468347948903443e+00
1.944301245626500974e+00
1.943745544136394887e+00
1.941002588024044462e+00
1.937372253322228399e+00
1.933724072005801542e+00
1.932248050632771941e+00
