3.020467030724719226e+00
2.838704148103398772e+00
2.692896546835302551e+00
2.588494947428218840e+00
2.528247077400351372e+00
2.461580798490931254e+00
2.405390965756766253e+00
2.363907938466396352e+00
2.319509295625535206e+00
2.287189228451918854e+00
2.262781868634149873e+00
2.243925544274815387e+00
2.232501996806226519e+00
2.219543521232331784e+00
2.203935337254342652e+00
2.194957450703164614e+00
2.185606636141890657e+00
2.175945856538060497e+00
2.173691021027079007e+00
2.163054836602301023e+00
2.156614280768854197e+00
2.151997018143664064e+00
2.146876477904894109e+00
2.138906870318397324e+00
2.132692935615664975e+00
2.129240120779545720e+00
2.122769398142274611e+00
2.119514182791148116e+00
2.116060929129390367e+00
2.108762067017123876e+00
2.105270837008930140e+00
2.097058311271408737e+00
2.096004233292003693e+00
2.091493965970308899e+00
2.089772735503093060e+00
2.086828706561115077e+00
2.081344518631635054e+00
2.078148049536516329e+00
2.076686649752461200e+00
2.071950384488839170e+00
2.069352658266388811e+00
2.067046876710662673e+00
2.064292256399125502e+00
2.064096065185974549e+00
2.060789019391692900e+00
2.058197017209650870e+00
2.057463659052295668e+00
2.054462803975539487e+00
2.049750623150449869e+00
2.047072324073767380e+00
2.045018079592944904e+00
2.043611369184159532e+00
2.040784798712810932e+00
2.034005754474102368e+00
2.032239717554233049e+00
2.028994485418141203e+00
2.024887362408088975e+00
2.023350874563856650e+00
2.019462421772120209e+00
2.013569719754566112e+00
2.012648157265974458e+00
2.009870463526354012e+00
2.007155623993805094e+00
2.003745195581196015e+00
2.000342396003650602e+00
1.999544111699426141e+00
1.996034794476164276e+00
1.993905686963763024e+00
1.992609146335680759e+00
1.989397634281228067e+00
1.986304029220616219e+00
1.985061276291941734e+00
1.984799967369110574e+00
1.982173112793975456e+00
1.981109843219811095e+00
1.980235908050849369e+00
1.979303994064677052e+00
1.973954423703527361e+00
1.971954079849103092e+00
1.970907320729115897e+00
1.968016951011910987e+00
1.966684096706725837e+00
1.964380859416666736e+00
1.962077450949857527e+00
1.960355983696780990e+00
1.959706603773862854e+00
1.959378364716390486e+00
1.958690681877951922e+00
1.956432267959917315e+00
1.954610199303671747e+00
1.953551304119308218e+00
1.952023278764004832e+00
1.947400113964411261e+00
1.945281035028536332e+00
1.941941210570888643e+00
1.940255810163852734e+00
1.939613263590957315e+00
1.938747836092797439e+00
1.937412648531518400e+00
1.935373554901127058e+00
