2.151782371410511132e+03
1.953218151622108735e+03
1.804914951627554046e+03
1.696681514698277397e+03
1.610358123821071558e+03
1.556947023755981490e+03
1.516457748949118013e+03
1.486576972663095376e+03
1.457086010014408885e+03
1.433583384996886252e+03
1.415151076074898128e+03
1.404639864102570300e+03
1.363216384197654634e+03
1.348432580141997960e+03
1.333610707380748181e+03
1.311469245773112107e+03
1.295634444777057297e+03
1.282903952260120604e+03
1.265120911904917648e+03
1.250978978958919924e+03
1.239249440916393723e+03
1.217200513413904446e+03
1.206571186870259680e+03
1.199226107942540921e+03
1.183298695553472953e+03
1.169989728680295457e+03
1.155121415288441085e+03
1.144605819118276258e+03
1.136275165694433781e+03
1.127900745967313924e+03
1.114025430979726480e+03
1.106367845111042698e+03
1.094456206709887965e+03
1.079593353395458962e+03
1.073390057012246416e+03
1.070292128617094022e+03
1.062999551447135673e+03
1.052548685919983427e+03
1.043903754795125906e+03
1.032090053367858673e+03
1.029467874364142517e+03
1.015803883845096607e+03
1.011325822294961313e+03
1.008575221196512530e+03
9.972432261860258222e+02
9.908156557948183263e+02
9.833008474122958660e+02
9.740549399735912175e+02
9.670728821657082790e+02
9.580243438860313745e+02
9.514107054447005112e+02
9.445481091160908136e+02
9.389266767686526691e+02
9.376215360834755757e+02
9.313517680994807506e+02
9.253203691193912164e+02
9.168664467409745384e+02
9.111384183488830786e+02
9.045172305102071277e+02
8.980699691923883847e+02
8.916589976644334001e+02
8.868162367036135265e+02
8.825953822084343301e+02
8.725581513780224441e+02
8.687613304443069637e+02
8.627461379517874320e+02
8.610543452693601694e+02
8.535892369912161257e+02
8.478434364631380049e+02
8.428732089566091190e+02
8.406916131411072683e+02
8.376502677218534245e+02
8.338681924134297105e+02
8.300186552818810242e+02
8.239708169870925758e+02
8.160587645791060822e+02
8.146822551225686766e+02
8.092431246433970955e+02
8.060225479638189654e+02
7.990517568624246678e+02
7.927331988996556902e+02
7.895726527135064998e+02
7.841154602942501697e+02
7.812836112190119593e+02
7.790506597357983765e+02
7.773213910137403673e+02
7.735667813559417709e+02
7.717922676133948698e+02
7.642900428274709839e+02
7.606903348322800866e+02
7.585443573245967173e+02
7.544263662074553167e+02
7.467888512864911945e+02
7.437944550104873542e+02
7.411985906116103706e+02
7.381708690296969735e+02
7.349036888491293666e+02
7.318552482204565877e+02
7.297092849756744499e+02
7.262451217127686505e+02
