2.145912104309095412e+03
1.955572876515298503e+03
1.822010814648379665e+03
1.718442489961287038e+03
1.644667631283386299e+03
1.592208798484361523e+03
1.556133268015977819e+03
1.530287808489499184e+03
1.512556419357350933e+03
1.498887827304158009e+03
1.487215626209118227e+03
1.479275655098844481e+03
1.449415146418260292e+03
1.419158942595164717e+03
1.386168494683158542e+03
1.359767141190310440e+03
1.350271633434536398e+03
1.335493994256676615e+03
1.320884025452519381e+03
1.297699940753595001e+03
1.276918391953904347e+03
1.258509963224857302e+03
1.244742906928103821e+03
1.232563319360057903e+03
1.221099414343543458e+03
1.211175172529029624e+03
1.197793217255945137e+03
1.185138504716777334e+03
1.172076349098445917e+03
1.162881458686362294e+03
1.155279350119093124e+03
1.142745557285458062e+03
1.138626154117574970e+03
1.134277894534221105e+03
1.124370355199821915e+03
1.116615341238805968e+03
1.113788989460516405e+03
1.106030982085643700e+03
1.096954075373377236e+03
1.087104917406445793e+03
1.077790418173796070e+03
1.075280423148211639e+03
1.066496058819844393e+03
1.061590646835810730e+03
1.056647583606771377e+03
1.054585614064265656e+03
1.045859701844386564e+03
1.035488990417262812e+03
1.028302915952552212e+03
1.017691801528611450e+03
1.011105911968371061e+03
1.005342897736382042e+03
1.000818401341506160e+03
9.965020328375027248e+02
9.932003490400783221e+02
9.858433070660653357e+02
9.835759189842933665e+02
9.746260226661153183e+02
9.689419300288928980e+02
9.679109792579666873e+02
9.634664468485129873e+02
9.569489680940315566e+02
9.515397255371749452e+02
9.471085149709271036e+02
9.406050473352053132e+02
9.335374021213184506e+02
9.261704103379179287e+02
9.236602675524549113e+02
9.173832982685203206e+02
9.133106270318304496e+02
9.116205668868021803e+02
9.094671668269459133e+02
9.039241727849341714e+02
8.950578897964960561e+02
8.932920258673872240e+02
8.885481008568033303e+02
8.845482987116211007e+02
8.781142113164677312e+02
8.740608541809856433e+02
8.711134703704618687e+02
8.650970490920808516e+02
8.620596300703922452e+02
8.584043167496845399e+02
8.569109334266233873e+02
8.549794810657612061e+02
8.520502672794689261e+02
8.500911323695438568e+02
8.484399187050158844e+02
8.456421417384885899e+02
8.443144135838895181e+02
8.407981853012036026e+02
8.397601866095419609e+02
8.363114876335408781e+02
8.337249954966817995e+02
