5.628736233665074906e+03
3.852807609266835698e+03
2.713025858501488074e+03
1.962898819021160307e+03
1.486443834497216130e+03
1.177834429228596719e+03
9.720839889336257329e+02
8.311486109199742032e+02
7.341125794498511823e+02
6.688785692408057457e+02
6.196681891807198781e+02
5.812386845507486441e+02
5.453472242047251939e+02
5.220829153871846984e+02
5.031784037932778233e+02
4.886742570002741672e+02
4.764800708455252902e+02
4.616350500835316666e+02
4.502147233520546479e+02
4.412175944640420653e+02
4.317116985592304559e+02
4.229618399449053641e+02
4.151086126541619592e+02
4.074352523164867534e+02
4.011308407846601654e+02
3.961984250998350490e+02
3.921032259830807902e+02
3.873553239757139863e+02
3.832270875938673385e+02
3.789838059794025185e+02
3.751689041255559118e+02
3.709859706827981540e+02
3.681816376202763195e+02
3.642230437332588622e+02
3.596070603653414537e+02
3.568833669806757598e+02
3.532268716603115308e+02
3.495386936017482071e+02
3.465507230693118572e+02
3.435364627830463746e+02
3.406836253276817388e+02
3.382153871070589162e+02
3.356274697597235104e+02
3.325230588101279068e+02
3.303709103547726613e+02
3.277929704564547819e+02
3.249416414668563107e+02
3.217249252743831107e+02
3.188594239410093678e+02
3.169517988524763155e+02
3.150730474375521908e+02
3.122703159227534684e+02
3.104879385966066252e+02
3.086328169316646495e+02
3.059646290525908512e+02
3.031189568693060323e+02
3.007649341346250935e+02
2.990770933615352192e+02
2.963592453183342172e+02
2.949333501787739351e+02
2.939628996117631345e+02
2.912539783869322036e+02
2.882503247780504694e+02
2.867358676916447280e+02
2.849482531736551891e+02
2.830209948144174632e+02
2.809990696148103098e+02
2.792026342143648208e+02
2.768455976711499034e+02
2.749594494890069427e+02
2.734800168645519989e+02
2.716921749589829460e+02
2.698919794945624062e+02
2.684533973974915284e+02
2.662734694928182080e+02
2.647695956146863523e+02
2.637639403367332989e+02
2.622519035623972172e+02
