1.039161718750000000e+04
1.009401660156250000e+04
1.058376953125000000e+04
1.042086816406250000e+04
1.000214746093750000e+04
9.920540039062500000e+03
1.033422363281250000e+04
1.047671679687500000e+04
9.752611328125000000e+03
9.852723632812500000e+03
9.305352539062500000e+03
9.767287109375000000e+03
9.592958007812500000e+03
8.725539062500000000e+03
8.393427734375000000e+03
7.730417480468750000e+03
7.290358398437500000e+03
6.264791992187500000e+03
5.204741210937500000e+03
4.017103759765625000e+03
3.011297363281250000e+03
1.771394287109375000e+03
2.270319824218750000e+03
2.267941406250000000e+03
3.803224853515625000e+03
2.559175781250000000e+03
1.697399169921875000e+03
2.081173339843750000e+03
1.782142211914062500e+03
1.611886230468750000e+03
1.322739013671875000e+03
1.873458251953125000e+03
1.821069458007812500e+03
1.673328491210937500e+03
1.580646972656250000e+03
1.716123046875000000e+03
1.312319824218750000e+03
1.254558105468750000e+03
1.164342773437500000e+03
1.343304443359375000e+03
8.697288208007812500e+02
1.262026855468750000e+03
1.035015625000000000e+03
8.240202026367187500e+02
1.347643310546875000e+03
1.077405395507812500e+03
7.823804321289062500e+02
1.179204345703125000e+03
1.003671630859375000e+03
1.150708984375000000e+03
9.655841064453125000e+02
7.647479248046875000e+02
7.320293579101562500e+02
7.660205078125000000e+02
9.713706665039062500e+02
8.151400756835937500e+02
9.949801025390625000e+02
7.896910400390625000e+02
7.565135498046875000e+02
7.196914672851562500e+02
7.958422851562500000e+02
8.202655029296875000e+02
5.559328613281250000e+02
6.659746093750000000e+02
5.858936767578125000e+02
6.872628173828125000e+02
7.102860107421875000e+02
6.715040893554687500e+02
7.689259033203125000e+02
7.345982055664062500e+02
6.022158203125000000e+02
6.381545410156250000e+02
6.608342895507812500e+02
5.927980957031250000e+02
5.225465087890625000e+02
6.359102783203125000e+02
5.883807983398437500e+02
5.994918823242187500e+02
5.248408203125000000e+02
6.074484863281250000e+02
6.653729248046875000e+02
6.703919067382812500e+02
5.115358581542968750e+02
5.833432617187500000e+02
6.695217285156250000e+02
4.247876892089843750e+02
6.001500244140625000e+02
7.289245605468750000e+02
6.363523559570312500e+02
5.446066284179687500e+02
6.104797363281250000e+02
6.536861572265625000e+02
5.947769165039062500e+02
5.208768310546875000e+02
5.529238891601562500e+02
5.529086914062500000e+02
4.509279174804687500e+02
5.441657714843750000e+02
4.531516723632812500e+02
5.099125976562500000e+02
5.263185424804687500e+02
4.685146789550781250e+02
4.062545471191406250e+02
5.719053344726562500e+02
5.574260253906250000e+02
5.083992614746093750e+02
4.876311035156250000e+02
3.289859619140625000e+02
6.447366333007812500e+02
4.224298400878906250e+02
4.123951110839843750e+02
4.468503723144531250e+02
4.936600036621093750e+02
4.358150634765625000e+02
6.367968139648437500e+02
4.633856201171875000e+02
4.502229614257812500e+02
4.712337951660156250e+02
5.360578613281250000e+02
4.110820312500000000e+02
5.857213134765625000e+02
4.622723999023437500e+02
4.618646850585937500e+02
4.721099853515625000e+02
3.954058532714843750e+02
4.369501037597656250e+02
5.410675659179687500e+02
5.301804199218750000e+02
4.689104614257812500e+02
4.017243041992187500e+02
4.638078918457031250e+02
5.195571289062500000e+02
5.052017211914062500e+02
4.672494506835937500e+02
5.036884155273437500e+02
5.110003356933593750e+02
5.047727966308593750e+02
4.828700866699218750e+02
4.378620605468750000e+02
6.023588867187500000e+02
4.108495788574218750e+02
3.367908630371093750e+02
4.972615356445312500e+02
6.414083251953125000e+02
3.971834716796875000e+02
4.022211303710937500e+02
3.867106018066406250e+02
5.328992919921875000e+02
3.881557006835937500e+02
4.822493896484375000e+02
5.031812438964843750e+02
3.882137145996093750e+02
3.800177001953125000e+02
4.048731994628906250e+02
4.370092773437500000e+02
4.068107910156250000e+02
4.357543029785156250e+02
5.319752807617187500e+02
4.369348754882812500e+02
4.334779968261718750e+02
4.005476074218750000e+02
4.298884887695312500e+02
6.227285156250000000e+02
3.094085388183593750e+02
4.800860900878906250e+02
4.037487182617187500e+02
5.172764892578125000e+02
3.374741516113281250e+02
4.850030517578125000e+02
3.665653076171875000e+02
3.802189636230468750e+02
3.342375183105468750e+02
4.319037170410156250e+02
4.210112304687500000e+02
3.664943237304687500e+02
3.694610900878906250e+02
3.214741821289062500e+02
3.905597534179687500e+02
4.919010314941406250e+02
3.708857421875000000e+02
4.589733581542968750e+02
4.441108093261718750e+02
4.180484924316406250e+02
4.491906738281250000e+02
3.853403625488281250e+02
3.588048706054687500e+02
3.365122680664062500e+02
3.960055541992187500e+02
4.401087646484375000e+02
4.377071838378906250e+02
3.751441650390625000e+02
3.805902099609375000e+02
3.565988159179687500e+02
4.190979614257812500e+02
4.300734863281250000e+02
4.780853881835937500e+02
4.096915283203125000e+02
5.642556152343750000e+02
4.414663085937500000e+02
3.332170410156250000e+02
3.897767333984375000e+02
6.607298583984375000e+02
3.792209167480468750e+02
3.897254333496093750e+02
3.871046142578125000e+02
4.943133544921875000e+02
3.477960205078125000e+02
3.877301025390625000e+02
3.883354187011718750e+02
3.527760925292968750e+02
3.669565734863281250e+02
3.249117431640625000e+02
4.905799560546875000e+02
3.620708923339843750e+02
3.932974853515625000e+02
3.991500244140625000e+02
4.744514770507812500e+02
3.232366943359375000e+02
3.402200927734375000e+02
4.191083374023437500e+02
3.591802978515625000e+02
3.423487548828125000e+02
3.734785156250000000e+02
3.995640563964843750e+02
3.496239624023437500e+02
3.307761840820312500e+02
4.212347106933593750e+02
4.042627868652343750e+02
2.897049560546875000e+02
6.222937011718750000e+02
3.838233642578125000e+02
3.102801513671875000e+02
3.343810119628906250e+02
3.249643554687500000e+02
3.993099365234375000e+02
6.520630493164062500e+02
3.977364501953125000e+02
3.686925964355468750e+02
2.730770263671875000e+02
3.336281127929687500e+02
4.217854614257812500e+02
3.528993835449218750e+02
3.631899108886718750e+02
4.581856079101562500e+02
3.968817138671875000e+02
2.910292358398437500e+02
3.734839477539062500e+02
4.032843627929687500e+02
4.031523132324218750e+02
3.225053405761718750e+02
3.271485595703125000e+02
3.237074279785156250e+02
3.280944519042968750e+02
3.825430603027343750e+02
3.327393188476562500e+02
2.669025573730468750e+02
3.047109985351562500e+02
3.730812988281250000e+02
3.702737426757812500e+02
3.396105041503906250e+02
6.307684326171875000e+02
3.193393249511718750e+02
3.226550292968750000e+02
2.723937377929687500e+02
2.824550170898437500e+02
3.917810668945312500e+02
5.017636718750000000e+02
3.947620239257812500e+02
2.694790344238281250e+02
3.538021850585937500e+02
2.935660095214843750e+02
2.983193359375000000e+02
3.651794128417968750e+02
4.035454711914062500e+02
2.537605895996093750e+02
3.690953369140625000e+02
3.253244018554687500e+02
4.460620117187500000e+02
3.224006958007812500e+02
3.737638854980468750e+02
3.074287414550781250e+02
3.491632690429687500e+02
3.314184570312500000e+02
2.865804138183593750e+02
2.548871154785156250e+02
3.518785400390625000e+02
2.826599731445312500e+02
3.440755310058593750e+02
2.897751770019531250e+02
3.586849975585937500e+02
2.431077270507812500e+02
3.580145874023437500e+02
3.232962646484375000e+02
4.035244750976562500e+02
3.387065734863281250e+02
3.049667968750000000e+02
2.692491149902343750e+02
3.002186889648437500e+02
5.063554077148437500e+02
2.488011779785156250e+02
3.198648986816406250e+02
3.105036621093750000e+02
3.100986633300781250e+02
3.784580078125000000e+02
2.498871765136718750e+02
2.927615966796875000e+02
3.342596740722656250e+02
3.296030273437500000e+02
2.910636901855468750e+02
3.125700683593750000e+02
3.253533630371093750e+02
3.450229492187500000e+02
2.780684204101562500e+02
3.304049072265625000e+02
2.731245422363281250e+02
2.767879333496093750e+02
2.426516418457031250e+02
2.993981933593750000e+02
3.270134887695312500e+02
5.064556274414062500e+02
3.082532958984375000e+02
2.986232604980468750e+02
2.977020263671875000e+02
2.672985534667968750e+02
2.587284240722656250e+02
2.569562988281250000e+02
3.171341552734375000e+02
2.901607055664062500e+02
2.441261291503906250e+02
3.584780883789062500e+02
3.271276855468750000e+02
3.496821289062500000e+02
2.835448608398437500e+02
3.351283264160156250e+02
3.273904418945312500e+02
3.154416198730468750e+02
2.804981689453125000e+02
3.815954284667968750e+02
2.808191223144531250e+02
2.690899353027343750e+02
2.626396484375000000e+02
3.942773437500000000e+02
2.781409301757812500e+02
3.068059692382812500e+02
2.799262084960937500e+02
2.530016937255859375e+02
2.969080810546875000e+02
2.897277526855468750e+02
3.037726135253906250e+02
2.321248474121093750e+02
3.364390869140625000e+02
2.482117309570312500e+02
2.789275207519531250e+02
2.822264709472656250e+02
3.260843811035156250e+02
2.747689514160156250e+02
2.507160644531250000e+02
3.195897827148437500e+02
2.508546295166015625e+02
5.393436889648437500e+02
2.582512207031250000e+02
2.120832824707031250e+02
2.555400848388671875e+02
2.160812072753906250e+02
3.054545288085937500e+02
2.219752807617187500e+02
2.502514038085937500e+02
2.493244018554687500e+02
2.903760681152343750e+02
3.093533020019531250e+02
2.711435546875000000e+02
2.659170227050781250e+02
2.883658142089843750e+02
2.710268554687500000e+02
2.665145568847656250e+02
2.572069091796875000e+02
2.933322143554687500e+02
2.841778259277343750e+02
2.641375122070312500e+02
2.477610778808593750e+02
3.096493835449218750e+02
2.957180480957031250e+02
2.751029663085937500e+02
4.741361999511718750e+02
2.830650024414062500e+02
3.046264038085937500e+02
2.681395874023437500e+02
2.737459106445312500e+02
2.893567810058593750e+02
2.709921875000000000e+02
2.612867736816406250e+02
2.688935852050781250e+02
2.351747131347656250e+02
2.471190185546875000e+02
3.675827941894531250e+02
2.438797454833984375e+02
2.073534698486328125e+02
2.568930053710937500e+02
3.049483337402343750e+02
5.356094970703125000e+02
2.798722839355468750e+02
2.383754730224609375e+02
2.680030822753906250e+02
2.370064392089843750e+02
2.949452514648437500e+02
2.401836242675781250e+02
2.258135070800781250e+02
2.672185668945312500e+02
3.161063842773437500e+02
2.426026000976562500e+02
2.702758178710937500e+02
2.474237976074218750e+02
2.832981262207031250e+02
2.583418273925781250e+02
2.522185668945312500e+02
1.814900665283203125e+02
3.658227539062500000e+02
2.514213562011718750e+02
2.622983398437500000e+02
2.922385253906250000e+02
2.621940612792968750e+02
2.882345581054687500e+02
2.591079101562500000e+02
2.353422241210937500e+02
3.101535644531250000e+02
2.238956146240234375e+02
2.308043670654296875e+02
2.144407196044921875e+02
3.228258056640625000e+02
2.738455200195312500e+02
2.945586547851562500e+02
2.306885070800781250e+02
2.986573486328125000e+02
2.478097839355468750e+02
2.443023223876953125e+02
2.299024505615234375e+02
5.089126586914062500e+02
2.770404052734375000e+02
3.006934204101562500e+02
3.137398071289062500e+02
2.615056152343750000e+02
2.986255493164062500e+02
2.389871826171875000e+02
2.861992187500000000e+02
5.182191162109375000e+02
3.267995605468750000e+02
2.827118530273437500e+02
2.527132873535156250e+02
2.719455566406250000e+02
2.461626586914062500e+02
2.902901611328125000e+02
2.820058288574218750e+02
2.759646911621093750e+02
3.151257934570312500e+02
3.181986083984375000e+02
2.119834594726562500e+02
2.144555664062500000e+02
2.819263916015625000e+02
2.265369110107421875e+02
2.297762756347656250e+02
2.146936950683593750e+02
2.468530426025390625e+02
2.210549926757812500e+02
2.295890808105468750e+02
2.271698913574218750e+02
2.552765502929687500e+02
3.415848999023437500e+02
2.535724792480468750e+02
2.640816650390625000e+02
3.067446899414062500e+02
2.271014404296875000e+02
2.646378173828125000e+02
2.395036926269531250e+02
2.567825012207031250e+02
2.664540405273437500e+02
1.949112243652343750e+02
2.579390258789062500e+02
2.436193695068359375e+02
2.792371520996093750e+02
2.760909729003906250e+02
2.297602081298828125e+02
2.388197937011718750e+02
2.936359863281250000e+02
2.718670043945312500e+02
2.416395416259765625e+02
3.286152038574218750e+02
2.069169464111328125e+02
2.238911132812500000e+02
2.547642211914062500e+02
4.365146484375000000e+02
2.100503997802734375e+02
2.435050811767578125e+02
1.984977722167968750e+02
2.511949005126953125e+02
2.446325531005859375e+02
2.285359344482421875e+02
2.210890502929687500e+02
2.165617675781250000e+02
1.946744995117187500e+02
2.126556396484375000e+02
3.077266235351562500e+02
2.157151031494140625e+02
2.167452697753906250e+02
2.013628540039062500e+02
2.636900329589843750e+02
1.968850097656250000e+02
2.181192016601562500e+02
2.223250885009765625e+02
2.226413574218750000e+02
2.231012573242187500e+02
2.600889282226562500e+02
2.297775573730468750e+02
5.190427246093750000e+02
2.679299316406250000e+02
2.633540344238281250e+02
2.149986267089843750e+02
2.185002441406250000e+02
1.887755737304687500e+02
3.468926696777343750e+02
1.683217620849609375e+02
2.125410308837890625e+02
2.637543945312500000e+02
1.878734436035156250e+02
2.234429321289062500e+02
3.821990966796875000e+02
2.617467956542968750e+02
2.350644836425781250e+02
2.297981414794921875e+02
2.335933380126953125e+02
1.848004150390625000e+02
2.378825073242187500e+02
2.083871459960937500e+02
2.111535339355468750e+02
2.402136383056640625e+02
2.024654235839843750e+02
2.799851379394531250e+02
2.447655944824218750e+02
2.489999542236328125e+02
2.092433929443359375e+02
2.439609527587890625e+02
3.118263549804687500e+02
2.188216247558593750e+02
2.085560302734375000e+02
2.832583007812500000e+02
1.576157379150390625e+02
2.617574462890625000e+02
1.895955352783203125e+02
2.008982238769531250e+02
2.213462677001953125e+02
1.967903747558593750e+02
3.650853881835937500e+02
2.018261871337890625e+02
2.313543395996093750e+02
2.184796905517578125e+02
2.312736816406250000e+02
4.509083251953125000e+02
1.887221679687500000e+02
2.016263122558593750e+02
2.765197753906250000e+02
2.446751708984375000e+02
2.260019836425781250e+02
2.369402618408203125e+02
1.935403442382812500e+02
1.821996154785156250e+02
2.306314239501953125e+02
2.514158630371093750e+02
1.970871887207031250e+02
2.122216949462890625e+02
2.023884582519531250e+02
1.913580017089843750e+02
2.022063446044921875e+02
2.722089538574218750e+02
2.055410919189453125e+02
1.980376281738281250e+02
2.424285583496093750e+02
2.160315551757812500e+02
2.490158691406250000e+02
2.325381469726562500e+02
2.076152343750000000e+02
1.985011291503906250e+02
2.003641662597656250e+02
1.979765930175781250e+02
2.327600708007812500e+02
1.675419616699218750e+02
1.671887512207031250e+02
2.353213653564453125e+02
2.417278442382812500e+02
1.909620361328125000e+02
2.440163269042968750e+02
2.121698913574218750e+02
2.060933227539062500e+02
1.876558227539062500e+02
1.846724395751953125e+02
3.981365966796875000e+02
1.942414398193359375e+02
2.244656982421875000e+02
2.074448089599609375e+02
2.004984130859375000e+02
1.955769805908203125e+02
2.343592071533203125e+02
2.366744384765625000e+02
1.880597534179687500e+02
1.610094146728515625e+02
1.794451904296875000e+02
2.340415649414062500e+02
3.958923950195312500e+02
2.106936950683593750e+02
2.042373962402343750e+02
2.134843902587890625e+02
2.008642425537109375e+02
2.103879089355468750e+02
1.600464782714843750e+02
2.064295043945312500e+02
2.444621124267578125e+02
1.978121643066406250e+02
1.961508331298828125e+02
1.757655334472656250e+02
1.898774414062500000e+02
2.117811279296875000e+02
2.245991058349609375e+02
2.144020538330078125e+02
2.641751098632812500e+02
1.843471984863281250e+02
1.821507720947265625e+02
1.902065734863281250e+02
2.060987854003906250e+02
2.189585266113281250e+02
3.765792846679687500e+02
1.877407531738281250e+02
1.911807250976562500e+02
1.904250946044921875e+02
2.359543151855468750e+02
2.670217895507812500e+02
1.958675231933593750e+02
2.158725585937500000e+02
1.834943237304687500e+02
1.605993499755859375e+02
2.189959564208984375e+02
1.905620727539062500e+02
1.738255767822265625e+02
1.843989257812500000e+02
1.942083129882812500e+02
1.704550170898437500e+02
1.963245391845703125e+02
2.399127807617187500e+02
2.171733245849609375e+02
1.577463226318359375e+02
1.863037719726562500e+02
2.393532562255859375e+02
1.695535736083984375e+02
2.308175964355468750e+02
1.853525695800781250e+02
1.497562103271484375e+02
2.911472167968750000e+02
1.940747070312500000e+02
4.028678283691406250e+02
1.736698760986328125e+02
1.637239379882812500e+02
1.667103881835937500e+02
2.031529541015625000e+02
1.771935577392578125e+02
1.877894439697265625e+02
1.769224395751953125e+02
1.634959716796875000e+02
1.684005126953125000e+02
1.948805847167968750e+02
1.361726226806640625e+02
1.940458068847656250e+02
2.186145935058593750e+02
2.343644866943359375e+02
1.852877807617187500e+02
2.142727813720703125e+02
2.253111877441406250e+02
1.603026733398437500e+02
2.080592651367187500e+02
1.676817016601562500e+02
1.613942260742187500e+02
1.620621643066406250e+02
1.420837707519531250e+02
1.928834228515625000e+02
1.748823852539062500e+02
2.192638549804687500e+02
1.561023254394531250e+02
1.537062988281250000e+02
1.898809814453125000e+02
1.984686279296875000e+02
2.053157958984375000e+02
1.782335815429687500e+02
1.649347534179687500e+02
1.830619506835937500e+02
1.991891937255859375e+02
2.033992614746093750e+02
1.849544067382812500e+02
1.875240173339843750e+02
1.409834899902343750e+02
1.860732574462890625e+02
3.897893371582031250e+02
1.810365905761718750e+02
2.087108764648437500e+02
1.918452758789062500e+02
1.704999084472656250e+02
2.192620239257812500e+02
1.800317077636718750e+02
1.941564636230468750e+02
1.620001220703125000e+02
2.031437377929687500e+02
1.233829574584960938e+02
2.217152404785156250e+02
1.396659851074218750e+02
1.912393798828125000e+02
2.086765594482421875e+02
1.968252258300781250e+02
1.924845886230468750e+02
1.645743865966796875e+02
1.480206298828125000e+02
1.595585632324218750e+02
2.324706115722656250e+02
1.952068786621093750e+02
1.574375610351562500e+02
3.876041870117187500e+02
1.956380920410156250e+02
1.686055908203125000e+02
1.485158081054687500e+02
1.609955139160156250e+02
2.036911926269531250e+02
1.678193664550781250e+02
1.717453765869140625e+02
1.909705810546875000e+02
2.112132873535156250e+02
1.784937896728515625e+02
1.541067504882812500e+02
1.503538970947265625e+02
1.686473846435546875e+02
1.526168823242187500e+02
2.036519317626953125e+02
1.666448364257812500e+02
1.176534957885742188e+02
2.068268432617187500e+02
1.757731323242187500e+02
1.612916870117187500e+02
1.785736083984375000e+02
1.675579833984375000e+02
1.529840393066406250e+02
1.552651977539062500e+02
2.457001037597656250e+02
1.337618103027343750e+02
2.042748413085937500e+02
1.836545410156250000e+02
3.759707641601562500e+02
1.572603454589843750e+02
1.757164611816406250e+02
1.619472198486328125e+02
1.552502441406250000e+02
1.523010559082031250e+02
1.680384216308593750e+02
1.971676788330078125e+02
1.591458740234375000e+02
1.876622772216796875e+02
1.435053558349609375e+02
1.790377502441406250e+02
1.426406860351562500e+02
2.005327148437500000e+02
2.016512756347656250e+02
1.753261413574218750e+02
1.558778686523437500e+02
1.557964019775390625e+02
1.206853408813476562e+02
2.405653076171875000e+02
4.028988342285156250e+02
1.798183746337890625e+02
1.719320983886718750e+02
1.806345520019531250e+02
1.340473632812500000e+02
2.006049804687500000e+02
1.546064910888671875e+02
1.586063232421875000e+02
1.744043426513671875e+02
1.291550292968750000e+02
1.597144012451171875e+02
1.456139526367187500e+02
2.538978881835937500e+02
1.459133911132812500e+02
1.512088317871093750e+02
1.528716735839843750e+02
1.550733795166015625e+02
1.680320434570312500e+02
1.588742370605468750e+02
3.690562438964843750e+02
1.678154449462890625e+02
1.555070037841796875e+02
1.663335266113281250e+02
1.411773986816406250e+02
1.512078857421875000e+02
1.935422668457031250e+02
1.672391357421875000e+02
2.028556823730468750e+02
2.032074584960937500e+02
1.511875000000000000e+02
1.543730468750000000e+02
1.742834777832031250e+02
1.857765502929687500e+02
1.509540710449218750e+02
1.316323089599609375e+02
1.439044952392578125e+02
1.506643981933593750e+02
1.540977478027343750e+02
1.666117858886718750e+02
1.584170837402343750e+02
1.580246887207031250e+02
1.698401794433593750e+02
1.819360046386718750e+02
1.395570373535156250e+02
1.413763275146484375e+02
1.413143005371093750e+02
1.962089538574218750e+02
1.335744934082031250e+02
1.521254882812500000e+02
1.484226074218750000e+02
1.507681121826171875e+02
1.511161956787109375e+02
1.039356307983398438e+02
1.839085693359375000e+02
1.486590270996093750e+02
2.038268432617187500e+02
1.809077301025390625e+02
1.323731689453125000e+02
3.899255065917968750e+02
1.421682739257812500e+02
1.446202087402343750e+02
1.539043731689453125e+02
1.217337112426757812e+02
1.692250976562500000e+02
1.242636947631835938e+02
1.223127288818359375e+02
1.668726043701171875e+02
1.437420043945312500e+02
1.843255310058593750e+02
1.397021942138671875e+02
1.580408172607421875e+02
1.395378417968750000e+02
1.785188598632812500e+02
1.538522949218750000e+02
1.533490600585937500e+02
1.463058624267578125e+02
3.291730041503906250e+02
1.393203430175781250e+02
1.298999481201171875e+02
1.097033538818359375e+02
1.573436584472656250e+02
1.678448944091796875e+02
1.328375854492187500e+02
1.558678131103515625e+02
1.854784545898437500e+02
1.735389862060546875e+02
1.354071655273437500e+02
1.636481781005859375e+02
1.312396850585937500e+02
1.312064208984375000e+02
1.380652923583984375e+02
3.509838256835937500e+02
9.911106872558593750e+01
1.667352294921875000e+02
1.410880737304687500e+02
1.174112396240234375e+02
1.342622985839843750e+02
1.157898483276367188e+02
1.474080047607421875e+02
1.270575408935546875e+02
1.976979980468750000e+02
1.566360931396484375e+02
1.250100860595703125e+02
1.248744964599609375e+02
1.003439025878906250e+02
1.495917968750000000e+02
1.769700317382812500e+02
1.698588104248046875e+02
1.236735000610351562e+02
1.041725463867187500e+02
1.417010803222656250e+02
1.371914978027343750e+02
1.200786743164062500e+02
2.018469085693359375e+02
1.460188446044921875e+02
1.413802337646484375e+02
1.312151947021484375e+02
1.402204895019531250e+02
1.068647918701171875e+02
1.164055786132812500e+02
1.475652313232421875e+02
1.176250991821289062e+02
1.585922546386718750e+02
1.178385314941406250e+02
1.630971374511718750e+02
1.833972625732421875e+02
1.758785247802734375e+02
1.614706726074218750e+02
1.641993560791015625e+02
1.862064056396484375e+02
1.085754623413085938e+02
1.431105346679687500e+02
1.396928253173828125e+02
9.505704498291015625e+01
1.398413696289062500e+02
1.104110412597656250e+02
1.295843505859375000e+02
1.121829833984375000e+02
1.052688903808593750e+02
1.409046936035156250e+02
1.167158508300781250e+02
3.285238647460937500e+02
1.191277923583984375e+02
1.065161437988281250e+02
1.704031066894531250e+02
1.050644836425781250e+02
1.191089324951171875e+02
1.301201782226562500e+02
1.309083404541015625e+02
1.451922454833984375e+02
1.209085083007812500e+02
1.329855957031250000e+02
1.129037170410156250e+02
1.091859741210937500e+02
1.149956893920898438e+02
1.225839691162109375e+02
1.176286621093750000e+02
1.553786315917968750e+02
1.223904724121093750e+02
1.106655273437500000e+02
1.024084320068359375e+02
1.190404205322265625e+02
1.434491882324218750e+02
3.175358886718750000e+02
1.924371643066406250e+02
1.338701477050781250e+02
1.226863250732421875e+02
2.001590576171875000e+02
1.335786132812500000e+02
1.223457183837890625e+02
1.299762268066406250e+02
1.175815124511718750e+02
1.289338989257812500e+02
1.158084716796875000e+02
1.270830688476562500e+02
3.236651916503906250e+02
1.116366806030273438e+02
1.320823211669921875e+02
1.232198333740234375e+02
1.204023361206054688e+02
1.286056518554687500e+02
1.123932495117187500e+02
1.151526641845703125e+02
1.131540603637695312e+02
1.379711914062500000e+02
1.237916412353515625e+02
1.012102355957031250e+02
1.040351257324218750e+02
1.384188537597656250e+02
1.178655700683593750e+02
1.274491119384765625e+02
1.516017761230468750e+02
1.350996093750000000e+02
9.565344238281250000e+01
1.205039138793945312e+02
9.970234680175781250e+01
1.262515563964843750e+02
1.114180526733398438e+02
1.161265258789062500e+02
1.344530639648437500e+02
1.364127807617187500e+02
9.625534057617187500e+01
1.293810424804687500e+02
2.990218811035156250e+02
1.389190368652343750e+02
1.001945724487304688e+02
1.402846984863281250e+02
1.293011169433593750e+02
1.192685699462890625e+02
1.098478088378906250e+02
1.178754501342773438e+02
9.506396484375000000e+01
1.298245239257812500e+02
1.559986572265625000e+02
1.021776428222656250e+02
1.209516372680664062e+02
1.291234893798828125e+02
1.128474578857421875e+02
1.143816223144531250e+02
1.734217224121093750e+02
1.412846069335937500e+02
1.139232025146484375e+02
1.074012908935546875e+02
9.753749847412109375e+01
8.756413269042968750e+01
1.057521514892578125e+02
1.116625213623046875e+02
1.102321777343750000e+02
9.221115112304687500e+01
1.024459152221679688e+02
1.078415222167968750e+02
1.858444213867187500e+02
9.172373199462890625e+01
1.361758117675781250e+02
1.064316711425781250e+02
1.361364440917968750e+02
1.097481155395507812e+02
3.642451782226562500e+02
9.099349975585937500e+01
1.264191589355468750e+02
1.334231872558593750e+02
1.327353820800781250e+02
1.004610214233398438e+02
1.070551757812500000e+02
1.156544113159179688e+02
9.578453826904296875e+01
1.232720108032226562e+02
1.487716827392578125e+02
2.940798339843750000e+02
1.220118103027343750e+02
9.223194885253906250e+01
9.940576171875000000e+01
1.227090301513671875e+02
7.434901428222656250e+01
1.081479644775390625e+02
9.021913146972656250e+01
1.166237487792968750e+02
1.202653961181640625e+02
1.104810256958007812e+02
8.815502929687500000e+01
1.035803222656250000e+02
1.057486572265625000e+02
1.114968490600585938e+02
1.422606048583984375e+02
1.213684234619140625e+02
1.135030212402343750e+02
1.223566284179687500e+02
9.504019165039062500e+01
8.004072570800781250e+01
1.168883972167968750e+02
9.741467285156250000e+01
1.568046264648437500e+02
1.020326690673828125e+02
1.376446228027343750e+02
8.689604187011718750e+01
7.952716064453125000e+01
1.009630889892578125e+02
8.950454711914062500e+01
1.049800720214843750e+02
1.128255767822265625e+02
1.238527450561523438e+02
9.781800842285156250e+01
1.158946685791015625e+02
7.806466674804687500e+01
9.911650848388671875e+01
1.187060699462890625e+02
1.318163757324218750e+02
1.106171417236328125e+02
7.009025573730468750e+01
1.227405166625976562e+02
7.243939971923828125e+01
3.109100646972656250e+02
9.970124816894531250e+01
1.175479736328125000e+02
1.314603881835937500e+02
9.251508331298828125e+01
1.035140228271484375e+02
9.082445526123046875e+01
1.076771850585937500e+02
3.335115051269531250e+02
1.005121002197265625e+02
1.100872344970703125e+02
8.275921630859375000e+01
8.746611022949218750e+01
1.112626419067382812e+02
8.580097961425781250e+01
1.056337890625000000e+02
7.813329315185546875e+01
1.196910705566406250e+02
1.048291015625000000e+02
1.159697418212890625e+02
8.748063659667968750e+01
1.161250457763671875e+02
1.050286560058593750e+02
1.243948364257812500e+02
9.799655151367187500e+01
1.306059417724609375e+02
8.432975769042968750e+01
7.838676452636718750e+01
7.679766845703125000e+01
8.549124145507812500e+01
1.130857086181640625e+02
1.076585235595703125e+02
1.030925674438476562e+02
9.151043701171875000e+01
8.777365112304687500e+01
1.162101593017578125e+02
9.975314331054687500e+01
8.733789062500000000e+01
1.243452224731445312e+02
9.095753479003906250e+01
9.821153259277343750e+01
1.183668823242187500e+02
1.109573516845703125e+02
1.010055618286132812e+02
8.669593048095703125e+01
1.035757751464843750e+02
1.026527862548828125e+02
1.212014770507812500e+02
7.416089630126953125e+01
9.111140441894531250e+01
8.072705078125000000e+01
1.306627197265625000e+02
8.226341247558593750e+01
9.049500274658203125e+01
1.225945358276367188e+02
8.431421661376953125e+01
3.265247192382812500e+02
9.129136657714843750e+01
7.462738037109375000e+01
1.011686859130859375e+02
9.479604339599609375e+01
9.775260162353515625e+01
8.977059936523437500e+01
9.651190185546875000e+01
8.154926300048828125e+01
1.025903625488281250e+02
8.910768127441406250e+01
9.357286834716796875e+01
9.580970764160156250e+01
1.494688568115234375e+02
9.022689056396484375e+01
1.356855926513671875e+02
8.148661804199218750e+01
1.045970916748046875e+02
9.731176757812500000e+01
8.661455535888671875e+01
1.040356369018554688e+02
1.281016235351562500e+02
9.211722564697265625e+01
3.139591369628906250e+02
1.218357162475585938e+02
1.011524963378906250e+02
9.269219970703125000e+01
1.259035034179687500e+02
1.031441650390625000e+02
9.818673706054687500e+01
7.400244903564453125e+01
1.158981018066406250e+02
7.806326293945312500e+01
9.264768981933593750e+01
1.052481460571289062e+02
6.939581298828125000e+01
8.245948028564453125e+01
9.392934417724609375e+01
3.091647644042968750e+02
9.648026275634765625e+01
1.058054351806640625e+02
9.045106506347656250e+01
1.121050567626953125e+02
1.405215606689453125e+02
8.769142150878906250e+01
9.914608764648437500e+01
7.446005249023437500e+01
7.873313903808593750e+01
9.137077331542968750e+01
9.029778289794921875e+01
9.338014984130859375e+01
9.925576019287109375e+01
1.011871414184570312e+02
1.278880157470703125e+02
1.102659530639648438e+02
7.002240753173828125e+01
8.174606323242187500e+01
7.718902587890625000e+01
1.028987731933593750e+02
5.961962127685546875e+01
8.723236846923828125e+01
8.345839691162109375e+01
1.047665710449218750e+02
5.768334579467773438e+01
7.201272583007812500e+01
6.741354370117187500e+01
1.143282699584960938e+02
8.284400177001953125e+01
3.774790039062500000e+02
9.738368225097656250e+01
7.689242553710937500e+01
1.034098892211914062e+02
8.216172790527343750e+01
1.193353729248046875e+02
1.041331787109375000e+02
1.391568908691406250e+02
1.186125564575195312e+02
8.256149291992187500e+01
1.033609848022460938e+02
1.144589538574218750e+02
7.757300567626953125e+01
1.196988372802734375e+02
6.066828155517578125e+01
9.630675506591796875e+01
1.014353713989257812e+02
7.281027984619140625e+01
8.594538879394531250e+01
9.872952270507812500e+01
7.726154327392578125e+01
6.168933868408203125e+01
6.735598754882812500e+01
1.029593200683593750e+02
1.079182052612304688e+02
9.904978942871093750e+01
9.866864776611328125e+01
1.147640533447265625e+02
1.134028701782226562e+02
6.713693237304687500e+01
9.947501373291015625e+01
7.871878051757812500e+01
8.784919738769531250e+01
1.342896881103515625e+02
7.268803405761718750e+01
6.602868652343750000e+01
8.163987731933593750e+01
7.251314544677734375e+01
3.038144836425781250e+02
9.411167144775390625e+01
7.979434967041015625e+01
8.732351684570312500e+01
8.375758361816406250e+01
9.457096862792968750e+01
2.807219238281250000e+02
9.844300842285156250e+01
1.125801315307617188e+02
6.255078887939453125e+01
1.063675231933593750e+02
8.860128784179687500e+01
7.303327178955078125e+01
7.155004882812500000e+01
9.950702667236328125e+01
5.863247680664062500e+01
9.051077270507812500e+01
7.092575836181640625e+01
7.004453277587890625e+01
1.291418609619140625e+02
6.686970520019531250e+01
7.017398071289062500e+01
8.381594848632812500e+01
9.422240447998046875e+01
1.281920166015625000e+02
9.346572113037109375e+01
9.081248474121093750e+01
6.619229888916015625e+01
1.153671264648437500e+02
9.698986816406250000e+01
9.259164428710937500e+01
1.039574203491210938e+02
7.268672943115234375e+01
9.753761291503906250e+01
7.585793304443359375e+01
7.650385284423828125e+01
1.125833282470703125e+02
9.388290405273437500e+01
7.426088714599609375e+01
7.310903930664062500e+01
1.014581146240234375e+02
1.188998336791992188e+02
7.477775573730468750e+01
8.613980865478515625e+01
6.362958526611328125e+01
9.682118988037109375e+01
1.114986724853515625e+02
2.712677001953125000e+02
9.683096313476562500e+01
8.340545654296875000e+01
8.924134826660156250e+01
6.522839355468750000e+01
9.868195343017578125e+01
1.096959915161132812e+02
8.158915710449218750e+01
7.945125579833984375e+01
8.479071807861328125e+01
1.002250671386718750e+02
9.135122680664062500e+01
1.299352569580078125e+02
8.027435302734375000e+01
6.650780487060546875e+01
9.838416290283203125e+01
7.111359405517578125e+01
2.855892028808593750e+02
7.600278472900390625e+01
1.094197845458984375e+02
7.231213378906250000e+01
9.165202331542968750e+01
9.358791351318359375e+01
6.932887268066406250e+01
6.967535400390625000e+01
1.058028030395507812e+02
9.735015869140625000e+01
1.204983367919921875e+02
1.014905471801757812e+02
8.411676025390625000e+01
7.258789825439453125e+01
7.444072723388671875e+01
6.151625442504882812e+01
8.277932739257812500e+01
8.835999298095703125e+01
6.523961639404296875e+01
9.088264465332031250e+01
7.075344085693359375e+01
6.795812988281250000e+01
1.126420669555664062e+02
6.994927215576171875e+01
1.043131561279296875e+02
5.808881759643554688e+01
6.994931030273437500e+01
2.997738952636718750e+02
7.574426269531250000e+01
1.069877700805664062e+02
7.763935852050781250e+01
1.172950210571289062e+02
8.169602966308593750e+01
8.660083770751953125e+01
5.792669677734375000e+01
8.096192932128906250e+01
6.904064941406250000e+01
6.786628723144531250e+01
5.606620025634765625e+01
1.060607299804687500e+02
9.529663085937500000e+01
9.122750854492187500e+01
7.557758331298828125e+01
5.983743667602539062e+01
7.365243530273437500e+01
7.672055053710937500e+01
7.510017395019531250e+01
9.194904327392578125e+01
7.818730163574218750e+01
7.448314666748046875e+01
6.300582504272460938e+01
6.104373168945312500e+01
9.516117858886718750e+01
9.359539031982421875e+01
6.961932373046875000e+01
6.253335189819335938e+01
6.695780944824218750e+01
8.534270477294921875e+01
8.065603637695312500e+01
9.692463684082031250e+01
3.008839111328125000e+02
9.227325439453125000e+01
8.617428588867187500e+01
1.005378341674804688e+02
7.792697143554687500e+01
7.892694091796875000e+01
8.817691802978515625e+01
1.034418029785156250e+02
7.948059082031250000e+01
5.785330963134765625e+01
8.732224273681640625e+01
6.737262725830078125e+01
1.037224121093750000e+02
8.649629211425781250e+01
9.284844970703125000e+01
6.819260406494140625e+01
8.737203979492187500e+01
9.696056365966796875e+01
7.944062805175781250e+01
9.136203002929687500e+01
8.112227630615234375e+01
8.058981323242187500e+01
1.118063049316406250e+02
1.008288192749023438e+02
6.888973999023437500e+01
2.789634704589843750e+02
9.226168060302734375e+01
7.207700347900390625e+01
6.293424224853515625e+01
9.709500122070312500e+01
9.978752136230468750e+01
7.066907501220703125e+01
8.590445709228515625e+01
7.649357604980468750e+01
6.546336364746093750e+01
9.505682373046875000e+01
7.423432159423828125e+01
8.931405639648437500e+01
8.819542694091796875e+01
6.684487915039062500e+01
8.334846496582031250e+01
9.283239746093750000e+01
6.780750274658203125e+01
2.675213928222656250e+02
1.071911010742187500e+02
1.113399047851562500e+02
7.813512420654296875e+01
6.006501007080078125e+01
1.009450302124023438e+02
6.933753967285156250e+01
7.065262603759765625e+01
1.102518157958984375e+02
5.791194152832031250e+01
6.654661560058593750e+01
9.558969116210937500e+01
7.179598999023437500e+01
7.209906768798828125e+01
7.856076049804687500e+01
6.779347229003906250e+01
7.182028961181640625e+01
1.041916885375976562e+02
6.188089752197265625e+01
6.420977020263671875e+01
5.999769592285156250e+01
1.340553894042968750e+02
6.018353271484375000e+01
8.584574890136718750e+01
9.365305328369140625e+01
6.641109466552734375e+01
7.044362640380859375e+01
8.721091461181640625e+01
5.612809371948242188e+01
8.312528991699218750e+01
7.539418029785156250e+01
1.051125335693359375e+02
9.376715087890625000e+01
8.229460144042968750e+01
7.424507141113281250e+01
6.200674438476562500e+01
6.197267913818359375e+01
1.107126159667968750e+02
6.026129150390625000e+01
2.855945434570312500e+02
8.039185333251953125e+01
7.227665710449218750e+01
8.857122802734375000e+01
9.621178436279296875e+01
6.243415832519531250e+01
8.591419219970703125e+01
7.631578826904296875e+01
7.591867828369140625e+01
7.354019165039062500e+01
8.741906738281250000e+01
5.605422973632812500e+01
6.658315277099609375e+01
7.164693450927734375e+01
6.815936279296875000e+01
1.036867294311523438e+02
7.927736663818359375e+01
1.027657318115234375e+02
8.576667785644531250e+01
7.231016540527343750e+01
7.229661560058593750e+01
5.738441848754882812e+01
1.016154022216796875e+02
5.172119140625000000e+01
7.016676330566406250e+01
7.432564544677734375e+01
3.149571228027343750e+02
9.367145538330078125e+01
1.027700042724609375e+02
9.733573913574218750e+01
8.141853332519531250e+01
5.578319549560546875e+01
7.913581848144531250e+01
7.747506713867187500e+01
7.999715423583984375e+01
5.832537460327148438e+01
7.583525085449218750e+01
6.763507080078125000e+01
9.226710510253906250e+01
7.007012939453125000e+01
7.621267700195312500e+01
1.035568084716796875e+02
7.470029449462890625e+01
1.169858398437500000e+02
6.582804870605468750e+01
8.306286621093750000e+01
1.042737045288085938e+02
7.367025756835937500e+01
6.771331024169921875e+01
2.842560424804687500e+02
7.055471038818359375e+01
9.587686157226562500e+01
7.007053375244140625e+01
7.447505187988281250e+01
7.252806091308593750e+01
8.744799804687500000e+01
6.549778747558593750e+01
2.649454345703125000e+02
7.659252929687500000e+01
7.924700927734375000e+01
6.329090881347656250e+01
1.255526580810546875e+02
9.502610778808593750e+01
6.913136291503906250e+01
8.138275146484375000e+01
7.556821441650390625e+01
1.073307952880859375e+02
8.461507415771484375e+01
8.112801361083984375e+01
6.899856567382812500e+01
6.512863922119140625e+01
1.001778030395507812e+02
7.746836853027343750e+01
4.976918411254882812e+01
5.545475769042968750e+01
7.008546447753906250e+01
7.507929229736328125e+01
7.901773071289062500e+01
1.269729309082031250e+02
5.058467864990234375e+01
7.854200744628906250e+01
1.076292953491210938e+02
5.170273971557617188e+01
7.113623046875000000e+01
7.684666442871093750e+01
5.122141265869140625e+01
7.013665771484375000e+01
8.087658691406250000e+01
6.562931060791015625e+01
9.699255371093750000e+01
7.207112884521484375e+01
5.403078079223632812e+01
1.076247558593750000e+02
2.821648559570312500e+02
8.781744384765625000e+01
6.381009674072265625e+01
6.215942382812500000e+01
7.028336334228515625e+01
7.738781738281250000e+01
5.651947021484375000e+01
8.783861541748046875e+01
8.814875793457031250e+01
7.272195434570312500e+01
8.450286865234375000e+01
6.494734191894531250e+01
1.077105255126953125e+02
8.776547241210937500e+01
7.970006561279296875e+01
6.286692810058593750e+01
6.864984130859375000e+01
6.388937377929687500e+01
4.349823760986328125e+01
5.634636688232421875e+01
2.876603698730468750e+02
9.513860321044921875e+01
5.483624649047851562e+01
6.125842285156250000e+01
7.322949981689453125e+01
8.782896423339843750e+01
6.454304504394531250e+01
1.239764938354492188e+02
8.100270080566406250e+01
6.590187072753906250e+01
5.115012359619140625e+01
9.580962371826171875e+01
1.103899230957031250e+02
6.851004028320312500e+01
8.517839813232421875e+01
9.760353851318359375e+01
8.407036590576171875e+01
7.716664123535156250e+01
6.290950775146484375e+01
8.705624389648437500e+01
5.372147369384765625e+01
7.404017639160156250e+01
5.752036666870117188e+01
7.753705596923828125e+01
6.342904281616210938e+01
8.160710906982421875e+01
2.679067077636718750e+02
1.031588745117187500e+02
8.881549072265625000e+01
6.187836456298828125e+01
8.558270263671875000e+01
9.160269927978515625e+01
7.040808868408203125e+01
8.052030181884765625e+01
6.982797241210937500e+01
8.290730285644531250e+01
5.320681381225585938e+01
7.786325073242187500e+01
8.091195678710937500e+01
6.680913543701171875e+01
8.466171264648437500e+01
5.258703613281250000e+01
5.662413787841796875e+01
7.748181915283203125e+01
8.036715698242187500e+01
6.762384033203125000e+01
6.368307113647460938e+01
6.893759918212890625e+01
2.574854736328125000e+02
5.157079315185546875e+01
6.467869567871093750e+01
5.261117553710937500e+01
7.757266998291015625e+01
7.002349090576171875e+01
4.930099868774414062e+01
7.745501708984375000e+01
9.924671173095703125e+01
8.215344238281250000e+01
5.924445343017578125e+01
8.738054656982421875e+01
8.897384643554687500e+01
8.586362457275390625e+01
1.090863647460937500e+02
7.678144073486328125e+01
8.075829315185546875e+01
5.659755706787109375e+01
6.264777374267578125e+01
6.308922576904296875e+01
6.212920761108398438e+01
1.221391448974609375e+02
6.610395812988281250e+01
7.299055480957031250e+01
6.612772369384765625e+01
5.825083541870117188e+01
5.513530349731445312e+01
5.977435302734375000e+01
8.071195220947265625e+01
5.431607055664062500e+01
7.664549255371093750e+01
7.607073974609375000e+01
4.493296051025390625e+01
7.913164520263671875e+01
8.159979248046875000e+01
7.018031311035156250e+01
8.422677612304687500e+01
5.040535354614257812e+01
7.954245758056640625e+01
8.228203582763671875e+01
5.988503265380859375e+01
7.756911468505859375e+01
8.810811614990234375e+01
5.623654174804687500e+01
8.068763732910156250e+01
1.055481109619140625e+02
3.055365600585937500e+02
5.670105743408203125e+01
6.955660247802734375e+01
4.749048614501953125e+01
1.179820480346679688e+02
5.980066680908203125e+01
6.783198547363281250e+01
5.430171585083007812e+01
6.770769500732421875e+01
5.636964416503906250e+01
7.701968383789062500e+01
6.762916564941406250e+01
6.593285369873046875e+01
1.245121307373046875e+02
1.022895202636718750e+02
4.574755859375000000e+01
6.734625244140625000e+01
2.777996215820312500e+02
6.488644409179687500e+01
8.892556762695312500e+01
8.692828369140625000e+01
6.772814941406250000e+01
9.903739929199218750e+01
6.713114166259765625e+01
5.658839797973632812e+01
6.835254669189453125e+01
5.163894271850585938e+01
6.529154205322265625e+01
7.409275054931640625e+01
8.654967498779296875e+01
9.608535003662109375e+01
5.635997390747070312e+01
6.552936553955078125e+01
7.985466766357421875e+01
4.926912307739257812e+01
5.839189147949218750e+01
6.953932952880859375e+01
1.023031387329101562e+02
6.625027465820312500e+01
2.620442810058593750e+02
8.275322723388671875e+01
6.085446166992187500e+01
5.877084350585937500e+01
7.468025207519531250e+01
7.754933166503906250e+01
7.375627136230468750e+01
8.192449188232421875e+01
7.593959045410156250e+01
9.362935638427734375e+01
9.019931793212890625e+01
1.088728256225585938e+02
5.230023193359375000e+01
5.421247863769531250e+01
6.269152069091796875e+01
5.797570800781250000e+01
8.368049621582031250e+01
5.998231887817382812e+01
5.113854217529296875e+01
1.016488494873046875e+02
8.074340820312500000e+01
2.825920715332031250e+02
6.099316024780273438e+01
5.915058898925781250e+01
8.742663574218750000e+01
6.164818191528320312e+01
6.603176879882812500e+01
9.368634033203125000e+01
5.723705291748046875e+01
8.125808715820312500e+01
9.017301940917968750e+01
5.525460433959960938e+01
9.298241424560546875e+01
6.162996673583984375e+01
6.205798339843750000e+01
1.275770034790039062e+02
6.640826416015625000e+01
4.966024017333984375e+01
9.435633850097656250e+01
6.752399444580078125e+01
7.691639709472656250e+01
5.444688415527343750e+01
6.384105300903320312e+01
6.355152893066406250e+01
6.826123809814453125e+01
5.036286163330078125e+01
9.277719879150390625e+01
7.690577697753906250e+01
6.613081359863281250e+01
6.485725402832031250e+01
8.710430908203125000e+01
6.727822875976562500e+01
3.317455139160156250e+02
8.302002716064453125e+01
9.339173126220703125e+01
8.685499572753906250e+01
5.841995239257812500e+01
5.113063812255859375e+01
7.257514953613281250e+01
9.337459564208984375e+01
7.091098022460937500e+01
8.902752685546875000e+01
5.066957855224609375e+01
1.108953704833984375e+02
6.166176605224609375e+01
6.025013732910156250e+01
7.262971496582031250e+01
9.868677520751953125e+01
8.785372161865234375e+01
8.373820495605468750e+01
1.099025268554687500e+02
6.206964874267578125e+01
8.007237243652343750e+01
6.727338409423828125e+01
2.623147888183593750e+02
7.318089294433593750e+01
1.139721221923828125e+02
6.273423004150390625e+01
7.324329376220703125e+01
5.388718795776367188e+01
7.101086425781250000e+01
6.849596405029296875e+01
7.136607360839843750e+01
4.949714660644531250e+01
4.498938369750976562e+01
7.797517395019531250e+01
1.033120727539062500e+02
9.368907165527343750e+01
7.943705749511718750e+01
7.623535156250000000e+01
7.839345550537109375e+01
5.109290313720703125e+01
6.216226196289062500e+01
7.368728637695312500e+01
9.757762908935546875e+01
5.991355895996093750e+01
5.240818023681640625e+01
5.391284942626953125e+01
7.281358337402343750e+01
7.326099395751953125e+01
8.263378143310546875e+01
6.266682052612304688e+01
1.020388259887695312e+02
6.130010223388671875e+01
9.146700286865234375e+01
2.798914184570312500e+02
6.383652496337890625e+01
7.617350769042968750e+01
7.833472442626953125e+01
1.044973678588867188e+02
6.037571716308593750e+01
5.560015106201171875e+01
6.760635375976562500e+01
5.967348098754882812e+01
4.839723968505859375e+01
8.081309509277343750e+01
8.187135314941406250e+01
8.419443511962890625e+01
5.913673400878906250e+01
1.068882751464843750e+02
6.192770385742187500e+01
4.970059204101562500e+01
1.022214050292968750e+02
6.710064697265625000e+01
7.073451995849609375e+01
6.168153381347656250e+01
7.191571044921875000e+01
9.366549682617187500e+01
7.046528625488281250e+01
7.428504943847656250e+01
7.011460876464843750e+01
8.197952270507812500e+01
7.252912902832031250e+01
8.280318450927734375e+01
6.805184936523437500e+01
6.796464538574218750e+01
5.067201232910156250e+01
6.053138732910156250e+01
4.608037567138671875e+01
6.340255355834960938e+01
1.137715530395507812e+02
2.742192382812500000e+02
5.831615447998046875e+01
6.697337341308593750e+01
9.420921325683593750e+01
1.018347778320312500e+02
9.009394836425781250e+01
9.639266204833984375e+01
8.369378662109375000e+01
5.831099700927734375e+01
7.493463134765625000e+01
7.444227600097656250e+01
5.439056777954101562e+01
5.306961441040039062e+01
4.647973251342773438e+01
7.592886352539062500e+01
6.311567306518554688e+01
9.280084991455078125e+01
6.923918151855468750e+01
7.142224121093750000e+01
6.629237365722656250e+01
5.387368011474609375e+01
4.501707839965820312e+01
7.596177673339843750e+01
5.734564208984375000e+01
6.562776184082031250e+01
8.583567810058593750e+01
6.638976287841796875e+01
4.510775756835937500e+01
8.702954101562500000e+01
9.526284027099609375e+01
2.953306884765625000e+02
1.077827682495117188e+02
4.922525787353515625e+01
6.668124389648437500e+01
7.751081848144531250e+01
7.287494659423828125e+01
7.360369110107421875e+01
1.194279022216796875e+02
9.422406768798828125e+01
7.658888244628906250e+01
8.836205291748046875e+01
9.259835815429687500e+01
7.381211090087890625e+01
1.159242401123046875e+02
6.587850952148437500e+01
5.768064498901367188e+01
9.505931854248046875e+01
2.975776062011718750e+02
6.651583862304687500e+01
8.511141967773437500e+01
1.125664443969726562e+02
5.865770721435546875e+01
9.073518371582031250e+01
5.442371368408203125e+01
6.995195770263671875e+01
8.091584014892578125e+01
5.359426879882812500e+01
5.622110748291015625e+01
5.159805297851562500e+01
6.237767028808593750e+01
1.097337493896484375e+02
1.081372528076171875e+02
8.359134674072265625e+01
4.862891387939453125e+01
7.756968688964843750e+01
1.024696655273437500e+02
7.050299072265625000e+01
8.381828308105468750e+01
7.831446838378906250e+01
6.517913818359375000e+01
5.684959793090820312e+01
6.492906951904296875e+01
2.817531433105468750e+02
6.774704742431640625e+01
6.747745513916015625e+01
7.485643005371093750e+01
7.015714263916015625e+01
5.877188873291015625e+01
8.252024078369140625e+01
5.928467559814453125e+01
9.606961822509765625e+01
7.652966308593750000e+01
5.614453887939453125e+01
5.609265899658203125e+01
1.234854354858398438e+02
4.284651947021484375e+01
9.203722381591796875e+01
6.820558166503906250e+01
7.551983642578125000e+01
8.890290069580078125e+01
6.406845855712890625e+01
7.984786987304687500e+01
4.810152053833007812e+01
6.954621887207031250e+01
6.321144104003906250e+01
5.421925354003906250e+01
3.808530807495117188e+01
7.640250396728515625e+01
5.380849075317382812e+01
5.767382812500000000e+01
5.219921493530273438e+01
7.283597564697265625e+01
6.868656921386718750e+01
7.679364013671875000e+01
4.868067932128906250e+01
9.841456604003906250e+01
1.042700805664062500e+02
6.043772888183593750e+01
2.789739990234375000e+02
5.780351638793945312e+01
8.176969909667968750e+01
5.875403976440429688e+01
8.547015380859375000e+01
5.565993881225585938e+01
1.167430343627929688e+02
9.721096801757812500e+01
6.132891464233398438e+01
5.116328811645507812e+01
8.829856109619140625e+01
4.686358261108398438e+01
5.607062530517578125e+01
8.816915130615234375e+01
2.727223510742187500e+02
6.450322723388671875e+01
6.065141296386718750e+01
7.276225280761718750e+01
8.623239135742187500e+01
9.653155517578125000e+01
7.898621368408203125e+01
8.338491821289062500e+01
5.448485946655273438e+01
5.141915130615234375e+01
1.151030502319335938e+02
6.672448730468750000e+01
6.603425598144531250e+01
7.479761505126953125e+01
5.148305130004882812e+01
7.359745788574218750e+01
7.566877746582031250e+01
9.820666503906250000e+01
7.837520599365234375e+01
1.005371551513671875e+02
8.826831054687500000e+01
8.451165771484375000e+01
7.215670013427734375e+01
1.183373794555664062e+02
9.823559570312500000e+01
7.571105194091796875e+01
1.111914138793945312e+02
6.313965988159179688e+01
4.432838821411132812e+01
6.190657043457031250e+01
7.481369018554687500e+01
8.111887359619140625e+01
6.140251541137695312e+01
2.802917175292968750e+02
7.754971313476562500e+01
6.866386413574218750e+01
4.642187881469726562e+01
6.782202911376953125e+01
7.553163146972656250e+01
8.411001586914062500e+01
8.722542572021484375e+01
8.168785858154296875e+01
6.149573516845703125e+01
7.191336822509765625e+01
6.745944213867187500e+01
7.777883911132812500e+01
6.485955810546875000e+01
9.164094543457031250e+01
9.352672576904296875e+01
9.055111694335937500e+01
6.498791503906250000e+01
5.689157867431640625e+01
6.257084655761718750e+01
7.760802459716796875e+01
7.693142700195312500e+01
7.161272430419921875e+01
5.854945373535156250e+01
1.119855957031250000e+02
6.004591369628906250e+01
9.095520019531250000e+01
4.528425598144531250e+01
6.714190673828125000e+01
6.823429870605468750e+01
5.353940582275390625e+01
8.703891754150390625e+01
2.936150207519531250e+02
5.058663558959960938e+01
6.647605133056640625e+01
6.565829467773437500e+01
7.390862274169921875e+01
7.603709411621093750e+01
6.069319915771484375e+01
6.974829864501953125e+01
6.126971435546875000e+01
6.947761535644531250e+01
5.923267364501953125e+01
7.074829864501953125e+01
6.499997711181640625e+01
5.774316024780273438e+01
2.920238952636718750e+02
6.230601501464843750e+01
6.469215393066406250e+01
7.778769683837890625e+01
7.223429107666015625e+01
1.067023315429687500e+02
6.151580047607421875e+01
4.070121002197265625e+01
9.993217468261718750e+01
5.019620132446289062e+01
5.646548461914062500e+01
1.081372375488281250e+02
6.766162109375000000e+01
5.471241378784179688e+01
5.582594299316406250e+01
6.418491363525390625e+01
5.434857940673828125e+01
7.555896759033203125e+01
5.154087066650390625e+01
6.886231994628906250e+01
6.469855499267578125e+01
5.723137283325195312e+01
6.337832641601562500e+01
7.382977294921875000e+01
8.059287261962890625e+01
1.210759735107421875e+02
6.191176223754882812e+01
6.294882965087890625e+01
5.063718414306640625e+01
9.961291503906250000e+01
2.756218261718750000e+02
1.234319076538085938e+02
5.148253631591796875e+01
6.946327209472656250e+01
6.674791717529296875e+01
6.016579818725585938e+01
6.476307678222656250e+01
9.345928192138671875e+01
5.678354644775390625e+01
6.450245666503906250e+01
8.392363739013671875e+01
2.713872070312500000e+02
4.301271820068359375e+01
7.009671020507812500e+01
7.182978820800781250e+01
9.127951049804687500e+01
1.015061721801757812e+02
5.770266723632812500e+01
5.978858184814453125e+01
6.480176544189453125e+01
8.680162048339843750e+01
5.238762664794921875e+01
9.297112274169921875e+01
6.708602142333984375e+01
7.312829589843750000e+01
5.953316116333007812e+01
7.110796356201171875e+01
6.791804504394531250e+01
8.688755035400390625e+01
6.456327056884765625e+01
8.527502441406250000e+01
5.312736892700195312e+01
4.900405883789062500e+01
8.057804107666015625e+01
7.867708587646484375e+01
6.227867889404296875e+01
6.532971191406250000e+01
6.955435180664062500e+01
2.441918182373046875e+02
8.204560852050781250e+01
5.954489135742187500e+01
7.167018890380859375e+01
7.158154296875000000e+01
8.663854980468750000e+01
1.048206329345703125e+02
5.725641632080078125e+01
6.357675170898437500e+01
6.897141265869140625e+01
3.462850570678710938e+01
5.331008148193359375e+01
5.398749542236328125e+01
7.685208129882812500e+01
9.815437316894531250e+01
9.489147949218750000e+01
4.794070434570312500e+01
5.933983612060546875e+01
1.061444854736328125e+02
6.190491867065429688e+01
5.647621154785156250e+01
6.659248352050781250e+01
6.180700302124023438e+01
7.101383209228515625e+01
4.458845520019531250e+01
6.834331512451171875e+01
4.562008285522460938e+01
2.914753417968750000e+02
6.540412139892578125e+01
1.161416625976562500e+02
5.566503906250000000e+01
5.469175720214843750e+01
7.399803924560546875e+01
1.085369567871093750e+02
5.381163787841796875e+01
7.560978698730468750e+01
5.594533920288085938e+01
5.615129852294921875e+01
6.497054290771484375e+01
9.004722595214843750e+01
5.628818130493164062e+01
5.094744110107421875e+01
9.398669433593750000e+01
6.935161590576171875e+01
4.990381240844726562e+01
8.528630828857421875e+01
5.387302780151367188e+01
6.641125488281250000e+01
8.496267700195312500e+01
6.329705810546875000e+01
8.423242187500000000e+01
4.684537124633789062e+01
7.821438598632812500e+01
5.027710723876953125e+01
5.675934982299804688e+01
5.464687728881835938e+01
8.572267150878906250e+01
5.103321075439453125e+01
6.533925628662109375e+01
5.866476821899414062e+01
4.695658874511718750e+01
9.969692993164062500e+01
5.419048309326171875e+01
6.647425842285156250e+01
6.270458602905273438e+01
7.502127075195312500e+01
6.710566711425781250e+01
7.079537963867187500e+01
6.171445083618164062e+01
6.706912994384765625e+01
6.820094299316406250e+01
3.002750244140625000e+02
7.448397827148437500e+01
7.851268005371093750e+01
5.696375274658203125e+01
5.408049011230468750e+01
5.289373016357421875e+01
4.710866928100585938e+01
7.112738037109375000e+01
4.917655563354492188e+01
8.076742553710937500e+01
5.433938598632812500e+01
7.026350402832031250e+01
9.550701904296875000e+01
2.824377136230468750e+02
6.086529159545898438e+01
6.752262878417968750e+01
4.512049102783203125e+01
7.127167510986328125e+01
8.719474792480468750e+01
8.168862915039062500e+01
7.448600006103515625e+01
7.757668304443359375e+01
9.004306793212890625e+01
6.820077514648437500e+01
8.338179016113281250e+01
6.553901672363281250e+01
4.083694458007812500e+01
6.732607269287109375e+01
7.587493133544921875e+01
4.891558074951171875e+01
7.569090270996093750e+01
6.521719360351562500e+01
7.542458343505859375e+01
5.271211624145507812e+01
5.002114486694335938e+01
6.884842681884765625e+01
3.987704849243164062e+01
6.154801940917968750e+01
4.432620239257812500e+01
6.605535125732421875e+01
7.992190551757812500e+01
4.852854156494140625e+01
6.502700042724609375e+01
1.168317260742187500e+02
2.519294128417968750e+02
8.166690063476562500e+01
6.250328826904296875e+01
6.005638885498046875e+01
4.284816741943359375e+01
1.126752929687500000e+02
5.705514526367187500e+01
7.005548858642578125e+01
7.223921966552734375e+01
7.369226074218750000e+01
6.307748413085937500e+01
2.696414756774902344e+01
7.364766693115234375e+01
6.019260406494140625e+01
2.763337402343750000e+02
8.612561035156250000e+01
9.978463745117187500e+01
7.454635620117187500e+01
7.766732788085937500e+01
6.988214111328125000e+01
7.156839752197265625e+01
9.111096191406250000e+01
7.596267700195312500e+01
8.020975494384765625e+01
4.416221237182617188e+01
5.856585311889648438e+01
6.108079528808593750e+01
4.625198364257812500e+01
9.618304443359375000e+01
5.779329681396484375e+01
7.883389282226562500e+01
6.444760131835937500e+01
7.673696136474609375e+01
4.908108139038085938e+01
6.755492401123046875e+01
6.894264984130859375e+01
7.373164367675781250e+01
7.520125579833984375e+01
5.188186264038085938e+01
5.979583740234375000e+01
1.127042694091796875e+02
5.200390243530273438e+01
8.581787109375000000e+01
5.799797058105468750e+01
5.251181030273437500e+01
2.735634460449218750e+02
4.040075302124023438e+01
8.528829956054687500e+01
5.674512481689453125e+01
5.912876510620117188e+01
5.817059707641601562e+01
6.345036697387695312e+01
6.930438995361328125e+01
9.814743041992187500e+01
9.231376647949218750e+01
6.498959350585937500e+01
8.680071258544921875e+01
7.831008911132812500e+01
4.333326339721679688e+01
6.382416534423828125e+01
7.422213745117187500e+01
8.551537322998046875e+01
6.328429412841796875e+01
6.521556091308593750e+01
6.067429733276367188e+01
7.331159973144531250e+01
4.599937820434570312e+01
7.184089660644531250e+01
5.171153259277343750e+01
1.011383819580078125e+02
5.843759155273437500e+01
1.094874496459960938e+02
7.803407287597656250e+01
6.240128326416015625e+01
9.071799468994140625e+01
4.580019378662109375e+01
5.286542510986328125e+01
5.892428588867187500e+01
6.304920959472656250e+01
7.185707855224609375e+01
6.008847045898437500e+01
4.046768951416015625e+01
1.045875930786132812e+02
3.008635253906250000e+02
6.686514282226562500e+01
6.532107543945312500e+01
7.947550964355468750e+01
6.094510650634765625e+01
6.075866699218750000e+01
7.790294647216796875e+01
5.784180450439453125e+01
5.616125488281250000e+01
8.106198883056640625e+01
7.884633636474609375e+01
4.618798065185546875e+01
1.048842773437500000e+02
5.208956909179687500e+01
2.701077270507812500e+02
6.238790893554687500e+01
5.777908325195312500e+01
5.786724090576171875e+01
7.363909149169921875e+01
4.780830383300781250e+01
5.490405273437500000e+01
3.465803527832031250e+01
4.041976928710937500e+01
1.304526062011718750e+02
7.762548828125000000e+01
9.466754150390625000e+01
9.728536987304687500e+01
6.180543899536132812e+01
5.324905776977539062e+01
8.210974121093750000e+01
6.410658264160156250e+01
5.122477722167968750e+01
7.807173919677734375e+01
5.617202377319335938e+01
6.174188232421875000e+01
5.845575714111328125e+01
5.293475341796875000e+01
1.173503952026367188e+02
6.470156097412109375e+01
8.089820861816406250e+01
4.870333099365234375e+01
8.498652648925781250e+01
6.059899139404296875e+01
6.523352050781250000e+01
8.047595214843750000e+01
7.035893249511718750e+01
6.371963500976562500e+01
3.862930679321289062e+01
6.985145568847656250e+01
5.127694320678710938e+01
2.533879699707031250e+02
6.124953460693359375e+01
1.008596038818359375e+02
6.356106948852539062e+01
5.457313537597656250e+01
8.719963073730468750e+01
6.308799362182617188e+01
7.084659576416015625e+01
8.500343322753906250e+01
7.696340942382812500e+01
5.320881271362304688e+01
5.103244018554687500e+01
5.958032989501953125e+01
7.259426879882812500e+01
6.485174560546875000e+01
5.706597900390625000e+01
5.690660095214843750e+01
8.317306518554687500e+01
8.465515136718750000e+01
7.085696411132812500e+01
7.623825836181640625e+01
6.062951660156250000e+01
7.494286346435546875e+01
7.208560180664062500e+01
7.999306488037109375e+01
1.173097076416015625e+02
6.020021057128906250e+01
8.169507598876953125e+01
7.173606872558593750e+01
5.332018280029296875e+01
5.184191131591796875e+01
8.142774963378906250e+01
9.910771942138671875e+01
6.922520446777343750e+01
2.769042053222656250e+02
6.572364807128906250e+01
7.290821075439453125e+01
8.047588348388671875e+01
6.897017669677734375e+01
6.153004455566406250e+01
6.193953704833984375e+01
5.392504882812500000e+01
5.603335952758789062e+01
7.602046966552734375e+01
6.890218353271484375e+01
6.807874298095703125e+01
6.350161743164062500e+01
6.123355102539062500e+01
6.283811569213867188e+01
9.436444091796875000e+01
6.301367950439453125e+01
5.164099121093750000e+01
7.599928283691406250e+01
6.043405532836914062e+01
2.535559539794921875e+02
9.969799804687500000e+01
9.438743591308593750e+01
6.699260711669921875e+01
5.954318237304687500e+01
7.552333068847656250e+01
8.089587402343750000e+01
2.482924346923828125e+02
5.901041412353515625e+01
9.203883361816406250e+01
7.894448852539062500e+01
5.590373992919921875e+01
5.910998535156250000e+01
9.158689117431640625e+01
6.551496124267578125e+01
5.497074890136718750e+01
1.192513504028320312e+02
9.393913269042968750e+01
8.838253784179687500e+01
1.040308151245117188e+02
7.151093292236328125e+01
7.588452148437500000e+01
8.300099945068359375e+01
5.741715621948242188e+01
4.864793395996093750e+01
7.584610748291015625e+01
4.659341049194335938e+01
5.712195205688476562e+01
7.438370513916015625e+01
5.405915069580078125e+01
9.418061828613281250e+01
8.188590240478515625e+01
4.344025421142578125e+01
5.420477294921875000e+01
6.898207092285156250e+01
5.872187423706054688e+01
4.655286788940429688e+01
8.280590820312500000e+01
7.388666534423828125e+01
7.176205444335937500e+01
5.811837387084960938e+01
5.874905395507812500e+01
5.234883880615234375e+01
6.902531433105468750e+01
4.373531723022460938e+01
5.824615478515625000e+01
9.162960815429687500e+01
8.103871154785156250e+01
9.879633331298828125e+01
6.693904113769531250e+01
8.262085723876953125e+01
5.724045562744140625e+01
8.726965332031250000e+01
5.685797882080078125e+01
7.889070129394531250e+01
3.892752838134765625e+01
2.755338134765625000e+02
4.289395904541015625e+01
5.942386245727539062e+01
5.125718688964843750e+01
7.143997955322265625e+01
7.193468475341796875e+01
4.414428329467773438e+01
4.083922958374023438e+01
6.939385986328125000e+01
4.439405822753906250e+01
6.393799209594726562e+01
2.620527038574218750e+02
7.464705657958984375e+01
6.394855117797851562e+01
6.930056762695312500e+01
7.116667938232421875e+01
5.772632980346679688e+01
9.409199523925781250e+01
3.827648162841796875e+01
4.280595397949218750e+01
6.076253128051757812e+01
6.951756286621093750e+01
7.464216613769531250e+01
5.037342834472656250e+01
9.603049468994140625e+01
7.010060882568359375e+01
5.392138671875000000e+01
9.770826721191406250e+01
7.974584960937500000e+01
4.342321777343750000e+01
6.620388793945312500e+01
9.774561309814453125e+01
4.725487518310546875e+01
4.837078857421875000e+01
8.091365051269531250e+01
2.925462951660156250e+02
4.777938842773437500e+01
9.345582580566406250e+01
7.064939880371093750e+01
7.707725524902343750e+01
6.775692749023437500e+01
7.227227020263671875e+01
4.851335906982421875e+01
7.959749603271484375e+01
7.717759704589843750e+01
6.486313629150390625e+01
7.321952056884765625e+01
3.801046752929687500e+01
8.566190338134765625e+01
8.005421447753906250e+01
4.498046493530273438e+01
6.576257324218750000e+01
7.903396606445312500e+01
4.781299209594726562e+01
4.530884170532226562e+01
8.707180023193359375e+01
1.007773132324218750e+02
6.855122375488281250e+01
8.117237854003906250e+01
8.423159790039062500e+01
5.228252792358398438e+01
1.344716949462890625e+02
4.009310150146484375e+01
5.960243225097656250e+01
6.036305618286132812e+01
6.492532348632812500e+01
2.434134826660156250e+02
5.080982589721679688e+01
7.067506408691406250e+01
7.630969238281250000e+01
5.786854934692382812e+01
3.487014007568359375e+01
3.971432495117187500e+01
6.388088989257812500e+01
6.374506378173828125e+01
1.001028060913085938e+02
8.182711791992187500e+01
6.568673706054687500e+01
6.858425140380859375e+01
7.524938964843750000e+01
4.922917938232421875e+01
1.008949508666992188e+02
7.109646606445312500e+01
5.591515350341796875e+01
7.308558654785156250e+01
5.618353271484375000e+01
6.548057556152343750e+01
5.612829589843750000e+01
5.697654342651367188e+01
5.636112213134765625e+01
6.885188293457031250e+01
5.229931640625000000e+01
5.311296081542968750e+01
5.001171493530273438e+01
6.690815734863281250e+01
6.915410614013671875e+01
5.565930938720703125e+01
4.377352523803710938e+01
6.779447174072265625e+01
6.106573486328125000e+01
5.886536407470703125e+01
5.855317687988281250e+01
7.596903991699218750e+01
9.976179504394531250e+01
6.968277740478515625e+01
7.799792480468750000e+01
2.761434936523437500e+02
6.456806945800781250e+01
6.480879974365234375e+01
7.856958007812500000e+01
2.518055725097656250e+02
6.129501342773437500e+01
6.772408294677734375e+01
4.916543579101562500e+01
8.075410461425781250e+01
6.722423553466796875e+01
5.980639648437500000e+01
4.354197311401367188e+01
8.868160247802734375e+01
7.769949340820312500e+01
6.931877136230468750e+01
5.433338165283203125e+01
8.227604675292968750e+01
5.487034988403320312e+01
8.515927886962890625e+01
6.039182662963867188e+01
4.892565917968750000e+01
5.728898620605468750e+01
5.895801544189453125e+01
4.619487762451171875e+01
5.850405120849609375e+01
7.926257324218750000e+01
7.340602874755859375e+01
5.624903869628906250e+01
5.378704833984375000e+01
7.874497985839843750e+01
5.701997375488281250e+01
1.310948181152343750e+02
2.689828796386718750e+02
5.621052551269531250e+01
5.849282073974609375e+01
6.295189666748046875e+01
5.287757873535156250e+01
5.791868972778320312e+01
4.094861984252929688e+01
5.484024810791015625e+01
5.238158798217773438e+01
6.377294158935546875e+01
6.085166931152343750e+01
6.425834655761718750e+01
7.711494445800781250e+01
5.814181137084960938e+01
2.992037963867187500e+01
6.035096359252929688e+01
7.098818206787109375e+01
6.304198455810546875e+01
6.717521667480468750e+01
8.478652191162109375e+01
7.192339324951171875e+01
7.234024810791015625e+01
5.598954391479492188e+01
6.894326782226562500e+01
3.723400878906250000e+01
5.537308120727539062e+01
5.902457046508789062e+01
4.736369323730468750e+01
5.659443664550781250e+01
9.588539123535156250e+01
7.780555725097656250e+01
5.530226135253906250e+01
5.936091232299804688e+01
4.811771774291992188e+01
5.799990081787109375e+01
5.191735839843750000e+01
7.218828582763671875e+01
7.838830566406250000e+01
1.137464065551757812e+02
6.685337066650390625e+01
7.291201782226562500e+01
8.046622467041015625e+01
5.453388214111328125e+01
6.767980194091796875e+01
8.344130706787109375e+01
2.614328002929687500e+02
6.956378173828125000e+01
5.856285858154296875e+01
5.241759872436523438e+01
5.624558639526367188e+01
6.595248413085937500e+01
5.562489318847656250e+01
6.078225708007812500e+01
1.177488555908203125e+02
4.719316101074218750e+01
7.674972534179687500e+01
7.629518890380859375e+01
2.753937683105468750e+02
4.495661926269531250e+01
5.489842224121093750e+01
5.704465484619140625e+01
4.942995071411132812e+01
7.936465454101562500e+01
4.928255462646484375e+01
5.752291107177734375e+01
5.047206115722656250e+01
6.803867340087890625e+01
7.102171325683593750e+01
6.552891540527343750e+01
6.861460113525390625e+01
7.164927673339843750e+01
4.947159957885742188e+01
5.609580612182617188e+01
5.679426193237304688e+01
3.408298873901367188e+01
6.783591461181640625e+01
5.482213592529296875e+01
8.036844635009765625e+01
5.146239852905273438e+01
5.457041168212890625e+01
8.902387237548828125e+01
5.813156127929687500e+01
7.367018127441406250e+01
6.766201019287109375e+01
4.228710174560546875e+01
6.139938354492187500e+01
6.393992614746093750e+01
8.703235626220703125e+01
3.909523773193359375e+01
6.422525787353515625e+01
6.793752288818359375e+01
5.571755218505859375e+01
1.017453460693359375e+02
7.822636413574218750e+01
2.890481262207031250e+02
6.150893402099609375e+01
5.987841033935546875e+01
6.782491302490234375e+01
4.330195999145507812e+01
8.496892547607421875e+01
5.416561126708984375e+01
5.770726013183593750e+01
4.311884689331054688e+01
4.802595138549804688e+01
6.073930740356445312e+01
5.890457534790039062e+01
4.641525650024414062e+01
5.114676666259765625e+01
7.807160186767578125e+01
5.231862258911132812e+01
6.362828826904296875e+01
7.784088134765625000e+01
5.455030059814453125e+01
6.692646789550781250e+01
6.693416595458984375e+01
5.104785156250000000e+01
3.910869598388671875e+01
6.102925109863281250e+01
7.492370605468750000e+01
6.737055206298828125e+01
1.002609100341796875e+02
2.767462158203125000e+02
8.129543304443359375e+01
6.264864349365234375e+01
1.105646286010742188e+02
5.145166397094726562e+01
7.532946014404296875e+01
7.952763366699218750e+01
6.951001739501953125e+01
8.225228118896484375e+01
4.963782501220703125e+01
6.755137634277343750e+01
5.847255706787109375e+01
4.726865005493164062e+01
7.761473846435546875e+01
5.218339157104492188e+01
5.371879577636718750e+01
4.876625442504882812e+01
6.489613342285156250e+01
9.624748229980468750e+01
8.176107788085937500e+01
5.736455154418945312e+01
2.552200012207031250e+02
9.738739776611328125e+01
7.459655761718750000e+01
4.872913360595703125e+01
1.136911544799804688e+02
6.938099670410156250e+01
5.365458679199218750e+01
6.383332061767578125e+01
6.338680267333984375e+01
6.932701110839843750e+01
5.808094024658203125e+01
7.224662780761718750e+01
3.633769989013671875e+01
5.049807739257812500e+01
5.294022369384765625e+01
7.815042114257812500e+01
6.239907836914062500e+01
4.903374862670898438e+01
2.622302246093750000e+02
1.084176406860351562e+02
6.423600006103515625e+01
5.568050003051757812e+01
3.250367355346679688e+01
7.347674560546875000e+01
8.556010437011718750e+01
5.286354064941406250e+01
6.491435241699218750e+01
8.087184143066406250e+01
5.712609863281250000e+01
9.212417602539062500e+01
7.643986511230468750e+01
1.082915725708007812e+02
8.096173095703125000e+01
5.789776611328125000e+01
5.052088928222656250e+01
5.878114318847656250e+01
5.995474243164062500e+01
1.587631683349609375e+02
5.922546386718750000e+01
7.243083953857421875e+01
6.041801071166992188e+01
6.120399856567382812e+01
6.968154907226562500e+01
4.426554489135742188e+01
4.357727050781250000e+01
6.254381561279296875e+01
5.246570587158203125e+01
6.182724380493164062e+01
7.032314300537109375e+01
7.258782958984375000e+01
3.696020126342773438e+01
6.784003448486328125e+01
1.195994415283203125e+02
6.978935241699218750e+01
5.581554031372070312e+01
6.462838745117187500e+01
4.788292312622070312e+01
2.692755126953125000e+02
5.222510910034179688e+01
6.341634750366210938e+01
6.854608917236328125e+01
4.436864471435546875e+01
5.534365081787109375e+01
7.719798278808593750e+01
9.290608215332031250e+01
6.902636718750000000e+01
5.585287094116210938e+01
6.378587722778320312e+01
5.449308776855468750e+01
6.443437957763671875e+01
7.228833770751953125e+01
3.910142135620117188e+01
4.550626754760742188e+01
7.908876800537109375e+01
5.417613220214843750e+01
7.663179016113281250e+01
6.139472198486328125e+01
5.429840087890625000e+01
7.686524963378906250e+01
7.039861297607421875e+01
5.763085174560546875e+01
2.945575561523437500e+02
8.264823913574218750e+01
8.025574493408203125e+01
6.190617370605468750e+01
4.683496856689453125e+01
7.881072998046875000e+01
5.808271026611328125e+01
4.632985687255859375e+01
6.266546630859375000e+01
6.779931640625000000e+01
4.581977081298828125e+01
7.751281738281250000e+01
5.192067718505859375e+01
4.284060287475585938e+01
5.821978378295898438e+01
5.304667663574218750e+01
9.223773956298828125e+01
5.202847671508789062e+01
5.944428253173828125e+01
6.253053283691406250e+01
7.648585510253906250e+01
7.538062286376953125e+01
5.761343002319335938e+01
6.588977813720703125e+01
6.232680511474609375e+01
2.901689453125000000e+02
6.795021820068359375e+01
5.455572509765625000e+01
6.885449218750000000e+01
6.056433868408203125e+01
9.660314178466796875e+01
4.226412963867187500e+01
8.105876159667968750e+01
5.062511062622070312e+01
6.120719528198242188e+01
7.118922424316406250e+01
4.739866638183593750e+01
8.507884979248046875e+01
3.153310394287109375e+01
2.276708831787109375e+02
5.346015930175781250e+01
8.090063476562500000e+01
7.142572021484375000e+01
7.415919494628906250e+01
8.052964782714843750e+01
5.487990188598632812e+01
5.536904525756835938e+01
8.019712066650390625e+01
6.826551818847656250e+01
5.344111633300781250e+01
8.045658874511718750e+01
5.895547485351562500e+01
7.394770050048828125e+01
5.168765640258789062e+01
6.353860473632812500e+01
5.401874542236328125e+01
7.805015563964843750e+01
6.666915893554687500e+01
7.514217376708984375e+01
4.174823379516601562e+01
5.969824218750000000e+01
4.834133529663085938e+01
6.331368637084960938e+01
4.147354125976562500e+01
1.111058044433593750e+02
4.539320755004882812e+01
7.123553466796875000e+01
8.180041503906250000e+01
6.480950927734375000e+01
5.156509780883789062e+01
6.170758056640625000e+01
5.486450958251953125e+01
6.770268249511718750e+01
5.315162658691406250e+01
8.199373626708984375e+01
5.479493713378906250e+01
6.393643951416015625e+01
2.533506317138671875e+02
6.524627685546875000e+01
7.239639282226562500e+01
6.568859100341796875e+01
5.473748779296875000e+01
7.821497344970703125e+01
6.246778106689453125e+01
5.247516632080078125e+01
2.355244598388671875e+02
5.863181304931640625e+01
5.508269882202148438e+01
8.531896972656250000e+01
5.968682098388671875e+01
7.987563323974609375e+01
5.687286758422851562e+01
5.011878204345703125e+01
6.434220123291015625e+01
7.166489410400390625e+01
4.170928573608398438e+01
4.605661010742187500e+01
5.109560012817382812e+01
7.223567199707031250e+01
5.285960006713867188e+01
9.295000457763671875e+01
7.049113464355468750e+01
6.925733947753906250e+01
5.423263549804687500e+01
6.630956268310546875e+01
6.058877944946289062e+01
5.152961730957031250e+01
5.522142410278320312e+01
7.314967346191406250e+01
6.342442321777343750e+01
6.931533050537109375e+01
4.628475570678710938e+01
6.425514984130859375e+01
9.873826599121093750e+01
8.711697387695312500e+01
5.180158615112304688e+01
6.056296920776367188e+01
6.260001373291015625e+01
6.782933807373046875e+01
6.044319534301757812e+01
7.168213653564453125e+01
4.324000167846679688e+01
5.781568145751953125e+01
6.626882171630859375e+01
3.546078109741210938e+01
8.291108703613281250e+01
5.907627487182617188e+01
7.276230621337890625e+01
6.165151214599609375e+01
7.348813629150390625e+01
6.179753494262695312e+01
1.054755554199218750e+02
6.868730926513671875e+01
8.105162048339843750e+01
6.704788970947265625e+01
2.441618347167968750e+02
5.764005279541015625e+01
5.142638778686523438e+01
6.606492614746093750e+01
6.129952239990234375e+01
2.429576721191406250e+02
4.904193115234375000e+01
5.713642501831054688e+01
8.643357086181640625e+01
3.938467025756835938e+01
7.055133056640625000e+01
5.673675918579101562e+01
6.398802947998046875e+01
7.641174316406250000e+01
5.850900268554687500e+01
8.238766479492187500e+01
9.369670104980468750e+01
4.669721603393554688e+01
6.497019958496093750e+01
4.968718338012695312e+01
8.818449401855468750e+01
8.043025207519531250e+01
6.474501037597656250e+01
7.769532012939453125e+01
7.368795776367187500e+01
7.145314788818359375e+01
1.036252288818359375e+02
6.519430541992187500e+01
1.214577255249023438e+02
4.869614028930664062e+01
4.779312896728515625e+01
1.340455017089843750e+02
8.239331054687500000e+01
4.619603729248046875e+01
8.311885070800781250e+01
6.713649749755859375e+01
5.942098999023437500e+01
7.772914886474609375e+01
7.926614379882812500e+01
3.824281311035156250e+01
5.693971633911132812e+01
6.030073165893554688e+01
5.947910308837890625e+01
7.523076629638671875e+01
5.398358154296875000e+01
2.724213867187500000e+02
9.027660369873046875e+01
6.344097137451171875e+01
7.137093353271484375e+01
8.744562530517578125e+01
5.349962234497070312e+01
9.268386840820312500e+01
6.477584838867187500e+01
9.564259338378906250e+01
7.813647460937500000e+01
5.143270874023437500e+01
9.405055236816406250e+01
2.336504669189453125e+02
7.913331604003906250e+01
6.732529449462890625e+01
6.923620605468750000e+01
4.647046661376953125e+01
5.771991348266601562e+01
5.006005477905273438e+01
7.112908935546875000e+01
6.175188064575195312e+01
6.125293350219726562e+01
4.914040374755859375e+01
5.831691741943359375e+01
8.414132690429687500e+01
7.179844665527343750e+01
5.157745361328125000e+01
7.512036132812500000e+01
6.110238265991210938e+01
7.716806793212890625e+01
1.046074371337890625e+02
6.624519348144531250e+01
7.672610473632812500e+01
1.083958587646484375e+02
7.196687316894531250e+01
7.009103393554687500e+01
6.111415863037109375e+01
6.387189483642578125e+01
7.409925842285156250e+01
6.629470062255859375e+01
9.535479736328125000e+01
4.334412384033203125e+01
5.287178802490234375e+01
1.148036727905273438e+02
6.794911193847656250e+01
5.821574020385742188e+01
5.758808517456054688e+01
6.909399414062500000e+01
6.202149963378906250e+01
1.020653533935546875e+02
6.838782501220703125e+01
7.284103393554687500e+01
5.995730590820312500e+01
2.849154357910156250e+02
6.872060394287109375e+01
5.565576171875000000e+01
5.749868774414062500e+01
9.089856719970703125e+01
5.602749633789062500e+01
4.909568405151367188e+01
4.217168426513671875e+01
5.711878204345703125e+01
5.694522857666015625e+01
8.063795471191406250e+01
5.067454147338867188e+01
6.430236816406250000e+01
5.654204177856445312e+01
5.144960784912109375e+01
4.317066574096679688e+01
5.184048461914062500e+01
6.253054428100585938e+01
7.777197265625000000e+01
4.187750244140625000e+01
7.236805725097656250e+01
1.303362731933593750e+02
6.651476287841796875e+01
2.622716674804687500e+02
7.995025634765625000e+01
7.428675842285156250e+01
6.649009704589843750e+01
5.991753005981445312e+01
9.453403472900390625e+01
4.643758392333984375e+01
1.042196350097656250e+02
6.364543151855468750e+01
4.836174392700195312e+01
8.861199188232421875e+01
5.342314529418945312e+01
7.489347839355468750e+01
5.841042327880859375e+01
5.068303680419921875e+01
6.290186309814453125e+01
7.833776092529296875e+01
7.785583496093750000e+01
9.950898742675781250e+01
4.922219467163085938e+01
6.046327209472656250e+01
6.884091186523437500e+01
5.648234939575195312e+01
9.265879058837890625e+01
6.389242935180664062e+01
6.343628692626953125e+01
6.608028411865234375e+01
2.500660400390625000e+02
3.486883544921875000e+01
5.827938842773437500e+01
5.160820007324218750e+01
4.792487716674804688e+01
7.154177856445312500e+01
9.919869995117187500e+01
8.314196777343750000e+01
5.954003143310546875e+01
6.623059082031250000e+01
7.532594299316406250e+01
5.273169708251953125e+01
7.691918182373046875e+01
6.297093963623046875e+01
6.500431060791015625e+01
5.176212692260742188e+01
3.570474624633789062e+01
4.561663818359375000e+01
3.860538482666015625e+01
2.770820007324218750e+02
6.732490539550781250e+01
5.653617858886718750e+01
7.103821563720703125e+01
6.226070785522460938e+01
7.708763885498046875e+01
6.884476470947265625e+01
5.057652282714843750e+01
6.880958557128906250e+01
6.208452606201171875e+01
9.787906646728515625e+01
7.381983947753906250e+01
7.655065917968750000e+01
5.961413574218750000e+01
7.509063720703125000e+01
7.072943115234375000e+01
5.223882675170898438e+01
4.464543914794921875e+01
6.752100372314453125e+01
3.297892761230468750e+01
5.481042480468750000e+01
5.174632263183593750e+01
4.461631774902343750e+01
9.379339599609375000e+01
5.484125518798828125e+01
6.110467529296875000e+01
7.181880950927734375e+01
7.900139617919921875e+01
6.969899749755859375e+01
6.361519622802734375e+01
5.903161239624023438e+01
8.303151702880859375e+01
4.549669265747070312e+01
5.437730407714843750e+01
8.161232757568359375e+01
4.695551300048828125e+01
6.642938995361328125e+01
7.045455932617187500e+01
6.283223342895507812e+01
2.648481140136718750e+02
6.232640457153320312e+01
5.920598602294921875e+01
9.996311950683593750e+01
6.866616821289062500e+01
7.151713562011718750e+01
5.920939636230468750e+01
6.131878662109375000e+01
6.630427551269531250e+01
6.980291748046875000e+01
4.177864456176757812e+01
6.182570648193359375e+01
4.275638198852539062e+01
5.975765228271484375e+01
6.982289123535156250e+01
6.423993682861328125e+01
7.870732116699218750e+01
2.456264038085937500e+02
4.725457763671875000e+01
6.789721679687500000e+01
6.262564849853515625e+01
5.272047042846679688e+01
6.236063766479492188e+01
7.304882049560546875e+01
7.469290924072265625e+01
6.197594070434570312e+01
5.079666137695312500e+01
1.164654006958007812e+02
8.077586364746093750e+01
5.275130844116210938e+01
6.821696472167968750e+01
6.358943176269531250e+01
7.222680664062500000e+01
6.400581359863281250e+01
4.826190948486328125e+01
5.241192626953125000e+01
6.710685729980468750e+01
6.179916763305664062e+01
5.581323242187500000e+01
6.458642578125000000e+01
6.131193542480468750e+01
5.028026962280273438e+01
5.847936630249023438e+01
6.252406692504882812e+01
6.186260986328125000e+01
5.750750732421875000e+01
9.467681884765625000e+01
6.140640640258789062e+01
8.617708587646484375e+01
3.003000488281250000e+02
4.974714660644531250e+01
4.685586929321289062e+01
6.678194427490234375e+01
4.415393066406250000e+01
6.826063537597656250e+01
4.722473526000976562e+01
2.446988067626953125e+02
6.591194152832031250e+01
5.479445648193359375e+01
6.469366455078125000e+01
5.515602874755859375e+01
4.783101654052734375e+01
7.234638977050781250e+01
8.649188995361328125e+01
6.721814727783203125e+01
8.392761230468750000e+01
7.901295471191406250e+01
5.912644195556640625e+01
3.758045578002929688e+01
4.468491744995117188e+01
8.213855743408203125e+01
8.597812652587890625e+01
5.642395401000976562e+01
5.958115386962890625e+01
4.074542236328125000e+01
4.971913146972656250e+01
7.542482757568359375e+01
7.565328216552734375e+01
6.618925476074218750e+01
7.599907684326171875e+01
4.176296234130859375e+01
5.873509216308593750e+01
7.136929321289062500e+01
3.508559417724609375e+01
4.291329193115234375e+01
4.818585205078125000e+01
8.470668792724609375e+01
5.910293579101562500e+01
5.326604461669921875e+01
3.615586471557617188e+01
4.652384567260742188e+01
8.850639343261718750e+01
5.894655609130859375e+01
8.031731414794921875e+01
6.241540908813476562e+01
6.542031860351562500e+01
4.994363784790039062e+01
8.641741180419921875e+01
4.877892684936523438e+01
4.875381469726562500e+01
8.593345642089843750e+01
2.622413635253906250e+02
6.397467422485351562e+01
5.052220535278320312e+01
1.205119018554687500e+02
7.376774597167968750e+01
8.185078430175781250e+01
6.293849182128906250e+01
6.956069183349609375e+01
6.043967819213867188e+01
5.112799835205078125e+01
7.105564117431640625e+01
7.633128356933593750e+01
6.744631195068359375e+01
6.645043945312500000e+01
5.913227081298828125e+01
4.360042953491210938e+01
6.308919525146484375e+01
5.707466125488281250e+01
5.329701232910156250e+01
2.707781982421875000e+02
9.327842712402343750e+01
1.119680023193359375e+02
5.330105209350585938e+01
5.966133117675781250e+01
8.126830291748046875e+01
1.305228271484375000e+02
8.904850006103515625e+01
8.026909637451171875e+01
7.129246520996093750e+01
6.374696350097656250e+01
8.375688171386718750e+01
9.919491577148437500e+01
7.686443328857421875e+01
5.759253311157226562e+01
5.551007461547851562e+01
6.565673828125000000e+01
4.951929855346679688e+01
7.752451324462890625e+01
7.844200134277343750e+01
8.337062835693359375e+01
5.298959732055664062e+01
7.088003540039062500e+01
5.935265731811523438e+01
7.520519256591796875e+01
8.044493103027343750e+01
6.931582641601562500e+01
6.050631713867187500e+01
6.346990585327148438e+01
9.121501159667968750e+01
4.270545578002929688e+01
5.732728576660156250e+01
8.794087219238281250e+01
6.088228225708007812e+01
7.377600097656250000e+01
4.176791000366210938e+01
6.621077728271484375e+01
4.787149047851562500e+01
2.403369750976562500e+02
6.051755523681640625e+01
5.880681228637695312e+01
5.858912277221679688e+01
5.356638717651367188e+01
5.034592056274414062e+01
8.128802490234375000e+01
5.355347824096679688e+01
6.396633148193359375e+01
6.844245910644531250e+01
8.084125518798828125e+01
9.842588043212890625e+01
5.026940917968750000e+01
6.420534515380859375e+01
6.029976654052734375e+01
8.369882202148437500e+01
6.593788909912109375e+01
6.128239822387695312e+01
5.102662658691406250e+01
7.796122741699218750e+01
5.281635284423828125e+01
5.676986694335937500e+01
7.521194458007812500e+01
6.130057144165039062e+01
5.544294738769531250e+01
2.536088714599609375e+02
5.717350387573242188e+01
5.889934539794921875e+01
6.251118850708007812e+01
5.220038604736328125e+01
4.732981109619140625e+01
6.116935729980468750e+01
5.969481658935546875e+01
4.419624328613281250e+01
6.298525238037109375e+01
1.112476425170898438e+02
4.775916671752929688e+01
5.608396530151367188e+01
5.492143249511718750e+01
6.414624023437500000e+01
4.884393692016601562e+01
2.387270202636718750e+02
9.039190673828125000e+01
9.851445007324218750e+01
4.923088073730468750e+01
6.895020294189453125e+01
7.061510467529296875e+01
8.180456542968750000e+01
4.230912017822265625e+01
4.038604736328125000e+01
5.923039627075195312e+01
4.677631759643554688e+01
6.601797485351562500e+01
5.577379608154296875e+01
6.114547729492187500e+01
5.821981811523437500e+01
5.127362060546875000e+01
6.143308639526367188e+01
2.422491912841796875e+02
5.550122451782226562e+01
4.113317489624023438e+01
6.668015289306640625e+01
7.161869812011718750e+01
5.819481277465820312e+01
6.795439147949218750e+01
1.111961288452148438e+02
7.764229583740234375e+01
8.383391571044921875e+01
5.090659332275390625e+01
9.650485992431640625e+01
6.081590270996093750e+01
3.496156311035156250e+01
6.887871551513671875e+01
5.631731033325195312e+01
4.049253845214843750e+01
5.895566558837890625e+01
6.643360137939453125e+01
4.403371047973632812e+01
7.121463012695312500e+01
7.338784790039062500e+01
5.950284957885742188e+01
2.671098327636718750e+02
7.086534881591796875e+01
8.095085144042968750e+01
4.874023437500000000e+01
6.073981475830078125e+01
6.858590698242187500e+01
4.919983673095703125e+01
6.127965164184570312e+01
4.837981414794921875e+01
4.505150985717773438e+01
5.687087249755859375e+01
5.680926513671875000e+01
9.803709411621093750e+01
7.600078582763671875e+01
6.424047088623046875e+01
4.784468460083007812e+01
7.616746520996093750e+01
7.505106353759765625e+01
6.372839355468750000e+01
5.171919250488281250e+01
7.340829467773437500e+01
7.999230957031250000e+01
5.475150299072265625e+01
4.656324768066406250e+01
5.895187759399414062e+01
2.621258544921875000e+02
6.504976654052734375e+01
6.423953247070312500e+01
9.531958007812500000e+01
5.941832351684570312e+01
4.892136383056640625e+01
9.396102905273437500e+01
4.103594207763671875e+01
7.501018524169921875e+01
7.526670074462890625e+01
3.651374816894531250e+01
6.319784164428710938e+01
5.345664215087890625e+01
5.005149841308593750e+01
6.808803558349609375e+01
5.001816177368164062e+01
6.297667312622070312e+01
5.778154754638671875e+01
4.821118927001953125e+01
5.181143569946289062e+01
8.361249542236328125e+01
4.737360000610351562e+01
5.525403976440429688e+01
6.005844497680664062e+01
6.267037963867187500e+01
4.071095275878906250e+01
4.458264923095703125e+01
6.572727966308593750e+01
4.347857666015625000e+01
7.897145080566406250e+01
5.249304962158203125e+01
9.974737548828125000e+01
4.612818527221679688e+01
6.815470123291015625e+01
5.836047363281250000e+01
9.075799560546875000e+01
5.071638107299804688e+01
7.619529724121093750e+01
5.309180450439453125e+01
5.566746902465820312e+01
5.065903854370117188e+01
2.581062316894531250e+02
5.479601287841796875e+01
5.409874343872070312e+01
5.575429153442382812e+01
7.793878936767578125e+01
6.856789398193359375e+01
4.530634307861328125e+01
3.730258560180664062e+01
9.284562683105468750e+01
8.018830108642578125e+01
5.567444610595703125e+01
7.294181823730468750e+01
7.523132324218750000e+01
6.821410369873046875e+01
5.647543716430664062e+01
5.163762283325195312e+01
5.525502777099609375e+01
4.454218292236328125e+01
6.206829833984375000e+01
4.716952514648437500e+01
5.950533676147460938e+01
1.087054977416992188e+02
5.186264419555664062e+01
9.045759582519531250e+01
6.664588165283203125e+01
5.778858947753906250e+01
5.813788223266601562e+01
1.011324844360351562e+02
8.235090637207031250e+01
2.456362915039062500e+02
7.990549468994140625e+01
3.927814102172851562e+01
4.371541595458984375e+01
6.630022430419921875e+01
5.097554779052734375e+01
3.214721679687500000e+01
6.243129730224609375e+01
5.570004272460937500e+01
4.945658111572265625e+01
6.764842987060546875e+01
4.218474197387695312e+01
4.571021652221679688e+01
4.287786865234375000e+01
1.013948364257812500e+02
5.525738525390625000e+01
5.550460433959960938e+01
6.772355651855468750e+01
5.504513168334960938e+01
5.590562438964843750e+01
2.361260375976562500e+02
8.001570129394531250e+01
6.083514022827148438e+01
3.880907058715820312e+01
6.023139190673828125e+01
5.735973739624023438e+01
7.057933044433593750e+01
4.938065338134765625e+01
9.859136962890625000e+01
5.558934783935546875e+01
7.570940399169921875e+01
6.661708068847656250e+01
5.480415344238281250e+01
6.932128906250000000e+01
4.268926620483398438e+01
5.902291488647460938e+01
2.445656585693359375e+02
5.952908325195312500e+01
7.428227996826171875e+01
7.386125946044921875e+01
4.030289459228515625e+01
6.291192626953125000e+01
8.266471099853515625e+01
6.383390808105468750e+01
4.294919204711914062e+01
7.865571594238281250e+01
5.454638290405273438e+01
6.455272674560546875e+01
4.788418960571289062e+01
5.548276138305664062e+01
6.174548721313476562e+01
7.137690734863281250e+01
9.227593231201171875e+01
8.211872863769531250e+01
5.999546813964843750e+01
3.610586547851562500e+01
4.148488235473632812e+01
4.942278289794921875e+01
7.397132110595703125e+01
6.856811523437500000e+01
4.625734710693359375e+01
6.718381500244140625e+01
6.993852233886718750e+01
7.659389495849609375e+01
4.570341110229492188e+01
5.343692398071289062e+01
2.684469604492187500e+02
6.961962890625000000e+01
5.801982116699218750e+01
6.221965408325195312e+01
3.781010055541992188e+01
4.918261337280273438e+01
8.875785827636718750e+01
4.912563323974609375e+01
5.268619918823242188e+01
4.891567611694335938e+01
5.174085998535156250e+01
9.903245544433593750e+01
8.218111419677734375e+01
4.808273315429687500e+01
9.043103790283203125e+01
3.881797409057617188e+01
5.075766754150390625e+01
5.899323654174804688e+01
9.124047851562500000e+01
