1.031355468750000000e+04
1.083368261718750000e+04
1.036253710937500000e+04
9.851264648437500000e+03
1.038250781250000000e+04
1.004315625000000000e+04
1.051436328125000000e+04
1.022109570312500000e+04
1.002611035156250000e+04
1.009270703125000000e+04
9.632033203125000000e+03
9.506233398437500000e+03
9.813020507812500000e+03
9.468061523437500000e+03
8.756303710937500000e+03
8.104293457031250000e+03
7.516744140625000000e+03
6.661025878906250000e+03
5.842101074218750000e+03
4.616998535156250000e+03
3.851171875000000000e+03
2.387730224609375000e+03
2.459401855468750000e+03
2.375017089843750000e+03
2.874776367187500000e+03
2.925276855468750000e+03
2.529306152343750000e+03
2.174046386718750000e+03
1.271370727539062500e+03
1.405567626953125000e+03
1.361345458984375000e+03
1.822096923828125000e+03
1.814062255859375000e+03
1.581754882812500000e+03
1.324256835937500000e+03
1.389795898437500000e+03
1.563950927734375000e+03
1.183029052734375000e+03
1.122199340820312500e+03
1.050109130859375000e+03
1.070237060546875000e+03
8.750638427734375000e+02
1.068583007812500000e+03
1.046900146484375000e+03
1.179131713867187500e+03
8.174288330078125000e+02
7.613767700195312500e+02
8.163021240234375000e+02
6.928011474609375000e+02
1.104310302734375000e+03
8.554400634765625000e+02
7.558917236328125000e+02
6.380687255859375000e+02
9.042655029296875000e+02
6.363628540039062500e+02
6.000950317382812500e+02
1.052363525390625000e+03
7.378145751953125000e+02
7.297163085937500000e+02
7.099284667968750000e+02
5.746647338867187500e+02
5.281662597656250000e+02
7.003677978515625000e+02
5.444233398437500000e+02
6.739654541015625000e+02
6.184629516601562500e+02
6.608364257812500000e+02
6.033299560546875000e+02
9.162109375000000000e+02
5.071019897460937500e+02
5.975642089843750000e+02
5.418613891601562500e+02
5.217409667968750000e+02
6.250421142578125000e+02
6.151030273437500000e+02
5.214945068359375000e+02
6.537265625000000000e+02
5.112896118164062500e+02
5.734552612304687500e+02
4.936251525878906250e+02
5.715191650390625000e+02
5.164168090820312500e+02
5.196641845703125000e+02
5.594675292968750000e+02
4.724748535156250000e+02
5.535975952148437500e+02
7.175653686523437500e+02
7.003382568359375000e+02
5.446906738281250000e+02
5.694244384765625000e+02
5.768676147460937500e+02
4.918438720703125000e+02
5.940308837890625000e+02
5.206599731445312500e+02
5.497894287109375000e+02
4.882493286132812500e+02
4.561666870117187500e+02
6.130880126953125000e+02
5.558774414062500000e+02
4.738489379882812500e+02
4.558884887695312500e+02
4.615579223632812500e+02
4.334610290527343750e+02
7.174239501953125000e+02
5.268798828125000000e+02
4.578611450195312500e+02
5.034505004882812500e+02
4.486927795410156250e+02
4.580045166015625000e+02
5.465370483398437500e+02
5.430964965820312500e+02
4.758244018554687500e+02
4.119608154296875000e+02
3.340015869140625000e+02
4.782680664062500000e+02
3.937182006835937500e+02
5.994661865234375000e+02
5.039436340332031250e+02
6.157703857421875000e+02
4.761442260742187500e+02
4.658801879882812500e+02
4.931939392089843750e+02
6.184218750000000000e+02
6.340686035156250000e+02
4.386695861816406250e+02
5.182556152343750000e+02
4.513105468750000000e+02
3.802138061523437500e+02
5.166244506835937500e+02
3.664789733886718750e+02
4.394938964843750000e+02
4.984761047363281250e+02
3.660051879882812500e+02
4.674971923828125000e+02
4.955571899414062500e+02
4.425184326171875000e+02
4.421896057128906250e+02
5.051427612304687500e+02
4.436310424804687500e+02
4.420968933105468750e+02
5.435292968750000000e+02
3.936986389160156250e+02
4.583946838378906250e+02
4.844119567871093750e+02
4.910976867675781250e+02
4.554237365722656250e+02
4.243637084960937500e+02
3.544263000488281250e+02
4.383632812500000000e+02
4.978529052734375000e+02
6.836026611328125000e+02
4.103876953125000000e+02
3.876829223632812500e+02
3.277761535644531250e+02
5.129755249023437500e+02
4.524097900390625000e+02
3.614186706542968750e+02
4.306253662109375000e+02
5.245803222656250000e+02
5.522701416015625000e+02
4.183203735351562500e+02
4.086364135742187500e+02
4.363572082519531250e+02
3.865671386718750000e+02
3.829359130859375000e+02
4.020566711425781250e+02
5.132098388671875000e+02
4.003574829101562500e+02
4.245424194335937500e+02
5.592782592773437500e+02
4.753150024414062500e+02
3.483501892089843750e+02
5.211577148437500000e+02
4.821144409179687500e+02
3.702873840332031250e+02
3.155164184570312500e+02
5.932622070312500000e+02
3.844991455078125000e+02
3.827579345703125000e+02
4.334481506347656250e+02
4.064374694824218750e+02
4.230301208496093750e+02
4.373433837890625000e+02
6.112268066406250000e+02
4.168764648437500000e+02
4.528408508300781250e+02
3.033136901855468750e+02
4.996562500000000000e+02
4.761183166503906250e+02
3.351983032226562500e+02
3.948645019531250000e+02
3.497206420898437500e+02
3.980175781250000000e+02
3.811391601562500000e+02
3.317033081054687500e+02
3.233913574218750000e+02
3.462412109375000000e+02
3.384811706542968750e+02
3.727049865722656250e+02
3.311643676757812500e+02
3.423248291015625000e+02
3.017434692382812500e+02
3.848981628417968750e+02
3.999099121093750000e+02
4.401404418945312500e+02
3.621136169433593750e+02
3.948698730468750000e+02
2.869458618164062500e+02
4.127531127929687500e+02
3.782249145507812500e+02
2.869564208984375000e+02
3.963538208007812500e+02
4.263381347656250000e+02
3.107248840332031250e+02
5.160080566406250000e+02
4.701220703125000000e+02
3.668655395507812500e+02
3.103046569824218750e+02
3.765209655761718750e+02
3.943532714843750000e+02
3.093235473632812500e+02
3.205095825195312500e+02
3.616479492187500000e+02
2.987013549804687500e+02
3.270816345214843750e+02
4.312702636718750000e+02
2.800827026367187500e+02
3.572239074707031250e+02
3.830462646484375000e+02
3.475080871582031250e+02
4.021527709960937500e+02
3.018972167968750000e+02
2.468776702880859375e+02
4.027349243164062500e+02
3.082854919433593750e+02
3.197581787109375000e+02
3.496027832031250000e+02
2.638720703125000000e+02
2.966561889648437500e+02
2.449627685546875000e+02
3.464636535644531250e+02
2.648261413574218750e+02
3.052554626464843750e+02
3.149478454589843750e+02
5.102333374023437500e+02
2.728059082031250000e+02
2.894281311035156250e+02
3.673197326660156250e+02
3.067807312011718750e+02
3.244796752929687500e+02
3.259216308593750000e+02
2.566365356445312500e+02
3.385049743652343750e+02
3.408092041015625000e+02
2.943140258789062500e+02
2.676523437500000000e+02
3.246458740234375000e+02
2.805892639160156250e+02
2.781778564453125000e+02
4.257711791992187500e+02
2.862910766601562500e+02
3.500939941406250000e+02
3.167548217773437500e+02
3.870667114257812500e+02
2.928585510253906250e+02
2.999142456054687500e+02
3.066846313476562500e+02
3.221704101562500000e+02
3.887258911132812500e+02
2.974458923339843750e+02
2.953799438476562500e+02
3.171500549316406250e+02
3.897851562500000000e+02
3.244395141601562500e+02
3.038440551757812500e+02
2.818431091308593750e+02
5.186325683593750000e+02
3.006750488281250000e+02
2.657466735839843750e+02
2.259341430664062500e+02
3.313655395507812500e+02
3.847647399902343750e+02
2.677306518554687500e+02
2.809934082031250000e+02
3.206098327636718750e+02
2.795283508300781250e+02
2.870292358398437500e+02
3.032991333007812500e+02
3.018761596679687500e+02
3.124920654296875000e+02
4.639209899902343750e+02
3.599585571289062500e+02
2.946257934570312500e+02
2.418021850585937500e+02
3.073707885742187500e+02
2.208147277832031250e+02
3.097383422851562500e+02
3.232211608886718750e+02
2.878053588867187500e+02
2.488428649902343750e+02
3.310260925292968750e+02
5.115368652343750000e+02
3.165550231933593750e+02
2.887745666503906250e+02
2.595510253906250000e+02
2.203584594726562500e+02
2.863583068847656250e+02
2.626534423828125000e+02
2.716250915527343750e+02
2.343456115722656250e+02
3.312982788085937500e+02
3.815519409179687500e+02
2.675573120117187500e+02
3.092537841796875000e+02
2.165467987060546875e+02
2.634396972656250000e+02
2.321429595947265625e+02
2.362888793945312500e+02
2.803280029296875000e+02
3.342742614746093750e+02
2.594367370605468750e+02
2.907332763671875000e+02
2.372566223144531250e+02
3.131622924804687500e+02
2.737767944335937500e+02
2.914098510742187500e+02
2.928971252441406250e+02
2.813630065917968750e+02
2.777077026367187500e+02
3.282351989746093750e+02
3.522721862792968750e+02
3.214388427734375000e+02
2.551705932617187500e+02
4.087080688476562500e+02
4.875891723632812500e+02
3.218870849609375000e+02
2.871699218750000000e+02
2.809849853515625000e+02
3.523459167480468750e+02
2.715356140136718750e+02
2.988253479003906250e+02
3.105355224609375000e+02
2.353757019042968750e+02
2.506112365722656250e+02
2.132756195068359375e+02
3.285260620117187500e+02
3.626467895507812500e+02
2.487533569335937500e+02
2.913687438964843750e+02
3.174592895507812500e+02
2.940398559570312500e+02
2.875429687500000000e+02
2.392340087890625000e+02
2.578896179199218750e+02
2.636783447265625000e+02
3.007045288085937500e+02
3.528419189453125000e+02
2.521701354980468750e+02
5.037740478515625000e+02
2.889962768554687500e+02
2.938717041015625000e+02
2.251736450195312500e+02
2.775034484863281250e+02
2.534267425537109375e+02
2.264219970703125000e+02
3.481701965332031250e+02
2.648095703125000000e+02
2.710283813476562500e+02
2.666622009277343750e+02
2.363462371826171875e+02
2.786386718750000000e+02
4.625220947265625000e+02
2.416857604980468750e+02
3.130775146484375000e+02
2.153877258300781250e+02
2.546555480957031250e+02
2.857196960449218750e+02
1.854262390136718750e+02
3.161562194824218750e+02
2.600843200683593750e+02
2.339389343261718750e+02
2.666612243652343750e+02
2.414287109375000000e+02
2.600981445312500000e+02
2.639980468750000000e+02
4.159472961425781250e+02
2.753619689941406250e+02
2.497222595214843750e+02
2.799989624023437500e+02
2.299026031494140625e+02
2.612751464843750000e+02
2.597689208984375000e+02
2.895139770507812500e+02
2.872604675292968750e+02
2.413002624511718750e+02
2.902271728515625000e+02
1.903271942138671875e+02
2.357185058593750000e+02
2.238688964843750000e+02
2.582236938476562500e+02
4.502994995117187500e+02
2.756368408203125000e+02
2.016323089599609375e+02
2.430936889648437500e+02
2.233499145507812500e+02
2.863141479492187500e+02
2.200906677246093750e+02
2.600911865234375000e+02
1.910617065429687500e+02
2.639125976562500000e+02
2.583984985351562500e+02
2.918511962890625000e+02
2.413543701171875000e+02
3.161544494628906250e+02
2.821815795898437500e+02
2.702107543945312500e+02
2.677161865234375000e+02
2.651075439453125000e+02
2.600383605957031250e+02
2.099904022216796875e+02
2.133026733398437500e+02
2.363174438476562500e+02
2.375238037109375000e+02
2.212564239501953125e+02
1.878882751464843750e+02
4.568308715820312500e+02
1.746611328125000000e+02
3.134751281738281250e+02
3.655435791015625000e+02
2.108563995361328125e+02
2.479489288330078125e+02
2.279070281982421875e+02
2.692265014648437500e+02
2.381220703125000000e+02
2.536370697021484375e+02
3.450451965332031250e+02
2.579277343750000000e+02
2.408862304687500000e+02
2.343268890380859375e+02
2.598251647949218750e+02
2.008987426757812500e+02
2.543506927490234375e+02
1.894356384277343750e+02
4.083572387695312500e+02
2.975989379882812500e+02
2.707840576171875000e+02
2.088680267333984375e+02
2.394315490722656250e+02
2.210830078125000000e+02
2.059995727539062500e+02
2.825469360351562500e+02
2.319109649658203125e+02
2.595293884277343750e+02
3.211569824218750000e+02
1.965174560546875000e+02
2.675280151367187500e+02
2.215442199707031250e+02
2.171366882324218750e+02
2.533171234130859375e+02
2.427961578369140625e+02
2.924165649414062500e+02
2.173174438476562500e+02
2.435621948242187500e+02
1.728588104248046875e+02
2.267129211425781250e+02
2.605809631347656250e+02
2.667001037597656250e+02
2.286887207031250000e+02
1.854558410644531250e+02
2.484713134765625000e+02
2.522514038085937500e+02
1.914555206298828125e+02
2.119907836914062500e+02
1.902673950195312500e+02
2.258917846679687500e+02
2.544773101806640625e+02
2.291991882324218750e+02
2.226678924560546875e+02
2.186715698242187500e+02
2.366198730468750000e+02
1.946006469726562500e+02
2.029364929199218750e+02
2.954900817871093750e+02
2.723634338378906250e+02
2.116235656738281250e+02
2.345342559814453125e+02
2.667550964355468750e+02
3.954666137695312500e+02
2.545763854980468750e+02
2.523278808593750000e+02
2.737314758300781250e+02
1.800837707519531250e+02
2.252676086425781250e+02
1.750147094726562500e+02
2.153371429443359375e+02
1.960001220703125000e+02
2.129462432861328125e+02
2.105293884277343750e+02
1.912349853515625000e+02
1.930908508300781250e+02
3.128292846679687500e+02
1.634319763183593750e+02
1.835957183837890625e+02
2.674232788085937500e+02
2.063991851806640625e+02
1.709200744628906250e+02
1.793608703613281250e+02
2.111248626708984375e+02
2.235812072753906250e+02
2.804562377929687500e+02
2.275723571777343750e+02
4.603263244628906250e+02
2.203217010498046875e+02
2.376922149658203125e+02
1.861808471679687500e+02
2.061526794433593750e+02
2.127593078613281250e+02
1.853476562500000000e+02
2.064948120117187500e+02
2.862325439453125000e+02
1.786964569091796875e+02
1.979126434326171875e+02
1.907541198730468750e+02
1.906421813964843750e+02
2.263941040039062500e+02
2.336094665527343750e+02
2.193550415039062500e+02
1.937502288818359375e+02
1.856690063476562500e+02
2.223553771972656250e+02
1.883346252441406250e+02
2.459174804687500000e+02
1.966676025390625000e+02
2.237711181640625000e+02
1.990318908691406250e+02
1.897210083007812500e+02
2.245371551513671875e+02
2.185277099609375000e+02
1.797087402343750000e+02
2.612552490234375000e+02
2.118346862792968750e+02
4.211203613281250000e+02
2.523999328613281250e+02
2.086352233886718750e+02
2.785430603027343750e+02
1.833954620361328125e+02
1.778026123046875000e+02
1.795520019531250000e+02
1.916200408935546875e+02
2.266501617431640625e+02
2.010536193847656250e+02
1.814072875976562500e+02
1.791584472656250000e+02
1.808486022949218750e+02
2.258511199951171875e+02
4.298184509277343750e+02
1.977019653320312500e+02
2.159257354736328125e+02
2.198719635009765625e+02
2.074577789306640625e+02
1.861065979003906250e+02
2.095949401855468750e+02
2.206835784912109375e+02
1.757744598388671875e+02
2.114440612792968750e+02
2.553595581054687500e+02
2.292728576660156250e+02
1.951687011718750000e+02
2.214805755615234375e+02
1.773006591796875000e+02
1.888119506835937500e+02
1.948290557861328125e+02
2.295568847656250000e+02
2.707966003417968750e+02
4.257846069335937500e+02
1.793518981933593750e+02
2.246199645996093750e+02
2.246418151855468750e+02
2.216281433105468750e+02
1.909214477539062500e+02
1.881385345458984375e+02
1.777687683105468750e+02
2.215183715820312500e+02
2.375053558349609375e+02
2.306947021484375000e+02
2.224118041992187500e+02
1.854310302734375000e+02
2.278875732421875000e+02
1.641426391601562500e+02
1.789614257812500000e+02
1.818775634765625000e+02
2.077181091308593750e+02
1.956145629882812500e+02
2.142223663330078125e+02
1.954849548339843750e+02
1.767258911132812500e+02
1.843044738769531250e+02
1.840368041992187500e+02
1.877199096679687500e+02
1.802124938964843750e+02
2.356422729492187500e+02
1.832110900878906250e+02
1.526421051025390625e+02
2.588553466796875000e+02
2.179056396484375000e+02
1.797753448486328125e+02
1.564263000488281250e+02
3.761661376953125000e+02
1.751257934570312500e+02
1.834942626953125000e+02
1.759063262939453125e+02
1.973649597167968750e+02
1.737614135742187500e+02
1.860028381347656250e+02
2.112713012695312500e+02
1.741402282714843750e+02
1.712686767578125000e+02
2.073118286132812500e+02
2.135224761962890625e+02
1.959541625976562500e+02
2.157304687500000000e+02
2.351150360107421875e+02
1.440170440673828125e+02
2.243316650390625000e+02
1.997927856445312500e+02
1.615084381103515625e+02
1.694332275390625000e+02
2.998083496093750000e+02
1.621671905517578125e+02
2.091524963378906250e+02
1.784061279296875000e+02
1.894525451660156250e+02
1.707890319824218750e+02
1.618832092285156250e+02
2.067062377929687500e+02
1.607100067138671875e+02
1.812857666015625000e+02
1.481811218261718750e+02
2.185384826660156250e+02
1.807096557617187500e+02
2.734533691406250000e+02
1.462437744140625000e+02
1.749967803955078125e+02
1.911789550781250000e+02
3.812551269531250000e+02
1.934781036376953125e+02
1.849066467285156250e+02
1.893877258300781250e+02
1.774545135498046875e+02
2.101532135009765625e+02
1.598238372802734375e+02
1.731169128417968750e+02
1.470753631591796875e+02
1.877153625488281250e+02
1.988280639648437500e+02
1.826464385986328125e+02
1.654902343750000000e+02
2.360469970703125000e+02
1.938481140136718750e+02
1.255238952636718750e+02
2.595395507812500000e+02
2.265534667968750000e+02
1.570708618164062500e+02
1.780603332519531250e+02
1.918096618652343750e+02
1.555413208007812500e+02
3.919426879882812500e+02
2.010578308105468750e+02
1.715748596191406250e+02
1.649321441650390625e+02
1.789736022949218750e+02
1.973165283203125000e+02
1.754961242675781250e+02
1.841486816406250000e+02
1.663260192871093750e+02
1.457472839355468750e+02
1.663610229492187500e+02
1.770543823242187500e+02
1.922754516601562500e+02
1.236788177490234375e+02
4.161903076171875000e+02
1.936814880371093750e+02
1.799148559570312500e+02
1.699092712402343750e+02
1.320799865722656250e+02
1.532322998046875000e+02
2.033720397949218750e+02
1.665824737548828125e+02
1.567154235839843750e+02
2.120143585205078125e+02
1.694671478271484375e+02
1.762339324951171875e+02
1.450346069335937500e+02
2.027689208984375000e+02
1.746439361572265625e+02
1.592944335937500000e+02
1.413857421875000000e+02
1.634238586425781250e+02
1.738382873535156250e+02
1.905676574707031250e+02
1.583659057617187500e+02
1.776241607666015625e+02
1.717826385498046875e+02
1.816853027343750000e+02
1.439307861328125000e+02
1.324508666992187500e+02
1.873961486816406250e+02
1.720690460205078125e+02
1.985845947265625000e+02
1.204456253051757812e+02
1.621408081054687500e+02
1.786025390625000000e+02
1.946582336425781250e+02
1.484760742187500000e+02
1.643843078613281250e+02
1.742873840332031250e+02
1.447631988525390625e+02
1.311140899658203125e+02
1.236975860595703125e+02
1.773903198242187500e+02
1.346894378662109375e+02
1.797665710449218750e+02
3.649904479980468750e+02
1.296670837402343750e+02
1.510392761230468750e+02
1.797729034423828125e+02
1.573739166259765625e+02
1.577645721435546875e+02
1.307619628906250000e+02
1.374410705566406250e+02
1.606573486328125000e+02
1.710546264648437500e+02
1.820928039550781250e+02
1.623602142333984375e+02
1.488263549804687500e+02
1.811779479980468750e+02
1.706794128417968750e+02
1.843484802246093750e+02
4.100031738281250000e+02
1.340083312988281250e+02
1.922169189453125000e+02
1.735530242919921875e+02
1.263417663574218750e+02
1.493368835449218750e+02
1.613220520019531250e+02
1.314075927734375000e+02
1.102781448364257812e+02
1.652789611816406250e+02
1.658988647460937500e+02
1.682995910644531250e+02
1.278427810668945312e+02
1.778789062500000000e+02
1.138817901611328125e+02
1.458132934570312500e+02
1.480582885742187500e+02
1.701177062988281250e+02
1.298459472656250000e+02
1.960651702880859375e+02
1.223579635620117188e+02
1.581593627929687500e+02
1.581004943847656250e+02
1.221373672485351562e+02
1.247596130371093750e+02
1.286288146972656250e+02
1.578345336914062500e+02
1.302518310546875000e+02
1.363649902343750000e+02
1.522335662841796875e+02
1.217476196289062500e+02
1.274505691528320312e+02
2.012299804687500000e+02
1.657630462646484375e+02
3.900249328613281250e+02
1.993224487304687500e+02
1.431652221679687500e+02
1.245147781372070312e+02
1.459953765869140625e+02
1.682353515625000000e+02
1.394727478027343750e+02
1.454106445312500000e+02
1.363476715087890625e+02
1.356735382080078125e+02
1.576683349609375000e+02
1.670510559082031250e+02
1.491309204101562500e+02
1.479097900390625000e+02
1.353507843017578125e+02
3.601630554199218750e+02
1.338544769287109375e+02
1.243973083496093750e+02
1.440729980468750000e+02
1.732209472656250000e+02
2.017212219238281250e+02
1.384942932128906250e+02
1.304369049072265625e+02
1.260749053955078125e+02
2.022783813476562500e+02
1.329266967773437500e+02
1.412501678466796875e+02
1.296152496337890625e+02
1.323362884521484375e+02
1.477845458984375000e+02
1.272040100097656250e+02
1.337626953125000000e+02
1.491751251220703125e+02
1.534652099609375000e+02
1.155041275024414062e+02
1.621025085449218750e+02
1.414689331054687500e+02
1.300760498046875000e+02
1.332452850341796875e+02
1.281236724853515625e+02
1.187986297607421875e+02
1.450310058593750000e+02
1.455171203613281250e+02
9.200305175781250000e+01
1.717384033203125000e+02
1.233787994384765625e+02
1.567361297607421875e+02
1.683716278076171875e+02
3.406850280761718750e+02
2.623673095703125000e+02
1.813125915527343750e+02
1.471882019042968750e+02
1.190226593017578125e+02
1.384503479003906250e+02
1.819552001953125000e+02
1.794615173339843750e+02
1.283003540039062500e+02
1.437631683349609375e+02
1.401500701904296875e+02
1.463797912597656250e+02
1.348186950683593750e+02
1.711587524414062500e+02
1.599006347656250000e+02
1.312446899414062500e+02
1.599603271484375000e+02
1.374934692382812500e+02
1.248342895507812500e+02
1.434466247558593750e+02
1.285722351074218750e+02
1.331854553222656250e+02
1.564411010742187500e+02
1.203582839965820312e+02
1.192707138061523438e+02
1.176746597290039062e+02
1.177962951660156250e+02
1.175025024414062500e+02
1.925668945312500000e+02
1.194269790649414062e+02
1.218668518066406250e+02
3.524215087890625000e+02
1.549772033691406250e+02
1.097411956787109375e+02
1.694947509765625000e+02
1.035657806396484375e+02
1.620653991699218750e+02
1.096328887939453125e+02
1.238752441406250000e+02
1.377279663085937500e+02
1.510881042480468750e+02
1.183893280029296875e+02
1.107032394409179688e+02
1.205442581176757812e+02
1.198029327392578125e+02
1.203652496337890625e+02
1.368884277343750000e+02
1.714197387695312500e+02
1.427864837646484375e+02
9.416845703125000000e+01
1.419230499267578125e+02
1.099637832641601562e+02
1.089310760498046875e+02
1.450016937255859375e+02
1.323096771240234375e+02
1.218506011962890625e+02
1.361552429199218750e+02
3.266525268554687500e+02
1.355372619628906250e+02
1.165496520996093750e+02
1.771115875244140625e+02
1.291381835937500000e+02
8.781692504882812500e+01
1.075362854003906250e+02
1.463270263671875000e+02
1.091609802246093750e+02
1.154919433593750000e+02
1.308242950439453125e+02
1.110177001953125000e+02
1.248371429443359375e+02
1.391737060546875000e+02
1.363008117675781250e+02
8.644213104248046875e+01
1.064777069091796875e+02
1.395211181640625000e+02
9.111627197265625000e+01
1.010495300292968750e+02
7.798510742187500000e+01
1.178221359252929688e+02
9.711677551269531250e+01
1.393908843994140625e+02
1.350133972167968750e+02
1.179356765747070312e+02
1.332107391357421875e+02
3.127339172363281250e+02
1.056478958129882812e+02
1.275851898193359375e+02
1.056503372192382812e+02
9.197222900390625000e+01
1.234892578125000000e+02
1.073621978759765625e+02
3.214593505859375000e+02
1.643447723388671875e+02
1.352274780273437500e+02
1.052215118408203125e+02
8.667575073242187500e+01
1.528394927978515625e+02
1.081370086669921875e+02
1.388751220703125000e+02
1.580902099609375000e+02
1.039799346923828125e+02
9.377416992187500000e+01
1.085087585449218750e+02
1.102770843505859375e+02
1.034226226806640625e+02
1.055520935058593750e+02
8.939095306396484375e+01
1.084447479248046875e+02
1.542145385742187500e+02
1.136724395751953125e+02
1.238262863159179688e+02
1.162602691650390625e+02
9.904100799560546875e+01
1.161939392089843750e+02
1.264842529296875000e+02
1.276354675292968750e+02
1.423224792480468750e+02
1.252800674438476562e+02
9.408147430419921875e+01
1.343922729492187500e+02
9.868865966796875000e+01
9.994738006591796875e+01
3.363292236328125000e+02
1.245342864990234375e+02
1.046881103515625000e+02
1.113089065551757812e+02
1.187193603515625000e+02
1.664938354492187500e+02
1.140002136230468750e+02
1.094984130859375000e+02
1.040569610595703125e+02
1.093120727539062500e+02
1.118263397216796875e+02
1.054246368408203125e+02
1.083780975341796875e+02
1.109675598144531250e+02
9.685988616943359375e+01
9.019792938232421875e+01
8.763639831542968750e+01
1.074968032836914062e+02
1.007195587158203125e+02
1.204273223876953125e+02
1.204111480712890625e+02
6.388964462280273438e+01
1.008613891601562500e+02
1.554215698242187500e+02
8.719794464111328125e+01
1.212991333007812500e+02
1.304883117675781250e+02
2.924628906250000000e+02
1.241451873779296875e+02
1.042168579101562500e+02
1.062889251708984375e+02
9.114393615722656250e+01
1.007650451660156250e+02
1.005335006713867188e+02
9.918319702148437500e+01
1.537429351806640625e+02
9.455068969726562500e+01
1.004467315673828125e+02
1.448007507324218750e+02
1.079381561279296875e+02
1.199037170410156250e+02
1.256443328857421875e+02
9.843177795410156250e+01
8.972507476806640625e+01
1.596557922363281250e+02
1.096443939208984375e+02
1.069376525878906250e+02
1.240760040283203125e+02
9.555764007568359375e+01
9.054895019531250000e+01
9.334624481201171875e+01
1.051437683105468750e+02
1.068631896972656250e+02
1.089549255371093750e+02
8.701521301269531250e+01
9.007302856445312500e+01
1.251614837646484375e+02
8.799426269531250000e+01
1.047430114746093750e+02
9.238674163818359375e+01
1.108131408691406250e+02
1.086023254394531250e+02
8.449549102783203125e+01
8.844048309326171875e+01
3.193654174804687500e+02
1.153178176879882812e+02
1.055795898437500000e+02
9.347639465332031250e+01
9.416487884521484375e+01
1.204802398681640625e+02
9.793418884277343750e+01
8.631469726562500000e+01
9.776448059082031250e+01
7.736592102050781250e+01
7.230851745605468750e+01
1.038856430053710938e+02
1.002319183349609375e+02
9.122450256347656250e+01
7.728262329101562500e+01
9.711376190185546875e+01
1.450242004394531250e+02
1.012713012695312500e+02
1.097095336914062500e+02
1.096680145263671875e+02
7.269976043701171875e+01
7.199430847167968750e+01
3.037106323242187500e+02
1.015023193359375000e+02
1.142416076660156250e+02
1.294480895996093750e+02
8.343431091308593750e+01
8.949492645263671875e+01
8.652646636962890625e+01
1.063162689208984375e+02
1.072008895874023438e+02
1.141541595458984375e+02
1.069356079101562500e+02
1.298918762207031250e+02
5.997770309448242188e+01
6.500590515136718750e+01
2.860952453613281250e+02
8.798692321777343750e+01
8.664273071289062500e+01
8.425683593750000000e+01
9.445227813720703125e+01
1.041125488281250000e+02
1.031622467041015625e+02
1.184476776123046875e+02
9.086851501464843750e+01
1.063384628295898438e+02
1.463137359619140625e+02
9.510169982910156250e+01
1.173574066162109375e+02
9.521440124511718750e+01
9.192429351806640625e+01
1.099142837524414062e+02
7.337837982177734375e+01
7.185752105712890625e+01
7.547116851806640625e+01
9.713666534423828125e+01
9.137976837158203125e+01
8.291482543945312500e+01
1.073219833374023438e+02
6.053711318969726562e+01
6.641244506835937500e+01
8.162896728515625000e+01
1.156948089599609375e+02
7.374559020996093750e+01
9.088574218750000000e+01
8.604809570312500000e+01
8.200241088867187500e+01
1.103885040283203125e+02
1.094854736328125000e+02
8.122836303710937500e+01
7.056341552734375000e+01
7.495590209960937500e+01
3.428274536132812500e+02
9.042791748046875000e+01
1.234817199707031250e+02
9.285552978515625000e+01
8.652155303955078125e+01
1.305558624267578125e+02
7.865447998046875000e+01
8.968881225585937500e+01
1.585659484863281250e+02
1.431777038574218750e+02
8.503290557861328125e+01
9.976485443115234375e+01
1.115673980712890625e+02
8.665494537353515625e+01
1.073660659790039062e+02
9.078820800781250000e+01
8.097890472412109375e+01
1.005622482299804688e+02
3.130984802246093750e+02
1.074469604492187500e+02
1.400903625488281250e+02
9.603152465820312500e+01
1.355227813720703125e+02
1.163146667480468750e+02
1.458050994873046875e+02
9.253778839111328125e+01
9.971620941162109375e+01
8.889186859130859375e+01
7.724919128417968750e+01
6.941992187500000000e+01
9.400577545166015625e+01
8.312245178222656250e+01
1.069757232666015625e+02
1.111532058715820312e+02
7.055381774902343750e+01
8.315354919433593750e+01
1.010374298095703125e+02
8.514154815673828125e+01
9.134907531738281250e+01
1.032780838012695312e+02
6.833006286621093750e+01
8.829493713378906250e+01
7.176363372802734375e+01
7.599308776855468750e+01
1.048181152343750000e+02
6.337504577636718750e+01
8.662037658691406250e+01
9.007850646972656250e+01
9.246967315673828125e+01
9.033743286132812500e+01
9.037524414062500000e+01
7.472504425048828125e+01
1.041976318359375000e+02
9.081272125244140625e+01
8.770686340332031250e+01
1.060118713378906250e+02
1.159816360473632812e+02
1.066542053222656250e+02
1.036924819946289062e+02
7.901454162597656250e+01
7.902411651611328125e+01
1.002351837158203125e+02
9.765642547607421875e+01
6.238621139526367188e+01
2.988375244140625000e+02
6.961624145507812500e+01
9.660503387451171875e+01
1.284485931396484375e+02
8.533752441406250000e+01
1.474836273193359375e+02
1.049660339355468750e+02
6.141015625000000000e+01
7.631826019287109375e+01
6.459809112548828125e+01
9.622850036621093750e+01
7.365313720703125000e+01
9.439570617675781250e+01
7.403789520263671875e+01
8.947009277343750000e+01
7.855425262451171875e+01
1.165918884277343750e+02
9.052569580078125000e+01
7.295967864990234375e+01
1.024397125244140625e+02
1.011235504150390625e+02
8.248980712890625000e+01
2.749469299316406250e+02
6.437421417236328125e+01
8.453858947753906250e+01
1.048161697387695312e+02
9.334923553466796875e+01
9.717457580566406250e+01
9.075790405273437500e+01
9.309383392333984375e+01
2.561718139648437500e+02
8.064884185791015625e+01
7.420645141601562500e+01
9.737336730957031250e+01
8.385981750488281250e+01
1.201155700683593750e+02
7.727804565429687500e+01
1.000053634643554688e+02
6.973165893554687500e+01
7.742282867431640625e+01
9.532570648193359375e+01
8.128320312500000000e+01
1.006303405761718750e+02
9.613239288330078125e+01
7.360992431640625000e+01
1.209922943115234375e+02
7.815919494628906250e+01
8.290012359619140625e+01
8.823843383789062500e+01
8.364063262939453125e+01
7.879025268554687500e+01
8.751884460449218750e+01
6.909779357910156250e+01
7.049803924560546875e+01
6.305608367919921875e+01
1.188145599365234375e+02
2.793981628417968750e+02
8.152055358886718750e+01
1.062984161376953125e+02
8.657944488525390625e+01
7.889228820800781250e+01
6.942499542236328125e+01
6.351830291748046875e+01
5.869242095947265625e+01
8.371495056152343750e+01
8.341436767578125000e+01
6.123751068115234375e+01
1.256726150512695312e+02
1.114638519287109375e+02
8.684046173095703125e+01
6.618722534179687500e+01
7.345472717285156250e+01
9.429448699951171875e+01
6.684233093261718750e+01
8.947504425048828125e+01
6.069839096069335938e+01
7.547357940673828125e+01
7.184312438964843750e+01
8.937905120849609375e+01
5.476844787597656250e+01
6.919705200195312500e+01
8.392425537109375000e+01
7.963163757324218750e+01
5.234713745117187500e+01
6.592008972167968750e+01
8.902654266357421875e+01
5.683865737915039062e+01
9.237677001953125000e+01
8.242060852050781250e+01
2.695229797363281250e+02
7.904699707031250000e+01
1.114865036010742188e+02
7.828804016113281250e+01
8.040039825439453125e+01
8.158961486816406250e+01
8.496794128417968750e+01
8.157216644287109375e+01
1.023359451293945312e+02
7.908518981933593750e+01
9.677484130859375000e+01
7.757736968994140625e+01
6.014027786254882812e+01
6.653325653076171875e+01
7.159594726562500000e+01
6.744708251953125000e+01
8.103823089599609375e+01
8.391506958007812500e+01
8.155644226074218750e+01
7.802844238281250000e+01
8.186277770996093750e+01
7.011627197265625000e+01
8.814402770996093750e+01
7.489557647705078125e+01
1.048180084228515625e+02
8.651069641113281250e+01
5.976520538330078125e+01
5.305383300781250000e+01
5.143814849853515625e+01
6.146605682373046875e+01
2.689172668457031250e+02
9.033183288574218750e+01
8.794639587402343750e+01
1.035617370605468750e+02
7.703294372558593750e+01
1.135098876953125000e+02
5.478687667846679688e+01
8.955605316162109375e+01
9.018811035156250000e+01
9.927059936523437500e+01
1.074495849609375000e+02
8.953464508056640625e+01
9.515787506103515625e+01
7.665007781982421875e+01
1.153740081787109375e+02
7.083305358886718750e+01
6.722972106933593750e+01
7.457601928710937500e+01
7.306761932373046875e+01
8.359117126464843750e+01
9.744346618652343750e+01
7.087998199462890625e+01
9.092008972167968750e+01
6.189676666259765625e+01
8.198371887207031250e+01
5.918175125122070312e+01
7.321760559082031250e+01
8.432254791259765625e+01
4.614831924438476562e+01
8.209056091308593750e+01
6.745867919921875000e+01
2.983280639648437500e+02
9.323976898193359375e+01
1.105457611083984375e+02
6.300972747802734375e+01
9.201398468017578125e+01
1.069708557128906250e+02
7.490714263916015625e+01
8.239434814453125000e+01
7.937435913085937500e+01
1.149194488525390625e+02
2.582936401367187500e+02
8.818488311767578125e+01
6.801134490966796875e+01
6.371424484252929688e+01
7.225027465820312500e+01
9.336912536621093750e+01
9.848549652099609375e+01
6.537220001220703125e+01
8.038048553466796875e+01
7.647751617431640625e+01
7.074434661865234375e+01
9.441503906250000000e+01
6.413206481933593750e+01
9.493265533447265625e+01
8.273875427246093750e+01
1.004364089965820312e+02
9.666990661621093750e+01
6.872100830078125000e+01
6.894734191894531250e+01
6.778482818603515625e+01
7.904700469970703125e+01
7.195153045654296875e+01
9.446906280517578125e+01
9.047640991210937500e+01
6.825749969482421875e+01
6.404576873779296875e+01
6.364965057373046875e+01
7.159838104248046875e+01
1.002400054931640625e+02
7.379927825927734375e+01
6.728324890136718750e+01
7.022466278076171875e+01
7.643369293212890625e+01
5.369981384277343750e+01
6.871373748779296875e+01
5.657880401611328125e+01
5.938906097412109375e+01
5.668709564208984375e+01
6.250167083740234375e+01
6.117434310913085938e+01
7.246889495849609375e+01
2.950465698242187500e+02
9.523793792724609375e+01
9.309808349609375000e+01
8.771487426757812500e+01
1.182397766113281250e+02
6.619812774658203125e+01
1.604195251464843750e+02
8.498256683349609375e+01
9.009487915039062500e+01
6.546129608154296875e+01
7.558483123779296875e+01
7.470982360839843750e+01
7.774777221679687500e+01
6.945140075683593750e+01
5.882881927490234375e+01
7.942465972900390625e+01
7.399465179443359375e+01
6.159239196777343750e+01
7.260802459716796875e+01
6.242262649536132812e+01
8.114929962158203125e+01
6.554672241210937500e+01
7.112839508056640625e+01
7.015305328369140625e+01
6.135388946533203125e+01
8.682247924804687500e+01
1.036082077026367188e+02
1.327224426269531250e+02
9.072850036621093750e+01
6.933200836181640625e+01
6.981175231933593750e+01
7.673774719238281250e+01
4.658988571166992188e+01
2.864798889160156250e+02
7.043978118896484375e+01
5.123898315429687500e+01
6.161193466186523438e+01
3.040898132324218750e+02
6.325990295410156250e+01
7.333214569091796875e+01
7.150849914550781250e+01
7.453782653808593750e+01
3.945008087158203125e+01
9.291843414306640625e+01
7.899831390380859375e+01
7.551455688476562500e+01
7.774275207519531250e+01
5.936902618408203125e+01
7.963381195068359375e+01
7.809720611572265625e+01
8.321760559082031250e+01
1.116860351562500000e+02
8.183682250976562500e+01
6.523276519775390625e+01
7.541544342041015625e+01
1.102136535644531250e+02
7.422259521484375000e+01
1.174104003906250000e+02
7.095959472656250000e+01
8.821694183349609375e+01
9.343499755859375000e+01
7.215762329101562500e+01
6.484046936035156250e+01
5.924797058105468750e+01
8.070725250244140625e+01
1.168541717529296875e+02
5.247824478149414062e+01
4.977076339721679688e+01
9.384166717529296875e+01
8.797173309326171875e+01
5.689938354492187500e+01
5.977627563476562500e+01
8.866751861572265625e+01
2.835222473144531250e+02
9.540571594238281250e+01
7.086455535888671875e+01
8.319422912597656250e+01
7.829515075683593750e+01
8.234877014160156250e+01
6.884463500976562500e+01
8.291836547851562500e+01
9.953361511230468750e+01
6.029376220703125000e+01
1.031663055419921875e+02
7.755287933349609375e+01
1.170453948974609375e+02
9.412733459472656250e+01
5.275324249267578125e+01
8.380722045898437500e+01
9.657565307617187500e+01
6.171659851074218750e+01
7.636314392089843750e+01
9.081263732910156250e+01
7.980802154541015625e+01
9.438131713867187500e+01
9.458585357666015625e+01
8.453524780273437500e+01
6.632345581054687500e+01
7.160086822509765625e+01
1.058776473999023438e+02
9.465381622314453125e+01
7.846966552734375000e+01
2.569892883300781250e+02
6.594637298583984375e+01
9.279049682617187500e+01
7.638037872314453125e+01
9.200547790527343750e+01
6.922743225097656250e+01
6.179042816162109375e+01
7.997596740722656250e+01
7.910316467285156250e+01
7.925194549560546875e+01
6.227144622802734375e+01
6.988525390625000000e+01
7.241873931884765625e+01
2.488779754638671875e+02
8.675080871582031250e+01
6.551683044433593750e+01
7.574559783935546875e+01
5.297743225097656250e+01
6.868510437011718750e+01
7.963780975341796875e+01
8.652611541748046875e+01
8.221731567382812500e+01
8.417162322998046875e+01
6.593614959716796875e+01
8.534970092773437500e+01
6.068687438964843750e+01
5.332678222656250000e+01
9.624629974365234375e+01
7.351403808593750000e+01
7.349726867675781250e+01
5.793736648559570312e+01
6.100102233886718750e+01
9.902751922607421875e+01
8.173194885253906250e+01
9.096931457519531250e+01
1.076696090698242188e+02
5.892686462402343750e+01
7.014482116699218750e+01
1.260730056762695312e+02
8.166688537597656250e+01
6.878143310546875000e+01
7.489298248291015625e+01
7.312276458740234375e+01
7.614355468750000000e+01
6.294122314453125000e+01
5.494861602783203125e+01
6.796789550781250000e+01
8.610557556152343750e+01
6.192852401733398438e+01
7.374811553955078125e+01
5.738491058349609375e+01
8.319479370117187500e+01
6.140238952636718750e+01
1.037117843627929688e+02
8.592705535888671875e+01
6.314221191406250000e+01
2.679591369628906250e+02
6.134197998046875000e+01
8.045034790039062500e+01
1.419064636230468750e+02
7.270684814453125000e+01
9.551850128173828125e+01
7.613529968261718750e+01
5.915467834472656250e+01
7.136444854736328125e+01
1.116549758911132812e+02
5.486096191406250000e+01
7.591610717773437500e+01
6.736803436279296875e+01
7.395120239257812500e+01
6.175506973266601562e+01
6.650279998779296875e+01
7.885023498535156250e+01
6.247876739501953125e+01
9.195252990722656250e+01
1.060014495849609375e+02
6.409657287597656250e+01
7.687062835693359375e+01
6.411382293701171875e+01
8.522041320800781250e+01
5.796793365478515625e+01
6.786196899414062500e+01
6.635803985595703125e+01
8.377065277099609375e+01
6.795951843261718750e+01
4.646939468383789062e+01
9.927178955078125000e+01
7.510475158691406250e+01
2.884393920898437500e+02
5.972394180297851562e+01
4.580121612548828125e+01
8.136504364013671875e+01
6.378620147705078125e+01
5.555577468872070312e+01
7.276084899902343750e+01
8.836798858642578125e+01
5.694276428222656250e+01
6.561782073974609375e+01
5.367355346679687500e+01
6.475046539306640625e+01
9.453180694580078125e+01
8.399919128417968750e+01
1.021614074707031250e+02
9.615733337402343750e+01
5.904164886474609375e+01
7.353430175781250000e+01
8.516025543212890625e+01
7.349099731445312500e+01
7.256098937988281250e+01
6.494937133789062500e+01
8.490294647216796875e+01
6.193795013427734375e+01
6.555435180664062500e+01
9.000047302246093750e+01
2.896406555175781250e+02
8.509440612792968750e+01
7.305308532714843750e+01
6.322072982788085938e+01
7.004975891113281250e+01
7.180752563476562500e+01
6.411674499511718750e+01
6.852166748046875000e+01
5.673040390014648438e+01
8.189947509765625000e+01
7.351533508300781250e+01
6.608221435546875000e+01
5.896547317504882812e+01
8.409799194335937500e+01
2.448474121093750000e+02
6.893174743652343750e+01
7.404145050048828125e+01
5.751673126220703125e+01
9.621913909912109375e+01
9.054084777832031250e+01
9.901203918457031250e+01
7.602824401855468750e+01
9.085479736328125000e+01
1.192064971923828125e+02
8.708293914794921875e+01
6.031792831420898438e+01
8.843943023681640625e+01
5.096610641479492188e+01
4.221969604492187500e+01
5.660919952392578125e+01
1.140088043212890625e+02
6.198120498657226562e+01
5.657590103149414062e+01
2.736618957519531250e+02
5.254169845581054688e+01
7.314009094238281250e+01
9.554151153564453125e+01
7.505990600585937500e+01
9.422789001464843750e+01
6.742028808593750000e+01
5.327679824829101562e+01
7.509262084960937500e+01
8.125445556640625000e+01
8.466979980468750000e+01
7.343154144287109375e+01
1.031992263793945312e+02
6.996989440917968750e+01
8.042576599121093750e+01
7.760628509521484375e+01
7.684351348876953125e+01
7.741513061523437500e+01
6.853170776367187500e+01
8.500633239746093750e+01
7.142108154296875000e+01
7.994570922851562500e+01
5.873674392700195312e+01
7.756888580322265625e+01
6.626615905761718750e+01
1.024050292968750000e+02
7.962145996093750000e+01
7.573822784423828125e+01
6.390023040771484375e+01
6.266481018066406250e+01
7.322811889648437500e+01
6.734725952148437500e+01
7.190385437011718750e+01
8.119351959228515625e+01
6.829428863525390625e+01
7.224484252929687500e+01
6.492266082763671875e+01
6.505975341796875000e+01
3.065471191406250000e+02
6.142166900634765625e+01
7.186975097656250000e+01
6.677609252929687500e+01
6.456673431396484375e+01
7.430346679687500000e+01
8.660209655761718750e+01
9.994412231445312500e+01
9.835852050781250000e+01
6.282772445678710938e+01
8.238918304443359375e+01
9.720111846923828125e+01
5.350342559814453125e+01
5.111686706542968750e+01
7.408972167968750000e+01
7.571575164794921875e+01
6.452720642089843750e+01
7.794951629638671875e+01
1.308457031250000000e+02
5.609123229980468750e+01
6.394366073608398438e+01
6.710963439941406250e+01
7.414405822753906250e+01
6.236672973632812500e+01
7.962884521484375000e+01
7.526197814941406250e+01
5.956878662109375000e+01
6.175643920898437500e+01
5.397085189819335938e+01
3.055126342773437500e+02
6.827767181396484375e+01
8.167077636718750000e+01
7.288822937011718750e+01
8.490408325195312500e+01
7.758467102050781250e+01
7.069205474853515625e+01
9.555005645751953125e+01
7.033603668212890625e+01
8.747164916992187500e+01
5.731228256225585938e+01
4.870421981811523438e+01
8.595018768310546875e+01
1.006800460815429688e+02
5.825254058837890625e+01
8.970939636230468750e+01
7.407257080078125000e+01
6.931938171386718750e+01
7.729663085937500000e+01
8.758346557617187500e+01
6.722052764892578125e+01
7.382706451416015625e+01
6.365827941894531250e+01
5.618350219726562500e+01
6.104174423217773438e+01
6.819266510009765625e+01
2.920380859375000000e+02
7.996929931640625000e+01
1.239818725585937500e+02
7.968855285644531250e+01
7.663630676269531250e+01
5.048890304565429688e+01
8.653639984130859375e+01
5.892071533203125000e+01
6.724291992187500000e+01
8.733161163330078125e+01
5.744750213623046875e+01
7.555595397949218750e+01
7.286463165283203125e+01
7.357082366943359375e+01
5.240521621704101562e+01
8.517449188232421875e+01
5.085927200317382812e+01
2.705525207519531250e+02
8.222698974609375000e+01
5.423514556884765625e+01
7.668859863281250000e+01
6.523854827880859375e+01
6.116247558593750000e+01
6.883445739746093750e+01
6.446511077880859375e+01
8.524498748779296875e+01
7.253843688964843750e+01
6.360477828979492188e+01
7.936286163330078125e+01
8.251962280273437500e+01
9.933301544189453125e+01
6.190446090698242188e+01
6.699949645996093750e+01
6.596813964843750000e+01
2.886231384277343750e+02
9.977096557617187500e+01
7.757965850830078125e+01
7.812583923339843750e+01
5.341929626464843750e+01
6.391727447509765625e+01
6.116025543212890625e+01
7.070288085937500000e+01
8.374945068359375000e+01
5.777819442749023438e+01
5.570280838012695312e+01
7.068346405029296875e+01
6.123343658447265625e+01
6.243675994873046875e+01
8.287939453125000000e+01
7.367677307128906250e+01
5.700645065307617188e+01
1.162540283203125000e+02
6.421071624755859375e+01
7.202330017089843750e+01
6.903137969970703125e+01
6.889119720458984375e+01
5.927142333984375000e+01
7.031439971923828125e+01
5.884881591796875000e+01
8.893629455566406250e+01
4.523392486572265625e+01
6.100106811523437500e+01
4.252029037475585938e+01
6.987686157226562500e+01
7.816710662841796875e+01
7.428200531005859375e+01
7.001036071777343750e+01
5.472576141357421875e+01
1.020948257446289062e+02
7.239022827148437500e+01
4.539805603027343750e+01
5.967343902587890625e+01
7.198335266113281250e+01
6.128570938110351562e+01
7.225914001464843750e+01
6.787019348144531250e+01
5.891316223144531250e+01
9.458951568603515625e+01
5.767449188232421875e+01
8.856404876708984375e+01
8.931064605712890625e+01
6.505916595458984375e+01
2.744163513183593750e+02
6.477024841308593750e+01
6.163722229003906250e+01
6.447907257080078125e+01
8.935985565185546875e+01
6.902136230468750000e+01
6.234926605224609375e+01
6.654548645019531250e+01
7.904712677001953125e+01
5.764733886718750000e+01
5.934648132324218750e+01
8.366857910156250000e+01
5.265757751464843750e+01
2.586295166015625000e+02
1.066578445434570312e+02
7.475222015380859375e+01
7.886923217773437500e+01
1.050855407714843750e+02
7.440364837646484375e+01
6.889324951171875000e+01
8.747525024414062500e+01
6.112140655517578125e+01
5.796248245239257812e+01
5.822339630126953125e+01
6.034750366210937500e+01
9.257578277587890625e+01
7.690795898437500000e+01
6.579621887207031250e+01
5.228665542602539062e+01
1.117219314575195312e+02
5.497858428955078125e+01
6.380407333374023438e+01
7.458142089843750000e+01
8.113224792480468750e+01
6.203557586669921875e+01
7.538948822021484375e+01
7.211299133300781250e+01
8.363030242919921875e+01
9.587731170654296875e+01
6.787285614013671875e+01
5.213619995117187500e+01
7.748617553710937500e+01
8.388288116455078125e+01
5.793012237548828125e+01
7.215670776367187500e+01
8.356258392333984375e+01
5.782105255126953125e+01
7.882987976074218750e+01
6.124354171752929688e+01
6.603458404541015625e+01
7.676527404785156250e+01
5.590711593627929688e+01
2.801477661132812500e+02
4.037489318847656250e+01
8.308983612060546875e+01
5.084577560424804688e+01
1.125811309814453125e+02
6.011158370971679688e+01
4.484352874755859375e+01
7.234110260009765625e+01
7.581469726562500000e+01
7.123013305664062500e+01
7.005899047851562500e+01
7.286105346679687500e+01
6.213302993774414062e+01
7.899330902099609375e+01
6.666960144042968750e+01
9.938726806640625000e+01
6.100221252441406250e+01
7.911635589599609375e+01
5.528030395507812500e+01
8.676765441894531250e+01
5.603893661499023438e+01
6.507446289062500000e+01
7.168412780761718750e+01
5.636106109619140625e+01
6.094460296630859375e+01
9.004369354248046875e+01
5.195680236816406250e+01
6.810246276855468750e+01
8.910284423828125000e+01
6.708111572265625000e+01
7.744791412353515625e+01
5.981310272216796875e+01
6.597920227050781250e+01
8.170747375488281250e+01
6.411137390136718750e+01
7.304803466796875000e+01
6.861592864990234375e+01
5.664641189575195312e+01
6.066270828247070312e+01
7.375807189941406250e+01
5.740908050537109375e+01
5.701833724975585938e+01
8.293731689453125000e+01
5.408681488037109375e+01
4.994129180908203125e+01
9.247706604003906250e+01
6.817662811279296875e+01
4.902895355224609375e+01
4.960698699951171875e+01
1.158869781494140625e+02
6.889449310302734375e+01
6.226421356201171875e+01
8.593183898925781250e+01
8.031520843505859375e+01
8.872039794921875000e+01
5.353052139282226562e+01
4.750870513916015625e+01
5.975117492675781250e+01
5.517153167724609375e+01
9.259489440917968750e+01
7.699066925048828125e+01
2.564588623046875000e+02
5.538292694091796875e+01
6.814104461669921875e+01
7.114341735839843750e+01
6.179584503173828125e+01
5.696331024169921875e+01
4.636466217041015625e+01
6.603128814697265625e+01
7.490985870361328125e+01
8.581679534912109375e+01
7.613481140136718750e+01
5.499936676025390625e+01
4.086554336547851562e+01
1.276517181396484375e+02
6.438159179687500000e+01
5.929479598999023438e+01
7.195872497558593750e+01
9.213459014892578125e+01
4.045053100585937500e+01
6.463335418701171875e+01
7.299629974365234375e+01
2.440826110839843750e+02
6.127482223510742188e+01
5.766021728515625000e+01
7.181587982177734375e+01
7.163922119140625000e+01
5.307691955566406250e+01
1.546124725341796875e+02
6.821735382080078125e+01
6.324438095092773438e+01
5.883707427978515625e+01
5.866925048828125000e+01
5.829644012451171875e+01
8.810687255859375000e+01
6.272525787353515625e+01
5.296494674682617188e+01
4.752478408813476562e+01
4.978734588623046875e+01
8.297905731201171875e+01
5.423192977905273438e+01
7.646000671386718750e+01
7.815084075927734375e+01
5.620920944213867188e+01
9.984082794189453125e+01
5.310451507568359375e+01
6.243407440185546875e+01
6.266731262207031250e+01
7.919807434082031250e+01
2.768924255371093750e+02
5.951944732666015625e+01
5.602220153808593750e+01
5.475018692016601562e+01
5.303504180908203125e+01
7.944937896728515625e+01
5.774988555908203125e+01
5.772119140625000000e+01
5.846585845947265625e+01
5.613624572753906250e+01
6.113602828979492188e+01
6.300345230102539062e+01
4.311809158325195312e+01
7.805465698242187500e+01
1.038331451416015625e+02
5.697189712524414062e+01
8.865364074707031250e+01
8.476885223388671875e+01
7.633914184570312500e+01
7.972408294677734375e+01
6.446318817138671875e+01
5.445271301269531250e+01
8.966439056396484375e+01
6.150547027587890625e+01
4.907088851928710938e+01
5.608086395263671875e+01
2.440242004394531250e+02
5.999689865112304688e+01
8.159397888183593750e+01
8.080027008056640625e+01
5.445612335205078125e+01
6.681477355957031250e+01
5.873445129394531250e+01
5.535278320312500000e+01
4.148705291748046875e+01
6.269463348388671875e+01
9.239910125732421875e+01
6.960711669921875000e+01
7.898262786865234375e+01
9.286784362792968750e+01
6.536892700195312500e+01
6.806077575683593750e+01
6.801620483398437500e+01
6.085170364379882812e+01
8.915320587158203125e+01
5.599013519287109375e+01
6.341533660888671875e+01
5.443233489990234375e+01
7.717718505859375000e+01
1.075830917358398438e+02
7.131384277343750000e+01
7.026823425292968750e+01
5.722246551513671875e+01
6.101020050048828125e+01
6.161117553710937500e+01
7.055705261230468750e+01
6.523268127441406250e+01
6.265475845336914062e+01
5.424233627319335938e+01
2.693191223144531250e+02
5.870732116699218750e+01
6.760578918457031250e+01
6.830525970458984375e+01
6.668377685546875000e+01
4.849334716796875000e+01
6.908869934082031250e+01
4.592863464355468750e+01
1.060740966796875000e+02
6.722277832031250000e+01
5.993885803222656250e+01
6.281925201416015625e+01
7.524997711181640625e+01
5.572733306884765625e+01
8.491258239746093750e+01
8.489550018310546875e+01
7.348621368408203125e+01
8.506649780273437500e+01
1.246447982788085938e+02
8.514950561523437500e+01
7.253042602539062500e+01
6.152228927612304688e+01
8.534651947021484375e+01
2.717587585449218750e+02
6.254051208496093750e+01
6.003248977661132812e+01
8.547509765625000000e+01
5.682434082031250000e+01
6.489020538330078125e+01
6.452744293212890625e+01
5.162267303466796875e+01
7.575802612304687500e+01
6.638756561279296875e+01
4.226947784423828125e+01
6.497089385986328125e+01
5.627126312255859375e+01
5.719020462036132812e+01
6.380337524414062500e+01
5.880080795288085938e+01
8.620769500732421875e+01
5.219076919555664062e+01
2.665356140136718750e+02
6.682605743408203125e+01
6.599745941162109375e+01
5.536927795410156250e+01
6.825134277343750000e+01
5.879666900634765625e+01
6.631166076660156250e+01
6.126250457763671875e+01
7.646481323242187500e+01
8.612439727783203125e+01
6.246030807495117188e+01
5.935715484619140625e+01
6.686825561523437500e+01
8.508208465576171875e+01
6.603182983398437500e+01
7.118621063232421875e+01
6.907321166992187500e+01
4.904169845581054688e+01
4.910389328002929688e+01
5.544205856323242188e+01
5.475981903076171875e+01
5.919035720825195312e+01
8.090917205810546875e+01
1.316770019531250000e+02
5.320892715454101562e+01
8.148383331298828125e+01
6.034967422485351562e+01
5.972082519531250000e+01
5.354521179199218750e+01
8.018700408935546875e+01
5.596362686157226562e+01
5.846272277832031250e+01
1.616857910156250000e+02
2.670634460449218750e+02
7.410249328613281250e+01
6.401956939697265625e+01
7.541416931152343750e+01
8.444521331787109375e+01
7.315187835693359375e+01
5.929198455810546875e+01
7.023486328125000000e+01
5.959658813476562500e+01
6.828509521484375000e+01
6.501547241210937500e+01
5.736524963378906250e+01
5.873574829101562500e+01
7.878079986572265625e+01
8.384055328369140625e+01
8.096175384521484375e+01
5.859819793701171875e+01
4.914244079589843750e+01
6.620341491699218750e+01
8.904559326171875000e+01
8.863724517822265625e+01
5.952021789550781250e+01
2.734139709472656250e+02
6.588156127929687500e+01
6.226919937133789062e+01
7.483916473388671875e+01
5.364682769775390625e+01
7.025704956054687500e+01
5.470858383178710938e+01
7.643148040771484375e+01
6.241377258300781250e+01
5.607710647583007812e+01
5.771010589599609375e+01
7.855200958251953125e+01
6.070830154418945312e+01
1.030773315429687500e+02
6.934940338134765625e+01
6.190917968750000000e+01
1.231473617553710938e+02
5.473035049438476562e+01
5.942710494995117188e+01
6.921884918212890625e+01
5.251106643676757812e+01
5.901105880737304688e+01
7.740447998046875000e+01
5.348631668090820312e+01
7.741059875488281250e+01
7.022192382812500000e+01
5.343811035156250000e+01
5.227519226074218750e+01
3.600730895996093750e+01
2.964917297363281250e+02
8.329613494873046875e+01
8.532769012451171875e+01
9.182275390625000000e+01
8.519314575195312500e+01
8.766915130615234375e+01
6.111257553100585938e+01
7.054969787597656250e+01
7.559967041015625000e+01
7.053999328613281250e+01
7.734220886230468750e+01
8.166069793701171875e+01
4.574446487426757812e+01
6.636280822753906250e+01
5.648575210571289062e+01
4.648181915283203125e+01
4.908556747436523438e+01
9.986654663085937500e+01
7.973918914794921875e+01
7.690297698974609375e+01
6.669850158691406250e+01
6.530422973632812500e+01
1.023929901123046875e+02
5.324938964843750000e+01
4.933191680908203125e+01
6.944778442382812500e+01
5.582936096191406250e+01
3.621100997924804688e+01
1.208427276611328125e+02
4.657938385009765625e+01
7.341771697998046875e+01
7.717177581787109375e+01
4.606755828857421875e+01
3.452985763549804688e+01
6.858938598632812500e+01
8.219552612304687500e+01
8.084781646728515625e+01
8.508551788330078125e+01
9.564710998535156250e+01
5.775501632690429688e+01
6.126369476318359375e+01
5.119969940185546875e+01
2.799323120117187500e+02
1.037075500488281250e+02
1.178528137207031250e+02
4.604251098632812500e+01
7.852607727050781250e+01
5.941518020629882812e+01
6.392375946044921875e+01
7.195236206054687500e+01
6.201638031005859375e+01
7.108332824707031250e+01
5.314861679077148438e+01
1.058140640258789062e+02
8.628151702880859375e+01
5.279332351684570312e+01
8.452155303955078125e+01
7.815691375732421875e+01
5.367353439331054688e+01
6.687283325195312500e+01
5.570414352416992188e+01
9.903098297119140625e+01
6.649230194091796875e+01
7.338392639160156250e+01
7.681195068359375000e+01
7.359009552001953125e+01
6.867463684082031250e+01
2.635685424804687500e+02
8.163115692138671875e+01
6.848162841796875000e+01
5.429634094238281250e+01
6.045560455322265625e+01
6.528536224365234375e+01
5.700304412841796875e+01
6.190188598632812500e+01
7.032460021972656250e+01
7.741490173339843750e+01
4.277122497558593750e+01
5.242332839965820312e+01
7.102931213378906250e+01
2.549396972656250000e+02
7.102115631103515625e+01
8.396180725097656250e+01
5.959121704101562500e+01
5.513762283325195312e+01
9.111283874511718750e+01
4.642837524414062500e+01
5.307783889770507812e+01
6.186199951171875000e+01
1.135987091064453125e+02
7.864440155029296875e+01
8.008795928955078125e+01
8.843943786621093750e+01
6.107381439208984375e+01
9.203287506103515625e+01
5.526741027832031250e+01
1.049830322265625000e+02
7.288720703125000000e+01
5.389964294433593750e+01
8.034496307373046875e+01
8.740213012695312500e+01
7.688543701171875000e+01
5.794091033935546875e+01
4.885236358642578125e+01
8.058200836181640625e+01
4.737673187255859375e+01
8.382612609863281250e+01
5.506447219848632812e+01
6.321894836425781250e+01
2.950034179687500000e+02
5.602112960815429688e+01
5.642866516113281250e+01
6.600865173339843750e+01
8.013459777832031250e+01
6.497041320800781250e+01
9.269019317626953125e+01
4.691837310791015625e+01
8.244731140136718750e+01
6.463671112060546875e+01
5.315027236938476562e+01
5.278655624389648438e+01
7.574057006835937500e+01
5.317108917236328125e+01
5.999527359008789062e+01
5.552442169189453125e+01
4.934207153320312500e+01
8.141168212890625000e+01
5.290332412719726562e+01
7.394728851318359375e+01
6.325662231445312500e+01
6.839810180664062500e+01
7.010586547851562500e+01
5.493356323242187500e+01
4.516669082641601562e+01
5.802745819091796875e+01
5.025576400756835938e+01
6.211729049682617188e+01
5.385934448242187500e+01
4.248299789428710938e+01
6.260622024536132812e+01
5.560729217529296875e+01
3.152260131835937500e+02
6.857731628417968750e+01
5.439341735839843750e+01
7.636871337890625000e+01
8.510514068603515625e+01
6.668761444091796875e+01
8.144966888427734375e+01
6.724528503417968750e+01
5.247399139404296875e+01
4.557754516601562500e+01
8.550469207763671875e+01
7.868022155761718750e+01
5.947977828979492188e+01
7.519796752929687500e+01
6.265900039672851562e+01
6.913435363769531250e+01
8.964631652832031250e+01
6.263907241821289062e+01
5.213429641723632812e+01
8.295283508300781250e+01
5.836943435668945312e+01
6.729721069335937500e+01
2.978118286132812500e+02
3.890042114257812500e+01
4.440985107421875000e+01
6.825372314453125000e+01
7.038792419433593750e+01
4.363792800903320312e+01
9.303994750976562500e+01
5.434476470947265625e+01
5.443476867675781250e+01
5.909493637084960938e+01
9.091152954101562500e+01
5.046004104614257812e+01
4.766698455810546875e+01
6.311419296264648438e+01
6.077124786376953125e+01
5.928249740600585938e+01
5.418109512329101562e+01
5.281182098388671875e+01
5.442615890502929688e+01
5.752403259277343750e+01
6.091160583496093750e+01
5.760355377197265625e+01
4.878741073608398438e+01
7.914147949218750000e+01
7.042798614501953125e+01
6.188599395751953125e+01
1.163212738037109375e+02
8.238520050048828125e+01
4.359256744384765625e+01
4.058965682983398438e+01
4.373246765136718750e+01
7.459750366210937500e+01
7.387963104248046875e+01
5.196920013427734375e+01
7.034024047851562500e+01
6.852410125732421875e+01
7.422089385986328125e+01
2.616048583984375000e+02
8.899004364013671875e+01
7.253215026855468750e+01
2.367250823974609375e+02
5.689238739013671875e+01
4.380162811279296875e+01
6.971165466308593750e+01
6.591811370849609375e+01
4.847819519042968750e+01
7.050637817382812500e+01
9.975655364990234375e+01
6.838415527343750000e+01
6.593264007568359375e+01
6.619170379638671875e+01
5.057262039184570312e+01
5.897375488281250000e+01
4.689895629882812500e+01
6.420339202880859375e+01
8.385732269287109375e+01
6.433512878417968750e+01
5.823636245727539062e+01
8.902523040771484375e+01
5.224265289306640625e+01
4.486047363281250000e+01
1.011529083251953125e+02
7.559803009033203125e+01
6.009622192382812500e+01
1.107838439941406250e+02
8.192742919921875000e+01
4.049039077758789062e+01
7.249172210693359375e+01
4.838521575927734375e+01
5.035650634765625000e+01
5.720909118652343750e+01
5.851280212402343750e+01
4.808127975463867188e+01
7.722895050048828125e+01
6.336571884155273438e+01
2.811860046386718750e+02
6.546079254150390625e+01
7.071800231933593750e+01
6.648975372314453125e+01
7.963883972167968750e+01
6.112491607666015625e+01
4.960575103759765625e+01
5.057889175415039062e+01
7.030595397949218750e+01
6.205024719238281250e+01
7.951897430419921875e+01
6.487141418457031250e+01
6.215947723388671875e+01
6.258021545410156250e+01
9.653718566894531250e+01
7.880290985107421875e+01
2.376436004638671875e+02
5.096453475952148438e+01
6.715564727783203125e+01
5.562368774414062500e+01
4.913537597656250000e+01
1.146112136840820312e+02
5.398420715332031250e+01
5.643491744995117188e+01
6.701421356201171875e+01
5.471422195434570312e+01
4.811100769042968750e+01
7.746011352539062500e+01
8.962792968750000000e+01
6.256232452392578125e+01
5.636101150512695312e+01
8.971510314941406250e+01
5.404557800292968750e+01
7.332631683349609375e+01
8.713854217529296875e+01
6.384144592285156250e+01
6.343593978881835938e+01
5.312718200683593750e+01
6.592273712158203125e+01
1.029544143676757812e+02
8.147013092041015625e+01
7.976480865478515625e+01
6.842998504638671875e+01
6.900158691406250000e+01
5.086312484741210938e+01
9.820872497558593750e+01
6.287506866455078125e+01
4.791966629028320312e+01
6.924816131591796875e+01
6.319446563720703125e+01
6.798819732666015625e+01
6.368501281738281250e+01
4.797039794921875000e+01
7.144171905517578125e+01
6.077360534667968750e+01
5.526748657226562500e+01
9.525452423095703125e+01
2.504596405029296875e+02
6.407192230224609375e+01
5.341991424560546875e+01
5.552937698364257812e+01
4.385447311401367188e+01
6.874591064453125000e+01
7.373714447021484375e+01
5.183831405639648438e+01
5.412887573242187500e+01
5.881621551513671875e+01
9.177519226074218750e+01
5.445709609985351562e+01
5.355768585205078125e+01
7.047683715820312500e+01
4.001699829101562500e+01
6.485098266601562500e+01
7.728345489501953125e+01
4.184926605224609375e+01
5.154161834716796875e+01
7.009038543701171875e+01
6.854866790771484375e+01
7.528506469726562500e+01
6.605435180664062500e+01
7.448035430908203125e+01
7.702642822265625000e+01
4.507234573364257812e+01
6.405076599121093750e+01
9.832556152343750000e+01
4.244265747070312500e+01
7.111116790771484375e+01
8.651182556152343750e+01
8.493814849853515625e+01
4.213016510009765625e+01
3.750133514404296875e+01
2.451536712646484375e+02
4.366905593872070312e+01
5.442159271240234375e+01
6.644384765625000000e+01
9.003961181640625000e+01
5.034009170532226562e+01
6.096070480346679688e+01
6.453973388671875000e+01
6.373477172851562500e+01
5.493598937988281250e+01
6.494784545898437500e+01
5.906092071533203125e+01
4.601887512207031250e+01
6.110189819335937500e+01
6.838248443603515625e+01
5.411499023437500000e+01
8.501127624511718750e+01
5.074648284912109375e+01
6.357159423828125000e+01
7.564143371582031250e+01
9.639424133300781250e+01
6.045442962646484375e+01
6.622193908691406250e+01
5.492568969726562500e+01
5.480783843994140625e+01
6.653044891357421875e+01
6.568313598632812500e+01
6.819389343261718750e+01
8.577586364746093750e+01
8.864591217041015625e+01
4.421216201782226562e+01
7.198598480224609375e+01
5.842337036132812500e+01
5.938336181640625000e+01
6.552125549316406250e+01
5.622264099121093750e+01
5.019331741333007812e+01
2.673686828613281250e+02
6.816201782226562500e+01
4.158197021484375000e+01
6.550114440917968750e+01
5.961278152465820312e+01
6.250633621215820312e+01
5.633721160888671875e+01
5.704150390625000000e+01
6.816866302490234375e+01
1.383065490722656250e+02
1.174140701293945312e+02
4.885521316528320312e+01
7.570632171630859375e+01
8.175489807128906250e+01
6.677400970458984375e+01
7.286300659179687500e+01
7.959539031982421875e+01
5.302463531494140625e+01
6.647449493408203125e+01
8.008827972412109375e+01
6.051371002197265625e+01
5.612971878051757812e+01
6.080523300170898438e+01
7.119580841064453125e+01
6.730398559570312500e+01
5.860731506347656250e+01
6.097789001464843750e+01
6.598091888427734375e+01
2.342243041992187500e+02
4.055302047729492188e+01
7.679865264892578125e+01
5.755239105224609375e+01
7.981720733642578125e+01
1.038126525878906250e+02
7.864982604980468750e+01
4.544415664672851562e+01
1.042844543457031250e+02
6.158316040039062500e+01
5.132937622070312500e+01
9.081741333007812500e+01
5.112542724609375000e+01
5.546329879760742188e+01
7.619714355468750000e+01
7.300712585449218750e+01
4.416431427001953125e+01
6.096086120605468750e+01
6.674617004394531250e+01
4.146657562255859375e+01
7.741265869140625000e+01
5.458139038085937500e+01
5.293387603759765625e+01
5.946518707275390625e+01
7.937960815429687500e+01
4.819522094726562500e+01
4.938973999023437500e+01
9.474856567382812500e+01
4.962480163574218750e+01
9.572717285156250000e+01
7.026370239257812500e+01
5.836803054809570312e+01
6.324072265625000000e+01
7.181980133056640625e+01
9.634407043457031250e+01
4.768615341186523438e+01
4.696730804443359375e+01
4.704692459106445312e+01
5.676727294921875000e+01
8.236134338378906250e+01
8.885859680175781250e+01
8.302511596679687500e+01
6.696951293945312500e+01
5.923136138916015625e+01
1.077007751464843750e+02
7.100804138183593750e+01
8.476290130615234375e+01
5.882633972167968750e+01
7.722973632812500000e+01
6.185219573974609375e+01
6.293131256103515625e+01
6.567756652832031250e+01
4.385296249389648438e+01
5.867606735229492188e+01
5.985387802124023438e+01
4.209212112426757812e+01
5.787636184692382812e+01
5.692019653320312500e+01
7.095932006835937500e+01
6.353326416015625000e+01
4.937002563476562500e+01
9.459389495849609375e+01
2.874552612304687500e+02
5.536583709716796875e+01
5.924344635009765625e+01
5.377455520629882812e+01
6.946611785888671875e+01
6.419087219238281250e+01
4.248010253906250000e+01
7.751223754882812500e+01
6.306014251708984375e+01
4.786435699462890625e+01
8.482811737060546875e+01
6.009197998046875000e+01
6.655702209472656250e+01
7.650976562500000000e+01
6.845875549316406250e+01
5.759786224365234375e+01
5.483941268920898438e+01
3.956524658203125000e+01
5.656559753417968750e+01
8.304360961914062500e+01
6.787875366210937500e+01
5.657354736328125000e+01
4.597296905517578125e+01
5.915843200683593750e+01
5.557951736450195312e+01
5.932588195800781250e+01
8.494670104980468750e+01
5.847913360595703125e+01
6.468412017822265625e+01
4.950180435180664062e+01
2.600310363769531250e+02
6.031036376953125000e+01
4.485279464721679688e+01
3.976665496826171875e+01
7.906134796142578125e+01
6.997260284423828125e+01
6.733021545410156250e+01
5.475948333740234375e+01
8.296148681640625000e+01
5.626100158691406250e+01
7.307205963134765625e+01
5.242540740966796875e+01
1.091188659667968750e+02
4.382370758056640625e+01
6.052150726318359375e+01
6.111574935913085938e+01
6.110198211669921875e+01
4.151929473876953125e+01
5.646455383300781250e+01
2.433268432617187500e+02
5.793353271484375000e+01
5.759085083007812500e+01
6.742475128173828125e+01
6.133481979370117188e+01
5.625745391845703125e+01
6.395750045776367188e+01
5.709136962890625000e+01
6.336138153076171875e+01
5.935636138916015625e+01
5.750416564941406250e+01
5.090731811523437500e+01
4.707883834838867188e+01
5.867122650146484375e+01
2.459173126220703125e+02
7.329459381103515625e+01
4.744476318359375000e+01
4.078598022460937500e+01
5.097553634643554688e+01
5.401412963867187500e+01
7.934088897705078125e+01
5.127555084228515625e+01
6.915516662597656250e+01
5.836041259765625000e+01
7.317396545410156250e+01
6.316620635986328125e+01
8.529882812500000000e+01
5.582980346679687500e+01
5.578562164306640625e+01
7.174668884277343750e+01
6.231952667236328125e+01
6.263645935058593750e+01
4.675533294677734375e+01
5.616427993774414062e+01
7.003599548339843750e+01
7.006459045410156250e+01
5.506715393066406250e+01
9.715703582763671875e+01
7.081542968750000000e+01
5.917098617553710938e+01
6.482962799072265625e+01
5.251801681518554688e+01
4.147787857055664062e+01
5.618928527832031250e+01
5.956758499145507812e+01
5.558060455322265625e+01
6.178859710693359375e+01
4.806865310668945312e+01
4.164243698120117188e+01
4.471438598632812500e+01
4.529267120361328125e+01
3.012792358398437500e+02
3.884025192260742188e+01
6.625518035888671875e+01
7.373796081542968750e+01
5.105295562744140625e+01
5.302966308593750000e+01
6.653027343750000000e+01
7.455628204345703125e+01
6.885462188720703125e+01
6.843608856201171875e+01
7.695586395263671875e+01
4.856986999511718750e+01
6.822814178466796875e+01
7.628544616699218750e+01
4.491873931884765625e+01
7.064373016357421875e+01
6.831871032714843750e+01
8.727683258056640625e+01
1.042288284301757812e+02
5.566871261596679688e+01
4.510042572021484375e+01
8.770709228515625000e+01
7.088170623779296875e+01
5.175699996948242188e+01
2.444568481445312500e+02
4.665501403808593750e+01
4.915838623046875000e+01
5.078351974487304688e+01
6.726959991455078125e+01
6.898753356933593750e+01
5.980830383300781250e+01
5.484567260742187500e+01
7.198262023925781250e+01
4.931470870971679688e+01
7.139189147949218750e+01
5.266148376464843750e+01
8.830213165283203125e+01
7.151289367675781250e+01
6.912452697753906250e+01
8.251937103271484375e+01
2.248903656005859375e+02
5.828504943847656250e+01
6.729978179931640625e+01
5.519864654541015625e+01
5.596075820922851562e+01
5.329453277587890625e+01
6.121431350708007812e+01
5.440597152709960938e+01
4.840192794799804688e+01
4.993054199218750000e+01
4.043864822387695312e+01
7.018793487548828125e+01
6.892716979980468750e+01
5.272552871704101562e+01
6.590885925292968750e+01
6.033495330810546875e+01
6.765039825439453125e+01
9.133648681640625000e+01
4.941485977172851562e+01
4.964332199096679688e+01
4.238703536987304688e+01
7.648194122314453125e+01
5.469752502441406250e+01
9.083658599853515625e+01
2.700607299804687500e+02
5.055578994750976562e+01
5.331531906127929688e+01
5.813077545166015625e+01
5.007674407958984375e+01
5.633283233642578125e+01
7.389363098144531250e+01
8.345874786376953125e+01
6.552404785156250000e+01
6.601645660400390625e+01
6.600269317626953125e+01
5.001858520507812500e+01
7.208037567138671875e+01
3.890225982666015625e+01
7.174004364013671875e+01
5.078787994384765625e+01
5.348237609863281250e+01
7.089220428466796875e+01
4.913270187377929688e+01
6.407879638671875000e+01
5.273680114746093750e+01
6.412356567382812500e+01
5.363086700439453125e+01
7.764599609375000000e+01
4.448477172851562500e+01
6.169677352905273438e+01
6.240201568603515625e+01
5.285069274902343750e+01
6.814520263671875000e+01
5.676134109497070312e+01
6.607360076904296875e+01
6.782723999023437500e+01
7.173349761962890625e+01
4.675252151489257812e+01
4.777714538574218750e+01
7.952556610107421875e+01
4.923389434814453125e+01
4.961998367309570312e+01
8.153457641601562500e+01
3.635333251953125000e+01
7.548626708984375000e+01
5.474077224731445312e+01
6.300730895996093750e+01
9.610050964355468750e+01
5.719231414794921875e+01
6.352327728271484375e+01
5.786464309692382812e+01
2.495618896484375000e+02
8.096653747558593750e+01
7.630865478515625000e+01
6.349797058105468750e+01
5.142195129394531250e+01
6.903314208984375000e+01
7.430296325683593750e+01
8.608670043945312500e+01
2.207180786132812500e+02
5.442629241943359375e+01
5.460752868652343750e+01
8.084704589843750000e+01
4.045412826538085938e+01
6.129478454589843750e+01
5.311983489990234375e+01
7.317224121093750000e+01
6.674695587158203125e+01
5.702673339843750000e+01
1.005563812255859375e+02
8.327445983886718750e+01
7.038020324707031250e+01
6.947106933593750000e+01
6.648733520507812500e+01
8.854889678955078125e+01
4.674889373779296875e+01
4.954278564453125000e+01
4.597860336303710938e+01
6.578015136718750000e+01
3.393347930908203125e+01
9.054476165771484375e+01
5.015017700195312500e+01
5.426614379882812500e+01
4.910513305664062500e+01
4.727188873291015625e+01
5.034658813476562500e+01
5.902014160156250000e+01
3.716704559326171875e+01
8.056861877441406250e+01
7.017594146728515625e+01
4.816232299804687500e+01
9.608289337158203125e+01
3.663134002685546875e+01
7.086856079101562500e+01
5.407763671875000000e+01
5.618799591064453125e+01
2.601918334960937500e+02
6.981999206542968750e+01
7.252616882324218750e+01
5.324891662597656250e+01
8.096870422363281250e+01
1.004600143432617188e+02
6.746800231933593750e+01
7.400464630126953125e+01
7.479386138916015625e+01
4.602091217041015625e+01
5.873588943481445312e+01
6.989785766601562500e+01
6.152581787109375000e+01
7.179344940185546875e+01
2.498375549316406250e+02
6.087734603881835938e+01
1.058386459350585938e+02
6.377654266357421875e+01
5.616089248657226562e+01
4.949171066284179688e+01
4.948993682861328125e+01
4.752539062500000000e+01
6.021283721923828125e+01
6.398220825195312500e+01
6.028000259399414062e+01
6.378424453735351562e+01
5.040476226806640625e+01
6.409574127197265625e+01
6.203593826293945312e+01
3.819982528686523438e+01
8.666001892089843750e+01
3.936531066894531250e+01
5.889923477172851562e+01
6.855912017822265625e+01
6.539147949218750000e+01
7.908139038085937500e+01
7.239226531982421875e+01
5.537799835205078125e+01
9.217979431152343750e+01
4.342419815063476562e+01
5.827682495117187500e+01
7.292087554931640625e+01
5.557375335693359375e+01
4.650198364257812500e+01
5.229888916015625000e+01
5.142153930664062500e+01
4.451407241821289062e+01
9.544890594482421875e+01
5.425918579101562500e+01
6.434971618652343750e+01
2.456914520263671875e+02
5.217151641845703125e+01
7.016378784179687500e+01
7.607071685791015625e+01
6.566464996337890625e+01
7.014487457275390625e+01
8.272294616699218750e+01
6.017250061035156250e+01
5.935337066650390625e+01
4.906610870361328125e+01
9.465169525146484375e+01
6.934974670410156250e+01
2.158594055175781250e+02
5.685201263427734375e+01
1.020546035766601562e+02
4.334890365600585938e+01
4.744789123535156250e+01
3.273432159423828125e+01
8.981522369384765625e+01
6.791503906250000000e+01
5.033943939208984375e+01
4.595494842529296875e+01
5.809887695312500000e+01
6.081391525268554688e+01
9.246335601806640625e+01
7.996733856201171875e+01
4.586040496826171875e+01
4.110504150390625000e+01
5.895693969726562500e+01
9.283512115478515625e+01
7.003552246093750000e+01
6.333886337280273438e+01
6.946694946289062500e+01
6.341365814208984375e+01
6.738645935058593750e+01
5.834568023681640625e+01
6.797326660156250000e+01
9.379503631591796875e+01
7.075689697265625000e+01
4.962641906738281250e+01
1.030957565307617188e+02
8.597427368164062500e+01
7.597602081298828125e+01
7.514211273193359375e+01
1.254400329589843750e+02
6.819355010986328125e+01
6.783090209960937500e+01
6.145298767089843750e+01
5.758868408203125000e+01
5.450844192504882812e+01
6.152733230590820312e+01
5.930786132812500000e+01
5.151893234252929688e+01
8.525104522705078125e+01
8.233394622802734375e+01
2.458033752441406250e+02
6.058130645751953125e+01
6.200555801391601562e+01
5.917329406738281250e+01
4.192891311645507812e+01
6.345604705810546875e+01
6.185514450073242188e+01
5.610025024414062500e+01
6.365962600708007812e+01
5.629769134521484375e+01
7.691544342041015625e+01
7.423414611816406250e+01
6.653059387207031250e+01
5.242665863037109375e+01
6.096260070800781250e+01
4.118722152709960938e+01
6.284454345703125000e+01
7.555300140380859375e+01
6.179264831542968750e+01
6.336344146728515625e+01
7.555750274658203125e+01
6.727941894531250000e+01
4.708063507080078125e+01
3.887314224243164062e+01
5.746262741088867188e+01
8.068048095703125000e+01
5.736319351196289062e+01
2.366705169677734375e+02
6.994308471679687500e+01
4.954619216918945312e+01
8.325845336914062500e+01
4.414420318603515625e+01
9.358953857421875000e+01
7.615071868896484375e+01
4.575327301025390625e+01
