1.001820214843750000e+04
1.062916210937500000e+04
1.041552441406250000e+04
1.066200390625000000e+04
1.007679003906250000e+04
1.022562207031250000e+04
9.680362304687500000e+03
1.020465039062500000e+04
1.044271777343750000e+04
9.877087890625000000e+03
9.713959960937500000e+03
9.262979492187500000e+03
9.663816406250000000e+03
9.198288085937500000e+03
8.860873046875000000e+03
8.451120117187500000e+03
7.589993164062500000e+03
6.923058105468750000e+03
6.140398437500000000e+03
5.022790527343750000e+03
3.971859863281250000e+03
2.799967773437500000e+03
2.359343750000000000e+03
1.717964355468750000e+03
3.177288574218750000e+03
3.766260986328125000e+03
2.841442138671875000e+03
2.340530273437500000e+03
2.061797851562500000e+03
1.412600097656250000e+03
1.497835449218750000e+03
1.634918212890625000e+03
1.557101440429687500e+03
1.671669921875000000e+03
1.923408203125000000e+03
1.940914550781250000e+03
1.719217285156250000e+03
1.644371826171875000e+03
1.253186279296875000e+03
1.067406982421875000e+03
8.513716430664062500e+02
7.914500732421875000e+02
1.135366577148437500e+03
8.836625366210937500e+02
1.102213867187500000e+03
8.144422607421875000e+02
7.876776123046875000e+02
1.033147460937500000e+03
9.904887695312500000e+02
9.702811279296875000e+02
8.170345458984375000e+02
7.016181640625000000e+02
6.533481445312500000e+02
8.983428955078125000e+02
8.106701049804687500e+02
7.599393310546875000e+02
6.985487060546875000e+02
8.066555786132812500e+02
7.586458740234375000e+02
8.452650146484375000e+02
6.905023193359375000e+02
7.547048339843750000e+02
5.947648925781250000e+02
6.811927490234375000e+02
6.950366210937500000e+02
6.214299926757812500e+02
6.272731933593750000e+02
5.909511718750000000e+02
9.474371337890625000e+02
5.680332641601562500e+02
7.910798950195312500e+02
5.478875732421875000e+02
7.580142211914062500e+02
5.949126586914062500e+02
7.173580322265625000e+02
5.254291992187500000e+02
4.596229553222656250e+02
5.831861572265625000e+02
5.930969238281250000e+02
8.305635375976562500e+02
5.481443481445312500e+02
5.713793334960937500e+02
3.996790466308593750e+02
5.895520019531250000e+02
5.064621582031250000e+02
5.801477661132812500e+02
7.005502929687500000e+02
5.937214355468750000e+02
4.688998718261718750e+02
5.599314575195312500e+02
5.233499755859375000e+02
4.649300842285156250e+02
6.261020507812500000e+02
5.474845581054687500e+02
6.647474365234375000e+02
4.825318603515625000e+02
5.200926513671875000e+02
5.361021728515625000e+02
4.796779785156250000e+02
5.857000732421875000e+02
3.783210449218750000e+02
6.636242675781250000e+02
7.095286254882812500e+02
4.572783203125000000e+02
5.919645996093750000e+02
4.714804992675781250e+02
5.635778808593750000e+02
4.967050476074218750e+02
5.021417236328125000e+02
5.325261230468750000e+02
4.482066955566406250e+02
4.988255004882812500e+02
4.214196472167968750e+02
4.910635375976562500e+02
4.870211181640625000e+02
5.493067626953125000e+02
4.863408203125000000e+02
4.325685729980468750e+02
5.480703125000000000e+02
7.109030761718750000e+02
3.773899536132812500e+02
4.742872009277343750e+02
5.306190795898437500e+02
5.758363037109375000e+02
4.860791931152343750e+02
4.619516601562500000e+02
5.296897583007812500e+02
4.634270935058593750e+02
3.829166259765625000e+02
4.457233581542968750e+02
4.452589111328125000e+02
3.464859313964843750e+02
7.378537597656250000e+02
4.224904479980468750e+02
3.893247070312500000e+02
4.888359985351562500e+02
3.508424682617187500e+02
4.109843750000000000e+02
4.349617309570312500e+02
4.553490905761718750e+02
3.665120849609375000e+02
4.657312622070312500e+02
4.313073730468750000e+02
4.038025817871093750e+02
4.531087341308593750e+02
4.352390136718750000e+02
5.130192871093750000e+02
5.550321044921875000e+02
5.503293457031250000e+02
3.513924255371093750e+02
4.209304809570312500e+02
3.811961059570312500e+02
3.811510009765625000e+02
3.941459960937500000e+02
4.121262207031250000e+02
4.506645812988281250e+02
4.025936279296875000e+02
4.183355407714843750e+02
4.616950378417968750e+02
4.175713500976562500e+02
4.321244506835937500e+02
6.367944335937500000e+02
3.929965209960937500e+02
3.880046997070312500e+02
4.054953308105468750e+02
5.144598388671875000e+02
3.772573852539062500e+02
4.149613037109375000e+02
4.489600524902343750e+02
4.435128479003906250e+02
3.453324584960937500e+02
4.301910400390625000e+02
4.086563110351562500e+02
3.481685791015625000e+02
6.906125488281250000e+02
4.411723022460937500e+02
4.604831848144531250e+02
4.608086547851562500e+02
5.570011596679687500e+02
4.428150634765625000e+02
4.146732482910156250e+02
3.672244873046875000e+02
4.093462219238281250e+02
3.727672729492187500e+02
3.825294799804687500e+02
4.469167175292968750e+02
4.394484252929687500e+02
3.872864074707031250e+02
4.200384521484375000e+02
4.764960937500000000e+02
4.990435180664062500e+02
3.310506896972656250e+02
3.250167236328125000e+02
4.060786437988281250e+02
3.651584167480468750e+02
3.719273681640625000e+02
4.038653564453125000e+02
3.625136718750000000e+02
4.309241943359375000e+02
3.855439453125000000e+02
3.865529785156250000e+02
6.436589355468750000e+02
4.381828002929687500e+02
3.488417968750000000e+02
2.995778808593750000e+02
3.677322387695312500e+02
3.451515808105468750e+02
3.588164672851562500e+02
2.630831604003906250e+02
3.884707336425781250e+02
4.322609252929687500e+02
3.574553222656250000e+02
3.920750122070312500e+02
3.576605224609375000e+02
4.002024536132812500e+02
3.883971862792968750e+02
3.214482421875000000e+02
4.135479736328125000e+02
3.325841674804687500e+02
3.455780334472656250e+02
3.199675903320312500e+02
4.656743164062500000e+02
3.628361206054687500e+02
3.369728698730468750e+02
4.932327880859375000e+02
3.789441528320312500e+02
3.267571411132812500e+02
4.648546752929687500e+02
4.145726318359375000e+02
3.872039489746093750e+02
5.903667602539062500e+02
3.110379028320312500e+02
4.208518066406250000e+02
3.300886840820312500e+02
3.040140380859375000e+02
3.856300048828125000e+02
3.698837890625000000e+02
3.563131103515625000e+02
3.480283203125000000e+02
3.266157226562500000e+02
3.537200622558593750e+02
3.336286315917968750e+02
3.846505126953125000e+02
3.989900817871093750e+02
3.290212402343750000e+02
3.544763793945312500e+02
3.295946960449218750e+02
3.564414367675781250e+02
2.966558227539062500e+02
4.127282714843750000e+02
4.418978881835937500e+02
3.384574279785156250e+02
3.443904724121093750e+02
3.894002685546875000e+02
3.324917297363281250e+02
3.261973876953125000e+02
6.051454467773437500e+02
2.960493164062500000e+02
3.606030273437500000e+02
2.888609313964843750e+02
3.284576110839843750e+02
3.271154785156250000e+02
3.240800781250000000e+02
6.048168945312500000e+02
3.047440795898437500e+02
2.990957641601562500e+02
2.985014648437500000e+02
3.000391845703125000e+02
3.679468078613281250e+02
3.414329833984375000e+02
3.462662963867187500e+02
3.164996948242187500e+02
3.332407836914062500e+02
3.009573974609375000e+02
2.771524047851562500e+02
2.803140258789062500e+02
3.475510864257812500e+02
4.146353759765625000e+02
3.628279418945312500e+02
2.980919189453125000e+02
3.099931030273437500e+02
3.192940063476562500e+02
4.697446899414062500e+02
3.251652526855468750e+02
3.802396240234375000e+02
3.019354553222656250e+02
3.425853881835937500e+02
2.739474182128906250e+02
2.895434570312500000e+02
3.346133728027343750e+02
2.998520507812500000e+02
2.909711608886718750e+02
3.885806274414062500e+02
2.795052490234375000e+02
4.064716186523437500e+02
4.078806762695312500e+02
3.851207275390625000e+02
3.471889953613281250e+02
5.486816406250000000e+02
3.515644836425781250e+02
4.095621337890625000e+02
3.147398681640625000e+02
2.622973327636718750e+02
2.865993347167968750e+02
2.975383911132812500e+02
3.144531555175781250e+02
2.933226013183593750e+02
2.634259338378906250e+02
3.621868591308593750e+02
2.974490966796875000e+02
2.683069763183593750e+02
2.917252807617187500e+02
3.056815185546875000e+02
2.578933410644531250e+02
3.087129211425781250e+02
3.082583312988281250e+02
2.589036865234375000e+02
3.270907897949218750e+02
3.051458740234375000e+02
2.809816284179687500e+02
2.737680969238281250e+02
3.186859741210937500e+02
3.187864990234375000e+02
1.994667205810546875e+02
2.521271514892578125e+02
2.974104614257812500e+02
3.183551940917968750e+02
3.653208618164062500e+02
3.486928405761718750e+02
3.009456481933593750e+02
3.169829101562500000e+02
2.716190185546875000e+02
3.373460693359375000e+02
4.690179138183593750e+02
4.141859741210937500e+02
3.199072265625000000e+02
4.145148315429687500e+02
2.667917175292968750e+02
4.442003173828125000e+02
2.527672729492187500e+02
2.561696472167968750e+02
3.148647155761718750e+02
3.905354309082031250e+02
2.528666992187500000e+02
2.960467224121093750e+02
2.794830932617187500e+02
3.054940795898437500e+02
2.335458984375000000e+02
2.712418212890625000e+02
3.069700622558593750e+02
3.044802551269531250e+02
3.056886596679687500e+02
2.935123901367187500e+02
2.681082763671875000e+02
2.886329650878906250e+02
2.995246582031250000e+02
2.664965820312500000e+02
2.552630157470703125e+02
3.278792724609375000e+02
3.084419555664062500e+02
2.856172485351562500e+02
2.969358215332031250e+02
3.083302001953125000e+02
2.976680603027343750e+02
2.544317626953125000e+02
2.927172851562500000e+02
4.217769165039062500e+02
2.680642089843750000e+02
2.228377380371093750e+02
3.213675842285156250e+02
2.617257385253906250e+02
2.825828552246093750e+02
3.199263305664062500e+02
2.796849670410156250e+02
2.959472045898437500e+02
2.843382873535156250e+02
2.971751098632812500e+02
2.748188171386718750e+02
2.605575256347656250e+02
2.605710449218750000e+02
2.634998168945312500e+02
2.234797973632812500e+02
3.138116149902343750e+02
2.452250366210937500e+02
2.464100952148437500e+02
4.261858520507812500e+02
2.159780578613281250e+02
2.548094329833984375e+02
2.832211608886718750e+02
3.070067749023437500e+02
2.855050354003906250e+02
2.844321289062500000e+02
2.239674987792968750e+02
2.768847656250000000e+02
2.944967041015625000e+02
2.288306274414062500e+02
4.866935424804687500e+02
2.791615905761718750e+02
2.263215026855468750e+02
2.567535400390625000e+02
4.191858520507812500e+02
2.561860961914062500e+02
2.846884460449218750e+02
2.414091949462890625e+02
3.217612304687500000e+02
2.528878021240234375e+02
2.099830322265625000e+02
2.795861511230468750e+02
2.036151428222656250e+02
2.318497009277343750e+02
2.549594573974609375e+02
2.217597961425781250e+02
2.286181640625000000e+02
2.541623077392578125e+02
2.618247070312500000e+02
2.646204528808593750e+02
2.428927917480468750e+02
2.420699615478515625e+02
2.736387939453125000e+02
2.494759368896484375e+02
3.179842529296875000e+02
2.824849853515625000e+02
2.478629760742187500e+02
2.334356842041015625e+02
2.669301757812500000e+02
4.544577636718750000e+02
2.013583374023437500e+02
2.262312011718750000e+02
2.510111846923828125e+02
2.332904357910156250e+02
2.636257934570312500e+02
2.827165527343750000e+02
2.155096282958984375e+02
2.375011901855468750e+02
2.515485992431640625e+02
2.404850769042968750e+02
2.455291748046875000e+02
3.603698730468750000e+02
2.723800048828125000e+02
4.345577392578125000e+02
2.886199645996093750e+02
2.622271118164062500e+02
2.691647949218750000e+02
2.772506103515625000e+02
2.166919860839843750e+02
2.716547851562500000e+02
2.356059722900390625e+02
3.138773498535156250e+02
2.640686950683593750e+02
2.448417816162109375e+02
2.779668579101562500e+02
2.548262023925781250e+02
2.209132995605468750e+02
2.100711975097656250e+02
2.848078613281250000e+02
1.838665771484375000e+02
2.462860717773437500e+02
2.675573425292968750e+02
2.226887969970703125e+02
2.082714691162109375e+02
2.352892608642578125e+02
3.156152954101562500e+02
4.895263061523437500e+02
2.046532135009765625e+02
2.691436767578125000e+02
3.163522338867187500e+02
2.619725341796875000e+02
2.477840270996093750e+02
2.347021484375000000e+02
2.439879302978515625e+02
2.327793731689453125e+02
2.159797821044921875e+02
2.130140075683593750e+02
3.087538146972656250e+02
2.355321044921875000e+02
2.296329498291015625e+02
3.073827209472656250e+02
2.016537475585937500e+02
2.624939575195312500e+02
2.620044860839843750e+02
2.267890625000000000e+02
2.627293090820312500e+02
2.146201477050781250e+02
2.284631652832031250e+02
2.227837524414062500e+02
4.470739135742187500e+02
2.405121459960937500e+02
2.186542663574218750e+02
2.440869750976562500e+02
2.400197448730468750e+02
2.153592376708984375e+02
2.474001922607421875e+02
2.446582641601562500e+02
2.927152709960937500e+02
2.109930725097656250e+02
2.679786376953125000e+02
1.935091247558593750e+02
2.381274871826171875e+02
2.101240844726562500e+02
2.294342956542968750e+02
2.888303527832031250e+02
2.626529541015625000e+02
3.153558349609375000e+02
2.800309143066406250e+02
2.311484069824218750e+02
4.568939208984375000e+02
2.431527862548828125e+02
2.062634124755859375e+02
2.307448730468750000e+02
1.872569274902343750e+02
2.100337524414062500e+02
3.100568237304687500e+02
2.199213104248046875e+02
2.559224548339843750e+02
2.412339630126953125e+02
2.449271545410156250e+02
2.205773925781250000e+02
2.132529449462890625e+02
1.956156005859375000e+02
2.253591461181640625e+02
2.230556488037109375e+02
4.264610595703125000e+02
2.027113342285156250e+02
1.975885314941406250e+02
2.299241943359375000e+02
2.027858886718750000e+02
1.965623168945312500e+02
2.398175964355468750e+02
2.240594635009765625e+02
1.849084777832031250e+02
1.933357086181640625e+02
2.321335144042968750e+02
2.058150634765625000e+02
2.400007629394531250e+02
3.071137695312500000e+02
2.348956146240234375e+02
2.300244445800781250e+02
2.160755615234375000e+02
2.230814208984375000e+02
1.968087005615234375e+02
1.735513000488281250e+02
1.960205993652343750e+02
1.944077148437500000e+02
3.240920410156250000e+02
2.003557434082031250e+02
2.029284820556640625e+02
2.353961791992187500e+02
2.203421783447265625e+02
2.139167175292968750e+02
2.233789825439453125e+02
2.259006195068359375e+02
2.378255310058593750e+02
2.492997283935546875e+02
2.535004577636718750e+02
1.893473663330078125e+02
2.169129028320312500e+02
2.317163848876953125e+02
1.846425933837890625e+02
1.724067993164062500e+02
1.841830902099609375e+02
2.156739807128906250e+02
1.805475006103515625e+02
2.155039672851562500e+02
2.361714172363281250e+02
2.406742095947265625e+02
2.366746215820312500e+02
2.440042266845703125e+02
4.537044067382812500e+02
3.073751831054687500e+02
2.455652160644531250e+02
2.609624328613281250e+02
2.146542510986328125e+02
1.965386047363281250e+02
2.123878784179687500e+02
4.128068237304687500e+02
2.869204101562500000e+02
2.296793518066406250e+02
2.380064849853515625e+02
1.868241577148437500e+02
1.947228393554687500e+02
1.907539062500000000e+02
2.243677673339843750e+02
1.935614929199218750e+02
1.866004028320312500e+02
2.049032897949218750e+02
2.833442382812500000e+02
2.023021850585937500e+02
2.329019165039062500e+02
1.527345275878906250e+02
2.114239196777343750e+02
2.335555114746093750e+02
2.220436248779296875e+02
2.229597778320312500e+02
1.868794097900390625e+02
1.928682250976562500e+02
2.132104797363281250e+02
2.091022338867187500e+02
1.853364257812500000e+02
1.846198730468750000e+02
1.848133697509765625e+02
1.689440307617187500e+02
3.232056884765625000e+02
2.133903198242187500e+02
2.207755889892578125e+02
1.821235046386718750e+02
2.162322387695312500e+02
1.919135894775390625e+02
1.684335632324218750e+02
2.168680419921875000e+02
1.918088989257812500e+02
4.082333679199218750e+02
1.665927734375000000e+02
2.118763732910156250e+02
2.307339782714843750e+02
1.622315673828125000e+02
2.502324981689453125e+02
1.967357940673828125e+02
1.952450256347656250e+02
2.040332489013671875e+02
2.009495849609375000e+02
2.092934417724609375e+02
2.447174530029296875e+02
1.742956695556640625e+02
1.798107299804687500e+02
1.821978149414062500e+02
1.664090270996093750e+02
1.897020111083984375e+02
1.680895996093750000e+02
2.408964385986328125e+02
1.790537414550781250e+02
1.703487854003906250e+02
1.823923950195312500e+02
1.839738464355468750e+02
1.486528015136718750e+02
1.917204895019531250e+02
2.053169555664062500e+02
2.189756469726562500e+02
2.469314575195312500e+02
1.952924652099609375e+02
2.020727539062500000e+02
2.096894226074218750e+02
1.879061279296875000e+02
2.020501403808593750e+02
3.874573974609375000e+02
1.958103637695312500e+02
2.874473266601562500e+02
2.195499572753906250e+02
2.264888916015625000e+02
1.581897888183593750e+02
2.405573120117187500e+02
2.008028259277343750e+02
2.425070495605468750e+02
1.625746002197265625e+02
1.666802062988281250e+02
1.784534149169921875e+02
1.830660400390625000e+02
1.717078704833984375e+02
2.029387207031250000e+02
1.513109741210937500e+02
1.869291992187500000e+02
1.871320800781250000e+02
1.663950653076171875e+02
2.289524536132812500e+02
2.123684387207031250e+02
1.807445678710937500e+02
1.705445709228515625e+02
1.841568908691406250e+02
1.354178314208984375e+02
2.008580627441406250e+02
1.535679321289062500e+02
1.531968383789062500e+02
1.619373931884765625e+02
1.891274566650390625e+02
1.663810577392578125e+02
1.535958862304687500e+02
3.904255371093750000e+02
1.817693176269531250e+02
3.752731933593750000e+02
1.708723144531250000e+02
1.832186126708984375e+02
1.530245361328125000e+02
1.907441406250000000e+02
1.534258117675781250e+02
1.812748413085937500e+02
1.635967559814453125e+02
2.133684387207031250e+02
1.831426086425781250e+02
1.854423980712890625e+02
1.459916992187500000e+02
1.981307678222656250e+02
1.699730377197265625e+02
2.109006958007812500e+02
1.736871948242187500e+02
1.784082641601562500e+02
2.169546661376953125e+02
1.631078338623046875e+02
1.608426055908203125e+02
1.632080078125000000e+02
1.532261657714843750e+02
2.238963012695312500e+02
2.348449859619140625e+02
1.915781555175781250e+02
1.449507751464843750e+02
1.654719848632812500e+02
1.598647308349609375e+02
1.241280899047851562e+02
1.555371398925781250e+02
2.058607788085937500e+02
2.131762390136718750e+02
1.816757659912109375e+02
1.779501953125000000e+02
2.232046966552734375e+02
1.376504821777343750e+02
1.635132904052734375e+02
1.726221466064453125e+02
1.554020385742187500e+02
1.730532836914062500e+02
1.667357177734375000e+02
2.027522277832031250e+02
1.728328247070312500e+02
3.693396606445312500e+02
1.339171142578125000e+02
1.542668304443359375e+02
1.917757568359375000e+02
2.337051696777343750e+02
1.607046051025390625e+02
1.826998443603515625e+02
2.212162475585937500e+02
1.811485595703125000e+02
1.409813690185546875e+02
2.059124145507812500e+02
1.456844940185546875e+02
1.462307739257812500e+02
2.021066436767578125e+02
1.372953643798828125e+02
1.786264953613281250e+02
1.529960479736328125e+02
1.664445495605468750e+02
2.136456451416015625e+02
1.878704223632812500e+02
1.543215637207031250e+02
1.380685119628906250e+02
1.905989685058593750e+02
1.737737274169921875e+02
1.447449645996093750e+02
1.690962219238281250e+02
1.734834899902343750e+02
1.366718750000000000e+02
4.177835998535156250e+02
1.385444793701171875e+02
1.725668640136718750e+02
1.334140167236328125e+02
2.025902404785156250e+02
1.839783630371093750e+02
1.984460601806640625e+02
1.666696929931640625e+02
1.459748687744140625e+02
1.953673095703125000e+02
1.905935516357421875e+02
1.543955841064453125e+02
1.884146118164062500e+02
1.967178192138671875e+02
1.907166442871093750e+02
2.110535125732421875e+02
1.713216552734375000e+02
1.299776611328125000e+02
1.659960479736328125e+02
1.955478820800781250e+02
1.838269653320312500e+02
2.102463073730468750e+02
3.586934814453125000e+02
1.374904937744140625e+02
1.331951141357421875e+02
1.633450622558593750e+02
1.299497680664062500e+02
1.514734954833984375e+02
2.537238311767578125e+02
1.780822753906250000e+02
1.523836669921875000e+02
1.431843566894531250e+02
2.132433776855468750e+02
1.866145782470703125e+02
1.519207153320312500e+02
1.734840087890625000e+02
1.797400817871093750e+02
1.640605621337890625e+02
2.243255004882812500e+02
1.504293823242187500e+02
1.680934600830078125e+02
1.680542907714843750e+02
1.772370910644531250e+02
1.244932098388671875e+02
1.469300231933593750e+02
1.525095977783203125e+02
2.086244506835937500e+02
1.424617156982421875e+02
1.435596313476562500e+02
1.892373962402343750e+02
2.256005401611328125e+02
3.709720458984375000e+02
1.509242401123046875e+02
1.495989227294921875e+02
1.665537872314453125e+02
1.465385131835937500e+02
1.679147491455078125e+02
1.416185302734375000e+02
1.700932006835937500e+02
1.327664947509765625e+02
1.754424591064453125e+02
1.824061889648437500e+02
1.564810028076171875e+02
1.558398742675781250e+02
1.474038696289062500e+02
3.340375061035156250e+02
1.160966796875000000e+02
1.496625366210937500e+02
1.348257293701171875e+02
1.456186370849609375e+02
1.926163330078125000e+02
1.198686752319335938e+02
1.459191589355468750e+02
1.831496124267578125e+02
1.560726013183593750e+02
1.466834564208984375e+02
1.702254333496093750e+02
1.258236465454101562e+02
1.944499969482421875e+02
1.385793457031250000e+02
1.328110656738281250e+02
1.537018737792968750e+02
1.325076293945312500e+02
1.811068267822265625e+02
1.262701873779296875e+02
1.651943969726562500e+02
1.351987457275390625e+02
1.381651611328125000e+02
1.736788024902343750e+02
1.705779113769531250e+02
1.517368316650390625e+02
1.310884399414062500e+02
1.512462463378906250e+02
1.464309692382812500e+02
3.317202148437500000e+02
1.651506042480468750e+02
1.398722839355468750e+02
1.750021972656250000e+02
1.585575866699218750e+02
1.380278625488281250e+02
1.431959075927734375e+02
1.879036560058593750e+02
1.341965332031250000e+02
1.335541992187500000e+02
1.400193786621093750e+02
1.499507751464843750e+02
1.345121307373046875e+02
1.330510864257812500e+02
1.521421203613281250e+02
1.034370498657226562e+02
1.502580871582031250e+02
1.317960968017578125e+02
1.413300170898437500e+02
1.349662933349609375e+02
1.267345581054687500e+02
1.234214553833007812e+02
1.789406585693359375e+02
1.658760070800781250e+02
1.529787597656250000e+02
1.610579833984375000e+02
1.418517608642578125e+02
1.441216430664062500e+02
1.464933471679687500e+02
1.523633422851562500e+02
1.163875808715820312e+02
1.218191528320312500e+02
3.453524780273437500e+02
1.280969085693359375e+02
1.097860717773437500e+02
1.574046630859375000e+02
1.872734222412109375e+02
1.590810699462890625e+02
1.132339859008789062e+02
1.586640472412109375e+02
1.460115356445312500e+02
1.372233886718750000e+02
1.171302642822265625e+02
1.361929779052734375e+02
1.502082214355468750e+02
1.108677749633789062e+02
1.396204223632812500e+02
1.392508850097656250e+02
1.456428070068359375e+02
1.368709716796875000e+02
1.544873352050781250e+02
1.427474060058593750e+02
1.440470886230468750e+02
1.409365844726562500e+02
1.212435913085937500e+02
1.294602050781250000e+02
1.460820312500000000e+02
2.337260437011718750e+02
1.077405166625976562e+02
9.328227233886718750e+01
1.157907028198242188e+02
1.718183288574218750e+02
1.565137481689453125e+02
1.774796447753906250e+02
3.378771972656250000e+02
1.183472671508789062e+02
1.170473251342773438e+02
2.013117980957031250e+02
1.953826904296875000e+02
1.543780670166015625e+02
1.291403808593750000e+02
1.468100585937500000e+02
1.018892745971679688e+02
1.418252563476562500e+02
1.460496520996093750e+02
1.271521377563476562e+02
1.097697753906250000e+02
1.196195526123046875e+02
1.527796936035156250e+02
1.373700866699218750e+02
1.319219360351562500e+02
1.077382507324218750e+02
1.064459838867187500e+02
1.175752487182617188e+02
1.395707702636718750e+02
1.561870727539062500e+02
1.158726196289062500e+02
3.295616760253906250e+02
1.682626953125000000e+02
1.031671752929687500e+02
1.367314147949218750e+02
1.544915771484375000e+02
1.137861785888671875e+02
1.520362396240234375e+02
1.266858215332031250e+02
1.298750610351562500e+02
1.342879638671875000e+02
1.351189270019531250e+02
1.213876419067382812e+02
1.265466079711914062e+02
1.273406982421875000e+02
1.063412094116210938e+02
1.370137023925781250e+02
1.286812286376953125e+02
1.133475189208984375e+02
1.401218261718750000e+02
1.017049026489257812e+02
1.383406677246093750e+02
1.260616149902343750e+02
3.307520141601562500e+02
1.188056030273437500e+02
1.205587463378906250e+02
1.228398895263671875e+02
1.404529724121093750e+02
1.054333953857421875e+02
1.086883850097656250e+02
9.651573181152343750e+01
1.479095611572265625e+02
1.141160354614257812e+02
1.171751708984375000e+02
1.117973480224609375e+02
1.045069732666015625e+02
1.045596389770507812e+02
1.192995223999023438e+02
1.265348510742187500e+02
1.377023620605468750e+02
1.311075439453125000e+02
1.271321105957031250e+02
1.143715972900390625e+02
1.390776672363281250e+02
1.275386505126953125e+02
1.276159210205078125e+02
1.480283966064453125e+02
1.104166946411132812e+02
1.281633148193359375e+02
1.756293182373046875e+02
3.038962707519531250e+02
1.032418518066406250e+02
1.049805603027343750e+02
9.749130249023437500e+01
1.446111145019531250e+02
1.626632690429687500e+02
1.225828933715820312e+02
1.250870513916015625e+02
1.351418151855468750e+02
1.242035675048828125e+02
1.047796325683593750e+02
1.242070617675781250e+02
1.452210388183593750e+02
1.073611984252929688e+02
3.479590148925781250e+02
1.425028076171875000e+02
9.893617248535156250e+01
1.115406723022460938e+02
1.159110565185546875e+02
1.209459686279296875e+02
1.073231506347656250e+02
1.046715316772460938e+02
9.721862792968750000e+01
1.173875885009765625e+02
1.343914642333984375e+02
1.021917419433593750e+02
1.087712631225585938e+02
1.276548843383789062e+02
1.314704284667968750e+02
9.859795379638671875e+01
1.125145797729492188e+02
1.339076995849609375e+02
1.304380798339843750e+02
9.308903503417968750e+01
1.305319519042968750e+02
1.405490417480468750e+02
1.098851623535156250e+02
1.070083236694335938e+02
9.525798797607421875e+01
1.371342773437500000e+02
1.146384124755859375e+02
1.601254577636718750e+02
1.175107879638671875e+02
9.307046508789062500e+01
1.232025604248046875e+02
1.293069305419921875e+02
1.330150756835937500e+02
1.412256164550781250e+02
1.071926345825195312e+02
1.035133361816406250e+02
1.071481170654296875e+02
1.172032318115234375e+02
1.073390655517578125e+02
3.119051513671875000e+02
1.150150222778320312e+02
1.071718673706054688e+02
9.878546142578125000e+01
1.650403900146484375e+02
6.585446166992187500e+01
1.149993896484375000e+02
9.866572570800781250e+01
1.049480285644531250e+02
1.305281829833984375e+02
8.037690734863281250e+01
9.595881652832031250e+01
2.936247863769531250e+02
1.109456176757812500e+02
9.924765014648437500e+01
9.882347106933593750e+01
1.085577468872070312e+02
1.168534011840820312e+02
1.022702713012695312e+02
1.018296966552734375e+02
1.128289031982421875e+02
1.060951004028320312e+02
1.019463806152343750e+02
1.080414581298828125e+02
1.421099243164062500e+02
9.767087554931640625e+01
2.375660400390625000e+02
1.010905914306640625e+02
1.055947723388671875e+02
1.206518249511718750e+02
9.773088073730468750e+01
1.226775665283203125e+02
9.665703582763671875e+01
1.019529647827148438e+02
1.094771270751953125e+02
1.121766281127929688e+02
1.265510940551757812e+02
9.941986083984375000e+01
1.129781951904296875e+02
7.737991333007812500e+01
1.092000122070312500e+02
1.237085952758789062e+02
1.407090759277343750e+02
1.269955291748046875e+02
1.281652374267578125e+02
8.863040161132812500e+01
8.845056152343750000e+01
1.169742889404296875e+02
1.154812698364257812e+02
9.653198242187500000e+01
1.023653182983398438e+02
1.247604370117187500e+02
1.064208679199218750e+02
3.369989929199218750e+02
1.333750000000000000e+02
1.278434143066406250e+02
1.222014617919921875e+02
9.675062561035156250e+01
1.112248992919921875e+02
1.583649749755859375e+02
8.631953430175781250e+01
9.435875701904296875e+01
1.132142028808593750e+02
1.020718383789062500e+02
1.027048568725585938e+02
1.396819152832031250e+02
1.380512390136718750e+02
1.263390350341796875e+02
1.214551544189453125e+02
8.477722167968750000e+01
8.558993530273437500e+01
1.344725341796875000e+02
1.520199127197265625e+02
3.114161071777343750e+02
1.289323883056640625e+02
1.022992630004882812e+02
6.104486846923828125e+01
1.424408569335937500e+02
1.312846069335937500e+02
8.513295745849609375e+01
1.225812301635742188e+02
1.051090240478515625e+02
1.007679290771484375e+02
9.605349731445312500e+01
9.307875061035156250e+01
1.173442993164062500e+02
1.065158691406250000e+02
9.809995269775390625e+01
8.939036560058593750e+01
9.916136932373046875e+01
7.652778625488281250e+01
9.331428527832031250e+01
1.138133239746093750e+02
7.568972778320312500e+01
9.913958740234375000e+01
9.564627838134765625e+01
2.806475219726562500e+02
9.758058166503906250e+01
1.061260757446289062e+02
8.630400085449218750e+01
8.879297637939453125e+01
9.427513122558593750e+01
7.970520019531250000e+01
6.238273620605468750e+01
9.143315124511718750e+01
1.048069000244140625e+02
1.321638946533203125e+02
1.041013412475585938e+02
1.269027862548828125e+02
7.315319824218750000e+01
1.037860565185546875e+02
1.496503448486328125e+02
1.165055847167968750e+02
1.077967529296875000e+02
7.730022430419921875e+01
9.554354095458984375e+01
7.386463928222656250e+01
1.095157623291015625e+02
7.136795043945312500e+01
1.014231109619140625e+02
6.612939453125000000e+01
1.034103851318359375e+02
7.194060516357421875e+01
9.820483398437500000e+01
7.538200378417968750e+01
1.742199096679687500e+02
8.011068725585937500e+01
1.499374389648437500e+02
8.348713684082031250e+01
9.926270294189453125e+01
9.310813903808593750e+01
9.648687744140625000e+01
9.834302520751953125e+01
3.051025695800781250e+02
1.007932128906250000e+02
1.150739288330078125e+02
7.961987304687500000e+01
1.038098678588867188e+02
8.515995788574218750e+01
9.172775268554687500e+01
7.807138061523437500e+01
7.390147399902343750e+01
1.081852493286132812e+02
7.926243591308593750e+01
9.008419036865234375e+01
9.477623748779296875e+01
8.296294403076171875e+01
9.559919738769531250e+01
2.864269104003906250e+02
7.986454772949218750e+01
1.203553161621093750e+02
9.204158020019531250e+01
1.011652832031250000e+02
7.285099792480468750e+01
9.325453948974609375e+01
1.169899597167968750e+02
8.822079467773437500e+01
8.357368469238281250e+01
7.850875854492187500e+01
1.041329193115234375e+02
7.939009094238281250e+01
1.281392974853515625e+02
1.681038360595703125e+02
1.043598251342773438e+02
8.646801757812500000e+01
7.567871093750000000e+01
8.772396087646484375e+01
8.639946746826171875e+01
7.974420166015625000e+01
9.489830017089843750e+01
9.929641723632812500e+01
2.823991699218750000e+02
6.984618377685546875e+01
1.539502258300781250e+02
7.569880676269531250e+01
9.519368743896484375e+01
8.448439788818359375e+01
6.702156066894531250e+01
1.265285644531250000e+02
7.337839508056640625e+01
7.211503601074218750e+01
8.442369842529296875e+01
7.449098968505859375e+01
8.914874267578125000e+01
9.868817138671875000e+01
8.757662963867187500e+01
7.978496551513671875e+01
1.092416687011718750e+02
1.026861114501953125e+02
8.336544799804687500e+01
1.020697708129882812e+02
8.800521850585937500e+01
7.274045562744140625e+01
6.749193572998046875e+01
9.317619323730468750e+01
9.480232238769531250e+01
8.491445922851562500e+01
8.413031768798828125e+01
7.512992858886718750e+01
8.655312347412109375e+01
3.112269287109375000e+02
7.012464141845703125e+01
9.973658752441406250e+01
7.623268890380859375e+01
1.100224075317382812e+02
1.016591186523437500e+02
1.097261352539062500e+02
9.803184509277343750e+01
6.811353302001953125e+01
7.437481689453125000e+01
1.034819107055664062e+02
9.177613830566406250e+01
1.060004272460937500e+02
9.265653991699218750e+01
9.936207580566406250e+01
1.007843093872070312e+02
1.089467239379882812e+02
7.744650268554687500e+01
7.526741027832031250e+01
9.239524841308593750e+01
1.055208129882812500e+02
8.106895446777343750e+01
9.199201202392578125e+01
1.031357116699218750e+02
2.888095703125000000e+02
9.684535217285156250e+01
9.815239715576171875e+01
1.279417419433593750e+02
7.342130279541015625e+01
1.291096649169921875e+02
8.794535064697265625e+01
8.631852722167968750e+01
1.507654724121093750e+02
8.028584289550781250e+01
6.680706787109375000e+01
1.113359527587890625e+02
9.331408691406250000e+01
8.632729339599609375e+01
8.692916107177734375e+01
1.018396224975585938e+02
5.655635452270507812e+01
8.733117675781250000e+01
1.081342239379882812e+02
6.323282623291015625e+01
7.377803039550781250e+01
9.275155639648437500e+01
7.902787017822265625e+01
8.758087158203125000e+01
6.649566650390625000e+01
1.075309753417968750e+02
7.959197998046875000e+01
8.705619812011718750e+01
6.604647064208984375e+01
8.371358489990234375e+01
1.020507965087890625e+02
1.079844207763671875e+02
1.189106826782226562e+02
9.585449981689453125e+01
8.230892944335937500e+01
7.068783569335937500e+01
1.189793624877929688e+02
8.539191436767578125e+01
9.197780609130859375e+01
6.319635009765625000e+01
9.297624206542968750e+01
6.447145080566406250e+01
8.027514648437500000e+01
8.062546539306640625e+01
3.024469604492187500e+02
1.034965972900390625e+02
9.421856689453125000e+01
6.337526702880859375e+01
9.634012603759765625e+01
8.696090698242187500e+01
6.270502471923828125e+01
7.176795196533203125e+01
1.022169723510742188e+02
8.641754150390625000e+01
8.004831695556640625e+01
7.584534454345703125e+01
6.428438568115234375e+01
9.413841247558593750e+01
7.282369232177734375e+01
7.656031799316406250e+01
8.998715209960937500e+01
8.870089721679687500e+01
7.127011871337890625e+01
1.122086334228515625e+02
6.508156585693359375e+01
2.870460815429687500e+02
1.151805191040039062e+02
8.426312255859375000e+01
7.165530395507812500e+01
6.344017028808593750e+01
7.927830505371093750e+01
6.130490875244140625e+01
6.488557434082031250e+01
8.521427917480468750e+01
7.369476318359375000e+01
8.079805755615234375e+01
6.860803985595703125e+01
5.627661514282226562e+01
1.023843917846679688e+02
7.889628601074218750e+01
8.977885437011718750e+01
9.121424865722656250e+01
8.116965484619140625e+01
5.512351989746093750e+01
5.628660583496093750e+01
6.524315643310546875e+01
6.548207092285156250e+01
3.222230834960937500e+02
1.052286148071289062e+02
6.935768127441406250e+01
7.592411041259765625e+01
8.249455261230468750e+01
7.942552947998046875e+01
6.447639465332031250e+01
8.383212280273437500e+01
8.131707763671875000e+01
1.355937500000000000e+02
2.758949584960937500e+02
1.016462860107421875e+02
8.239332580566406250e+01
7.646385955810546875e+01
1.094269943237304688e+02
1.107298278808593750e+02
6.033673095703125000e+01
9.024419403076171875e+01
8.636309814453125000e+01
8.195397949218750000e+01
7.440549468994140625e+01
1.397770080566406250e+02
6.801805114746093750e+01
8.351806640625000000e+01
7.519855499267578125e+01
9.339521026611328125e+01
1.223278427124023438e+02
5.437837982177734375e+01
6.688381958007812500e+01
7.910813903808593750e+01
6.721853637695312500e+01
6.882646179199218750e+01
5.992967224121093750e+01
7.968682861328125000e+01
7.537895202636718750e+01
6.588502502441406250e+01
6.408155822753906250e+01
6.072625350952148438e+01
8.203842163085937500e+01
6.503279113769531250e+01
8.891820526123046875e+01
7.318667602539062500e+01
2.979827270507812500e+02
6.419087219238281250e+01
1.285029296875000000e+02
6.780128479003906250e+01
8.258299255371093750e+01
9.348324584960937500e+01
6.985610961914062500e+01
8.797123718261718750e+01
9.503031158447265625e+01
9.633228302001953125e+01
6.577554321289062500e+01
5.969807052612304688e+01
8.744879150390625000e+01
8.920974731445312500e+01
8.866309356689453125e+01
5.747183227539062500e+01
8.663788604736328125e+01
7.667630004882812500e+01
1.183021697998046875e+02
5.959421539306640625e+01
8.468671417236328125e+01
7.880791473388671875e+01
7.240915679931640625e+01
9.938677215576171875e+01
1.158838729858398438e+02
6.525073242187500000e+01
7.686885070800781250e+01
2.967346191406250000e+02
8.025558471679687500e+01
6.410975646972656250e+01
7.857176208496093750e+01
6.937920379638671875e+01
9.669905090332031250e+01
8.539965057373046875e+01
7.104097747802734375e+01
7.803413391113281250e+01
5.733768844604492188e+01
6.080926132202148438e+01
6.212401580810546875e+01
7.776147460937500000e+01
8.661378479003906250e+01
5.855809020996093750e+01
6.933951568603515625e+01
1.003848114013671875e+02
1.057597503662109375e+02
6.751522064208984375e+01
8.675318908691406250e+01
5.515545654296875000e+01
8.224464416503906250e+01
6.275403594970703125e+01
7.115190124511718750e+01
6.752917480468750000e+01
1.031231842041015625e+02
7.248122406005859375e+01
9.425398254394531250e+01
7.278715515136718750e+01
7.867947387695312500e+01
8.425022125244140625e+01
2.711444396972656250e+02
9.199460601806640625e+01
1.013859329223632812e+02
8.644915771484375000e+01
9.939659118652343750e+01
6.902132415771484375e+01
7.604841613769531250e+01
6.481069183349609375e+01
8.439512634277343750e+01
7.876196289062500000e+01
8.001403808593750000e+01
6.521363067626953125e+01
7.066746520996093750e+01
9.647502136230468750e+01
8.530532836914062500e+01
8.542132568359375000e+01
9.193433380126953125e+01
8.030883026123046875e+01
7.315609741210937500e+01
6.105226898193359375e+01
7.531293487548828125e+01
2.937690124511718750e+02
9.139035797119140625e+01
1.092998657226562500e+02
8.408786010742187500e+01
9.543862915039062500e+01
6.036481857299804688e+01
9.124822998046875000e+01
6.676276397705078125e+01
1.371968536376953125e+02
7.418190002441406250e+01
8.872531890869140625e+01
7.588371276855468750e+01
8.368473815917968750e+01
9.288920593261718750e+01
7.217819213867187500e+01
6.573633575439453125e+01
7.475091552734375000e+01
8.109855651855468750e+01
5.831084823608398438e+01
6.905993652343750000e+01
7.105841064453125000e+01
5.678361892700195312e+01
8.364093017578125000e+01
5.666505432128906250e+01
7.733074951171875000e+01
7.264601898193359375e+01
8.082652282714843750e+01
7.474908447265625000e+01
6.549919891357421875e+01
7.947802734375000000e+01
7.517388916015625000e+01
5.986035919189453125e+01
1.056974258422851562e+02
9.014948272705078125e+01
7.003141784667968750e+01
1.009351959228515625e+02
2.979037475585937500e+02
9.319145202636718750e+01
1.191465835571289062e+02
1.158851928710937500e+02
7.150444793701171875e+01
7.018933105468750000e+01
5.697515106201171875e+01
8.479284667968750000e+01
8.425875854492187500e+01
8.078399658203125000e+01
6.207138442993164062e+01
7.501190185546875000e+01
5.446962738037109375e+01
1.017084045410156250e+02
9.289474487304687500e+01
7.765345001220703125e+01
6.413139343261718750e+01
7.837728118896484375e+01
9.276110839843750000e+01
8.334855651855468750e+01
5.054285812377929688e+01
6.966685485839843750e+01
6.883580017089843750e+01
2.786592712402343750e+02
6.491983032226562500e+01
1.207490997314453125e+02
7.418662261962890625e+01
1.030548171997070312e+02
7.157589721679687500e+01
6.313160324096679688e+01
5.081181335449218750e+01
7.903275299072265625e+01
9.313214874267578125e+01
7.091770172119140625e+01
7.441603088378906250e+01
7.951509094238281250e+01
4.983103942871093750e+01
5.674514389038085938e+01
1.093075866699218750e+02
9.658055877685546875e+01
9.932702636718750000e+01
7.143527221679687500e+01
8.366165924072265625e+01
8.915264892578125000e+01
6.313368225097656250e+01
1.145516586303710938e+02
5.624419403076171875e+01
6.506318664550781250e+01
9.480725097656250000e+01
6.761411285400390625e+01
5.786958312988281250e+01
2.670948791503906250e+02
6.444144439697265625e+01
9.460425567626953125e+01
5.353094482421875000e+01
6.094305419921875000e+01
7.610258483886718750e+01
5.956398773193359375e+01
8.789677429199218750e+01
7.036041259765625000e+01
9.448432922363281250e+01
7.851080322265625000e+01
5.321479415893554688e+01
6.417895507812500000e+01
9.994377899169921875e+01
8.390835571289062500e+01
8.981404113769531250e+01
5.868235778808593750e+01
8.101077270507812500e+01
5.401593780517578125e+01
9.533802795410156250e+01
7.379354095458984375e+01
8.695416259765625000e+01
1.243212890625000000e+02
6.302070617675781250e+01
7.196850585937500000e+01
6.137261581420898438e+01
8.047175598144531250e+01
8.205071258544921875e+01
7.622766113281250000e+01
6.651210784912109375e+01
9.531388854980468750e+01
8.492662048339843750e+01
7.095073699951171875e+01
2.839140625000000000e+02
8.053395080566406250e+01
5.497271728515625000e+01
5.575930023193359375e+01
8.876855468750000000e+01
9.559535217285156250e+01
8.570273590087890625e+01
7.244143676757812500e+01
1.106822280883789062e+02
8.127923583984375000e+01
1.123835830688476562e+02
8.917656707763671875e+01
9.438676452636718750e+01
9.250041198730468750e+01
6.554673767089843750e+01
6.239875793457031250e+01
7.671108245849609375e+01
5.067626953125000000e+01
7.357167816162109375e+01
6.419791412353515625e+01
8.489145660400390625e+01
7.662673950195312500e+01
1.178849105834960938e+02
6.742123413085937500e+01
7.442422485351562500e+01
2.660196838378906250e+02
8.032029724121093750e+01
6.081682586669921875e+01
9.098248291015625000e+01
9.008362579345703125e+01
6.624053192138671875e+01
8.697599792480468750e+01
8.670024871826171875e+01
9.564084625244140625e+01
6.594960021972656250e+01
6.685489654541015625e+01
9.746195220947265625e+01
7.078886413574218750e+01
6.593031311035156250e+01
9.674243164062500000e+01
5.868221664428710938e+01
9.976779174804687500e+01
1.007328186035156250e+02
7.953939819335937500e+01
5.580554962158203125e+01
2.449818115234375000e+02
5.637380981445312500e+01
6.285281372070312500e+01
8.629257202148437500e+01
6.285023117065429688e+01
7.166315460205078125e+01
6.752027130126953125e+01
6.643231201171875000e+01
9.791495513916015625e+01
6.049656677246093750e+01
5.131781387329101562e+01
9.622545623779296875e+01
6.212993621826171875e+01
8.162445068359375000e+01
8.110421752929687500e+01
7.254521179199218750e+01
2.484734497070312500e+02
8.914091491699218750e+01
6.184852600097656250e+01
7.086972808837890625e+01
8.762779998779296875e+01
5.729642486572265625e+01
1.232641601562500000e+02
7.294579315185546875e+01
7.725769805908203125e+01
7.481752777099609375e+01
6.679015350341796875e+01
6.487469482421875000e+01
6.818927764892578125e+01
9.290202331542968750e+01
5.999907302856445312e+01
1.178597106933593750e+02
5.913241577148437500e+01
9.628310394287109375e+01
5.723517227172851562e+01
6.954520416259765625e+01
7.370199584960937500e+01
7.317864990234375000e+01
9.209631347656250000e+01
4.777341842651367188e+01
6.667594146728515625e+01
1.066126251220703125e+02
6.804222106933593750e+01
7.232064056396484375e+01
8.570707702636718750e+01
7.882691955566406250e+01
8.665361022949218750e+01
1.083065032958984375e+02
5.277038955688476562e+01
7.648732757568359375e+01
6.515168762207031250e+01
7.529509735107421875e+01
4.927780151367187500e+01
6.680953979492187500e+01
7.603384399414062500e+01
2.588859558105468750e+02
6.766957855224609375e+01
9.615318298339843750e+01
9.352208709716796875e+01
9.174370574951171875e+01
6.201397705078125000e+01
8.536215209960937500e+01
2.513913116455078125e+02
7.092908477783203125e+01
5.742251968383789062e+01
4.770801162719726562e+01
8.779770660400390625e+01
8.807119750976562500e+01
5.343572998046875000e+01
6.343148040771484375e+01
8.091606140136718750e+01
8.773889923095703125e+01
6.763761138916015625e+01
6.353284454345703125e+01
5.865813064575195312e+01
6.160032653808593750e+01
1.181420135498046875e+02
6.277234649658203125e+01
1.011131286621093750e+02
7.477951049804687500e+01
1.512440490722656250e+02
5.053227996826171875e+01
9.606129455566406250e+01
7.471030426025390625e+01
6.297065353393554688e+01
6.085108947753906250e+01
7.014434814453125000e+01
7.156536865234375000e+01
8.249372100830078125e+01
6.250534057617187500e+01
5.999198913574218750e+01
5.281302642822265625e+01
3.112320556640625000e+02
7.082853698730468750e+01
1.004886932373046875e+02
6.135472106933593750e+01
5.089234161376953125e+01
8.614752960205078125e+01
9.335427093505859375e+01
7.155989074707031250e+01
6.973416137695312500e+01
9.893420410156250000e+01
8.479707336425781250e+01
6.160081481933593750e+01
5.919824981689453125e+01
7.211833953857421875e+01
8.591871643066406250e+01
8.093186950683593750e+01
7.522968292236328125e+01
8.956781768798828125e+01
8.813207244873046875e+01
5.593306350708007812e+01
1.001019439697265625e+02
6.692289733886718750e+01
9.030086517333984375e+01
5.761632919311523438e+01
6.062221527099609375e+01
7.213672637939453125e+01
4.252844619750976562e+01
1.027764968872070312e+02
9.331925201416015625e+01
7.147306060791015625e+01
4.569604110717773438e+01
7.123622894287109375e+01
8.752557373046875000e+01
1.256013793945312500e+02
6.449188232421875000e+01
6.747632598876953125e+01
7.235302734375000000e+01
1.050342712402343750e+02
9.848026275634765625e+01
6.000513458251953125e+01
7.324876403808593750e+01
9.892063903808593750e+01
2.819561157226562500e+02
6.467723083496093750e+01
8.708214569091796875e+01
6.311517333984375000e+01
7.532195281982421875e+01
7.732419586181640625e+01
8.504774475097656250e+01
7.911198425292968750e+01
6.913749694824218750e+01
7.024436950683593750e+01
6.363475799560546875e+01
6.339724731445312500e+01
7.955634307861328125e+01
7.553722381591796875e+01
9.139337158203125000e+01
1.033816986083984375e+02
7.339334869384765625e+01
2.601976623535156250e+02
9.291313934326171875e+01
6.514233398437500000e+01
8.760700225830078125e+01
6.894120025634765625e+01
5.213749313354492188e+01
8.011032104492187500e+01
7.753467559814453125e+01
5.304640197753906250e+01
8.486102294921875000e+01
7.542223358154296875e+01
5.478626632690429688e+01
6.152956390380859375e+01
6.998889160156250000e+01
7.559426879882812500e+01
6.717360687255859375e+01
6.781283569335937500e+01
5.575661468505859375e+01
1.019946823120117188e+02
7.527024841308593750e+01
5.598284149169921875e+01
1.061342849731445312e+02
9.252348327636718750e+01
1.076487884521484375e+02
8.158815002441406250e+01
7.047401428222656250e+01
7.410234832763671875e+01
6.779920959472656250e+01
5.546641540527343750e+01
5.207425689697265625e+01
6.643852233886718750e+01
8.582466888427734375e+01
5.345293045043945312e+01
8.458154296875000000e+01
7.268725585937500000e+01
7.787812805175781250e+01
1.117993087768554688e+02
6.941876983642578125e+01
6.475443267822265625e+01
5.428443908691406250e+01
2.585834350585937500e+02
7.227600860595703125e+01
6.862070465087890625e+01
6.172940826416015625e+01
7.907014465332031250e+01
8.016072082519531250e+01
8.828407287597656250e+01
6.016407775878906250e+01
9.947412109375000000e+01
7.207104492187500000e+01
7.590074920654296875e+01
1.303256072998046875e+02
7.634697723388671875e+01
6.180730056762695312e+01
7.461513519287109375e+01
5.457572174072265625e+01
4.195870208740234375e+01
1.060296936035156250e+02
1.017455673217773438e+02
1.037893676757812500e+02
7.532215118408203125e+01
5.690953063964843750e+01
3.027128601074218750e+02
7.693193817138671875e+01
5.497118377685546875e+01
8.884930419921875000e+01
6.552270507812500000e+01
9.667028808593750000e+01
6.503279876708984375e+01
9.414955139160156250e+01
5.923665618896484375e+01
6.148844146728515625e+01
6.506869506835937500e+01
7.004141998291015625e+01
5.975820159912109375e+01
5.763710021972656250e+01
9.047212219238281250e+01
6.868313598632812500e+01
9.183506774902343750e+01
5.715772247314453125e+01
4.054259872436523438e+01
6.692549133300781250e+01
7.529316711425781250e+01
7.303207397460937500e+01
4.722806167602539062e+01
1.100777740478515625e+02
2.676548767089843750e+02
5.763156509399414062e+01
7.383177185058593750e+01
9.459544372558593750e+01
5.064288711547851562e+01
4.660153579711914062e+01
6.995736694335937500e+01
5.412431716918945312e+01
6.639446258544921875e+01
7.791051483154296875e+01
7.587954711914062500e+01
6.292291641235351562e+01
1.155196304321289062e+02
8.705309295654296875e+01
7.758563232421875000e+01
7.714608764648437500e+01
7.029980468750000000e+01
2.675128784179687500e+02
4.598246002197265625e+01
6.693317413330078125e+01
7.680477142333984375e+01
1.337570495605468750e+02
5.573888397216796875e+01
8.775324249267578125e+01
7.923645782470703125e+01
6.595073699951171875e+01
6.865614318847656250e+01
7.971574401855468750e+01
5.657381820678710938e+01
1.067108917236328125e+02
6.195351028442382812e+01
5.892134094238281250e+01
5.853121566772460938e+01
5.559254837036132812e+01
7.956389617919921875e+01
5.029032897949218750e+01
6.167578125000000000e+01
7.263823699951171875e+01
1.161868972778320312e+02
6.678719329833984375e+01
7.432231903076171875e+01
9.551644897460937500e+01
5.248645019531250000e+01
6.058435440063476562e+01
6.425918579101562500e+01
1.021899719238281250e+02
6.059717559814453125e+01
6.678302001953125000e+01
9.266905212402343750e+01
6.026406478881835938e+01
7.162432098388671875e+01
6.696317291259765625e+01
7.697678375244140625e+01
2.891380310058593750e+02
1.239036560058593750e+02
8.421286010742187500e+01
7.980660247802734375e+01
7.305778503417968750e+01
4.933226394653320312e+01
8.244817352294921875e+01
6.022982406616210938e+01
7.972101593017578125e+01
7.081772613525390625e+01
7.809922790527343750e+01
7.152319335937500000e+01
8.622322845458984375e+01
8.136410522460937500e+01
6.365211868286132812e+01
6.351232910156250000e+01
6.861011505126953125e+01
4.926334381103515625e+01
6.458829498291015625e+01
9.556811523437500000e+01
4.697737884521484375e+01
2.714996948242187500e+02
8.122611236572265625e+01
6.920088195800781250e+01
9.075102996826171875e+01
6.780493164062500000e+01
6.948469543457031250e+01
6.932949829101562500e+01
7.084260559082031250e+01
8.699333953857421875e+01
7.786849975585937500e+01
5.562320709228515625e+01
6.652210998535156250e+01
5.814129638671875000e+01
8.665740203857421875e+01
6.260916137695312500e+01
6.391781234741210938e+01
7.760105895996093750e+01
4.552318954467773438e+01
7.251129913330078125e+01
7.502136993408203125e+01
8.135899353027343750e+01
8.107865142822265625e+01
7.740100097656250000e+01
6.996336364746093750e+01
4.974716186523437500e+01
8.321620178222656250e+01
4.375931549072265625e+01
7.757337951660156250e+01
7.497229766845703125e+01
7.996845245361328125e+01
2.733877258300781250e+02
9.273115539550781250e+01
6.545594024658203125e+01
6.359529495239257812e+01
1.225433578491210938e+02
5.340721893310546875e+01
6.213565826416015625e+01
6.308015823364257812e+01
7.506362152099609375e+01
5.546796798706054688e+01
9.664282226562500000e+01
8.602326965332031250e+01
1.113677215576171875e+02
7.738396453857421875e+01
1.139682464599609375e+02
8.933865356445312500e+01
7.522317504882812500e+01
4.419991683959960938e+01
6.441341400146484375e+01
2.501479339599609375e+02
9.579978179931640625e+01
8.208784484863281250e+01
4.953288269042968750e+01
6.691719055175781250e+01
5.926626586914062500e+01
7.409384918212890625e+01
6.298398590087890625e+01
7.043038940429687500e+01
6.896713256835937500e+01
7.998773956298828125e+01
5.176414489746093750e+01
5.650155639648437500e+01
4.400128555297851562e+01
9.090688323974609375e+01
7.048387145996093750e+01
9.624594116210937500e+01
6.512354278564453125e+01
6.075696182250976562e+01
6.301713562011718750e+01
7.778772735595703125e+01
6.683855438232421875e+01
2.692226867675781250e+02
7.710263061523437500e+01
6.532191467285156250e+01
7.311375427246093750e+01
5.839558029174804688e+01
8.513035583496093750e+01
7.640374755859375000e+01
6.668425750732421875e+01
6.708817291259765625e+01
6.598001098632812500e+01
5.783475875854492188e+01
8.282256317138671875e+01
5.498161697387695312e+01
1.673187561035156250e+02
7.271758270263671875e+01
8.741231536865234375e+01
8.056159210205078125e+01
6.457013702392578125e+01
7.814739227294921875e+01
7.231033325195312500e+01
7.429225158691406250e+01
9.390872192382812500e+01
7.734764099121093750e+01
5.349101638793945312e+01
6.618560028076171875e+01
5.469218444824218750e+01
2.678556518554687500e+02
9.562171936035156250e+01
7.073231506347656250e+01
8.339070892333984375e+01
5.578545379638671875e+01
7.415570831298828125e+01
1.095278167724609375e+02
9.814917755126953125e+01
7.354257202148437500e+01
7.470736694335937500e+01
8.766393280029296875e+01
5.901924896240234375e+01
6.303792572021484375e+01
5.216112518310546875e+01
8.505995941162109375e+01
8.007227325439453125e+01
7.050281524658203125e+01
5.809043502807617188e+01
4.336612701416015625e+01
5.908119201660156250e+01
5.971554946899414062e+01
6.734735870361328125e+01
6.105197906494140625e+01
8.167900848388671875e+01
2.563413085937500000e+02
6.496012878417968750e+01
5.439475250244140625e+01
6.176571655273437500e+01
6.686238861083984375e+01
5.872504425048828125e+01
6.274168395996093750e+01
5.847731781005859375e+01
9.787829589843750000e+01
6.986676788330078125e+01
5.918885803222656250e+01
6.586015319824218750e+01
4.568877029418945312e+01
8.137252044677734375e+01
1.071783752441406250e+02
5.457609558105468750e+01
5.430675506591796875e+01
8.735606384277343750e+01
7.801209259033203125e+01
1.184723739624023438e+02
8.375939178466796875e+01
6.387124633789062500e+01
7.396754455566406250e+01
2.477931213378906250e+02
7.649169158935546875e+01
6.039955520629882812e+01
6.275856781005859375e+01
7.031342315673828125e+01
5.723819351196289062e+01
6.465117645263671875e+01
6.283144378662109375e+01
7.575280761718750000e+01
1.146041412353515625e+02
4.802263259887695312e+01
6.219834899902343750e+01
5.484004211425781250e+01
7.416922760009765625e+01
7.264198303222656250e+01
6.042466354370117188e+01
6.467457580566406250e+01
8.327967834472656250e+01
5.470938491821289062e+01
7.142873382568359375e+01
6.826158905029296875e+01
1.025531692504882812e+02
9.879529571533203125e+01
5.291061019897460938e+01
8.239578247070312500e+01
7.764379882812500000e+01
1.056743316650390625e+02
5.357221984863281250e+01
6.970774078369140625e+01
5.985637664794921875e+01
4.296260833740234375e+01
5.444090270996093750e+01
7.501654815673828125e+01
6.510341644287109375e+01
9.074082183837890625e+01
7.412394714355468750e+01
4.638174057006835938e+01
7.158835601806640625e+01
6.835102081298828125e+01
6.703918457031250000e+01
8.140357971191406250e+01
6.178351211547851562e+01
5.133163070678710938e+01
5.256503295898437500e+01
6.619041442871093750e+01
2.875487060546875000e+02
8.874978637695312500e+01
7.896290588378906250e+01
7.792531585693359375e+01
6.180162048339843750e+01
4.592170333862304688e+01
8.089979553222656250e+01
5.425187683105468750e+01
7.542544555664062500e+01
8.891007232666015625e+01
9.368594360351562500e+01
4.674160003662109375e+01
8.840010070800781250e+01
7.417918395996093750e+01
7.421804046630859375e+01
8.752989959716796875e+01
7.185473632812500000e+01
6.987507629394531250e+01
4.724269104003906250e+01
2.565196533203125000e+02
8.601126861572265625e+01
8.992985534667968750e+01
6.962777709960937500e+01
5.724800109863281250e+01
9.061729431152343750e+01
1.184375610351562500e+02
6.758079528808593750e+01
8.342859649658203125e+01
7.195886993408203125e+01
5.759053039550781250e+01
8.554041290283203125e+01
6.719646453857421875e+01
6.949776458740234375e+01
7.317165374755859375e+01
6.287265014648437500e+01
6.544552612304687500e+01
9.033487701416015625e+01
7.574995422363281250e+01
7.167444610595703125e+01
6.762985229492187500e+01
7.354243469238281250e+01
8.548220825195312500e+01
8.215184783935546875e+01
5.832147216796875000e+01
5.780916595458984375e+01
9.486863708496093750e+01
6.852386474609375000e+01
6.489775848388671875e+01
6.861215209960937500e+01
5.366141891479492188e+01
6.143990325927734375e+01
5.481312561035156250e+01
4.886164855957031250e+01
2.619758605957031250e+02
8.011582946777343750e+01
6.684267425537109375e+01
6.526107025146484375e+01
4.427482986450195312e+01
2.543400115966796875e+02
8.988912200927734375e+01
6.150885391235351562e+01
5.949216842651367188e+01
8.149277496337890625e+01
9.474734497070312500e+01
6.441091918945312500e+01
7.489619445800781250e+01
6.382089614868164062e+01
7.505770874023437500e+01
7.690986633300781250e+01
1.043267059326171875e+02
7.697335052490234375e+01
6.896160888671875000e+01
9.997737121582031250e+01
5.157985687255859375e+01
6.019852828979492188e+01
7.216099548339843750e+01
7.912800598144531250e+01
5.720338058471679688e+01
3.635342025756835938e+01
6.930871582031250000e+01
9.277147674560546875e+01
6.598260498046875000e+01
7.318173980712890625e+01
9.072394561767578125e+01
8.598741149902343750e+01
4.169320678710937500e+01
6.100244140625000000e+01
7.707830047607421875e+01
5.683390808105468750e+01
6.845414733886718750e+01
4.871978759765625000e+01
7.211650848388671875e+01
9.835949707031250000e+01
6.606694030761718750e+01
7.180932617187500000e+01
8.474684143066406250e+01
7.691455078125000000e+01
6.929244232177734375e+01
5.453737258911132812e+01
5.088123321533203125e+01
7.739767456054687500e+01
2.580239257812500000e+02
5.545423889160156250e+01
5.306394195556640625e+01
8.147537994384765625e+01
1.113144378662109375e+02
5.441918182373046875e+01
5.980200195312500000e+01
7.277133941650390625e+01
5.732453536987304688e+01
2.762008666992187500e+02
6.682036590576171875e+01
8.409553527832031250e+01
5.022064208984375000e+01
7.128932189941406250e+01
5.421513748168945312e+01
7.130698394775390625e+01
8.098513031005859375e+01
7.951615142822265625e+01
7.814997100830078125e+01
9.189998626708984375e+01
9.125404357910156250e+01
7.106841278076171875e+01
5.952066040039062500e+01
4.613646697998046875e+01
6.117029571533203125e+01
5.216407012939453125e+01
6.588441467285156250e+01
5.845814514160156250e+01
4.576638412475585938e+01
9.158634185791015625e+01
9.084561157226562500e+01
6.044418334960937500e+01
6.228348541259765625e+01
5.524467468261718750e+01
2.524708709716796875e+02
5.870632553100585938e+01
7.738355255126953125e+01
8.987435150146484375e+01
5.901900482177734375e+01
6.533761596679687500e+01
8.606934356689453125e+01
5.341542816162109375e+01
6.820445251464843750e+01
9.486678314208984375e+01
5.360709762573242188e+01
1.047731399536132812e+02
6.369749450683593750e+01
5.289201354980468750e+01
8.047157287597656250e+01
1.056129531860351562e+02
6.493524169921875000e+01
5.990985488891601562e+01
5.154479217529296875e+01
7.780955505371093750e+01
7.920973968505859375e+01
8.246659088134765625e+01
6.782930755615234375e+01
6.044526672363281250e+01
6.240827941894531250e+01
2.595332641601562500e+02
5.567128753662109375e+01
1.146857833862304688e+02
7.282167816162109375e+01
5.754425811767578125e+01
7.871804809570312500e+01
5.724975204467773438e+01
5.457041931152343750e+01
7.079692840576171875e+01
4.985714721679687500e+01
8.138266754150390625e+01
5.057568359375000000e+01
5.891493988037109375e+01
7.957067871093750000e+01
7.295228576660156250e+01
8.037834930419921875e+01
5.562457656860351562e+01
1.292080688476562500e+02
7.959896087646484375e+01
8.347396087646484375e+01
8.623020172119140625e+01
4.791419601440429688e+01
5.116144561767578125e+01
6.311969757080078125e+01
5.446344757080078125e+01
7.931539916992187500e+01
5.710148620605468750e+01
8.280148315429687500e+01
6.132987594604492188e+01
5.691812515258789062e+01
6.413429260253906250e+01
7.813684844970703125e+01
9.172180938720703125e+01
9.592702484130859375e+01
5.328971862792968750e+01
8.448799896240234375e+01
6.907120513916015625e+01
6.332356262207031250e+01
5.484037017822265625e+01
1.295339202880859375e+02
5.155441284179687500e+01
8.962262725830078125e+01
2.567055053710937500e+02
8.397762298583984375e+01
4.651471710205078125e+01
6.037617111206054688e+01
5.083175659179687500e+01
4.940805053710937500e+01
7.746710205078125000e+01
4.879407882690429688e+01
7.879611206054687500e+01
6.800562286376953125e+01
4.357612228393554688e+01
6.791233825683593750e+01
6.008389282226562500e+01
6.385448074340820312e+01
5.253365325927734375e+01
6.721658325195312500e+01
8.296370697021484375e+01
6.691772460937500000e+01
6.517594909667968750e+01
6.870246887207031250e+01
8.251686859130859375e+01
1.038623504638671875e+02
5.556810379028320312e+01
6.158753204345703125e+01
2.669319458007812500e+02
6.929261779785156250e+01
5.279612731933593750e+01
9.684310150146484375e+01
5.069427490234375000e+01
5.375729370117187500e+01
5.648031997680664062e+01
7.351954650878906250e+01
8.924527740478515625e+01
5.494295120239257812e+01
6.674971008300781250e+01
8.497932434082031250e+01
6.528275299072265625e+01
1.111038055419921875e+02
9.410137939453125000e+01
7.305780792236328125e+01
5.648643112182617188e+01
5.676483154296875000e+01
6.153952026367187500e+01
4.482028198242187500e+01
6.223524093627929688e+01
6.156993484497070312e+01
6.629846954345703125e+01
7.081624603271484375e+01
5.086827850341796875e+01
8.955298614501953125e+01
5.215150451660156250e+01
5.124845123291015625e+01
9.738520050048828125e+01
6.695139312744140625e+01
7.268827819824218750e+01
5.386810684204101562e+01
6.728256225585937500e+01
6.319036865234375000e+01
2.843500366210937500e+02
7.222927856445312500e+01
8.384885406494140625e+01
4.607578659057617188e+01
6.184781646728515625e+01
6.506346130371093750e+01
5.834463500976562500e+01
5.966976928710937500e+01
5.312252807617187500e+01
8.668099212646484375e+01
5.685957717895507812e+01
6.282823562622070312e+01
8.089019775390625000e+01
6.827150726318359375e+01
7.876712036132812500e+01
7.837450408935546875e+01
8.773037719726562500e+01
9.076908874511718750e+01
5.227364349365234375e+01
6.204103088378906250e+01
4.820212554931640625e+01
5.938848114013671875e+01
6.313460922241210938e+01
6.415329742431640625e+01
8.547737884521484375e+01
8.772322082519531250e+01
6.352184677124023438e+01
4.706418228149414062e+01
2.632999877929687500e+02
5.710415649414062500e+01
7.870674133300781250e+01
5.549503326416015625e+01
8.814260101318359375e+01
5.648758316040039062e+01
4.455017852783203125e+01
8.711218261718750000e+01
5.417000579833984375e+01
6.417892456054687500e+01
2.633173828125000000e+02
5.782490539550781250e+01
7.301715087890625000e+01
5.378952407836914062e+01
1.034302749633789062e+02
5.815872573852539062e+01
5.687883758544921875e+01
6.419786071777343750e+01
6.632064819335937500e+01
6.333067321777343750e+01
4.066400527954101562e+01
5.737977600097656250e+01
7.366495513916015625e+01
7.720143127441406250e+01
6.029234313964843750e+01
7.183585357666015625e+01
5.801110076904296875e+01
8.813034820556640625e+01
5.553022384643554688e+01
7.243600463867187500e+01
7.706942749023437500e+01
6.164805984497070312e+01
5.204129791259765625e+01
6.648123931884765625e+01
4.745781707763671875e+01
8.102973937988281250e+01
6.978907775878906250e+01
7.416567993164062500e+01
6.270788192749023438e+01
4.507184600830078125e+01
2.922103271484375000e+02
6.409803771972656250e+01
7.832446289062500000e+01
9.097631072998046875e+01
5.921755981445312500e+01
6.269490051269531250e+01
7.086941528320312500e+01
4.279077529907226562e+01
5.091139602661132812e+01
5.265694808959960938e+01
6.520142364501953125e+01
6.953646087646484375e+01
7.705313110351562500e+01
4.571036529541015625e+01
5.931249618530273438e+01
5.831784057617187500e+01
5.713317108154296875e+01
6.307933044433593750e+01
8.691391754150390625e+01
8.159087371826171875e+01
8.449241638183593750e+01
7.358966827392578125e+01
2.411016235351562500e+02
6.721875000000000000e+01
5.760365295410156250e+01
4.533164978027343750e+01
9.810341644287109375e+01
7.889315032958984375e+01
4.792374420166015625e+01
5.124269104003906250e+01
7.246347808837890625e+01
5.517498016357421875e+01
5.701548385620117188e+01
6.772404479980468750e+01
3.805927276611328125e+01
1.007461929321289062e+02
4.632317352294921875e+01
6.600042724609375000e+01
6.857183837890625000e+01
8.328891754150390625e+01
5.850022506713867188e+01
6.549840545654296875e+01
4.369372558593750000e+01
1.056786651611328125e+02
5.547213745117187500e+01
6.471794128417968750e+01
5.298323822021484375e+01
9.183053588867187500e+01
5.474250793457031250e+01
6.199518585205078125e+01
1.107767028808593750e+02
6.248075485229492188e+01
5.537792587280273438e+01
4.506385803222656250e+01
6.302643203735351562e+01
2.715430603027343750e+02
5.679832077026367188e+01
5.951721954345703125e+01
1.031483383178710938e+02
7.407385253906250000e+01
7.102038574218750000e+01
6.147790527343750000e+01
8.123165130615234375e+01
4.109318542480468750e+01
9.137964630126953125e+01
7.392192840576171875e+01
7.586171722412109375e+01
2.247629699707031250e+02
6.268170547485351562e+01
7.108170318603515625e+01
5.486177825927734375e+01
6.652912139892578125e+01
6.512284851074218750e+01
6.629984283447265625e+01
5.246143722534179688e+01
5.309156036376953125e+01
5.262504196166992188e+01
5.664435958862304688e+01
4.667588806152343750e+01
6.045715332031250000e+01
6.452647399902343750e+01
6.484027099609375000e+01
5.865010833740234375e+01
1.159391479492187500e+02
7.163958740234375000e+01
8.355590057373046875e+01
6.781741333007812500e+01
5.177620315551757812e+01
6.066869354248046875e+01
8.396805572509765625e+01
9.404393005371093750e+01
5.493836593627929688e+01
6.040334701538085938e+01
5.004013824462890625e+01
4.261069488525390625e+01
7.524186706542968750e+01
8.402188110351562500e+01
5.412571716308593750e+01
9.099835968017578125e+01
8.901390838623046875e+01
6.044629669189453125e+01
6.956707763671875000e+01
2.592988586425781250e+02
9.589421081542968750e+01
6.256269454956054688e+01
6.624330139160156250e+01
4.546355438232421875e+01
4.617757034301757812e+01
9.015399169921875000e+01
6.299146652221679688e+01
5.865090560913085938e+01
6.604479217529296875e+01
5.314800262451171875e+01
6.913256072998046875e+01
9.078211975097656250e+01
3.842232513427734375e+01
9.633455657958984375e+01
8.096578979492187500e+01
8.441870880126953125e+01
5.715535354614257812e+01
6.549875640869140625e+01
8.185612487792968750e+01
7.565138244628906250e+01
7.253955078125000000e+01
7.014031982421875000e+01
3.903812408447265625e+01
5.514442443847656250e+01
5.065417480468750000e+01
6.439039611816406250e+01
6.986843872070312500e+01
1.096893463134765625e+02
2.626144409179687500e+02
7.365858459472656250e+01
8.161660003662109375e+01
7.560752868652343750e+01
6.069094467163085938e+01
6.132728958129882812e+01
6.542281341552734375e+01
5.581162261962890625e+01
8.935284423828125000e+01
6.825239562988281250e+01
8.741253662109375000e+01
6.073137283325195312e+01
7.170368194580078125e+01
5.935151672363281250e+01
8.630162048339843750e+01
6.993264007568359375e+01
2.743347473144531250e+02
5.211011123657226562e+01
5.984686279296875000e+01
6.822778320312500000e+01
4.444768905639648438e+01
8.605509948730468750e+01
7.081932067871093750e+01
6.568145751953125000e+01
4.689498901367187500e+01
1.031194000244140625e+02
4.592008209228515625e+01
6.972172546386718750e+01
5.240491485595703125e+01
5.293213272094726562e+01
1.011495742797851562e+02
4.487791442871093750e+01
6.920643615722656250e+01
6.396766281127929688e+01
4.530743789672851562e+01
7.846035766601562500e+01
6.089499664306640625e+01
5.618013763427734375e+01
5.648793792724609375e+01
5.510261535644531250e+01
7.092877197265625000e+01
6.500845336914062500e+01
9.232944488525390625e+01
7.362471008300781250e+01
6.649504089355468750e+01
4.218793869018554688e+01
5.641183853149414062e+01
6.612046813964843750e+01
4.915300750732421875e+01
7.476722717285156250e+01
6.513079071044921875e+01
5.496989440917968750e+01
7.121232604980468750e+01
6.842667388916015625e+01
6.448655700683593750e+01
8.499778747558593750e+01
5.133348083496093750e+01
6.769329833984375000e+01
6.244022369384765625e+01
5.483470535278320312e+01
4.113610076904296875e+01
8.163686370849609375e+01
5.869593048095703125e+01
2.731761169433593750e+02
5.124008941650390625e+01
4.858997344970703125e+01
5.578581237792968750e+01
6.535876464843750000e+01
5.073474121093750000e+01
7.928690338134765625e+01
7.600518035888671875e+01
6.005482482910156250e+01
7.114698028564453125e+01
5.398540878295898438e+01
2.365078430175781250e+02
7.519429016113281250e+01
6.624063110351562500e+01
5.989308166503906250e+01
1.222674255371093750e+02
6.217873382568359375e+01
6.446408843994140625e+01
5.163270568847656250e+01
6.787209320068359375e+01
6.420411682128906250e+01
5.538707733154296875e+01
1.099892196655273438e+02
7.426850128173828125e+01
6.357607269287109375e+01
7.103277587890625000e+01
7.222779083251953125e+01
7.699121093750000000e+01
6.115107727050781250e+01
7.137934112548828125e+01
4.024604797363281250e+01
5.427651977539062500e+01
5.861932754516601562e+01
8.583228302001953125e+01
5.999696731567382812e+01
8.737814331054687500e+01
7.014051818847656250e+01
6.382436370849609375e+01
6.371263122558593750e+01
8.257876586914062500e+01
6.274265289306640625e+01
7.425474548339843750e+01
4.522733688354492188e+01
7.873601531982421875e+01
1.043925476074218750e+02
7.921768188476562500e+01
5.135153961181640625e+01
7.676586151123046875e+01
6.464155578613281250e+01
2.742889404296875000e+02
7.837583923339843750e+01
7.590680694580078125e+01
5.624100112915039062e+01
4.578479003906250000e+01
8.208419799804687500e+01
3.971718597412109375e+01
9.284193420410156250e+01
5.974209594726562500e+01
6.381295776367187500e+01
5.485947418212890625e+01
9.101795196533203125e+01
6.715734100341796875e+01
6.443991851806640625e+01
6.239322662353515625e+01
8.300272369384765625e+01
6.749690246582031250e+01
5.154136657714843750e+01
6.766352081298828125e+01
8.937216186523437500e+01
6.028379821777343750e+01
6.904708099365234375e+01
7.435952758789062500e+01
6.485332489013671875e+01
2.377240753173828125e+02
6.503611755371093750e+01
7.505233764648437500e+01
7.136717987060546875e+01
6.908364868164062500e+01
7.232092285156250000e+01
5.602259826660156250e+01
1.001258850097656250e+02
8.596131896972656250e+01
5.175595092773437500e+01
6.587929534912109375e+01
2.337059478759765625e+02
6.268783187866210938e+01
5.948290634155273438e+01
3.630893707275390625e+01
5.668920516967773438e+01
9.740126037597656250e+01
4.784143447875976562e+01
7.540616607666015625e+01
6.256178283691406250e+01
7.769789123535156250e+01
7.668793487548828125e+01
7.054082489013671875e+01
6.919370269775390625e+01
7.686878204345703125e+01
5.389055633544921875e+01
6.185845947265625000e+01
7.720570373535156250e+01
5.919039154052734375e+01
6.532397460937500000e+01
4.979265213012695312e+01
6.404798126220703125e+01
6.600054168701171875e+01
9.059114837646484375e+01
7.448961639404296875e+01
4.224632263183593750e+01
6.763629913330078125e+01
5.665990066528320312e+01
4.797055816650390625e+01
2.695651245117187500e+02
1.075984878540039062e+02
6.612275695800781250e+01
5.608847808837890625e+01
6.935491943359375000e+01
5.679098510742187500e+01
6.659317779541015625e+01
7.024440765380859375e+01
6.314478683471679688e+01
7.929389953613281250e+01
7.402578735351562500e+01
7.509833526611328125e+01
4.357742309570312500e+01
6.775984954833984375e+01
6.931492614746093750e+01
6.819004821777343750e+01
4.817187500000000000e+01
5.198350143432617188e+01
5.123532104492187500e+01
5.169169998168945312e+01
6.513410186767578125e+01
7.478524780273437500e+01
6.919589996337890625e+01
5.939660263061523438e+01
5.534604644775390625e+01
6.860752105712890625e+01
9.811013031005859375e+01
4.741971206665039062e+01
5.239742279052734375e+01
5.446104431152343750e+01
5.414186096191406250e+01
5.893053436279296875e+01
2.479695434570312500e+02
8.560614013671875000e+01
7.947338867187500000e+01
9.823081970214843750e+01
7.746233367919921875e+01
4.942138671875000000e+01
5.273496246337890625e+01
5.913558197021484375e+01
5.982315826416015625e+01
8.061328887939453125e+01
5.537426376342773438e+01
6.297730255126953125e+01
6.044390869140625000e+01
8.707401275634765625e+01
7.917403411865234375e+01
6.379979705810546875e+01
4.117103576660156250e+01
4.546116256713867188e+01
7.466912841796875000e+01
6.181498336791992188e+01
2.487033081054687500e+02
8.664057922363281250e+01
6.099218368530273438e+01
4.807686614990234375e+01
7.131988525390625000e+01
5.502876663208007812e+01
6.988058471679687500e+01
5.991418457031250000e+01
6.415486145019531250e+01
7.537422180175781250e+01
8.209783935546875000e+01
1.057651138305664062e+02
4.168625640869140625e+01
8.667552947998046875e+01
5.683341217041015625e+01
5.910913848876953125e+01
6.033338546752929688e+01
5.678073120117187500e+01
1.157332992553710938e+02
8.175556182861328125e+01
6.092358016967773438e+01
4.276470565795898438e+01
7.281543731689453125e+01
9.127198791503906250e+01
5.704297637939453125e+01
6.594422912597656250e+01
7.666065216064453125e+01
5.414537429809570312e+01
5.380132293701171875e+01
5.324439620971679688e+01
9.445301055908203125e+01
6.157943725585937500e+01
8.406082916259765625e+01
9.728977203369140625e+01
6.569155883789062500e+01
6.861115264892578125e+01
6.393622589111328125e+01
6.484993743896484375e+01
8.178687286376953125e+01
8.457923126220703125e+01
9.176869201660156250e+01
5.325609970092773438e+01
2.646941528320312500e+02
8.947116088867187500e+01
5.911431503295898438e+01
5.459469604492187500e+01
5.857822418212890625e+01
7.633493041992187500e+01
6.222193908691406250e+01
6.876778411865234375e+01
5.030649566650390625e+01
5.887558746337890625e+01
6.157236480712890625e+01
7.507875061035156250e+01
7.173830413818359375e+01
5.191607666015625000e+01
3.961193466186523438e+01
2.458786773681640625e+02
6.339110565185546875e+01
7.431127929687500000e+01
9.168817138671875000e+01
6.821446228027343750e+01
5.168936157226562500e+01
5.431974411010742188e+01
6.089213562011718750e+01
4.779022598266601562e+01
6.330478668212890625e+01
6.027885437011718750e+01
6.360005187988281250e+01
8.037928771972656250e+01
4.768652725219726562e+01
6.255547332763671875e+01
6.891901397705078125e+01
5.293270111083984375e+01
3.493389511108398438e+01
3.599164581298828125e+01
7.000635528564453125e+01
7.090233612060546875e+01
6.036560058593750000e+01
1.696296844482421875e+02
6.167548370361328125e+01
4.985175323486328125e+01
3.748592758178710938e+01
6.280641937255859375e+01
6.829426574707031250e+01
1.081697540283203125e+02
8.148272705078125000e+01
6.709911346435546875e+01
1.015754013061523438e+02
2.352056732177734375e+02
6.169908142089843750e+01
4.828301620483398438e+01
6.854917907714843750e+01
8.960617065429687500e+01
6.523693847656250000e+01
7.103988647460937500e+01
6.228661346435546875e+01
6.169515991210937500e+01
6.712560272216796875e+01
7.582759857177734375e+01
4.983201599121093750e+01
6.160481262207031250e+01
6.198857498168945312e+01
4.610772705078125000e+01
8.091647338867187500e+01
5.408584976196289062e+01
6.303092956542968750e+01
6.804805755615234375e+01
6.199391174316406250e+01
5.810611724853515625e+01
2.366239166259765625e+02
8.628739166259765625e+01
5.381942749023437500e+01
6.177210617065429688e+01
4.956729125976562500e+01
5.392678070068359375e+01
3.919290924072265625e+01
6.837616729736328125e+01
1.278284759521484375e+02
7.847625732421875000e+01
7.918952941894531250e+01
1.047182159423828125e+02
8.801679992675781250e+01
5.711840057373046875e+01
6.615682220458984375e+01
7.783215332031250000e+01
4.984866714477539062e+01
4.836095809936523438e+01
6.809084320068359375e+01
7.250805664062500000e+01
6.590489959716796875e+01
8.697368621826171875e+01
5.330503845214843750e+01
4.628537750244140625e+01
5.751910781860351562e+01
2.500435028076171875e+02
9.485797119140625000e+01
8.920745849609375000e+01
4.699954223632812500e+01
7.110608673095703125e+01
8.311660003662109375e+01
4.906285095214843750e+01
7.196008300781250000e+01
5.523628997802734375e+01
6.614825439453125000e+01
6.332395935058593750e+01
5.259851837158203125e+01
8.508590698242187500e+01
7.286647796630859375e+01
8.199515533447265625e+01
4.952308654785156250e+01
7.595382690429687500e+01
5.715726470947265625e+01
7.880023193359375000e+01
7.389367675781250000e+01
9.275854492187500000e+01
6.105493927001953125e+01
7.230569458007812500e+01
6.090110778808593750e+01
6.752663421630859375e+01
1.591832885742187500e+02
4.946498870849609375e+01
5.911661529541015625e+01
6.180198669433593750e+01
5.731542587280273438e+01
4.997705078125000000e+01
6.175654602050781250e+01
5.097657012939453125e+01
8.400500488281250000e+01
7.917979431152343750e+01
5.968382644653320312e+01
5.287203979492187500e+01
7.716783905029296875e+01
2.513628845214843750e+02
6.595312500000000000e+01
4.926154327392578125e+01
6.839241790771484375e+01
7.891854095458984375e+01
5.982182693481445312e+01
5.775944900512695312e+01
4.723270416259765625e+01
7.004032135009765625e+01
6.429262542724609375e+01
6.816357421875000000e+01
4.715776443481445312e+01
7.581694030761718750e+01
8.412423706054687500e+01
2.348824157714843750e+02
4.298623275756835938e+01
5.919459533691406250e+01
6.841205596923828125e+01
4.324823760986328125e+01
6.121382522583007812e+01
3.832707977294921875e+01
6.426241302490234375e+01
6.087153625488281250e+01
4.405124282836914062e+01
8.417524719238281250e+01
7.892330169677734375e+01
6.031234741210937500e+01
1.310011901855468750e+02
7.088277435302734375e+01
7.684731292724609375e+01
6.965816497802734375e+01
7.732509613037109375e+01
6.492828369140625000e+01
4.796995162963867188e+01
6.343807983398437500e+01
6.210172271728515625e+01
7.619404602050781250e+01
6.605920410156250000e+01
7.425567626953125000e+01
6.337917327880859375e+01
6.995276641845703125e+01
7.089302062988281250e+01
9.283891296386718750e+01
8.620231628417968750e+01
6.792457580566406250e+01
4.906248474121093750e+01
6.049102401733398438e+01
1.081593475341796875e+02
5.571140670776367188e+01
2.324514160156250000e+02
8.962294006347656250e+01
5.807124710083007812e+01
5.975368118286132812e+01
6.874951934814453125e+01
5.724795532226562500e+01
5.646415710449218750e+01
2.435758514404296875e+02
7.346839904785156250e+01
7.942501831054687500e+01
6.678549194335937500e+01
7.650228118896484375e+01
7.103054046630859375e+01
6.579967498779296875e+01
6.871549987792968750e+01
5.577391815185546875e+01
9.710799407958984375e+01
6.078051757812500000e+01
6.448532867431640625e+01
3.879707336425781250e+01
6.500922393798828125e+01
8.780551910400390625e+01
4.118384552001953125e+01
5.924851226806640625e+01
6.532903289794921875e+01
6.733197784423828125e+01
8.064365386962890625e+01
5.862308502197265625e+01
6.421823883056640625e+01
3.691384124755859375e+01
4.035529708862304688e+01
8.823794555664062500e+01
7.530865478515625000e+01
8.145323944091796875e+01
6.180670547485351562e+01
8.524920654296875000e+01
9.330841827392578125e+01
6.833570861816406250e+01
5.160427093505859375e+01
8.838774871826171875e+01
4.652133560180664062e+01
4.789052200317382812e+01
5.767592620849609375e+01
8.976022338867187500e+01
6.613652801513671875e+01
2.325492706298828125e+02
6.718656158447265625e+01
5.270018768310546875e+01
7.475656127929687500e+01
6.542517089843750000e+01
6.090487670898437500e+01
4.871442794799804688e+01
6.413315582275390625e+01
5.730654144287109375e+01
4.549678802490234375e+01
6.958734130859375000e+01
6.318304443359375000e+01
5.793721389770507812e+01
4.054145431518554688e+01
5.391284942626953125e+01
7.996875762939453125e+01
5.503340530395507812e+01
4.499503707885742188e+01
8.423667144775390625e+01
5.563176345825195312e+01
7.942583465576171875e+01
4.950879669189453125e+01
7.826644897460937500e+01
6.138517379760742188e+01
6.394559478759765625e+01
4.563155364990234375e+01
6.545532989501953125e+01
5.914301300048828125e+01
7.263735961914062500e+01
4.778770446777343750e+01
4.938966369628906250e+01
8.071636962890625000e+01
6.215459442138671875e+01
9.017495727539062500e+01
2.371682128906250000e+02
5.665068817138671875e+01
3.949215698242187500e+01
5.553247451782226562e+01
9.151372528076171875e+01
5.767715454101562500e+01
6.633039093017578125e+01
7.083555603027343750e+01
5.999402618408203125e+01
7.520630645751953125e+01
4.661508941650390625e+01
1.076641540527343750e+02
5.110198593139648438e+01
9.688854217529296875e+01
5.039011001586914062e+01
5.302257919311523438e+01
6.995802307128906250e+01
5.689333724975585938e+01
4.724160766601562500e+01
5.731343078613281250e+01
2.725150146484375000e+02
4.330387878417968750e+01
7.626554870605468750e+01
5.334046936035156250e+01
7.090473937988281250e+01
5.925215530395507812e+01
4.305578613281250000e+01
5.739619064331054688e+01
6.546500396728515625e+01
5.536388397216796875e+01
6.439490509033203125e+01
6.581178283691406250e+01
4.072885513305664062e+01
7.790482330322265625e+01
6.089345932006835938e+01
7.033723449707031250e+01
6.445465087890625000e+01
3.584339141845703125e+01
4.307836151123046875e+01
2.389490814208984375e+02
4.522925949096679688e+01
6.083815002441406250e+01
8.042140960693359375e+01
6.191976928710937500e+01
6.021038436889648438e+01
5.000047683715820312e+01
5.058760833740234375e+01
6.316089248657226562e+01
6.956369781494140625e+01
4.901327514648437500e+01
6.696730804443359375e+01
7.446232604980468750e+01
7.166331481933593750e+01
8.935968017578125000e+01
5.554854583740234375e+01
5.417587661743164062e+01
7.375463104248046875e+01
8.020388031005859375e+01
6.894716644287109375e+01
7.086537170410156250e+01
7.165010070800781250e+01
4.930989837646484375e+01
5.054920959472656250e+01
5.153163146972656250e+01
4.106478500366210938e+01
5.606709671020507812e+01
9.169084167480468750e+01
6.825978851318359375e+01
5.427284240722656250e+01
6.877794647216796875e+01
4.311797714233398438e+01
9.796914672851562500e+01
7.930666351318359375e+01
6.064608383178710938e+01
6.240689086914062500e+01
6.163247299194335938e+01
6.257182693481445312e+01
2.559933624267578125e+02
5.177473068237304688e+01
4.969771194458007812e+01
6.703610229492187500e+01
5.295810317993164062e+01
5.637067031860351562e+01
7.491754150390625000e+01
7.317991638183593750e+01
7.272666931152343750e+01
8.700600433349609375e+01
4.308097457885742188e+01
6.614971923828125000e+01
4.174574661254882812e+01
4.917529296875000000e+01
6.296227645874023438e+01
8.054357147216796875e+01
4.786276245117187500e+01
5.183755493164062500e+01
5.689988708496093750e+01
4.251268768310546875e+01
7.047655487060546875e+01
7.442409515380859375e+01
4.542544174194335938e+01
4.780607223510742188e+01
6.747999572753906250e+01
7.649520874023437500e+01
6.641964721679687500e+01
2.217370300292968750e+02
7.187135314941406250e+01
4.350817489624023438e+01
5.711372375488281250e+01
6.979014587402343750e+01
3.837336349487304688e+01
4.384630584716796875e+01
5.734000015258789062e+01
5.445196151733398438e+01
8.757841491699218750e+01
5.609305572509765625e+01
6.893433380126953125e+01
1.076716918945312500e+02
7.647935485839843750e+01
6.019038391113281250e+01
2.158060150146484375e+02
4.936586380004882812e+01
6.037071228027343750e+01
5.168894958496093750e+01
4.862136459350585938e+01
4.775688934326171875e+01
6.357490921020507812e+01
7.045948028564453125e+01
5.714762115478515625e+01
3.821668243408203125e+01
7.136544036865234375e+01
4.680233764648437500e+01
6.182088851928710938e+01
5.250970458984375000e+01
7.410366058349609375e+01
8.278138732910156250e+01
8.295483398437500000e+01
7.407296752929687500e+01
4.922341918945312500e+01
8.316078186035156250e+01
5.953114318847656250e+01
4.716356658935546875e+01
6.217938232421875000e+01
8.022668457031250000e+01
4.618458175659179688e+01
2.377372131347656250e+02
5.057383346557617188e+01
6.937788391113281250e+01
5.936540603637695312e+01
4.778049850463867188e+01
6.267826461791992188e+01
1.416723327636718750e+02
5.988521575927734375e+01
6.422949981689453125e+01
7.558493041992187500e+01
6.238065338134765625e+01
7.486737060546875000e+01
1.132548522949218750e+02
5.029174804687500000e+01
6.011209106445312500e+01
4.710376358032226562e+01
3.747135162353515625e+01
7.784215545654296875e+01
6.383173370361328125e+01
8.403544616699218750e+01
7.386294555664062500e+01
8.123831939697265625e+01
7.181909179687500000e+01
8.299041748046875000e+01
8.392537689208984375e+01
5.473656463623046875e+01
8.355600738525390625e+01
5.765267944335937500e+01
4.531256484985351562e+01
7.068852233886718750e+01
5.536141204833984375e+01
4.807338714599609375e+01
4.560924911499023438e+01
2.896713867187500000e+02
5.714351654052734375e+01
6.918223571777343750e+01
6.512133026123046875e+01
7.330390167236328125e+01
5.145923614501953125e+01
5.918803405761718750e+01
3.953517913818359375e+01
3.905812835693359375e+01
7.491797637939453125e+01
7.511416625976562500e+01
5.236042022705078125e+01
5.472035217285156250e+01
5.387380218505859375e+01
4.520407104492187500e+01
4.444819259643554688e+01
3.225620651245117188e+01
7.967877197265625000e+01
5.731886672973632812e+01
4.861338043212890625e+01
1.648849792480468750e+02
5.477596282958984375e+01
6.212755966186523438e+01
5.155409240722656250e+01
5.077854537963867188e+01
6.202407073974609375e+01
9.064195251464843750e+01
6.344726562500000000e+01
6.165420532226562500e+01
1.035043869018554688e+02
8.556954956054687500e+01
2.324282684326171875e+02
9.626645660400390625e+01
4.248981475830078125e+01
5.383860015869140625e+01
4.968317031860351562e+01
6.041775512695312500e+01
7.557985687255859375e+01
8.911278533935546875e+01
8.710019683837890625e+01
2.212041168212890625e+02
6.515199279785156250e+01
4.096982574462890625e+01
4.634952926635742188e+01
9.487402343750000000e+01
5.090092468261718750e+01
4.918942260742187500e+01
5.856693267822265625e+01
5.725720214843750000e+01
6.554032897949218750e+01
9.698526000976562500e+01
4.691673278808593750e+01
7.064080047607421875e+01
7.694750213623046875e+01
5.911087417602539062e+01
6.162446212768554688e+01
7.288563537597656250e+01
4.236351394653320312e+01
6.758473205566406250e+01
5.774698638916015625e+01
6.970835876464843750e+01
8.268065643310546875e+01
5.956645584106445312e+01
5.022879409790039062e+01
5.073999404907226562e+01
6.130776214599609375e+01
5.862261199951171875e+01
6.686490631103515625e+01
6.363602447509765625e+01
1.068058624267578125e+02
5.633403015136718750e+01
5.715091705322265625e+01
4.950454330444335938e+01
2.606950988769531250e+02
5.422188186645507812e+01
5.826588821411132812e+01
4.171155166625976562e+01
7.923158264160156250e+01
7.814550781250000000e+01
5.853785705566406250e+01
6.718698120117187500e+01
7.104309844970703125e+01
8.173767089843750000e+01
1.035955200195312500e+02
6.582117462158203125e+01
9.218579864501953125e+01
3.922751617431640625e+01
5.325748443603515625e+01
5.210681915283203125e+01
5.062701416015625000e+01
5.920858764648437500e+01
7.152673339843750000e+01
7.032691192626953125e+01
7.377349090576171875e+01
5.096053314208984375e+01
3.930300521850585938e+01
2.700846862792968750e+02
7.899526977539062500e+01
5.277169036865234375e+01
8.161250305175781250e+01
4.921728134155273438e+01
4.326072692871093750e+01
5.551742553710937500e+01
9.903327178955078125e+01
5.344450378417968750e+01
8.554842376708984375e+01
5.485231399536132812e+01
7.536707305908203125e+01
5.734379577636718750e+01
6.069073486328125000e+01
3.692656326293945312e+01
6.255693054199218750e+01
1.159595565795898438e+02
4.741374969482421875e+01
5.439981079101562500e+01
2.391098480224609375e+02
5.634714126586914062e+01
8.695679473876953125e+01
7.530745697021484375e+01
6.526470947265625000e+01
6.541327667236328125e+01
3.445644378662109375e+01
9.716629028320312500e+01
8.066637420654296875e+01
7.378820037841796875e+01
6.526284027099609375e+01
7.905932617187500000e+01
6.376953506469726562e+01
7.170271301269531250e+01
4.612774658203125000e+01
6.153455734252929688e+01
6.700630187988281250e+01
6.605090332031250000e+01
5.972250366210937500e+01
1.017251586914062500e+02
7.333274841308593750e+01
6.092005157470703125e+01
5.850794601440429688e+01
9.195830535888671875e+01
8.932290649414062500e+01
5.700614166259765625e+01
8.991266632080078125e+01
7.778743743896484375e+01
6.207115173339843750e+01
7.007230377197265625e+01
1.216740188598632812e+02
4.071875762939453125e+01
6.344421768188476562e+01
5.297469711303710938e+01
4.813964843750000000e+01
6.800880432128906250e+01
9.008191680908203125e+01
6.618582153320312500e+01
7.633032226562500000e+01
7.654174041748046875e+01
4.472309112548828125e+01
6.490221405029296875e+01
2.928015136718750000e+02
4.227418518066406250e+01
6.478858947753906250e+01
6.444482421875000000e+01
4.995579910278320312e+01
5.552070617675781250e+01
1.010470275878906250e+02
6.344875335693359375e+01
7.852010345458984375e+01
6.854219818115234375e+01
3.967572784423828125e+01
8.078496551513671875e+01
6.966981506347656250e+01
5.593577194213867188e+01
7.815723419189453125e+01
5.871151733398437500e+01
9.711938476562500000e+01
5.408897781372070312e+01
6.172061920166015625e+01
7.128382110595703125e+01
6.676496887207031250e+01
7.800134277343750000e+01
1.469574279785156250e+02
5.609647369384765625e+01
2.518471679687500000e+02
5.795123291015625000e+01
6.364128112792968750e+01
4.473642349243164062e+01
5.075288009643554688e+01
5.691110992431640625e+01
4.083663558959960938e+01
6.443181610107421875e+01
7.236656188964843750e+01
9.502172851562500000e+01
5.064467239379882812e+01
5.917486953735351562e+01
7.694879913330078125e+01
5.784179687500000000e+01
5.006589508056640625e+01
6.120415115356445312e+01
4.449142837524414062e+01
2.029836730957031250e+02
8.163867187500000000e+01
1.024544601440429688e+02
6.729667663574218750e+01
5.979762268066406250e+01
1.539765472412109375e+02
7.501212310791015625e+01
6.072062683105468750e+01
9.211779022216796875e+01
7.032357788085937500e+01
4.698921203613281250e+01
7.828392028808593750e+01
7.335054779052734375e+01
5.380784225463867188e+01
6.204303741455078125e+01
5.175437164306640625e+01
3.836470031738281250e+01
5.504012298583984375e+01
7.408965301513671875e+01
1.074451446533203125e+02
9.625906372070312500e+01
8.245212554931640625e+01
5.663253402709960938e+01
7.684712219238281250e+01
7.307999420166015625e+01
9.649963378906250000e+01
5.463759994506835938e+01
6.708558654785156250e+01
8.312712097167968750e+01
2.803747253417968750e+02
6.247734069824218750e+01
6.803099822998046875e+01
5.528720855712890625e+01
5.015380859375000000e+01
6.411598968505859375e+01
5.641109466552734375e+01
6.773000335693359375e+01
5.435079574584960938e+01
8.566381835937500000e+01
6.002042007446289062e+01
9.418599700927734375e+01
4.661112213134765625e+01
4.170506668090820312e+01
6.704804992675781250e+01
7.494026947021484375e+01
6.684427642822265625e+01
5.778976440429687500e+01
5.088941574096679688e+01
8.084894561767578125e+01
6.521077728271484375e+01
5.606345367431640625e+01
7.346305084228515625e+01
9.170272827148437500e+01
4.962291717529296875e+01
5.480194091796875000e+01
3.647240829467773438e+01
6.286066818237304688e+01
4.469438934326171875e+01
6.025389862060546875e+01
4.793040466308593750e+01
5.321257400512695312e+01
7.593441009521484375e+01
2.288813323974609375e+02
4.788967132568359375e+01
5.241945266723632812e+01
6.147299575805664062e+01
6.606745910644531250e+01
6.797726440429687500e+01
6.548500061035156250e+01
7.000180816650390625e+01
7.380757141113281250e+01
9.879108428955078125e+01
5.953083801269531250e+01
7.785798645019531250e+01
4.981339263916015625e+01
5.747987365722656250e+01
5.107634735107421875e+01
2.214881286621093750e+02
8.885054016113281250e+01
5.937038421630859375e+01
5.633633804321289062e+01
6.553010559082031250e+01
7.033696746826171875e+01
4.439365386962890625e+01
5.041706848144531250e+01
4.779313659667968750e+01
4.999612045288085938e+01
5.531656646728515625e+01
5.972612762451171875e+01
7.621112060546875000e+01
6.248857498168945312e+01
6.681890869140625000e+01
8.033547210693359375e+01
5.236022567749023438e+01
1.359076995849609375e+02
5.444478607177734375e+01
6.597101593017578125e+01
7.495064544677734375e+01
3.822916793823242188e+01
8.515631103515625000e+01
5.449380493164062500e+01
6.072549438476562500e+01
5.985862350463867188e+01
7.458480834960937500e+01
3.784463882446289062e+01
8.227667999267578125e+01
2.675294189453125000e+02
6.911238098144531250e+01
7.852459716796875000e+01
7.178437042236328125e+01
8.450598907470703125e+01
5.382122421264648438e+01
5.384625625610351562e+01
5.619309234619140625e+01
5.986893081665039062e+01
6.127394485473632812e+01
9.210755157470703125e+01
8.981526947021484375e+01
3.788185119628906250e+01
6.721991729736328125e+01
4.539431381225585938e+01
6.504930114746093750e+01
5.852128601074218750e+01
5.857701873779296875e+01
4.367042160034179688e+01
5.444781875610351562e+01
5.003395080566406250e+01
4.901529312133789062e+01
3.879983139038085938e+01
5.863445281982421875e+01
8.962214660644531250e+01
8.317141723632812500e+01
6.714350891113281250e+01
5.934060287475585938e+01
4.689936447143554688e+01
6.600681304931640625e+01
5.637815475463867188e+01
7.444487762451171875e+01
6.572041320800781250e+01
9.674306488037109375e+01
2.406343383789062500e+02
5.503137207031250000e+01
5.239955902099609375e+01
6.005174255371093750e+01
7.925932312011718750e+01
6.221231079101562500e+01
3.967448425292968750e+01
3.411124801635742188e+01
9.355983734130859375e+01
7.032398986816406250e+01
6.987155151367187500e+01
6.403616333007812500e+01
8.573052978515625000e+01
6.496970367431640625e+01
7.834281921386718750e+01
4.992590332031250000e+01
6.182823181152343750e+01
4.966349792480468750e+01
4.309996795654296875e+01
4.161886978149414062e+01
6.951737213134765625e+01
4.736043548583984375e+01
6.392358016967773438e+01
5.489943695068359375e+01
4.515296173095703125e+01
4.124692153930664062e+01
8.056140136718750000e+01
5.865031433105468750e+01
5.171361541748046875e+01
5.939221572875976562e+01
1.018695983886718750e+02
7.510654449462890625e+01
6.149975967407226562e+01
3.334530639648437500e+01
2.659526062011718750e+02
7.409989166259765625e+01
4.829656219482421875e+01
5.213154220581054688e+01
6.619761657714843750e+01
6.996463775634765625e+01
6.760253906250000000e+01
5.338148117065429688e+01
6.572611999511718750e+01
4.683496475219726562e+01
7.108860015869140625e+01
8.334230804443359375e+01
2.164447784423828125e+02
4.919940567016601562e+01
8.606211090087890625e+01
8.433283233642578125e+01
6.156134033203125000e+01
7.413262176513671875e+01
6.744775390625000000e+01
7.953286743164062500e+01
6.227992630004882812e+01
5.819438934326171875e+01
6.420005798339843750e+01
5.528823852539062500e+01
5.312411117553710938e+01
5.884479904174804688e+01
7.125472259521484375e+01
5.325513458251953125e+01
6.023657608032226562e+01
5.378175354003906250e+01
6.261441040039062500e+01
6.044157028198242188e+01
6.654624176025390625e+01
8.750851440429687500e+01
8.012251281738281250e+01
8.292424774169921875e+01
4.493938446044921875e+01
6.168143463134765625e+01
8.145922088623046875e+01
5.808445739746093750e+01
6.598724365234375000e+01
5.559194183349609375e+01
5.578225708007812500e+01
8.381894683837890625e+01
6.192698669433593750e+01
5.821935272216796875e+01
2.390545043945312500e+02
7.964654541015625000e+01
6.129061126708984375e+01
5.286438751220703125e+01
7.808055114746093750e+01
5.990954589843750000e+01
5.375403976440429688e+01
5.673750305175781250e+01
8.951862335205078125e+01
1.079175338745117188e+02
6.029722976684570312e+01
5.528929138183593750e+01
7.655020141601562500e+01
5.401795196533203125e+01
4.801783752441406250e+01
6.486760711669921875e+01
4.637766265869140625e+01
4.776774978637695312e+01
6.869844055175781250e+01
4.744635009765625000e+01
5.074437332153320312e+01
5.248087692260742188e+01
4.791200256347656250e+01
5.349334335327148438e+01
2.247548980712890625e+02
4.886253356933593750e+01
4.973100662231445312e+01
5.779946899414062500e+01
3.811174011230468750e+01
6.551489257812500000e+01
5.330551147460937500e+01
6.327007293701171875e+01
7.935919189453125000e+01
6.701863098144531250e+01
6.330067825317382812e+01
6.753833770751953125e+01
5.331522750854492188e+01
4.751464080810546875e+01
4.240697860717773438e+01
4.414412689208984375e+01
6.286240768432617188e+01
5.014322280883789062e+01
5.665988922119140625e+01
5.131528472900390625e+01
6.307723617553710938e+01
1.165573806762695312e+02
4.645882797241210938e+01
5.832174682617187500e+01
3.727053833007812500e+01
6.271878814697265625e+01
7.853865051269531250e+01
5.358399200439453125e+01
5.206579971313476562e+01
2.276550903320312500e+02
1.000098266601562500e+02
7.605946350097656250e+01
6.837784576416015625e+01
5.460189437866210938e+01
6.282679748535156250e+01
5.247325515747070312e+01
4.979738616943359375e+01
4.838047790527343750e+01
5.356392669677734375e+01
8.092148590087890625e+01
8.186480712890625000e+01
5.108531188964843750e+01
5.930877304077148438e+01
6.050644683837890625e+01
4.778291702270507812e+01
6.732662200927734375e+01
6.904930114746093750e+01
4.591870117187500000e+01
4.954705429077148438e+01
5.096574401855468750e+01
9.075852203369140625e+01
6.755229949951171875e+01
4.994848632812500000e+01
6.530042266845703125e+01
2.316951904296875000e+02
7.921331024169921875e+01
8.285707092285156250e+01
5.930840301513671875e+01
5.362753295898437500e+01
6.449849700927734375e+01
4.032214736938476562e+01
4.804980468750000000e+01
5.899322128295898438e+01
7.550363159179687500e+01
7.648866271972656250e+01
8.289743804931640625e+01
5.324292755126953125e+01
6.178160095214843750e+01
4.476659011840820312e+01
5.993294525146484375e+01
2.342255249023437500e+02
6.225514221191406250e+01
5.697389602661132812e+01
3.827276229858398438e+01
5.116373443603515625e+01
9.936743927001953125e+01
4.853363418579101562e+01
5.933381271362304688e+01
6.202162170410156250e+01
5.014587020874023438e+01
4.044979858398437500e+01
7.022750091552734375e+01
7.521665954589843750e+01
5.599605178833007812e+01
6.389395523071289062e+01
7.503569030761718750e+01
4.492306137084960938e+01
7.156580352783203125e+01
9.268465423583984375e+01
5.956885528564453125e+01
7.538802337646484375e+01
2.200539245605468750e+02
4.183487319946289062e+01
5.802951812744140625e+01
6.053652191162109375e+01
3.992653656005859375e+01
6.470909118652343750e+01
6.274544525146484375e+01
7.744730377197265625e+01
4.407139205932617188e+01
3.839851379394531250e+01
4.874686050415039062e+01
7.343319702148437500e+01
4.617186737060546875e+01
6.200459289550781250e+01
7.324490356445312500e+01
4.871950149536132812e+01
6.982608795166015625e+01
5.658004760742187500e+01
4.415443801879882812e+01
8.200834655761718750e+01
5.867662811279296875e+01
8.564720153808593750e+01
7.723171234130859375e+01
4.732150650024414062e+01
2.977147865295410156e+01
7.211931610107421875e+01
3.820146179199218750e+01
6.631352996826171875e+01
5.051237487792968750e+01
4.581071472167968750e+01
5.783040618896484375e+01
4.632561111450195312e+01
7.621274566650390625e+01
5.140785980224609375e+01
5.032785415649414062e+01
4.391170501708984375e+01
4.854755783081054688e+01
5.702391815185546875e+01
6.091884994506835938e+01
7.125817871093750000e+01
7.912104797363281250e+01
6.322389221191406250e+01
4.570571517944335938e+01
5.300497055053710938e+01
2.590406494140625000e+02
1.222644805908203125e+02
6.651674652099609375e+01
4.946453857421875000e+01
7.780146789550781250e+01
5.146552276611328125e+01
4.423030853271484375e+01
4.925899505615234375e+01
4.942709350585937500e+01
5.078554916381835938e+01
4.071487426757812500e+01
7.227789306640625000e+01
4.061904144287109375e+01
6.738031005859375000e+01
9.613660430908203125e+01
4.776196289062500000e+01
8.034883880615234375e+01
7.206172943115234375e+01
6.329680633544921875e+01
4.842997360229492188e+01
2.236469268798828125e+02
6.916255187988281250e+01
5.314096069335937500e+01
8.123489379882812500e+01
5.605174255371093750e+01
5.794736862182617188e+01
7.196998596191406250e+01
5.013838577270507812e+01
5.732427597045898438e+01
8.648625946044921875e+01
5.766932678222656250e+01
9.329811096191406250e+01
5.778945541381835938e+01
2.156747131347656250e+02
4.168635177612304688e+01
6.386721038818359375e+01
5.287134933471679688e+01
4.016598129272460938e+01
7.021183776855468750e+01
5.052049255371093750e+01
7.659049987792968750e+01
6.988459777832031250e+01
4.236876678466796875e+01
7.467247772216796875e+01
6.605114746093750000e+01
4.884064102172851562e+01
5.946428298950195312e+01
7.514367675781250000e+01
6.400247192382812500e+01
5.756266021728515625e+01
5.699755477905273438e+01
8.175842285156250000e+01
7.434745025634765625e+01
5.703614044189453125e+01
5.450017929077148438e+01
4.433055496215820312e+01
5.830788421630859375e+01
8.309867095947265625e+01
2.588937988281250000e+02
6.821089935302734375e+01
7.836119079589843750e+01
5.192476272583007812e+01
5.685231781005859375e+01
4.667934417724609375e+01
5.939620971679687500e+01
6.653437042236328125e+01
6.672563934326171875e+01
6.117128753662109375e+01
8.611809539794921875e+01
5.567644500732421875e+01
6.013212203979492188e+01
5.815325164794921875e+01
5.957894897460937500e+01
5.371347808837890625e+01
5.840131378173828125e+01
4.873616409301757812e+01
5.348375701904296875e+01
9.279591369628906250e+01
7.417019653320312500e+01
5.083092498779296875e+01
7.460691833496093750e+01
6.812750244140625000e+01
6.326073837280273438e+01
