1.048037109375000000e+04
1.030140234375000000e+04
9.990722656250000000e+03
9.781309570312500000e+03
1.025964062500000000e+04
9.921360351562500000e+03
1.045126660156250000e+04
1.064287109375000000e+04
1.087398535156250000e+04
9.895912109375000000e+03
9.764254882812500000e+03
9.833685546875000000e+03
9.126272460937500000e+03
9.171641601562500000e+03
8.895142578125000000e+03
8.551614257812500000e+03
7.833375488281250000e+03
7.394010742187500000e+03
6.437945312500000000e+03
5.265546875000000000e+03
4.038903808593750000e+03
3.287158203125000000e+03
2.369136474609375000e+03
1.788654541015625000e+03
2.241498535156250000e+03
3.260818359375000000e+03
3.013983886718750000e+03
3.229118652343750000e+03
2.032379760742187500e+03
1.867982421875000000e+03
1.538974121093750000e+03
1.226940551757812500e+03
1.618705810546875000e+03
1.695184326171875000e+03
1.870600952148437500e+03
1.623117309570312500e+03
1.612598388671875000e+03
1.654953125000000000e+03
1.261146484375000000e+03
1.220032104492187500e+03
1.299303710937500000e+03
1.336589965820312500e+03
8.966932373046875000e+02
1.129409179687500000e+03
1.142148437500000000e+03
1.033607299804687500e+03
9.048226318359375000e+02
8.723491210937500000e+02
1.015551879882812500e+03
1.091575927734375000e+03
9.848878173828125000e+02
9.924556884765625000e+02
6.690872802734375000e+02
9.870247192382812500e+02
8.441577148437500000e+02
9.295250854492187500e+02
8.066687622070312500e+02
6.949341430664062500e+02
9.717874755859375000e+02
7.750174560546875000e+02
7.812766113281250000e+02
6.012610473632812500e+02
7.223258056640625000e+02
6.849975585937500000e+02
6.152816162109375000e+02
7.401755981445312500e+02
7.060823974609375000e+02
6.556916503906250000e+02
6.449121704101562500e+02
9.275485839843750000e+02
8.167854003906250000e+02
7.666987304687500000e+02
6.853775024414062500e+02
5.432815551757812500e+02
8.113353881835937500e+02
5.414080200195312500e+02
5.768436279296875000e+02
5.429963378906250000e+02
4.959790344238281250e+02
6.938087158203125000e+02
4.925821838378906250e+02
5.496105346679687500e+02
5.534362792968750000e+02
5.010571594238281250e+02
6.512452392578125000e+02
6.927065429687500000e+02
5.910626831054687500e+02
7.609458618164062500e+02
4.931336975097656250e+02
6.016503295898437500e+02
6.940885009765625000e+02
5.191401367187500000e+02
6.135451660156250000e+02
5.848423461914062500e+02
4.439722290039062500e+02
5.502809448242187500e+02
5.458239135742187500e+02
4.962730712890625000e+02
6.520296630859375000e+02
5.589245605468750000e+02
6.369573364257812500e+02
4.749445495605468750e+02
5.533912353515625000e+02
4.845146789550781250e+02
4.140139465332031250e+02
5.231105957031250000e+02
4.732216186523437500e+02
5.994557495117187500e+02
6.875682373046875000e+02
4.649231872558593750e+02
6.049165039062500000e+02
4.816614379882812500e+02
4.780578613281250000e+02
4.871808471679687500e+02
5.520587158203125000e+02
3.559988708496093750e+02
6.232147216796875000e+02
5.250399169921875000e+02
6.138417358398437500e+02
4.178688049316406250e+02
4.637868347167968750e+02
3.935989379882812500e+02
4.413482666015625000e+02
4.831346740722656250e+02
4.445892944335937500e+02
5.816223144531250000e+02
4.261280212402343750e+02
5.149213867187500000e+02
4.773004455566406250e+02
3.861237487792968750e+02
4.299814453125000000e+02
6.245097045898437500e+02
4.830617675781250000e+02
4.224246215820312500e+02
4.200289306640625000e+02
4.364729919433593750e+02
4.461821899414062500e+02
4.174087524414062500e+02
3.879003295898437500e+02
5.079994506835937500e+02
4.434084167480468750e+02
4.695697631835937500e+02
5.028485717773437500e+02
3.724093017578125000e+02
4.588283081054687500e+02
4.689212036132812500e+02
5.327397460937500000e+02
4.081356201171875000e+02
3.926687316894531250e+02
5.525202636718750000e+02
4.658746032714843750e+02
4.873359375000000000e+02
4.060520629882812500e+02
5.105379638671875000e+02
4.141496276855468750e+02
5.171770019531250000e+02
3.575689697265625000e+02
4.062349853515625000e+02
4.832626342773437500e+02
4.672783813476562500e+02
4.592042236328125000e+02
4.280643310546875000e+02
4.321317138671875000e+02
4.462806091308593750e+02
3.873670043945312500e+02
3.945198974609375000e+02
4.420795593261718750e+02
4.166653137207031250e+02
3.716160278320312500e+02
4.167615966796875000e+02
3.964969482421875000e+02
4.041835021972656250e+02
5.018959350585937500e+02
5.050631103515625000e+02
4.177026367187500000e+02
4.756091918945312500e+02
3.514339599609375000e+02
4.129677124023437500e+02
4.604885864257812500e+02
3.817622680664062500e+02
4.724882812500000000e+02
4.260864562988281250e+02
3.896199035644531250e+02
3.491140441894531250e+02
3.984638977050781250e+02
5.465912475585937500e+02
4.048773193359375000e+02
4.737990112304687500e+02
3.722644348144531250e+02
3.974911804199218750e+02
3.953341369628906250e+02
3.745021972656250000e+02
4.259407958984375000e+02
4.915804443359375000e+02
5.375036621093750000e+02
4.214900817871093750e+02
4.393131713867187500e+02
3.917270507812500000e+02
4.002404785156250000e+02
3.236140747070312500e+02
3.463645629882812500e+02
4.404620971679687500e+02
2.940347595214843750e+02
4.925686645507812500e+02
3.868540039062500000e+02
3.816838989257812500e+02
3.284129333496093750e+02
4.300444030761718750e+02
4.249688415527343750e+02
3.859722290039062500e+02
4.037557678222656250e+02
3.531027832031250000e+02
3.920633544921875000e+02
3.082947998046875000e+02
3.769913635253906250e+02
4.235202331542968750e+02
3.940912475585937500e+02
3.054098510742187500e+02
3.478222045898437500e+02
2.989625854492187500e+02
4.891056823730468750e+02
3.450295410156250000e+02
3.266030578613281250e+02
4.924459228515625000e+02
3.455943908691406250e+02
3.681192626953125000e+02
3.566277160644531250e+02
3.643767089843750000e+02
4.655834350585937500e+02
3.895460205078125000e+02
3.696271362304687500e+02
3.659627075195312500e+02
3.956723937988281250e+02
3.348352661132812500e+02
4.172174072265625000e+02
3.362131652832031250e+02
2.949686279296875000e+02
3.850904541015625000e+02
3.668236389160156250e+02
4.742236938476562500e+02
3.945481567382812500e+02
2.761097717285156250e+02
4.104332580566406250e+02
2.807120971679687500e+02
3.157324218750000000e+02
3.557708435058593750e+02
3.864852294921875000e+02
3.643883666992187500e+02
3.500483398437500000e+02
3.476410522460937500e+02
3.940325622558593750e+02
3.650755615234375000e+02
4.823513183593750000e+02
3.042784118652343750e+02
3.694511718750000000e+02
5.513917846679687500e+02
3.961405029296875000e+02
4.710750732421875000e+02
4.111262817382812500e+02
4.080620422363281250e+02
3.873265380859375000e+02
2.746542358398437500e+02
3.448583068847656250e+02
3.582791748046875000e+02
3.169210815429687500e+02
3.168789978027343750e+02
4.504376525878906250e+02
3.267170715332031250e+02
3.926227111816406250e+02
3.185783691406250000e+02
3.056717529296875000e+02
3.503392639160156250e+02
3.643197937011718750e+02
3.241891784667968750e+02
3.647854003906250000e+02
4.518273925781250000e+02
3.995418090820312500e+02
2.978878784179687500e+02
3.439798583984375000e+02
3.327492065429687500e+02
3.401475524902343750e+02
3.161320800781250000e+02
3.086815795898437500e+02
2.783505859375000000e+02
3.154218139648437500e+02
3.289521789550781250e+02
3.132711791992187500e+02
4.167445983886718750e+02
3.357559814453125000e+02
3.189188232421875000e+02
3.295087280273437500e+02
3.325950012207031250e+02
3.444683227539062500e+02
3.650480346679687500e+02
2.466908264160156250e+02
2.828752746582031250e+02
3.099259948730468750e+02
4.102788391113281250e+02
2.985928344726562500e+02
4.129205932617187500e+02
3.681929321289062500e+02
2.538413696289062500e+02
3.461380615234375000e+02
3.155226440429687500e+02
2.999530029296875000e+02
2.841978759765625000e+02
2.676026306152343750e+02
3.032557373046875000e+02
3.014897460937500000e+02
2.965210571289062500e+02
2.927008361816406250e+02
2.912128295898437500e+02
3.333146972656250000e+02
2.739110107421875000e+02
2.895427551269531250e+02
3.030094604492187500e+02
2.698917846679687500e+02
2.607582702636718750e+02
3.360169067382812500e+02
3.179839477539062500e+02
3.625629272460937500e+02
2.603261108398437500e+02
2.925882873535156250e+02
2.618268737792968750e+02
2.650327148437500000e+02
3.604361572265625000e+02
3.244572143554687500e+02
2.724382019042968750e+02
3.012845153808593750e+02
3.281524658203125000e+02
4.210979614257812500e+02
3.534664916992187500e+02
3.219138183593750000e+02
2.631917114257812500e+02
3.161943664550781250e+02
2.841885375976562500e+02
2.406813507080078125e+02
3.009259033203125000e+02
3.276850280761718750e+02
2.308873901367187500e+02
3.784965820312500000e+02
3.487861938476562500e+02
2.838970947265625000e+02
2.339820556640625000e+02
2.662507324218750000e+02
3.340093994140625000e+02
2.367460937500000000e+02
3.624371032714843750e+02
2.663411865234375000e+02
3.231998291015625000e+02
3.209913330078125000e+02
3.976959228515625000e+02
2.824376831054687500e+02
3.378858032226562500e+02
3.070287780761718750e+02
3.228932495117187500e+02
3.173665771484375000e+02
2.957622985839843750e+02
3.016494445800781250e+02
2.717978515625000000e+02
2.666568603515625000e+02
2.974081420898437500e+02
2.896467895507812500e+02
2.777012023925781250e+02
2.707297668457031250e+02
3.388665771484375000e+02
2.314897003173828125e+02
2.453729553222656250e+02
2.175222778320312500e+02
2.743256835937500000e+02
2.884902954101562500e+02
2.572536621093750000e+02
2.807246398925781250e+02
2.639340515136718750e+02
2.773063354492187500e+02
2.737933959960937500e+02
2.472139587402343750e+02
2.240157165527343750e+02
2.399593811035156250e+02
3.143127136230468750e+02
3.398576660156250000e+02
2.791487426757812500e+02
2.933507080078125000e+02
2.577609252929687500e+02
3.193715209960937500e+02
3.440780029296875000e+02
2.720689086914062500e+02
3.632091979980468750e+02
3.247475891113281250e+02
2.859125366210937500e+02
2.632496032714843750e+02
3.599088439941406250e+02
3.192694702148437500e+02
2.696051025390625000e+02
2.673314514160156250e+02
3.211491699218750000e+02
3.214453125000000000e+02
2.827756042480468750e+02
2.743461303710937500e+02
2.907613525390625000e+02
2.681565551757812500e+02
3.023740234375000000e+02
3.383629150390625000e+02
2.348335571289062500e+02
2.208829040527343750e+02
2.442081909179687500e+02
3.262403564453125000e+02
2.918858032226562500e+02
2.847862548828125000e+02
2.256293029785156250e+02
3.384312133789062500e+02
2.703721618652343750e+02
2.710812377929687500e+02
2.483045196533203125e+02
2.799060058593750000e+02
2.715653991699218750e+02
2.080001525878906250e+02
2.495948486328125000e+02
2.404375305175781250e+02
2.766557312011718750e+02
2.744361572265625000e+02
2.633157348632812500e+02
2.658464355468750000e+02
2.327332763671875000e+02
2.466311645507812500e+02
2.429071350097656250e+02
2.711347045898437500e+02
3.083713378906250000e+02
2.367754821777343750e+02
2.807713012695312500e+02
2.650689392089843750e+02
2.531008453369140625e+02
2.680360107421875000e+02
3.023781433105468750e+02
2.393191375732421875e+02
2.451290740966796875e+02
3.281956481933593750e+02
2.984839477539062500e+02
3.201887207031250000e+02
2.108741455078125000e+02
2.164638977050781250e+02
2.720391845703125000e+02
2.939027404785156250e+02
2.422399444580078125e+02
3.142056884765625000e+02
2.162662658691406250e+02
2.256662750244140625e+02
2.319675598144531250e+02
2.510412597656250000e+02
2.315981445312500000e+02
2.209751434326171875e+02
3.018146972656250000e+02
2.433901672363281250e+02
2.385269622802734375e+02
2.803583068847656250e+02
3.586813354492187500e+02
2.596801147460937500e+02
2.279523620605468750e+02
3.031455688476562500e+02
2.538492126464843750e+02
2.675420227050781250e+02
2.696782531738281250e+02
3.101474609375000000e+02
2.321416625976562500e+02
2.804707641601562500e+02
3.211170349121093750e+02
2.597400207519531250e+02
2.374870758056640625e+02
2.690694580078125000e+02
3.351401062011718750e+02
2.443905334472656250e+02
2.341528015136718750e+02
2.176564636230468750e+02
1.784310607910156250e+02
2.487363891601562500e+02
2.592667236328125000e+02
2.317684326171875000e+02
2.497443389892578125e+02
2.473569946289062500e+02
1.970832519531250000e+02
2.449899291992187500e+02
2.281276245117187500e+02
3.227435302734375000e+02
2.066883239746093750e+02
2.474886322021484375e+02
3.102577514648437500e+02
2.156707458496093750e+02
2.579533996582031250e+02
3.051669921875000000e+02
2.652496948242187500e+02
2.465836486816406250e+02
2.372506256103515625e+02
2.223854980468750000e+02
2.801262207031250000e+02
2.217108306884765625e+02
2.254623260498046875e+02
2.343848114013671875e+02
2.600128784179687500e+02
2.538124389648437500e+02
2.560542602539062500e+02
2.287881011962890625e+02
3.383214111328125000e+02
2.235249023437500000e+02
2.652933349609375000e+02
2.782099914550781250e+02
2.660859985351562500e+02
2.554601745605468750e+02
2.461384277343750000e+02
2.242809143066406250e+02
2.107089538574218750e+02
2.155404815673828125e+02
2.468352966308593750e+02
2.547366790771484375e+02
2.350093994140625000e+02
2.186102752685546875e+02
2.308616638183593750e+02
2.618906250000000000e+02
2.555122833251953125e+02
2.845982666015625000e+02
2.481438598632812500e+02
2.514804534912109375e+02
2.363898620605468750e+02
2.397265167236328125e+02
2.506461639404296875e+02
2.028314361572265625e+02
2.329214477539062500e+02
2.625882263183593750e+02
2.407964019775390625e+02
2.400629425048828125e+02
2.127673339843750000e+02
2.123444519042968750e+02
2.371293792724609375e+02
1.566595306396484375e+02
2.695997924804687500e+02
2.364197845458984375e+02
2.215387268066406250e+02
2.833386840820312500e+02
1.754189758300781250e+02
2.348968048095703125e+02
2.047749328613281250e+02
2.121902465820312500e+02
2.073357849121093750e+02
2.040813293457031250e+02
1.944003601074218750e+02
1.952872009277343750e+02
2.587019958496093750e+02
2.392330322265625000e+02
2.671228027343750000e+02
2.830327148437500000e+02
1.787640991210937500e+02
2.442261657714843750e+02
2.485672454833984375e+02
2.424936828613281250e+02
2.674591064453125000e+02
2.332176513671875000e+02
2.058415527343750000e+02
2.396469116210937500e+02
2.327188568115234375e+02
2.040443420410156250e+02
2.965504455566406250e+02
1.983113403320312500e+02
2.925299072265625000e+02
2.184430999755859375e+02
3.402801513671875000e+02
2.183296813964843750e+02
1.936378784179687500e+02
2.211410217285156250e+02
2.356160278320312500e+02
2.365733947753906250e+02
1.966738891601562500e+02
2.486707458496093750e+02
2.089812774658203125e+02
2.406752014160156250e+02
2.089971466064453125e+02
2.634174499511718750e+02
2.129938507080078125e+02
2.601179809570312500e+02
2.124263000488281250e+02
2.271837615966796875e+02
2.527033081054687500e+02
2.157298889160156250e+02
1.803485717773437500e+02
2.952830810546875000e+02
1.922964172363281250e+02
2.583933410644531250e+02
2.446734008789062500e+02
2.486157379150390625e+02
2.718202209472656250e+02
2.062376251220703125e+02
1.999060668945312500e+02
1.385413818359375000e+02
2.269781646728515625e+02
2.286209411621093750e+02
2.247584991455078125e+02
2.329472656250000000e+02
2.335316772460937500e+02
2.169439239501953125e+02
2.200227508544921875e+02
2.244395904541015625e+02
2.258221130371093750e+02
2.108800506591796875e+02
2.065253753662109375e+02
2.539146728515625000e+02
2.062329254150390625e+02
2.292989654541015625e+02
1.697454528808593750e+02
2.253450317382812500e+02
1.770607299804687500e+02
2.143815612792968750e+02
1.955451049804687500e+02
2.214774169921875000e+02
2.329809722900390625e+02
2.034298706054687500e+02
2.034594726562500000e+02
1.960607910156250000e+02
1.927780456542968750e+02
1.785668792724609375e+02
2.062799682617187500e+02
2.182557983398437500e+02
2.429818725585937500e+02
1.589142761230468750e+02
2.230606994628906250e+02
2.134787597656250000e+02
1.766373138427734375e+02
2.113393859863281250e+02
1.957158966064453125e+02
2.229312591552734375e+02
2.017243499755859375e+02
1.821432189941406250e+02
2.276879577636718750e+02
1.888232727050781250e+02
2.098352203369140625e+02
2.155787048339843750e+02
1.785848083496093750e+02
2.221602783203125000e+02
2.488904876708984375e+02
1.961882324218750000e+02
2.284816589355468750e+02
2.350397949218750000e+02
1.677326202392578125e+02
2.331720428466796875e+02
1.860825805664062500e+02
2.314408111572265625e+02
1.770513305664062500e+02
1.871145629882812500e+02
2.461863098144531250e+02
2.275482482910156250e+02
2.299878997802734375e+02
2.370214538574218750e+02
2.022565612792968750e+02
2.177943115234375000e+02
1.963954467773437500e+02
1.557065429687500000e+02
2.468217773437500000e+02
1.883681945800781250e+02
1.968849029541015625e+02
2.106065979003906250e+02
2.326989288330078125e+02
2.419885559082031250e+02
2.056121978759765625e+02
2.312423706054687500e+02
2.884913024902343750e+02
2.144078674316406250e+02
2.171754913330078125e+02
1.866054687500000000e+02
2.014566345214843750e+02
2.126117706298828125e+02
1.872921905517578125e+02
1.923094787597656250e+02
1.910525360107421875e+02
1.965227355957031250e+02
2.068288574218750000e+02
2.376230773925781250e+02
1.647140502929687500e+02
2.021580200195312500e+02
2.682399902343750000e+02
2.019533538818359375e+02
1.988583526611328125e+02
1.519703063964843750e+02
2.265077972412109375e+02
2.432569580078125000e+02
1.793938903808593750e+02
1.914772796630859375e+02
1.786149902343750000e+02
1.778723907470703125e+02
1.945530700683593750e+02
2.095876770019531250e+02
2.224701232910156250e+02
2.253229980468750000e+02
1.804525299072265625e+02
1.731097412109375000e+02
1.612094268798828125e+02
1.911941833496093750e+02
1.881375579833984375e+02
2.153786621093750000e+02
1.902901000976562500e+02
1.816968231201171875e+02
2.041549835205078125e+02
1.874373016357421875e+02
2.024500427246093750e+02
2.134078979492187500e+02
1.946704406738281250e+02
1.604875793457031250e+02
2.174830932617187500e+02
1.681812591552734375e+02
2.431524658203125000e+02
2.149706726074218750e+02
1.561360778808593750e+02
1.828408966064453125e+02
2.015232849121093750e+02
1.898607788085937500e+02
1.853279724121093750e+02
2.109852905273437500e+02
2.938682250976562500e+02
1.797960510253906250e+02
2.166931762695312500e+02
1.682985992431640625e+02
2.112541351318359375e+02
2.051763305664062500e+02
1.577008056640625000e+02
2.326366882324218750e+02
1.638470153808593750e+02
1.942936401367187500e+02
1.859390869140625000e+02
1.966837768554687500e+02
2.567138061523437500e+02
1.693406066894531250e+02
2.075016174316406250e+02
1.750509033203125000e+02
2.064591522216796875e+02
2.302580871582031250e+02
2.027558593750000000e+02
1.612208251953125000e+02
1.349306335449218750e+02
1.420245666503906250e+02
2.142427825927734375e+02
2.107516174316406250e+02
2.132269439697265625e+02
1.802954559326171875e+02
1.944544372558593750e+02
1.548162536621093750e+02
1.954959716796875000e+02
2.125209655761718750e+02
1.780234680175781250e+02
1.661311645507812500e+02
2.232931518554687500e+02
2.239089050292968750e+02
1.520769042968750000e+02
1.764650726318359375e+02
2.111601409912109375e+02
2.114786071777343750e+02
1.833161010742187500e+02
1.762114257812500000e+02
1.483717041015625000e+02
1.577560729980468750e+02
2.263052673339843750e+02
1.831663208007812500e+02
1.395933685302734375e+02
1.877847900390625000e+02
2.128023071289062500e+02
2.314584808349609375e+02
1.877079467773437500e+02
1.865472717285156250e+02
1.811022338867187500e+02
1.721805267333984375e+02
1.702998962402343750e+02
1.675682373046875000e+02
1.935263977050781250e+02
2.026829833984375000e+02
1.683195495605468750e+02
1.879266662597656250e+02
2.456409912109375000e+02
1.729234924316406250e+02
1.650740966796875000e+02
1.285512084960937500e+02
1.506724548339843750e+02
1.546732025146484375e+02
1.380967712402343750e+02
1.750838928222656250e+02
1.975493164062500000e+02
1.802153625488281250e+02
1.861156311035156250e+02
1.853959960937500000e+02
1.733962402343750000e+02
1.563882141113281250e+02
1.837243652343750000e+02
1.908535766601562500e+02
1.546103820800781250e+02
2.098782501220703125e+02
1.793422088623046875e+02
1.466093444824218750e+02
1.644129180908203125e+02
1.973401794433593750e+02
1.853208312988281250e+02
1.731658630371093750e+02
1.829932861328125000e+02
2.218219451904296875e+02
1.780857391357421875e+02
1.765797119140625000e+02
1.610513000488281250e+02
1.550429077148437500e+02
1.419286956787109375e+02
1.606391754150390625e+02
1.120687103271484375e+02
1.608038940429687500e+02
1.900488281250000000e+02
2.196587829589843750e+02
1.538680114746093750e+02
1.711450500488281250e+02
1.658729553222656250e+02
1.517644348144531250e+02
1.617702636718750000e+02
1.621618347167968750e+02
2.194432830810546875e+02
1.317115173339843750e+02
1.556314544677734375e+02
1.624183654785156250e+02
1.478792724609375000e+02
1.663959960937500000e+02
1.734504394531250000e+02
1.500989837646484375e+02
1.592001647949218750e+02
1.664840087890625000e+02
1.915289916992187500e+02
1.364534301757812500e+02
1.295624084472656250e+02
1.378683624267578125e+02
1.376622924804687500e+02
1.783901062011718750e+02
1.876373291015625000e+02
2.130322265625000000e+02
1.702488250732421875e+02
1.594440612792968750e+02
1.389539489746093750e+02
1.716623687744140625e+02
1.610692138671875000e+02
1.553661193847656250e+02
1.387172851562500000e+02
1.579241333007812500e+02
2.029192504882812500e+02
1.858648834228515625e+02
1.510561218261718750e+02
1.521477661132812500e+02
1.273832244873046875e+02
1.592788696289062500e+02
1.566826171875000000e+02
1.546649627685546875e+02
1.390563354492187500e+02
1.531761322021484375e+02
1.644792175292968750e+02
1.842664947509765625e+02
1.397171783447265625e+02
1.570998077392578125e+02
1.661624450683593750e+02
1.426695861816406250e+02
1.404931182861328125e+02
2.019569244384765625e+02
1.272802810668945312e+02
1.118562927246093750e+02
1.382308959960937500e+02
1.404660491943359375e+02
1.703569030761718750e+02
1.434351959228515625e+02
1.733766632080078125e+02
1.351602630615234375e+02
1.522162475585937500e+02
1.509079284667968750e+02
2.015554199218750000e+02
2.057067413330078125e+02
1.544579925537109375e+02
1.613609619140625000e+02
1.614634552001953125e+02
1.437207489013671875e+02
1.504095306396484375e+02
1.708835601806640625e+02
1.609690856933593750e+02
1.355130310058593750e+02
1.412985839843750000e+02
1.285161285400390625e+02
1.520453491210937500e+02
1.396170654296875000e+02
1.414535522460937500e+02
1.601321105957031250e+02
1.178750686645507812e+02
1.430424499511718750e+02
1.576664123535156250e+02
1.563907623291015625e+02
1.311873779296875000e+02
1.219790267944335938e+02
1.502173461914062500e+02
1.637427673339843750e+02
9.954266357421875000e+01
1.498072814941406250e+02
1.374240722656250000e+02
1.257812271118164062e+02
1.292908935546875000e+02
1.231854248046875000e+02
1.123407974243164062e+02
1.757016601562500000e+02
1.315301971435546875e+02
1.511793518066406250e+02
1.456981811523437500e+02
1.438828125000000000e+02
1.540309753417968750e+02
1.129254608154296875e+02
1.542032928466796875e+02
1.329361419677734375e+02
1.544863433837890625e+02
1.378528442382812500e+02
9.868086242675781250e+01
1.515662536621093750e+02
1.272625274658203125e+02
1.372915496826171875e+02
1.219620132446289062e+02
1.313437957763671875e+02
1.057346878051757812e+02
1.094870681762695312e+02
1.889912567138671875e+02
1.978674926757812500e+02
1.627407836914062500e+02
1.744860839843750000e+02
1.847255706787109375e+02
1.316255493164062500e+02
1.050251770019531250e+02
1.580910034179687500e+02
1.375263061523437500e+02
1.245683364868164062e+02
1.525245971679687500e+02
1.305105285644531250e+02
1.380361022949218750e+02
1.017985458374023438e+02
1.459625854492187500e+02
1.401046905517578125e+02
1.026520614624023438e+02
1.334635925292968750e+02
1.136688079833984375e+02
1.610654602050781250e+02
1.356743469238281250e+02
1.493656921386718750e+02
1.029400939941406250e+02
1.254889984130859375e+02
1.624174652099609375e+02
1.346684722900390625e+02
1.358924865722656250e+02
1.920635986328125000e+02
1.417447509765625000e+02
1.075268325805664062e+02
1.285210571289062500e+02
1.113059082031250000e+02
1.621139221191406250e+02
1.199509124755859375e+02
1.391587524414062500e+02
1.415109558105468750e+02
1.100113677978515625e+02
7.907418823242187500e+01
1.184016265869140625e+02
1.320199890136718750e+02
1.343066406250000000e+02
1.576771240234375000e+02
1.453905639648437500e+02
1.008773803710937500e+02
1.218672714233398438e+02
1.233377532958984375e+02
1.537160186767578125e+02
1.122464065551757812e+02
1.201120300292968750e+02
1.330672149658203125e+02
1.238292694091796875e+02
1.095476531982421875e+02
1.474847412109375000e+02
1.304901580810546875e+02
1.213351364135742188e+02
1.241930694580078125e+02
1.013977966308593750e+02
1.454013824462890625e+02
1.205395202636718750e+02
1.143029937744140625e+02
1.636504974365234375e+02
1.537350921630859375e+02
1.515249938964843750e+02
1.251675949096679688e+02
1.387983703613281250e+02
1.176150512695312500e+02
1.964072570800781250e+02
1.387602539062500000e+02
1.604609985351562500e+02
1.176432647705078125e+02
1.178282623291015625e+02
1.179750061035156250e+02
1.415124969482421875e+02
1.171463165283203125e+02
1.483719635009765625e+02
9.650881958007812500e+01
1.196805419921875000e+02
1.592504730224609375e+02
1.350114440917968750e+02
1.114566802978515625e+02
1.153855438232421875e+02
1.449755096435546875e+02
1.043740463256835938e+02
1.595905456542968750e+02
1.118194122314453125e+02
1.265750732421875000e+02
1.339843444824218750e+02
1.240207214355468750e+02
1.515382843017578125e+02
9.328039550781250000e+01
1.287661285400390625e+02
1.315118865966796875e+02
1.417341613769531250e+02
1.304886627197265625e+02
1.323207702636718750e+02
9.531382751464843750e+01
1.022304534912109375e+02
1.733975524902343750e+02
8.936337280273437500e+01
1.240196228027343750e+02
1.066703414916992188e+02
9.716731262207031250e+01
9.719175720214843750e+01
1.228124389648437500e+02
1.334961700439453125e+02
1.287814025878906250e+02
1.097975997924804688e+02
9.290383911132812500e+01
9.860134887695312500e+01
1.438207397460937500e+02
1.447778930664062500e+02
1.152569808959960938e+02
1.140247192382812500e+02
1.883254394531250000e+02
1.228411407470703125e+02
1.403911285400390625e+02
1.344162139892578125e+02
1.218472290039062500e+02
1.189198150634765625e+02
1.137195205688476562e+02
1.045014343261718750e+02
1.307047119140625000e+02
1.126481323242187500e+02
1.221016387939453125e+02
1.079787368774414062e+02
1.013787078857421875e+02
1.683129730224609375e+02
1.641649780273437500e+02
1.405164489746093750e+02
1.053554306030273438e+02
9.395731353759765625e+01
1.214711990356445312e+02
1.832581176757812500e+02
1.188060073852539062e+02
1.705319824218750000e+02
1.258657379150390625e+02
1.045871276855468750e+02
1.261389923095703125e+02
1.703391418457031250e+02
1.144755401611328125e+02
1.362827606201171875e+02
1.018365173339843750e+02
1.625499877929687500e+02
9.430079650878906250e+01
7.766426086425781250e+01
9.757797241210937500e+01
1.263982696533203125e+02
1.050566253662109375e+02
1.276912384033203125e+02
1.299970703125000000e+02
9.436251831054687500e+01
7.617940521240234375e+01
9.564834594726562500e+01
9.330010986328125000e+01
1.273565979003906250e+02
8.273768615722656250e+01
1.426352844238281250e+02
1.072070465087890625e+02
1.258483428955078125e+02
1.135518646240234375e+02
1.099775695800781250e+02
1.063256988525390625e+02
1.506692504882812500e+02
1.049412994384765625e+02
1.203166198730468750e+02
1.577873992919921875e+02
9.716326904296875000e+01
1.128500213623046875e+02
1.244651031494140625e+02
9.695863342285156250e+01
1.020515441894531250e+02
1.351176757812500000e+02
1.208101043701171875e+02
8.986032867431640625e+01
9.481367492675781250e+01
1.130481262207031250e+02
9.988791656494140625e+01
1.288410339355468750e+02
8.850834655761718750e+01
1.401325225830078125e+02
9.911218261718750000e+01
1.023177795410156250e+02
9.352501678466796875e+01
1.144633026123046875e+02
1.061973114013671875e+02
9.761965942382812500e+01
1.251999816894531250e+02
9.313899993896484375e+01
1.414424285888671875e+02
9.022610473632812500e+01
1.067806625366210938e+02
1.069944381713867188e+02
8.743948364257812500e+01
9.189263916015625000e+01
1.306496276855468750e+02
9.707197570800781250e+01
1.009605178833007812e+02
1.065017395019531250e+02
9.882308959960937500e+01
9.462495422363281250e+01
8.429361724853515625e+01
1.459939727783203125e+02
9.217674255371093750e+01
1.187015686035156250e+02
1.243180084228515625e+02
9.077835083007812500e+01
1.033095932006835938e+02
6.793976593017578125e+01
1.593246459960937500e+02
1.420216369628906250e+02
1.170279541015625000e+02
1.339592895507812500e+02
1.241303253173828125e+02
1.036928558349609375e+02
1.016061706542968750e+02
7.431753540039062500e+01
9.101608276367187500e+01
1.000692214965820312e+02
1.331706390380859375e+02
9.553433227539062500e+01
1.420267944335937500e+02
8.552581787109375000e+01
9.667704772949218750e+01
8.433882904052734375e+01
1.020025634765625000e+02
8.585145568847656250e+01
1.128970413208007812e+02
1.092883911132812500e+02
1.094934844970703125e+02
1.098360443115234375e+02
1.602500915527343750e+02
1.118256301879882812e+02
8.864083099365234375e+01
9.295561218261718750e+01
1.126183853149414062e+02
7.870798492431640625e+01
8.024687194824218750e+01
9.784815979003906250e+01
9.871628570556640625e+01
7.558308410644531250e+01
1.425444946289062500e+02
8.534667205810546875e+01
9.169175720214843750e+01
9.829571533203125000e+01
7.361726379394531250e+01
1.254587402343750000e+02
1.067010192871093750e+02
9.827354431152343750e+01
1.065170288085937500e+02
8.610047912597656250e+01
9.501895141601562500e+01
1.143175048828125000e+02
1.142652130126953125e+02
1.161219329833984375e+02
1.354031677246093750e+02
8.716090393066406250e+01
1.002874755859375000e+02
8.077490997314453125e+01
1.138013305664062500e+02
1.099346923828125000e+02
9.719577026367187500e+01
1.007811813354492188e+02
8.823869323730468750e+01
7.547738647460937500e+01
9.179440307617187500e+01
6.732623291015625000e+01
8.165420532226562500e+01
8.187461090087890625e+01
8.527709960937500000e+01
8.917620849609375000e+01
8.850716400146484375e+01
1.046069946289062500e+02
7.366704559326171875e+01
1.343938903808593750e+02
1.080078430175781250e+02
1.295048217773437500e+02
1.321352386474609375e+02
7.748075866699218750e+01
1.084472961425781250e+02
1.231940612792968750e+02
1.178215484619140625e+02
9.173671722412109375e+01
1.467475585937500000e+02
1.065586090087890625e+02
8.819947814941406250e+01
8.821487426757812500e+01
9.249691772460937500e+01
8.309036254882812500e+01
8.748693847656250000e+01
1.024118499755859375e+02
1.351669006347656250e+02
9.124195861816406250e+01
9.737268829345703125e+01
1.259830474853515625e+02
9.555762481689453125e+01
8.832645416259765625e+01
1.145906295776367188e+02
8.359399414062500000e+01
7.337407684326171875e+01
6.367149353027343750e+01
7.519268798828125000e+01
9.133971405029296875e+01
8.547961425781250000e+01
9.041099548339843750e+01
9.090834045410156250e+01
8.395465850830078125e+01
8.848429870605468750e+01
6.896952819824218750e+01
9.823652648925781250e+01
1.125258102416992188e+02
8.030098724365234375e+01
7.619197082519531250e+01
8.521542358398437500e+01
8.685409545898437500e+01
9.320101928710937500e+01
1.431055603027343750e+02
9.291703033447265625e+01
1.070178222656250000e+02
7.882325744628906250e+01
1.261803054809570312e+02
1.044261169433593750e+02
1.132332153320312500e+02
8.585060882568359375e+01
8.567531585693359375e+01
9.344120025634765625e+01
1.334823608398437500e+02
8.801293945312500000e+01
7.920656585693359375e+01
1.169747695922851562e+02
8.036736297607421875e+01
1.612456817626953125e+02
9.845912170410156250e+01
8.240389251708984375e+01
1.474005126953125000e+02
6.611817932128906250e+01
1.348908386230468750e+02
6.450079345703125000e+01
5.143840408325195312e+01
7.217208099365234375e+01
8.857015991210937500e+01
6.916223144531250000e+01
7.982655334472656250e+01
5.892658996582031250e+01
1.084323577880859375e+02
1.134138717651367188e+02
8.287394714355468750e+01
8.316576385498046875e+01
1.509667816162109375e+02
8.983295440673828125e+01
1.205149993896484375e+02
9.342402648925781250e+01
1.030346069335937500e+02
8.907909393310546875e+01
1.072062377929687500e+02
9.386322021484375000e+01
9.740273284912109375e+01
9.859452819824218750e+01
1.169563903808593750e+02
6.218136215209960938e+01
1.335957794189453125e+02
1.014866638183593750e+02
7.836402893066406250e+01
8.438674926757812500e+01
9.628631591796875000e+01
7.725454711914062500e+01
1.160466003417968750e+02
9.409725952148437500e+01
7.207330322265625000e+01
1.480169067382812500e+02
1.023000183105468750e+02
1.028078384399414062e+02
9.547605895996093750e+01
7.004740142822265625e+01
9.791436767578125000e+01
8.771200561523437500e+01
9.583699798583984375e+01
7.235824584960937500e+01
6.948118591308593750e+01
9.502928924560546875e+01
7.211738586425781250e+01
1.059197921752929688e+02
9.895914459228515625e+01
9.927627563476562500e+01
1.070323333740234375e+02
7.477940368652343750e+01
9.002146148681640625e+01
7.038112640380859375e+01
1.087129516601562500e+02
8.426331329345703125e+01
7.323677062988281250e+01
1.184341278076171875e+02
9.496974182128906250e+01
7.142400360107421875e+01
1.092441940307617188e+02
8.049420166015625000e+01
8.792523193359375000e+01
8.765961456298828125e+01
8.754679870605468750e+01
6.447593688964843750e+01
9.715602874755859375e+01
8.707343292236328125e+01
1.024977645874023438e+02
8.852120208740234375e+01
7.370592498779296875e+01
9.434868621826171875e+01
1.053774261474609375e+02
8.469167327880859375e+01
5.509104156494140625e+01
1.232045059204101562e+02
5.520665740966796875e+01
8.425806427001953125e+01
6.977913665771484375e+01
8.790107727050781250e+01
9.073004150390625000e+01
7.727909851074218750e+01
1.006578140258789062e+02
1.041918792724609375e+02
7.733806610107421875e+01
1.084671173095703125e+02
7.205106353759765625e+01
1.037845916748046875e+02
1.211425704956054688e+02
8.771109008789062500e+01
1.192641220092773438e+02
7.732914733886718750e+01
8.109595489501953125e+01
8.230033874511718750e+01
6.510450744628906250e+01
9.272184753417968750e+01
7.527539062500000000e+01
9.099673461914062500e+01
1.041268310546875000e+02
6.900187683105468750e+01
6.590000152587890625e+01
5.718373870849609375e+01
7.578346252441406250e+01
1.232783432006835938e+02
7.301371765136718750e+01
8.297065734863281250e+01
1.441870269775390625e+02
8.006267547607421875e+01
8.933635711669921875e+01
9.487533569335937500e+01
8.092247009277343750e+01
9.356439208984375000e+01
8.375065612792968750e+01
6.839895629882812500e+01
7.288337707519531250e+01
6.663388824462890625e+01
7.814109802246093750e+01
6.237571716308593750e+01
1.088714218139648438e+02
7.126516723632812500e+01
7.551375579833984375e+01
1.151375885009765625e+02
7.861660003662109375e+01
1.001728134155273438e+02
7.761437988281250000e+01
7.286289215087890625e+01
7.626422119140625000e+01
1.150742721557617188e+02
8.840275573730468750e+01
5.821186447143554688e+01
1.132044219970703125e+02
9.613008880615234375e+01
1.005944595336914062e+02
6.847208404541015625e+01
1.216176757812500000e+02
8.118576049804687500e+01
7.741620635986328125e+01
1.028587799072265625e+02
7.160344696044921875e+01
5.897388839721679688e+01
7.723487854003906250e+01
6.581129455566406250e+01
9.085536193847656250e+01
7.553623962402343750e+01
1.069879684448242188e+02
8.710317993164062500e+01
8.673942565917968750e+01
7.896873474121093750e+01
6.905183410644531250e+01
8.771362304687500000e+01
9.172782897949218750e+01
8.870364379882812500e+01
7.793716430664062500e+01
9.548200988769531250e+01
6.519110107421875000e+01
8.379626464843750000e+01
8.120656585693359375e+01
9.232098388671875000e+01
1.010858306884765625e+02
8.608511352539062500e+01
7.537454986572265625e+01
9.326856994628906250e+01
6.655099487304687500e+01
8.199761962890625000e+01
1.281101837158203125e+02
8.859572601318359375e+01
9.956254577636718750e+01
1.017188873291015625e+02
8.519876861572265625e+01
5.942100524902343750e+01
6.936931610107421875e+01
7.845866394042968750e+01
8.105561828613281250e+01
7.850099182128906250e+01
8.255551910400390625e+01
9.924362182617187500e+01
9.202874755859375000e+01
8.821577453613281250e+01
9.815794372558593750e+01
1.051285324096679688e+02
6.502269744873046875e+01
6.452503204345703125e+01
6.355569458007812500e+01
1.331183776855468750e+02
7.338418579101562500e+01
8.994020843505859375e+01
1.325662994384765625e+02
1.157552719116210938e+02
6.481602478027343750e+01
1.100541534423828125e+02
1.034307556152343750e+02
8.971945953369140625e+01
6.415571594238281250e+01
7.170713806152343750e+01
1.351369781494140625e+02
9.555492401123046875e+01
7.744380187988281250e+01
7.823032379150390625e+01
8.328884124755859375e+01
9.618707275390625000e+01
9.636151123046875000e+01
1.080488204956054688e+02
8.819937133789062500e+01
1.098873443603515625e+02
8.468988037109375000e+01
1.135875320434570312e+02
1.124823913574218750e+02
1.030913467407226562e+02
1.128225250244140625e+02
7.856060791015625000e+01
8.436756896972656250e+01
7.405972290039062500e+01
8.409176635742187500e+01
6.816152954101562500e+01
1.065629119873046875e+02
1.260716323852539062e+02
8.733226013183593750e+01
1.142121276855468750e+02
7.579545593261718750e+01
8.680463409423828125e+01
7.495944976806640625e+01
1.007045898437500000e+02
6.586744689941406250e+01
6.835397338867187500e+01
7.711698913574218750e+01
1.033076248168945312e+02
9.424714660644531250e+01
6.047233581542968750e+01
8.721836853027343750e+01
9.520413208007812500e+01
7.056952667236328125e+01
8.369205474853515625e+01
9.015531921386718750e+01
7.929024505615234375e+01
8.161417388916015625e+01
6.167961120605468750e+01
1.249089584350585938e+02
6.975091552734375000e+01
5.778731536865234375e+01
8.311143493652343750e+01
1.460839233398437500e+02
6.448196411132812500e+01
8.667099761962890625e+01
8.892267608642578125e+01
1.009325485229492188e+02
9.149731445312500000e+01
1.118596343994140625e+02
1.029930267333984375e+02
7.804482269287109375e+01
8.784217834472656250e+01
8.733019256591796875e+01
6.252651977539062500e+01
8.394924926757812500e+01
7.877945709228515625e+01
8.497131347656250000e+01
9.676393127441406250e+01
8.923760223388671875e+01
7.187953186035156250e+01
5.785975646972656250e+01
6.444826507568359375e+01
8.603232574462890625e+01
8.430464172363281250e+01
1.175096282958984375e+02
7.650765991210937500e+01
7.419587707519531250e+01
1.005449142456054688e+02
7.896201324462890625e+01
6.412048339843750000e+01
7.532047271728515625e+01
7.710212707519531250e+01
7.969085693359375000e+01
6.969680786132812500e+01
8.986593627929687500e+01
1.031350860595703125e+02
6.711846160888671875e+01
8.147244262695312500e+01
7.270060729980468750e+01
9.288928222656250000e+01
8.476519775390625000e+01
1.180462646484375000e+02
9.947833251953125000e+01
6.293248748779296875e+01
8.813005065917968750e+01
8.222721862792968750e+01
8.628451538085937500e+01
8.601111602783203125e+01
9.118297576904296875e+01
8.632041168212890625e+01
6.454957580566406250e+01
4.278022384643554688e+01
6.301732635498046875e+01
8.726436614990234375e+01
8.617104339599609375e+01
6.949097442626953125e+01
8.915921020507812500e+01
8.431021118164062500e+01
8.914665222167968750e+01
1.207926788330078125e+02
9.448916625976562500e+01
7.403012084960937500e+01
7.680078887939453125e+01
9.461466979980468750e+01
9.573693847656250000e+01
6.748760223388671875e+01
9.384200286865234375e+01
5.503370666503906250e+01
9.856912231445312500e+01
8.819348144531250000e+01
5.616389846801757812e+01
1.096488723754882812e+02
5.781169128417968750e+01
9.887212371826171875e+01
6.245812225341796875e+01
5.178638458251953125e+01
7.497183990478515625e+01
8.833891296386718750e+01
9.123010253906250000e+01
6.981253051757812500e+01
6.439494323730468750e+01
9.933019256591796875e+01
7.199420166015625000e+01
7.524348449707031250e+01
9.715157318115234375e+01
1.109267120361328125e+02
8.643450927734375000e+01
8.541642761230468750e+01
8.360663604736328125e+01
9.706381225585937500e+01
8.774559020996093750e+01
6.195303726196289062e+01
1.006827926635742188e+02
5.523370742797851562e+01
1.029635314941406250e+02
8.757433319091796875e+01
7.154665374755859375e+01
7.593998718261718750e+01
7.866344451904296875e+01
6.559487915039062500e+01
6.397299957275390625e+01
1.093984527587890625e+02
6.920339202880859375e+01
6.934535217285156250e+01
7.142976379394531250e+01
7.934066772460937500e+01
7.935887145996093750e+01
7.494199371337890625e+01
9.367578887939453125e+01
8.762550354003906250e+01
5.585704803466796875e+01
8.360811614990234375e+01
7.976731109619140625e+01
8.405241394042968750e+01
1.373191070556640625e+02
1.015149536132812500e+02
8.747318267822265625e+01
9.530491638183593750e+01
7.883874511718750000e+01
9.154708862304687500e+01
7.402354431152343750e+01
7.291473388671875000e+01
7.520866394042968750e+01
6.798316955566406250e+01
7.267092895507812500e+01
1.125858230590820312e+02
5.732261657714843750e+01
1.135363235473632812e+02
7.592173767089843750e+01
7.294546508789062500e+01
6.172703552246093750e+01
9.723674774169921875e+01
1.156299667358398438e+02
8.037263488769531250e+01
9.059771728515625000e+01
7.483592987060546875e+01
8.028584289550781250e+01
6.431003570556640625e+01
1.226875762939453125e+02
8.631967926025390625e+01
8.362520599365234375e+01
1.285046539306640625e+02
7.105738067626953125e+01
7.176436614990234375e+01
5.720335006713867188e+01
7.852893066406250000e+01
9.371114349365234375e+01
1.112618026733398438e+02
5.383683776855468750e+01
5.965880966186523438e+01
6.769258117675781250e+01
4.976350402832031250e+01
1.004248428344726562e+02
7.704315948486328125e+01
7.297494506835937500e+01
9.191851806640625000e+01
8.234976196289062500e+01
7.419812011718750000e+01
9.146003723144531250e+01
6.020140075683593750e+01
5.501655578613281250e+01
6.250730133056640625e+01
9.076409149169921875e+01
5.643228149414062500e+01
1.065199279785156250e+02
7.014027404785156250e+01
8.104769897460937500e+01
7.268310546875000000e+01
6.769354248046875000e+01
9.131011199951171875e+01
7.312230682373046875e+01
6.777940368652343750e+01
9.450554656982421875e+01
1.298395843505859375e+02
9.414944458007812500e+01
1.014250946044921875e+02
7.151027679443359375e+01
9.745980834960937500e+01
9.609948730468750000e+01
8.345925140380859375e+01
8.585456848144531250e+01
8.641425323486328125e+01
6.877483367919921875e+01
1.001383972167968750e+02
5.960074234008789062e+01
6.494224548339843750e+01
8.901296997070312500e+01
7.757048797607421875e+01
8.729408264160156250e+01
7.633493041992187500e+01
9.137237548828125000e+01
7.583709716796875000e+01
5.335145950317382812e+01
6.031211853027343750e+01
9.455361938476562500e+01
7.437948608398437500e+01
6.676284790039062500e+01
9.127260589599609375e+01
8.684730529785156250e+01
1.224866790771484375e+02
9.039043426513671875e+01
1.067317810058593750e+02
6.289739990234375000e+01
8.523922729492187500e+01
9.803157043457031250e+01
8.389189910888671875e+01
7.230181884765625000e+01
7.603522491455078125e+01
6.298133468627929688e+01
1.132182922363281250e+02
7.395041656494140625e+01
6.672686767578125000e+01
1.068990173339843750e+02
7.328222656250000000e+01
5.887157058715820312e+01
7.746790313720703125e+01
7.039028930664062500e+01
8.245597076416015625e+01
8.382257080078125000e+01
9.882362365722656250e+01
6.588772583007812500e+01
1.175041351318359375e+02
8.056281280517578125e+01
1.115469589233398438e+02
6.965357208251953125e+01
1.294160919189453125e+02
1.166633911132812500e+02
7.419974517822265625e+01
6.777294921875000000e+01
8.625649261474609375e+01
9.180575561523437500e+01
1.202760925292968750e+02
5.746511840820312500e+01
6.522633361816406250e+01
8.987231445312500000e+01
7.069026947021484375e+01
5.957623291015625000e+01
9.849189758300781250e+01
5.620369338989257812e+01
5.522852325439453125e+01
1.470163269042968750e+02
9.951445770263671875e+01
8.567298126220703125e+01
7.713236999511718750e+01
8.194353485107421875e+01
8.982243347167968750e+01
7.685343933105468750e+01
8.650612640380859375e+01
5.620798492431640625e+01
1.206903381347656250e+02
7.291401672363281250e+01
6.542882537841796875e+01
9.531564331054687500e+01
5.930839920043945312e+01
6.800576019287109375e+01
9.155351257324218750e+01
5.402852249145507812e+01
6.559295654296875000e+01
8.695796203613281250e+01
1.158931427001953125e+02
8.113905334472656250e+01
9.819581604003906250e+01
7.665870666503906250e+01
5.742678070068359375e+01
7.027383422851562500e+01
8.132925415039062500e+01
6.409278869628906250e+01
8.572782897949218750e+01
5.383819961547851562e+01
7.828864288330078125e+01
4.678383255004882812e+01
7.976675415039062500e+01
9.307695770263671875e+01
8.497545623779296875e+01
8.128820800781250000e+01
9.114885711669921875e+01
1.110049285888671875e+02
9.518306732177734375e+01
8.776057434082031250e+01
8.937779235839843750e+01
6.741051483154296875e+01
4.681736755371093750e+01
1.092582702636718750e+02
6.653591156005859375e+01
8.313383483886718750e+01
6.707387542724609375e+01
6.966972351074218750e+01
5.553921508789062500e+01
7.415248870849609375e+01
7.564482116699218750e+01
8.699439239501953125e+01
7.582697296142578125e+01
7.843749237060546875e+01
8.551415252685546875e+01
7.902117919921875000e+01
9.794995117187500000e+01
9.012397766113281250e+01
9.496870422363281250e+01
6.671488952636718750e+01
9.757898712158203125e+01
5.775436019897460938e+01
8.922651672363281250e+01
6.323603057861328125e+01
8.863046264648437500e+01
1.010934829711914062e+02
7.844145202636718750e+01
1.182965469360351562e+02
7.136730957031250000e+01
7.804948425292968750e+01
9.910833740234375000e+01
1.148020858764648438e+02
7.941752624511718750e+01
9.059996032714843750e+01
7.112207031250000000e+01
9.767765045166015625e+01
8.453807830810546875e+01
5.089756774902343750e+01
6.251394653320312500e+01
8.793932342529296875e+01
6.883924865722656250e+01
6.083226776123046875e+01
7.460075378417968750e+01
8.665543365478515625e+01
7.586864471435546875e+01
4.888962554931640625e+01
4.827797698974609375e+01
5.361063003540039062e+01
7.801964569091796875e+01
6.430416107177734375e+01
9.349395751953125000e+01
6.599862670898437500e+01
7.501667785644531250e+01
8.961369323730468750e+01
6.223902893066406250e+01
5.983747863769531250e+01
8.324787902832031250e+01
6.407885742187500000e+01
6.405644989013671875e+01
5.868333053588867188e+01
1.007712249755859375e+02
9.961506652832031250e+01
9.441910552978515625e+01
1.059859695434570312e+02
5.670271301269531250e+01
1.081176071166992188e+02
7.063285827636718750e+01
6.832270812988281250e+01
7.648957824707031250e+01
7.874377441406250000e+01
7.818810272216796875e+01
6.398174285888671875e+01
9.078166198730468750e+01
7.824275207519531250e+01
1.044846572875976562e+02
7.573477935791015625e+01
8.012051391601562500e+01
5.063760375976562500e+01
6.281996154785156250e+01
7.835060882568359375e+01
9.108993530273437500e+01
8.752150726318359375e+01
8.056826019287109375e+01
5.536436462402343750e+01
1.023871154785156250e+02
8.899642944335937500e+01
6.704127502441406250e+01
6.113522338867187500e+01
7.881279754638671875e+01
1.057505874633789062e+02
5.459194946289062500e+01
8.664398956298828125e+01
8.323687744140625000e+01
5.880851745605468750e+01
7.481208801269531250e+01
9.502346038818359375e+01
6.966777038574218750e+01
7.623019409179687500e+01
7.114527893066406250e+01
8.644664001464843750e+01
7.976850891113281250e+01
8.097754669189453125e+01
8.415549468994140625e+01
5.687244796752929688e+01
6.287387847900390625e+01
8.332538604736328125e+01
5.542053222656250000e+01
7.697709655761718750e+01
7.903684234619140625e+01
5.910309982299804688e+01
6.490811920166015625e+01
7.067757415771484375e+01
8.833969116210937500e+01
6.873204040527343750e+01
9.085116577148437500e+01
1.103860549926757812e+02
6.710462188720703125e+01
8.294610595703125000e+01
8.622127532958984375e+01
7.394804382324218750e+01
7.086602020263671875e+01
5.721920394897460938e+01
6.925907897949218750e+01
7.026490783691406250e+01
7.682337951660156250e+01
7.141323089599609375e+01
5.459008789062500000e+01
9.886120605468750000e+01
8.939184570312500000e+01
7.603330993652343750e+01
9.299266815185546875e+01
8.517472839355468750e+01
1.106444168090820312e+02
6.110878753662109375e+01
5.649195480346679688e+01
4.399328231811523438e+01
8.003401947021484375e+01
7.527551269531250000e+01
9.666742706298828125e+01
9.967839813232421875e+01
5.863491439819335938e+01
1.270039901733398438e+02
7.124094390869140625e+01
7.942189025878906250e+01
5.789255523681640625e+01
7.394917297363281250e+01
6.548687744140625000e+01
1.060342788696289062e+02
7.685034179687500000e+01
1.208585739135742188e+02
6.683261871337890625e+01
1.132252731323242188e+02
8.924389648437500000e+01
6.720846557617187500e+01
5.858605194091796875e+01
9.238367462158203125e+01
6.215012741088867188e+01
6.042792892456054688e+01
9.131511688232421875e+01
5.653256988525390625e+01
8.375297546386718750e+01
8.288095855712890625e+01
9.449917602539062500e+01
6.430063629150390625e+01
7.074993896484375000e+01
9.262644195556640625e+01
6.147783660888671875e+01
9.558537292480468750e+01
7.172920227050781250e+01
8.250806427001953125e+01
6.371030044555664062e+01
6.643907928466796875e+01
5.919506835937500000e+01
6.886471557617187500e+01
7.167955780029296875e+01
1.003384246826171875e+02
1.114869995117187500e+02
6.467472839355468750e+01
8.233837890625000000e+01
8.012915039062500000e+01
7.907791137695312500e+01
1.527504119873046875e+02
9.434361267089843750e+01
7.170140075683593750e+01
6.677755737304687500e+01
1.083321380615234375e+02
5.068803787231445312e+01
8.490864562988281250e+01
1.045379180908203125e+02
1.499979858398437500e+02
6.827885437011718750e+01
6.890323638916015625e+01
8.510160827636718750e+01
7.523619079589843750e+01
6.003644180297851562e+01
7.290104675292968750e+01
6.396439743041992188e+01
1.121300659179687500e+02
6.897211456298828125e+01
8.886421203613281250e+01
8.025360870361328125e+01
5.725302886962890625e+01
9.448351287841796875e+01
7.536909484863281250e+01
6.897058868408203125e+01
8.357776641845703125e+01
8.090003967285156250e+01
9.135909271240234375e+01
8.146203613281250000e+01
9.833256530761718750e+01
7.163164520263671875e+01
8.374288940429687500e+01
7.584790039062500000e+01
8.644698333740234375e+01
7.171134185791015625e+01
6.876232910156250000e+01
7.470925903320312500e+01
7.716568756103515625e+01
7.049653625488281250e+01
8.050276184082031250e+01
6.378169250488281250e+01
8.196333312988281250e+01
5.762298583984375000e+01
5.808226013183593750e+01
9.648074340820312500e+01
8.189857482910156250e+01
6.525367736816406250e+01
7.992427062988281250e+01
9.222010803222656250e+01
5.212842941284179688e+01
1.082279891967773438e+02
1.003822402954101562e+02
8.121994018554687500e+01
7.173007202148437500e+01
1.143636703491210938e+02
9.155844116210937500e+01
8.478678131103515625e+01
8.458412170410156250e+01
8.974818420410156250e+01
7.205098724365234375e+01
1.144772644042968750e+02
9.551133728027343750e+01
1.056369323730468750e+02
1.172078094482421875e+02
7.723464965820312500e+01
6.771071624755859375e+01
8.988021087646484375e+01
8.195911407470703125e+01
6.141480255126953125e+01
6.444239807128906250e+01
7.303666687011718750e+01
6.920948791503906250e+01
1.064944305419921875e+02
1.212063522338867188e+02
7.868704986572265625e+01
6.351353836059570312e+01
6.648860168457031250e+01
6.240884399414062500e+01
9.475115966796875000e+01
4.408214187622070312e+01
6.306901550292968750e+01
4.001963424682617188e+01
9.549218750000000000e+01
6.782540893554687500e+01
6.485402679443359375e+01
8.491722869873046875e+01
6.465370178222656250e+01
5.948492431640625000e+01
7.327033996582031250e+01
9.891561889648437500e+01
7.097495269775390625e+01
6.863694763183593750e+01
9.708097076416015625e+01
7.018895721435546875e+01
6.782026672363281250e+01
1.082793121337890625e+02
1.042056961059570312e+02
7.860417175292968750e+01
1.172598419189453125e+02
7.544789123535156250e+01
6.633333587646484375e+01
6.950170135498046875e+01
7.076345062255859375e+01
7.399370574951171875e+01
9.013677978515625000e+01
6.564913940429687500e+01
1.122678604125976562e+02
4.693549346923828125e+01
6.384530258178710938e+01
7.626342010498046875e+01
5.254531097412109375e+01
5.217597198486328125e+01
9.928908538818359375e+01
6.353374099731445312e+01
7.901683044433593750e+01
7.308268737792968750e+01
8.187153625488281250e+01
1.003978881835937500e+02
8.185423278808593750e+01
8.293465423583984375e+01
9.982801818847656250e+01
6.187057495117187500e+01
7.075162506103515625e+01
6.124304199218750000e+01
1.131346817016601562e+02
6.263294219970703125e+01
6.055112075805664062e+01
7.931443023681640625e+01
1.063760833740234375e+02
6.780007934570312500e+01
4.822213363647460938e+01
1.120970916748046875e+02
7.411347198486328125e+01
9.330671691894531250e+01
8.474293518066406250e+01
6.044837188720703125e+01
6.679011535644531250e+01
7.477719879150390625e+01
6.601010894775390625e+01
7.038246917724609375e+01
5.928870773315429688e+01
8.236976623535156250e+01
1.002784957885742188e+02
8.432381439208984375e+01
9.318198394775390625e+01
8.709205627441406250e+01
8.420774078369140625e+01
9.047445678710937500e+01
1.161165313720703125e+02
7.216811370849609375e+01
9.873574829101562500e+01
7.282484436035156250e+01
6.116268157958984375e+01
1.100742874145507812e+02
9.079225158691406250e+01
1.207018127441406250e+02
7.871388244628906250e+01
5.747718048095703125e+01
5.889160919189453125e+01
9.866035461425781250e+01
6.660901641845703125e+01
6.242631149291992188e+01
1.066529388427734375e+02
6.209626770019531250e+01
5.563923645019531250e+01
7.469651031494140625e+01
8.161161804199218750e+01
8.301532745361328125e+01
8.158824920654296875e+01
5.941719818115234375e+01
7.606481933593750000e+01
6.647815704345703125e+01
5.157802581787109375e+01
7.081864166259765625e+01
7.462330627441406250e+01
1.177023544311523438e+02
6.100477600097656250e+01
7.187911224365234375e+01
6.528554534912109375e+01
8.755796051025390625e+01
7.803982543945312500e+01
5.670623016357421875e+01
1.177005691528320312e+02
1.006904754638671875e+02
8.934820556640625000e+01
6.445765686035156250e+01
8.036610412597656250e+01
4.417999267578125000e+01
1.188795394897460938e+02
6.514797210693359375e+01
6.202907562255859375e+01
6.387786865234375000e+01
5.613260269165039062e+01
9.145693206787109375e+01
1.161063690185546875e+02
7.613698577880859375e+01
7.873417663574218750e+01
6.495822906494140625e+01
5.306609344482421875e+01
7.002857208251953125e+01
6.565310668945312500e+01
6.152542495727539062e+01
8.270499420166015625e+01
6.156583023071289062e+01
7.815375518798828125e+01
1.215102081298828125e+02
1.013086853027343750e+02
8.189171600341796875e+01
6.900603485107421875e+01
7.176235198974609375e+01
7.659062957763671875e+01
7.161952209472656250e+01
5.734885787963867188e+01
9.191925811767578125e+01
5.421537017822265625e+01
8.332626342773437500e+01
7.044291687011718750e+01
6.004940032958984375e+01
1.017613906860351562e+02
6.080225372314453125e+01
6.003975677490234375e+01
5.983029937744140625e+01
5.284769058227539062e+01
7.962471771240234375e+01
7.524055480957031250e+01
7.375962066650390625e+01
6.573349761962890625e+01
1.216952209472656250e+02
6.264451599121093750e+01
8.179872131347656250e+01
7.359906768798828125e+01
1.145246582031250000e+02
6.249976730346679688e+01
4.773064041137695312e+01
1.004086227416992188e+02
5.382244873046875000e+01
6.346205520629882812e+01
6.776207733154296875e+01
5.919830322265625000e+01
5.229612350463867188e+01
7.551085662841796875e+01
7.107519531250000000e+01
9.860817718505859375e+01
5.969349670410156250e+01
7.505128479003906250e+01
7.306273651123046875e+01
9.141583251953125000e+01
5.554363632202148438e+01
6.850180053710937500e+01
8.597586822509765625e+01
5.098147583007812500e+01
4.155140686035156250e+01
8.018984985351562500e+01
8.051123046875000000e+01
7.902174377441406250e+01
5.298418045043945312e+01
6.173884582519531250e+01
8.297042083740234375e+01
8.044236755371093750e+01
7.438572692871093750e+01
9.721268463134765625e+01
9.780269622802734375e+01
1.073584976196289062e+02
8.115317535400390625e+01
9.209506225585937500e+01
5.325835418701171875e+01
6.447843170166015625e+01
9.498722839355468750e+01
5.529542160034179688e+01
3.803039932250976562e+01
7.482458496093750000e+01
8.324411010742187500e+01
6.774256134033203125e+01
7.453491973876953125e+01
7.469124603271484375e+01
7.483844757080078125e+01
1.024289627075195312e+02
1.046697311401367188e+02
7.175614929199218750e+01
7.535384368896484375e+01
8.706681823730468750e+01
8.296821594238281250e+01
7.625675964355468750e+01
6.577687835693359375e+01
5.541822814941406250e+01
7.680791473388671875e+01
8.024469757080078125e+01
7.941038513183593750e+01
6.799778747558593750e+01
5.989229583740234375e+01
3.940362167358398438e+01
5.207514572143554688e+01
7.953462982177734375e+01
5.804831314086914062e+01
5.923493957519531250e+01
7.609783935546875000e+01
9.637077331542968750e+01
7.482892608642578125e+01
6.296408843994140625e+01
9.910172271728515625e+01
1.014636154174804688e+02
5.413353729248046875e+01
7.114923858642578125e+01
6.553842926025390625e+01
1.026186218261718750e+02
8.047943878173828125e+01
8.145826721191406250e+01
9.399501037597656250e+01
8.625019836425781250e+01
9.334613800048828125e+01
6.978726959228515625e+01
7.331831359863281250e+01
9.399774169921875000e+01
5.177579116821289062e+01
5.108297729492187500e+01
8.379914855957031250e+01
8.045610809326171875e+01
6.532707977294921875e+01
5.208374786376953125e+01
8.705279541015625000e+01
5.725699234008789062e+01
5.894923019409179688e+01
6.354187774658203125e+01
8.179943084716796875e+01
7.946583557128906250e+01
6.407563781738281250e+01
6.456324768066406250e+01
9.581942749023437500e+01
5.357068634033203125e+01
8.516522216796875000e+01
5.961628723144531250e+01
7.972734069824218750e+01
7.073078918457031250e+01
8.181073760986328125e+01
1.114107055664062500e+02
5.899823760986328125e+01
4.717081832885742188e+01
5.577062606811523438e+01
1.095125122070312500e+02
7.010327148437500000e+01
8.098348236083984375e+01
4.776467514038085938e+01
5.069991302490234375e+01
6.694529724121093750e+01
1.130432739257812500e+02
6.714770507812500000e+01
9.381228637695312500e+01
5.733148193359375000e+01
8.097822570800781250e+01
1.055437088012695312e+02
6.111812591552734375e+01
7.676853179931640625e+01
7.954718017578125000e+01
5.737828826904296875e+01
5.976286315917968750e+01
8.572569274902343750e+01
9.979041290283203125e+01
1.072300796508789062e+02
7.750400543212890625e+01
7.754206848144531250e+01
7.381050872802734375e+01
8.261528015136718750e+01
6.887583923339843750e+01
7.652246093750000000e+01
9.776964569091796875e+01
8.116737365722656250e+01
1.031418457031250000e+02
8.702397155761718750e+01
6.039397811889648438e+01
6.139839935302734375e+01
8.731985473632812500e+01
8.702830505371093750e+01
5.121015548706054688e+01
6.583653259277343750e+01
7.735565948486328125e+01
1.076529464721679688e+02
6.591258239746093750e+01
7.893914794921875000e+01
1.024566879272460938e+02
7.862330627441406250e+01
6.892353820800781250e+01
6.602393341064453125e+01
5.101057052612304688e+01
7.562081146240234375e+01
6.887517547607421875e+01
4.591299057006835938e+01
6.167453002929687500e+01
6.254259872436523438e+01
1.109666824340820312e+02
3.892592239379882812e+01
7.089490509033203125e+01
5.886090469360351562e+01
5.106452178955078125e+01
8.205389404296875000e+01
8.504029846191406250e+01
6.765516662597656250e+01
7.934724426269531250e+01
5.849199295043945312e+01
8.782080078125000000e+01
7.330235290527343750e+01
5.741207122802734375e+01
7.868272399902343750e+01
3.899044418334960938e+01
7.899438476562500000e+01
5.786383819580078125e+01
7.340081024169921875e+01
5.548710250854492188e+01
6.088005447387695312e+01
5.522791671752929688e+01
4.155478286743164062e+01
7.450560760498046875e+01
9.602359771728515625e+01
8.537913513183593750e+01
6.357143402099609375e+01
7.685385131835937500e+01
4.691242599487304688e+01
6.536619567871093750e+01
9.041510009765625000e+01
6.727816772460937500e+01
4.863581848144531250e+01
9.884859466552734375e+01
5.052459716796875000e+01
6.538894653320312500e+01
5.514537811279296875e+01
6.160035705566406250e+01
5.823927307128906250e+01
5.995763015747070312e+01
1.043766708374023438e+02
6.933734130859375000e+01
5.718860244750976562e+01
6.246103286743164062e+01
6.327477264404296875e+01
8.645876312255859375e+01
1.040641098022460938e+02
6.295298004150390625e+01
7.250614929199218750e+01
6.707750701904296875e+01
1.111529541015625000e+02
4.369476318359375000e+01
7.129134368896484375e+01
6.376374816894531250e+01
5.577115631103515625e+01
7.566397094726562500e+01
9.511778259277343750e+01
8.124503326416015625e+01
5.015163421630859375e+01
1.010365295410156250e+02
1.217321777343750000e+02
6.846989440917968750e+01
5.841252136230468750e+01
4.334413909912109375e+01
5.561146163940429688e+01
6.727275085449218750e+01
9.748260498046875000e+01
7.252646636962890625e+01
6.207833862304687500e+01
5.306653976440429688e+01
5.180121612548828125e+01
7.972546386718750000e+01
5.970434951782226562e+01
6.290406417846679688e+01
8.695432281494140625e+01
6.148391723632812500e+01
4.876036071777343750e+01
8.033952331542968750e+01
4.415568923950195312e+01
4.374883270263671875e+01
6.861312866210937500e+01
1.202561645507812500e+02
5.996230697631835938e+01
7.742093658447265625e+01
5.454002380371093750e+01
1.163746795654296875e+02
5.837299346923828125e+01
6.577738952636718750e+01
5.663949203491210938e+01
6.511923980712890625e+01
7.620285034179687500e+01
8.391641235351562500e+01
7.651867675781250000e+01
6.188763046264648438e+01
9.157516479492187500e+01
6.667140197753906250e+01
1.169263610839843750e+02
6.058871459960937500e+01
3.896809387207031250e+01
5.011146545410156250e+01
6.221723175048828125e+01
5.431887435913085938e+01
5.408802795410156250e+01
7.560395812988281250e+01
8.108489990234375000e+01
5.020338439941406250e+01
8.017897033691406250e+01
7.982432556152343750e+01
5.906071853637695312e+01
7.173547363281250000e+01
4.495656967163085938e+01
9.114559936523437500e+01
9.417912292480468750e+01
7.639048004150390625e+01
6.305736923217773438e+01
5.196099853515625000e+01
6.573431396484375000e+01
5.067613601684570312e+01
6.490498352050781250e+01
5.381828308105468750e+01
5.858123397827148438e+01
6.647128295898437500e+01
7.020970153808593750e+01
7.454707336425781250e+01
5.459363937377929688e+01
9.928112030029296875e+01
6.573437500000000000e+01
8.762084960937500000e+01
5.381858825683593750e+01
7.368210601806640625e+01
5.673595428466796875e+01
1.033635101318359375e+02
6.526258850097656250e+01
7.719521331787109375e+01
5.183071899414062500e+01
5.698209381103515625e+01
7.040449523925781250e+01
1.189680099487304688e+02
6.998007965087890625e+01
6.731188201904296875e+01
4.249546051025390625e+01
1.272555465698242188e+02
5.443786621093750000e+01
7.360496520996093750e+01
8.038515472412109375e+01
8.537499237060546875e+01
5.164641571044921875e+01
5.336390686035156250e+01
7.363014221191406250e+01
6.727733612060546875e+01
7.478103637695312500e+01
8.224452209472656250e+01
8.841542053222656250e+01
6.349124908447265625e+01
7.327074432373046875e+01
7.297158813476562500e+01
6.709780883789062500e+01
9.112963867187500000e+01
6.605194091796875000e+01
4.314735412597656250e+01
7.964884948730468750e+01
7.121436309814453125e+01
6.821745300292968750e+01
9.662351989746093750e+01
7.985406494140625000e+01
6.602018737792968750e+01
5.355652999877929688e+01
7.500136566162109375e+01
6.405438232421875000e+01
6.859460449218750000e+01
7.588783264160156250e+01
8.420791625976562500e+01
7.939241027832031250e+01
8.943321990966796875e+01
7.802407836914062500e+01
8.847532653808593750e+01
5.887538528442382812e+01
5.022652053833007812e+01
7.395572662353515625e+01
5.907126998901367188e+01
7.578066253662109375e+01
7.544617462158203125e+01
8.509671020507812500e+01
8.234922790527343750e+01
5.734029388427734375e+01
4.142699813842773438e+01
7.704936218261718750e+01
9.863052368164062500e+01
1.016945571899414062e+02
6.821125030517578125e+01
8.464358520507812500e+01
4.893169403076171875e+01
6.965609741210937500e+01
1.007673950195312500e+02
4.988082504272460938e+01
9.223837280273437500e+01
6.494087982177734375e+01
7.656173706054687500e+01
8.821043395996093750e+01
4.422302627563476562e+01
9.222904205322265625e+01
6.628536987304687500e+01
6.660971832275390625e+01
6.265283203125000000e+01
7.200162506103515625e+01
8.723194122314453125e+01
6.186987304687500000e+01
8.664805603027343750e+01
8.002976989746093750e+01
6.635536193847656250e+01
6.782329559326171875e+01
5.249408721923828125e+01
8.946749114990234375e+01
8.249407958984375000e+01
7.067756652832031250e+01
7.708077239990234375e+01
5.202989959716796875e+01
6.933036804199218750e+01
8.042440795898437500e+01
6.554713439941406250e+01
6.572746276855468750e+01
9.665087890625000000e+01
9.471549987792968750e+01
6.533383178710937500e+01
6.288356781005859375e+01
5.710088348388671875e+01
6.268207931518554688e+01
9.561222839355468750e+01
9.100758361816406250e+01
7.543191528320312500e+01
8.153511810302734375e+01
4.260127258300781250e+01
5.785645675659179688e+01
8.718002319335937500e+01
7.007875061035156250e+01
4.835182952880859375e+01
9.649661254882812500e+01
9.351164245605468750e+01
6.307102203369140625e+01
5.300296783447265625e+01
6.229798889160156250e+01
9.098860931396484375e+01
5.757817840576171875e+01
7.168579101562500000e+01
5.230134201049804688e+01
8.411799621582031250e+01
8.820926666259765625e+01
7.431632232666015625e+01
6.676037597656250000e+01
1.172734298706054688e+02
6.725720977783203125e+01
6.784413909912109375e+01
6.718394470214843750e+01
8.841570281982421875e+01
5.296559906005859375e+01
7.874311828613281250e+01
5.540725326538085938e+01
7.180297088623046875e+01
4.886409378051757812e+01
6.886779022216796875e+01
8.287912750244140625e+01
4.773934555053710938e+01
5.417666244506835938e+01
5.899904632568359375e+01
1.289976196289062500e+02
3.800624847412109375e+01
5.558612442016601562e+01
1.049518508911132812e+02
6.376761245727539062e+01
7.810481262207031250e+01
4.461820602416992188e+01
6.324559020996093750e+01
7.466461181640625000e+01
4.385800170898437500e+01
1.105249328613281250e+02
6.942658233642578125e+01
6.020021820068359375e+01
8.171658325195312500e+01
6.230757141113281250e+01
6.579505920410156250e+01
9.651714324951171875e+01
7.516066741943359375e+01
1.036030426025390625e+02
4.453710937500000000e+01
9.179618072509765625e+01
6.575232696533203125e+01
7.515779113769531250e+01
6.443437957763671875e+01
6.029315948486328125e+01
8.391114807128906250e+01
5.438128280639648438e+01
5.620091247558593750e+01
6.716957092285156250e+01
6.553691864013671875e+01
9.918354797363281250e+01
5.587505340576171875e+01
4.727618026733398438e+01
5.207678604125976562e+01
5.772447967529296875e+01
7.644592285156250000e+01
4.613886260986328125e+01
5.543323898315429688e+01
6.362577819824218750e+01
1.192414474487304688e+02
9.191209411621093750e+01
1.012678985595703125e+02
1.186010589599609375e+02
6.248347854614257812e+01
6.778561401367187500e+01
5.551967620849609375e+01
6.287222290039062500e+01
1.188873138427734375e+02
4.681829833984375000e+01
4.354057312011718750e+01
3.995688629150390625e+01
6.193934631347656250e+01
6.312970352172851562e+01
6.514701843261718750e+01
6.647203826904296875e+01
5.238597869873046875e+01
5.765622711181640625e+01
7.482110595703125000e+01
6.498577880859375000e+01
4.294891357421875000e+01
7.035327911376953125e+01
6.580216979980468750e+01
8.905049133300781250e+01
1.021368789672851562e+02
8.919274902343750000e+01
5.291935729980468750e+01
5.094577026367187500e+01
6.081575775146484375e+01
5.560877227783203125e+01
9.629345703125000000e+01
6.180909347534179688e+01
7.670244598388671875e+01
4.805743408203125000e+01
5.133666992187500000e+01
1.401377563476562500e+02
8.729965209960937500e+01
8.964363861083984375e+01
7.825902557373046875e+01
5.997750091552734375e+01
7.596939849853515625e+01
5.076156997680664062e+01
4.183045959472656250e+01
6.270833587646484375e+01
6.873694610595703125e+01
7.741591644287109375e+01
5.600980377197265625e+01
8.740559387207031250e+01
5.814700317382812500e+01
6.455642700195312500e+01
9.294073486328125000e+01
6.610681152343750000e+01
8.448908996582031250e+01
5.304181671142578125e+01
8.715538024902343750e+01
4.303095245361328125e+01
4.313682937622070312e+01
7.045843505859375000e+01
5.942524337768554688e+01
7.819059753417968750e+01
5.083110046386718750e+01
1.115409164428710938e+02
4.578929901123046875e+01
6.702604675292968750e+01
7.127490234375000000e+01
1.018929367065429688e+02
1.270229873657226562e+02
6.182331085205078125e+01
6.569368743896484375e+01
7.199169921875000000e+01
4.711433029174804688e+01
6.617320251464843750e+01
9.713207244873046875e+01
6.811481475830078125e+01
7.398109436035156250e+01
6.624583435058593750e+01
6.223428344726562500e+01
9.336174774169921875e+01
7.161881256103515625e+01
6.488347625732421875e+01
7.491602325439453125e+01
6.560121154785156250e+01
7.029434204101562500e+01
6.476394653320312500e+01
9.549754333496093750e+01
5.268289566040039062e+01
5.034445190429687500e+01
6.552146911621093750e+01
1.027603759765625000e+02
6.704707336425781250e+01
7.755464935302734375e+01
4.432637786865234375e+01
4.975145721435546875e+01
6.633097839355468750e+01
9.908440399169921875e+01
7.000255584716796875e+01
6.434774780273437500e+01
1.094747848510742188e+02
6.311770629882812500e+01
7.205164337158203125e+01
4.979082107543945312e+01
6.402956390380859375e+01
6.422608947753906250e+01
5.450790786743164062e+01
4.473342132568359375e+01
9.596413421630859375e+01
6.552630615234375000e+01
7.743354034423828125e+01
7.155619812011718750e+01
6.024743652343750000e+01
6.713866424560546875e+01
7.490822601318359375e+01
8.450296783447265625e+01
8.997860717773437500e+01
1.032795639038085938e+02
1.064788131713867188e+02
6.656911468505859375e+01
5.831021499633789062e+01
8.646122741699218750e+01
4.806711578369140625e+01
8.920579528808593750e+01
6.815809631347656250e+01
7.390919494628906250e+01
3.771463012695312500e+01
7.683192443847656250e+01
8.430455780029296875e+01
8.148535919189453125e+01
7.911218261718750000e+01
9.858836364746093750e+01
8.611798858642578125e+01
6.617594146728515625e+01
1.247477264404296875e+02
6.198428344726562500e+01
8.770027160644531250e+01
7.846286773681640625e+01
8.181028747558593750e+01
7.209339141845703125e+01
8.306847381591796875e+01
5.898252868652343750e+01
5.637350463867187500e+01
7.742044067382812500e+01
5.250532531738281250e+01
8.207215881347656250e+01
7.275741577148437500e+01
5.586872863769531250e+01
6.200975799560546875e+01
7.405813598632812500e+01
1.132064819335937500e+02
8.345693206787109375e+01
1.226221847534179688e+02
5.407300567626953125e+01
6.655189514160156250e+01
7.120591735839843750e+01
4.167859649658203125e+01
7.039426422119140625e+01
7.083109283447265625e+01
4.703684997558593750e+01
5.000733947753906250e+01
8.464935302734375000e+01
5.403262710571289062e+01
6.332884979248046875e+01
1.329178009033203125e+02
4.050933074951171875e+01
9.264203643798828125e+01
5.001807022094726562e+01
8.344457244873046875e+01
8.773695373535156250e+01
1.184549636840820312e+02
8.636461639404296875e+01
9.888706970214843750e+01
7.848889923095703125e+01
5.844874191284179688e+01
4.813879013061523438e+01
1.018846206665039062e+02
9.305735015869140625e+01
7.769438171386718750e+01
1.237478027343750000e+02
5.019321441650390625e+01
7.451511383056640625e+01
8.312493896484375000e+01
9.190236663818359375e+01
7.972606658935546875e+01
8.373636627197265625e+01
7.952816772460937500e+01
1.295862579345703125e+02
7.452105712890625000e+01
5.178263092041015625e+01
5.400128936767578125e+01
6.985087585449218750e+01
7.575155639648437500e+01
6.751150512695312500e+01
8.023788452148437500e+01
1.194894027709960938e+02
6.542034149169921875e+01
1.187619400024414062e+02
7.132959747314453125e+01
6.615071868896484375e+01
3.803456878662109375e+01
9.890363311767578125e+01
9.240483856201171875e+01
8.132736206054687500e+01
7.268081665039062500e+01
8.688514709472656250e+01
6.973744964599609375e+01
6.224409103393554688e+01
5.965695571899414062e+01
7.257856750488281250e+01
1.191330108642578125e+02
6.909089660644531250e+01
5.356603622436523438e+01
5.646271896362304688e+01
7.851287078857421875e+01
6.499843597412109375e+01
6.500579833984375000e+01
8.048455810546875000e+01
7.784100341796875000e+01
4.886995315551757812e+01
1.421501312255859375e+02
5.372770309448242188e+01
8.667088317871093750e+01
5.846959304809570312e+01
6.820104980468750000e+01
6.119686126708984375e+01
5.893940734863281250e+01
8.117949676513671875e+01
3.325771713256835938e+01
6.480159759521484375e+01
4.372981262207031250e+01
5.592029571533203125e+01
7.869226074218750000e+01
4.399910736083984375e+01
6.712710571289062500e+01
1.123210449218750000e+02
6.367375946044921875e+01
7.088369750976562500e+01
6.875807189941406250e+01
5.561339569091796875e+01
4.033179855346679688e+01
6.087232589721679688e+01
9.272128295898437500e+01
7.423577880859375000e+01
4.795455551147460938e+01
5.143666839599609375e+01
5.772244262695312500e+01
1.164952163696289062e+02
8.450242614746093750e+01
8.914957427978515625e+01
7.667298126220703125e+01
4.387409973144531250e+01
6.631710815429687500e+01
4.920873641967773438e+01
8.439210510253906250e+01
9.729469299316406250e+01
7.211395263671875000e+01
6.618577575683593750e+01
8.248512268066406250e+01
1.255722122192382812e+02
8.499008178710937500e+01
9.806134033203125000e+01
6.537326049804687500e+01
8.334751892089843750e+01
6.897756958007812500e+01
5.815654373168945312e+01
1.110069885253906250e+02
5.213626098632812500e+01
6.443878936767578125e+01
6.634079742431640625e+01
7.875659179687500000e+01
5.259341430664062500e+01
6.227829360961914062e+01
6.472480773925781250e+01
1.169940109252929688e+02
8.030839538574218750e+01
8.571375274658203125e+01
8.079710388183593750e+01
6.955258941650390625e+01
4.949978637695312500e+01
1.170750122070312500e+02
9.766768646240234375e+01
7.701873779296875000e+01
6.745167541503906250e+01
5.682144927978515625e+01
5.613385391235351562e+01
8.551900482177734375e+01
7.372637939453125000e+01
6.221593856811523438e+01
8.013948059082031250e+01
6.175329208374023438e+01
5.867187118530273438e+01
1.171948623657226562e+02
7.045906066894531250e+01
5.062864685058593750e+01
1.121040954589843750e+02
8.879051208496093750e+01
8.850886535644531250e+01
6.747192382812500000e+01
5.464104080200195312e+01
3.321848678588867188e+01
9.490080261230468750e+01
5.594628906250000000e+01
8.585787963867187500e+01
7.171475982666015625e+01
5.672374725341796875e+01
5.113712310791015625e+01
6.353765106201171875e+01
5.161230468750000000e+01
6.826199340820312500e+01
8.433045959472656250e+01
8.457078552246093750e+01
5.779452896118164062e+01
6.079109954833984375e+01
5.691472625732421875e+01
5.561817932128906250e+01
1.529038543701171875e+02
8.047994995117187500e+01
5.564432144165039062e+01
6.666419219970703125e+01
1.225287017822265625e+02
6.296674346923828125e+01
4.882011032104492188e+01
5.381488800048828125e+01
8.858621215820312500e+01
7.869834899902343750e+01
6.452633666992187500e+01
9.083306121826171875e+01
6.972626495361328125e+01
5.273514556884765625e+01
5.240359878540039062e+01
7.065061950683593750e+01
8.723302459716796875e+01
5.835630416870117188e+01
1.213175582885742188e+02
8.625647735595703125e+01
5.237703323364257812e+01
5.138334274291992188e+01
6.725107574462890625e+01
6.560737609863281250e+01
8.250759887695312500e+01
4.768112945556640625e+01
8.237565612792968750e+01
8.297415924072265625e+01
6.402628326416015625e+01
8.425089263916015625e+01
7.308563995361328125e+01
6.887926483154296875e+01
5.151347351074218750e+01
4.569103622436523438e+01
8.955014801025390625e+01
3.801519775390625000e+01
9.928079223632812500e+01
8.911370849609375000e+01
9.066180419921875000e+01
5.993709945678710938e+01
5.464965057373046875e+01
5.777938079833984375e+01
1.046656875610351562e+02
4.974533081054687500e+01
9.200514221191406250e+01
7.288455200195312500e+01
8.405819702148437500e+01
5.153186416625976562e+01
1.059702224731445312e+02
7.143219757080078125e+01
6.842729949951171875e+01
7.074361419677734375e+01
8.053869628906250000e+01
8.226351165771484375e+01
7.624882507324218750e+01
5.796678161621093750e+01
8.692140960693359375e+01
6.122153854370117188e+01
7.502892303466796875e+01
5.608055114746093750e+01
7.052160644531250000e+01
9.261056518554687500e+01
4.378248977661132812e+01
5.217485427856445312e+01
4.990958786010742188e+01
8.605040740966796875e+01
5.086174011230468750e+01
5.048231506347656250e+01
6.850448608398437500e+01
1.075967559814453125e+02
8.456079864501953125e+01
6.810179138183593750e+01
6.904573059082031250e+01
4.442647552490234375e+01
6.698530578613281250e+01
4.573229980468750000e+01
4.831199264526367188e+01
1.493250427246093750e+02
8.741921997070312500e+01
6.742774963378906250e+01
4.646469879150390625e+01
4.856348419189453125e+01
4.468601608276367188e+01
5.952065658569335938e+01
7.079067993164062500e+01
6.666085815429687500e+01
5.480946350097656250e+01
8.604204559326171875e+01
5.439974594116210938e+01
8.624495697021484375e+01
5.492429733276367188e+01
7.671378326416015625e+01
9.771749877929687500e+01
4.957273101806640625e+01
4.814414978027343750e+01
7.524464416503906250e+01
5.996640777587890625e+01
6.425634002685546875e+01
6.523886108398437500e+01
6.324726867675781250e+01
1.164150848388671875e+02
6.055842590332031250e+01
1.073308715820312500e+02
5.641508865356445312e+01
7.580590057373046875e+01
6.008626556396484375e+01
8.793045806884765625e+01
5.715683746337890625e+01
8.589486694335937500e+01
5.089019012451171875e+01
8.102021026611328125e+01
9.643637084960937500e+01
5.188151550292968750e+01
5.957404327392578125e+01
7.404175567626953125e+01
5.676856994628906250e+01
4.769880294799804688e+01
5.802499771118164062e+01
3.226458740234375000e+01
6.035327529907226562e+01
9.368355560302734375e+01
6.245098495483398438e+01
5.860353851318359375e+01
4.734676742553710938e+01
8.962113189697265625e+01
7.149541473388671875e+01
6.070225524902343750e+01
6.439186096191406250e+01
9.564207458496093750e+01
6.031190109252929688e+01
5.717668914794921875e+01
3.772117233276367188e+01
7.363272857666015625e+01
9.484493255615234375e+01
6.002510070800781250e+01
4.916211318969726562e+01
6.480011749267578125e+01
5.157739639282226562e+01
1.268281784057617188e+02
6.435568237304687500e+01
5.762680816650390625e+01
6.807646942138671875e+01
6.709405517578125000e+01
7.766312408447265625e+01
1.390292968750000000e+02
6.727376556396484375e+01
6.050166320800781250e+01
5.968045806884765625e+01
5.599378585815429688e+01
8.341484832763671875e+01
6.076710510253906250e+01
6.142615127563476562e+01
7.907353973388671875e+01
8.691152191162109375e+01
5.701372528076171875e+01
4.197463989257812500e+01
7.734654235839843750e+01
5.279319763183593750e+01
5.194992446899414062e+01
4.984016036987304688e+01
5.307401657104492188e+01
7.754515075683593750e+01
8.396299743652343750e+01
8.948464965820312500e+01
7.346733093261718750e+01
9.145861816406250000e+01
7.100451660156250000e+01
4.559929275512695312e+01
9.165656280517578125e+01
8.535682678222656250e+01
6.664385986328125000e+01
6.786759185791015625e+01
7.258723449707031250e+01
7.104751586914062500e+01
3.811426544189453125e+01
1.547880554199218750e+02
5.311958694458007812e+01
5.876030731201171875e+01
8.349050140380859375e+01
9.177613067626953125e+01
7.002140808105468750e+01
6.946984863281250000e+01
4.587503814697265625e+01
7.236230468750000000e+01
7.657559204101562500e+01
8.428384399414062500e+01
6.427497863769531250e+01
1.121719512939453125e+02
8.651161956787109375e+01
8.757214355468750000e+01
5.728387451171875000e+01
7.456423187255859375e+01
7.419515991210937500e+01
6.412000274658203125e+01
6.475325012207031250e+01
7.532449340820312500e+01
4.960283660888671875e+01
1.116815490722656250e+02
6.988552856445312500e+01
6.094871902465820312e+01
5.334014129638671875e+01
5.686852264404296875e+01
1.049440078735351562e+02
9.126240539550781250e+01
7.623329925537109375e+01
5.563547897338867188e+01
8.878286743164062500e+01
5.632315826416015625e+01
9.112878417968750000e+01
6.195763778686523438e+01
6.951622772216796875e+01
8.391815185546875000e+01
7.565985107421875000e+01
5.921686553955078125e+01
5.199852752685546875e+01
7.293637084960937500e+01
6.319406127929687500e+01
6.998120880126953125e+01
6.487957763671875000e+01
7.249626922607421875e+01
6.387192535400390625e+01
8.446623992919921875e+01
4.733242416381835938e+01
8.365077209472656250e+01
5.199467468261718750e+01
5.915764617919921875e+01
6.878245544433593750e+01
5.339564132690429688e+01
6.751284790039062500e+01
8.812448120117187500e+01
6.899316406250000000e+01
7.728424072265625000e+01
6.348038101196289062e+01
6.599827575683593750e+01
6.951167297363281250e+01
7.768263244628906250e+01
7.076882934570312500e+01
1.242837371826171875e+02
1.078166351318359375e+02
6.123339080810546875e+01
8.162088775634765625e+01
7.435681152343750000e+01
6.107954025268554688e+01
9.200958251953125000e+01
6.170800781250000000e+01
5.673351669311523438e+01
3.900730133056640625e+01
4.629881668090820312e+01
8.028935241699218750e+01
3.949164581298828125e+01
9.535243225097656250e+01
5.787979888916015625e+01
4.741355895996093750e+01
8.667714691162109375e+01
8.586322784423828125e+01
7.085417175292968750e+01
6.432321929931640625e+01
7.658696746826171875e+01
7.807638549804687500e+01
7.845588684082031250e+01
7.254362487792968750e+01
6.188003540039062500e+01
7.867427825927734375e+01
7.008474731445312500e+01
5.420665740966796875e+01
1.162284469604492188e+02
5.582712554931640625e+01
6.516400146484375000e+01
6.649953460693359375e+01
6.932118225097656250e+01
7.066168212890625000e+01
6.418622589111328125e+01
6.907990264892578125e+01
1.064906082153320312e+02
4.086473464965820312e+01
4.984007644653320312e+01
4.553287506103515625e+01
9.723712921142578125e+01
8.003568267822265625e+01
6.015829849243164062e+01
5.853645706176757812e+01
8.193133544921875000e+01
8.407166290283203125e+01
7.625460052490234375e+01
4.368670654296875000e+01
5.914356231689453125e+01
9.775719451904296875e+01
8.956185150146484375e+01
5.249594879150390625e+01
7.387046051025390625e+01
6.280964279174804688e+01
5.437488937377929688e+01
4.080215454101562500e+01
5.334513854980468750e+01
7.536463165283203125e+01
5.620182800292968750e+01
6.014212417602539062e+01
7.371417236328125000e+01
7.832010650634765625e+01
6.006927871704101562e+01
5.741984939575195312e+01
4.554129028320312500e+01
7.077310943603515625e+01
6.012893295288085938e+01
9.112184906005859375e+01
5.867362213134765625e+01
6.284874343872070312e+01
4.887200164794921875e+01
8.845040893554687500e+01
7.118642425537109375e+01
7.078856658935546875e+01
7.013507843017578125e+01
5.268275451660156250e+01
6.478205871582031250e+01
5.200489044189453125e+01
6.624578094482421875e+01
3.534494400024414062e+01
3.697136688232421875e+01
6.571049499511718750e+01
6.351836395263671875e+01
5.295626449584960938e+01
4.906142425537109375e+01
1.113361358642578125e+02
7.709498596191406250e+01
1.192283935546875000e+02
5.176175308227539062e+01
7.370427703857421875e+01
3.950890350341796875e+01
9.285347747802734375e+01
5.285407638549804688e+01
6.949602508544921875e+01
6.773410797119140625e+01
8.476779174804687500e+01
5.864681243896484375e+01
5.428343963623046875e+01
9.140857696533203125e+01
8.391455841064453125e+01
5.781656646728515625e+01
9.096385955810546875e+01
1.111917037963867188e+02
5.243583679199218750e+01
4.895692443847656250e+01
3.719869995117187500e+01
4.808519363403320312e+01
7.153467559814453125e+01
7.223548126220703125e+01
6.280925369262695312e+01
7.323410034179687500e+01
1.039459991455078125e+02
6.480059051513671875e+01
5.271807861328125000e+01
4.476568603515625000e+01
1.067834396362304688e+02
5.659371185302734375e+01
7.700133514404296875e+01
7.420814514160156250e+01
5.124717712402343750e+01
6.226895523071289062e+01
6.145620346069335938e+01
4.968821716308593750e+01
7.253582763671875000e+01
6.595159149169921875e+01
7.968783569335937500e+01
7.707524871826171875e+01
6.121326065063476562e+01
5.133651733398437500e+01
8.411869049072265625e+01
1.011248245239257812e+02
4.118716430664062500e+01
1.360141754150390625e+02
6.554346466064453125e+01
6.665631103515625000e+01
7.161081695556640625e+01
5.324260330200195312e+01
8.463620758056640625e+01
3.633252334594726562e+01
5.793479537963867188e+01
3.983734512329101562e+01
5.701511383056640625e+01
3.620194625854492188e+01
3.613705825805664062e+01
8.129917907714843750e+01
4.498080444335937500e+01
7.744911956787109375e+01
9.483477020263671875e+01
8.404100799560546875e+01
5.504427719116210938e+01
5.433852386474609375e+01
7.279580688476562500e+01
7.714294433593750000e+01
5.925442123413085938e+01
7.302593994140625000e+01
8.722003173828125000e+01
6.526607513427734375e+01
5.281016159057617188e+01
4.514231872558593750e+01
8.394280242919921875e+01
7.440307617187500000e+01
6.515524291992187500e+01
6.538898468017578125e+01
8.155739593505859375e+01
8.948745727539062500e+01
5.649994659423828125e+01
7.138739776611328125e+01
5.159497833251953125e+01
3.963361358642578125e+01
3.120874595642089844e+01
7.291333007812500000e+01
6.619293212890625000e+01
5.105760574340820312e+01
8.608925628662109375e+01
6.023597717285156250e+01
4.362332916259765625e+01
1.315658264160156250e+02
6.321797180175781250e+01
5.511082077026367188e+01
7.516802978515625000e+01
5.262868881225585938e+01
5.498944091796875000e+01
6.296383666992187500e+01
5.696946716308593750e+01
5.203692245483398438e+01
6.939559936523437500e+01
8.141845703125000000e+01
5.685499191284179688e+01
7.333664703369140625e+01
7.042256164550781250e+01
8.564115905761718750e+01
9.254323577880859375e+01
5.386081695556640625e+01
3.801062774658203125e+01
7.881958770751953125e+01
9.573088836669921875e+01
7.589511108398437500e+01
4.580935287475585938e+01
7.302698516845703125e+01
8.279690551757812500e+01
5.295936965942382812e+01
6.989769744873046875e+01
8.865113067626953125e+01
6.294344329833984375e+01
7.840669250488281250e+01
7.977044677734375000e+01
3.915537261962890625e+01
7.587525177001953125e+01
5.654172897338867188e+01
6.650029754638671875e+01
7.884693908691406250e+01
6.284410858154296875e+01
4.248979949951171875e+01
7.509211730957031250e+01
6.796017456054687500e+01
4.936362075805664062e+01
4.058465957641601562e+01
6.982937622070312500e+01
5.659409332275390625e+01
6.073134231567382812e+01
1.098644561767578125e+02
6.290034866333007812e+01
5.005834197998046875e+01
5.312164306640625000e+01
3.430443572998046875e+01
6.288742828369140625e+01
8.315496826171875000e+01
9.677339172363281250e+01
7.510336303710937500e+01
7.683298492431640625e+01
8.654437255859375000e+01
5.293413162231445312e+01
7.312592315673828125e+01
6.467472076416015625e+01
6.010764312744140625e+01
8.332595825195312500e+01
1.138910598754882812e+02
6.790489196777343750e+01
5.321176910400390625e+01
4.028382873535156250e+01
8.604927062988281250e+01
4.777475357055664062e+01
5.763046264648437500e+01
4.144097137451171875e+01
7.460329437255859375e+01
5.261112213134765625e+01
6.166379165649414062e+01
8.734603881835937500e+01
5.645475006103515625e+01
6.355656814575195312e+01
5.108281707763671875e+01
6.527192687988281250e+01
9.532949066162109375e+01
4.666204833984375000e+01
5.823732757568359375e+01
5.283781433105468750e+01
7.914572906494140625e+01
5.552601242065429688e+01
7.146954345703125000e+01
5.041889572143554688e+01
5.784510803222656250e+01
5.603992462158203125e+01
4.993423080444335938e+01
5.328592681884765625e+01
4.447419357299804688e+01
8.790543365478515625e+01
6.862768554687500000e+01
1.021292114257812500e+02
8.335644531250000000e+01
8.983384704589843750e+01
5.806946945190429688e+01
4.424031829833984375e+01
6.378246307373046875e+01
6.364778518676757812e+01
8.309734344482421875e+01
4.773918914794921875e+01
4.453973007202148438e+01
4.868059539794921875e+01
7.889489746093750000e+01
6.766696166992187500e+01
6.734094238281250000e+01
9.153282165527343750e+01
1.161694183349609375e+02
7.704144287109375000e+01
5.891810226440429688e+01
5.724756622314453125e+01
4.901318740844726562e+01
7.213056182861328125e+01
5.640863418579101562e+01
5.320005798339843750e+01
7.278788757324218750e+01
7.826083374023437500e+01
8.268003845214843750e+01
7.439909362792968750e+01
8.386397552490234375e+01
4.097394561767578125e+01
6.304299545288085938e+01
