2.198671500000000023e+01
2.018170200000000136e+01
1.852718899999999991e+01
1.701947200000000038e+01
1.564206599999999980e+01
1.438408500000000068e+01
1.322836399999999912e+01
1.217853799999999964e+01
1.121363999999999983e+01
1.034338499999999961e+01
9.539464999999999861e+00
8.812087999999999255e+00
8.145827000000000595e+00
7.540754999999999875e+00
6.992486000000000423e+00
6.492611000000000132e+00
6.040040000000000298e+00
5.631134999999999557e+00
5.257283000000000150e+00
4.924534000000000411e+00
4.622206000000000259e+00
4.349675999999999654e+00
4.107743000000000144e+00
3.885839999999999961e+00
3.688520000000000021e+00
3.510184999999999889e+00
3.343345999999999929e+00
3.197592999999999908e+00
3.065554000000000112e+00
2.949837000000000042e+00
2.844932000000000016e+00
2.743390999999999913e+00
2.661061000000000121e+00
2.586470999999999965e+00
2.518810999999999911e+00
2.460374999999999979e+00
2.402706999999999926e+00
2.351796000000000220e+00
2.302951999999999888e+00
2.262665000000000148e+00
2.219381999999999966e+00
2.186269999999999936e+00
2.153575000000000017e+00
2.122902999999999984e+00
2.092978000000000005e+00
2.070368999999999904e+00
2.047592999999999996e+00
2.023794000000000093e+00
2.001468000000000025e+00
1.981208999999999998e+00
1.962749000000000077e+00
1.935899999999999954e+00
1.913248000000000060e+00
1.896851000000000065e+00
1.881861999999999924e+00
1.863677000000000028e+00
1.846513000000000071e+00
1.833970000000000100e+00
1.820905999999999914e+00
1.806715999999999989e+00
1.791098999999999997e+00
1.774396000000000084e+00
1.760825000000000085e+00
1.745082000000000022e+00
1.739362999999999992e+00
1.729859999999999953e+00
1.715840999999999950e+00
1.711100999999999983e+00
1.703591000000000077e+00
1.696342000000000017e+00
1.682420000000000027e+00
1.672050000000000036e+00
1.662238000000000104e+00
1.657691999999999943e+00
1.642951999999999968e+00
1.631596999999999964e+00
1.624298999999999937e+00
1.614451000000000080e+00
1.598157000000000050e+00
1.591862000000000110e+00
1.588397999999999977e+00
1.580111000000000043e+00
1.566421999999999981e+00
1.562999999999999945e+00
1.557569999999999899e+00
1.548497000000000012e+00
1.543279999999999985e+00
1.537827000000000055e+00
1.531868999999999925e+00
1.524550999999999989e+00
1.513505000000000100e+00
1.508529999999999927e+00
1.505579999999999918e+00
1.494140999999999941e+00
1.490456000000000003e+00
1.480018999999999973e+00
1.475729000000000068e+00
1.467888000000000082e+00
1.465748999999999969e+00
1.460242000000000040e+00
1.455832000000000015e+00
1.451750000000000096e+00
1.449141000000000012e+00
1.443699999999999983e+00
1.438687999999999967e+00
1.429419999999999913e+00
1.420277000000000012e+00
1.417818000000000023e+00
1.412517999999999940e+00
1.408568999999999960e+00
1.399968000000000101e+00
1.396255000000000024e+00
1.392281000000000102e+00
1.384973000000000010e+00
1.377059999999999951e+00
1.374333999999999945e+00
1.372144000000000030e+00
1.366616999999999971e+00
1.363089999999999913e+00
1.359715999999999925e+00
1.352192999999999978e+00
1.344416999999999973e+00
1.340580000000000105e+00
1.337571000000000065e+00
1.335169999999999968e+00
1.333692000000000100e+00
1.330387999999999904e+00
1.327023999999999981e+00
1.320275000000000087e+00
1.317779000000000034e+00
1.312149999999999928e+00
1.307824000000000098e+00
1.306532999999999944e+00
1.299079000000000095e+00
1.290513000000000021e+00
1.279277999999999915e+00
1.276388999999999996e+00
1.273325999999999958e+00
1.269238000000000088e+00
1.266326999999999980e+00
1.259150999999999909e+00
1.253263000000000016e+00
1.250088000000000088e+00
1.248480000000000034e+00
1.242569000000000035e+00
1.239516000000000062e+00
1.231621999999999995e+00
1.227241000000000026e+00
1.220973000000000086e+00
1.216475999999999891e+00
1.214952999999999950e+00
1.208280999999999938e+00
1.204909999999999926e+00
1.202525000000000066e+00
1.193160999999999916e+00
1.190312000000000037e+00
1.187410000000000077e+00
