2.210073500000000024e+01
2.028387599999999935e+01
1.862502900000000139e+01
1.711124399999999923e+01
1.572585300000000075e+01
1.445495500000000000e+01
1.329480299999999993e+01
1.223803299999999972e+01
1.127413400000000010e+01
1.039118900000000068e+01
9.583728000000000691e+00
8.846095000000000041e+00
8.173970999999999876e+00
7.564947000000000088e+00
7.006299000000000277e+00
6.499360000000000248e+00
6.042499000000000287e+00
5.622637000000000107e+00
5.244843000000000366e+00
4.903814999999999813e+00
4.596746999999999694e+00
4.318654999999999688e+00
4.067968999999999724e+00
3.845369999999999955e+00
3.644553000000000154e+00
3.462835999999999803e+00
3.303071999999999786e+00
3.152317000000000036e+00
3.022775000000000212e+00
2.910028000000000059e+00
2.798808999999999880e+00
2.704413999999999874e+00
2.626786000000000065e+00
2.553065000000000140e+00
2.483969999999999789e+00
2.414444000000000035e+00
2.360151999999999806e+00
2.312192000000000025e+00
2.264613999999999905e+00
2.218513999999999875e+00
2.174656000000000144e+00
2.141471000000000124e+00
2.102104000000000195e+00
2.075388999999999928e+00
2.048137000000000096e+00
2.016948000000000185e+00
1.991494000000000097e+00
1.973284000000000038e+00
1.946066000000000074e+00
1.926916999999999991e+00
1.899941000000000102e+00
1.883723000000000036e+00
1.865633000000000097e+00
1.848732000000000042e+00
1.831951000000000107e+00
1.817131999999999969e+00
1.795813000000000104e+00
1.784153000000000100e+00
1.765670000000000073e+00
1.751851000000000047e+00
1.735316000000000081e+00
1.727824000000000026e+00
1.719065000000000065e+00
1.707341999999999915e+00
1.697403999999999913e+00
1.691178999999999988e+00
1.676271000000000067e+00
1.662579000000000029e+00
1.652776000000000023e+00
1.645326000000000066e+00
1.633628000000000080e+00
1.624085999999999919e+00
1.611688999999999927e+00
1.603209000000000106e+00
1.590916999999999915e+00
1.579447000000000045e+00
1.573175999999999908e+00
1.567384000000000110e+00
1.559490000000000043e+00
1.551187000000000094e+00
1.545215000000000005e+00
1.540327000000000002e+00
1.533261999999999903e+00
1.526156000000000068e+00
1.521161999999999903e+00
1.511077999999999921e+00
1.505301999999999918e+00
1.500653000000000015e+00
1.494623000000000035e+00
1.487735999999999947e+00
1.479834000000000094e+00
1.470909999999999940e+00
1.458665000000000100e+00
1.454720000000000013e+00
1.448377000000000026e+00
1.444399999999999906e+00
1.439578000000000024e+00
1.435845999999999956e+00
1.429775999999999936e+00
1.425267000000000062e+00
1.420412000000000008e+00
1.416574999999999918e+00
1.413278999999999952e+00
1.401493000000000100e+00
1.397949000000000108e+00
1.387799999999999923e+00
1.379059000000000035e+00
1.375294000000000016e+00
1.373146999999999895e+00
1.369822000000000095e+00
1.365682999999999980e+00
1.362149000000000054e+00
1.356630999999999920e+00
1.349725000000000064e+00
1.346417999999999893e+00
1.341415999999999942e+00
1.336405999999999983e+00
1.331309999999999993e+00
1.327604999999999924e+00
1.319263999999999992e+00
1.308704000000000089e+00
1.302124999999999977e+00
1.297228999999999965e+00
1.294265999999999917e+00
1.290049000000000001e+00
1.283314000000000066e+00
1.279157000000000100e+00
1.274694999999999911e+00
1.272299000000000069e+00
1.268491000000000035e+00
1.263908999999999949e+00
1.261570999999999998e+00
1.258002000000000065e+00
1.253740000000000077e+00
1.247149999999999981e+00
1.243470999999999993e+00
1.236169000000000073e+00
1.230491000000000001e+00
1.221951999999999927e+00
1.217645000000000088e+00
1.213754000000000000e+00
1.210390999999999995e+00
1.199659999999999949e+00
1.195661000000000085e+00
1.192447999999999952e+00
1.189251999999999976e+00
1.185966999999999993e+00
1.180585999999999913e+00
1.178053000000000017e+00
1.169013999999999998e+00
1.161316999999999933e+00
1.158444999999999947e+00
1.150555999999999912e+00
1.148095000000000088e+00
1.145593000000000083e+00
1.143812999999999969e+00
1.139499000000000040e+00
1.136579999999999924e+00
1.131262999999999908e+00
1.128732999999999986e+00
1.126487999999999934e+00
1.120767999999999986e+00
1.118322000000000038e+00
1.115515000000000034e+00
1.113029999999999964e+00
1.110662000000000038e+00
1.104133999999999949e+00
1.100168000000000035e+00
1.097620000000000040e+00
1.095506000000000091e+00
1.089029999999999943e+00
1.085995000000000044e+00
1.081474000000000046e+00
1.079339000000000048e+00
1.075337999999999905e+00
1.069522000000000084e+00
1.068073000000000050e+00
1.066481999999999930e+00
1.064464000000000077e+00
1.057134000000000018e+00
1.052818999999999949e+00
1.047495000000000065e+00
1.045249000000000095e+00
1.037741999999999942e+00
1.032983999999999902e+00
1.030121999999999982e+00
1.027717999999999909e+00
1.025689999999999991e+00
1.018583000000000016e+00
1.016407000000000060e+00
1.013918000000000097e+00
1.006917000000000062e+00
9.991079999999999961e-01
9.952250000000000263e-01
9.940620000000000012e-01
9.894840000000000302e-01
9.877529999999999921e-01
9.861699999999999910e-01
9.832549999999999901e-01
9.807050000000000489e-01
9.752389999999999670e-01
9.725559999999999761e-01
9.709470000000000045e-01
9.656000000000000139e-01
9.641129999999999978e-01
9.574759999999999938e-01
9.533319999999999572e-01
9.500129999999999963e-01
9.461619999999999475e-01
9.430330000000000101e-01
9.402359999999999607e-01
9.345809999999999951e-01
9.324440000000000506e-01
9.310030000000000250e-01
9.265139999999999487e-01
9.243419999999999970e-01
9.210239999999999538e-01
9.160490000000000022e-01
9.143550000000000288e-01
9.119530000000000136e-01
9.107319999999999860e-01
9.092230000000000034e-01
9.058629999999999738e-01
9.027100000000000124e-01
8.996159999999999712e-01
8.963510000000000089e-01
8.931120000000000170e-01
8.902799999999999603e-01
8.872219999999999551e-01
8.834419999999999495e-01
8.779919999999999947e-01
8.736380000000000257e-01
8.710959999999999814e-01
8.686800000000000077e-01
8.676180000000000003e-01
8.622330000000000272e-01
8.607449999999999823e-01
8.579890000000000017e-01
8.545270000000000366e-01
8.499940000000000273e-01
8.459140000000000548e-01
8.432020000000000071e-01
8.391760000000000330e-01
8.345500000000000140e-01
8.308200000000000029e-01
8.295350000000000223e-01
8.270530000000000381e-01
8.235740000000000283e-01
8.200739999999999696e-01
8.159370000000000234e-01
8.146849999999999925e-01
8.117649999999999588e-01
8.080169999999999852e-01
8.037959999999999550e-01
8.008279999999999843e-01
7.980319999999999636e-01
7.959559999999999969e-01
7.927480000000000082e-01
7.918479999999999963e-01
7.884179999999999522e-01
7.865710000000000202e-01
7.841900000000000537e-01
7.808500000000000441e-01
7.773369999999999447e-01
7.748859999999999637e-01
7.724010000000000042e-01
7.715680000000000316e-01
7.699909999999999810e-01
7.678030000000000133e-01
7.658500000000000307e-01
7.633320000000000105e-01
7.604149999999999521e-01
7.585300000000000376e-01
7.555709999999999926e-01
7.522919999999999607e-01
7.491740000000000066e-01
7.473509999999999875e-01
7.452400000000000135e-01
7.445199999999999596e-01
7.418439999999999479e-01
7.396690000000000209e-01
7.382830000000000226e-01
7.374770000000000492e-01
7.367989999999999817e-01
7.331980000000000164e-01
7.313920000000000421e-01
7.297960000000000003e-01
7.269109999999999738e-01
7.262490000000000334e-01
7.228639999999999510e-01
7.213199999999999612e-01
7.187149999999999928e-01
7.159250000000000336e-01
7.119320000000000093e-01
7.098079999999999945e-01
7.089079999999999826e-01
7.075090000000000545e-01
7.060170000000000057e-01
7.032359999999999722e-01
7.012159999999999505e-01
7.006250000000000533e-01
6.993150000000000199e-01
6.964190000000000103e-01
6.928360000000000074e-01
6.905999999999999917e-01
6.881080000000000529e-01
6.861490000000000089e-01
6.850749999999999895e-01
6.844850000000000101e-01
6.811089999999999645e-01
6.786020000000000385e-01
6.776560000000000361e-01
6.769810000000000549e-01
6.744409999999999572e-01
6.711949999999999861e-01
6.685550000000000104e-01
6.680190000000000294e-01
6.654480000000000395e-01
6.621200000000000419e-01
6.607279999999999820e-01
6.587319999999999842e-01
6.564940000000000220e-01
6.554370000000000474e-01
6.544119999999999937e-01
6.535870000000000291e-01
6.502719999999999612e-01
6.482809999999999961e-01
6.464750000000000218e-01
6.458329999999999904e-01
6.434720000000000439e-01
6.426969999999999628e-01
6.422139999999999516e-01
6.402750000000000385e-01
6.388829999999999787e-01
6.382050000000000223e-01
6.356420000000000403e-01
6.339409999999999767e-01
6.310160000000000213e-01
6.272029999999999550e-01
6.251940000000000275e-01
6.233980000000000077e-01
6.215180000000000149e-01
6.197679999999999856e-01
6.184830000000000050e-01
6.166700000000000514e-01
6.151969999999999938e-01
6.140609999999999680e-01
6.134269999999999445e-01
6.110139999999999461e-01
6.088630000000000431e-01
6.062509999999999843e-01
6.051929999999999810e-01
6.025030000000000108e-01
6.005270000000000330e-01
5.993180000000000174e-01
5.985989999999999922e-01
5.964279999999999582e-01
5.932199999999999696e-01
5.927080000000000126e-01
5.901790000000000092e-01
5.895059999999999745e-01
5.870889999999999720e-01
5.853629999999999667e-01
5.847799999999999665e-01
5.841399999999999926e-01
5.830849999999999644e-01
5.819600000000000328e-01
5.810790000000000122e-01
5.804979999999999585e-01
5.786620000000000097e-01
5.768290000000000362e-01
5.755109999999999948e-01
5.726890000000000036e-01
5.706329999999999458e-01
5.686750000000000416e-01
5.671929999999999472e-01
5.642850000000000366e-01
5.623489999999999878e-01
5.607950000000000434e-01
5.593879999999999963e-01
5.573430000000000328e-01
5.551760000000000028e-01
5.533299999999999885e-01
5.513000000000000123e-01
5.492519999999999625e-01
5.483029999999999848e-01
5.476010000000000044e-01
5.467649999999999455e-01
5.462399999999999478e-01
5.432970000000000299e-01
5.423430000000000195e-01
5.396659999999999791e-01
5.379359999999999697e-01
5.351219999999999866e-01
5.331190000000000095e-01
5.314720000000000555e-01
5.298490000000000144e-01
5.282440000000000468e-01
5.256579999999999586e-01
5.242930000000000090e-01
5.220169999999999533e-01
5.202790000000000470e-01
5.178840000000000110e-01
5.169730000000000159e-01
5.148859999999999548e-01
5.133499999999999730e-01
5.122130000000000294e-01
5.114060000000000272e-01
5.091259999999999675e-01
5.082879999999999621e-01
5.068840000000000012e-01
5.059099999999999708e-01
5.045060000000000100e-01
5.028639999999999777e-01
5.005169999999999897e-01
4.995879999999999765e-01
4.983770000000000144e-01
4.960300000000000264e-01
4.944430000000000214e-01
4.928989999999999760e-01
4.906659999999999910e-01
4.897730000000000139e-01
4.877779999999999894e-01
4.865209999999999813e-01
4.859060000000000046e-01
4.855909999999999949e-01
4.840900000000000203e-01
4.818350000000000133e-01
4.809390000000000054e-01
4.793510000000000271e-01
4.777759999999999785e-01
4.768430000000000168e-01
4.765710000000000224e-01
4.753260000000000263e-01
4.737999999999999989e-01
4.709869999999999890e-01
4.694479999999999764e-01
4.680110000000000103e-01
4.665750000000000175e-01
4.652540000000000009e-01
4.642200000000000215e-01
4.626230000000000064e-01
4.606799999999999784e-01
4.599159999999999915e-01
4.587609999999999744e-01
4.566700000000000204e-01
4.560130000000000017e-01
4.549000000000000266e-01
4.543110000000000204e-01
4.527280000000000193e-01
4.503780000000000006e-01
4.485230000000000050e-01
4.465290000000000092e-01
4.450359999999999872e-01
4.433000000000000274e-01
4.421880000000000255e-01
4.404179999999999762e-01
4.390999999999999903e-01
4.384049999999999891e-01
4.369959999999999956e-01
4.355580000000000007e-01
4.345600000000000018e-01
4.342170000000000196e-01
4.334160000000000235e-01
4.325350000000000028e-01
4.316050000000000164e-01
