7.246359825134277344e+00
7.246371746063232422e+00
7.246376991271972656e+00
7.246366977691650391e+00
7.246405124664306641e+00
7.246387481689453125e+00
7.246375083923339844e+00
7.246278762817382812e+00
7.246388435363769531e+00
7.246405124664306641e+00
7.246525764465332031e+00
7.246377468109130859e+00
7.245134353637695312e+00
7.246370792388916016e+00
7.246688365936279297e+00
7.246833324432373047e+00
7.245948314666748047e+00
7.246162414550781250e+00
7.246698856353759766e+00
7.246408939361572266e+00
7.242523670196533203e+00
7.246650695800781250e+00
7.246562480926513672e+00
7.246957778930664062e+00
7.246825218200683594e+00
7.246873855590820312e+00
7.246840000152587891e+00
7.246762275695800781e+00
7.246620178222656250e+00
7.246512413024902344e+00
7.246579170227050781e+00
7.246434211730957031e+00
7.246364116668701172e+00
7.246450424194335938e+00
7.246281147003173828e+00
7.246231555938720703e+00
7.246268272399902344e+00
7.244093418121337891e+00
7.243848323822021484e+00
7.247154235839843750e+00
7.247592926025390625e+00
7.247746467590332031e+00
7.247638225555419922e+00
7.247604370117187500e+00
7.247588157653808594e+00
7.247580528259277344e+00
7.247586250305175781e+00
7.231963157653808594e+00
7.247590065002441406e+00
7.247588634490966797e+00
7.231965065002441406e+00
7.247590065002441406e+00
7.247590065002441406e+00
7.247590065002441406e+00
7.247590065002441406e+00
7.231965065002441406e+00
7.247590065002441406e+00
7.231965065002441406e+00
7.247590065002441406e+00
7.247590065002441406e+00
7.247589588165283203e+00
7.231965065002441406e+00
7.247590065002441406e+00
7.231964588165283203e+00
7.247589588165283203e+00
7.247587680816650391e+00
7.247586727142333984e+00
7.247582912445068359e+00
7.247551918029785156e+00
7.247487545013427734e+00
7.247192382812500000e+00
7.247570991516113281e+00
7.247585296630859375e+00
7.231963634490966797e+00
7.247588157653808594e+00
7.247590065002441406e+00
7.247590065002441406e+00
7.247589111328125000e+00
7.231965065002441406e+00
7.247589111328125000e+00
7.247590065002441406e+00
7.247589588165283203e+00
7.247588157653808594e+00
7.247587680816650391e+00
7.247581481933593750e+00
7.247551441192626953e+00
7.247294902801513672e+00
7.247460365295410156e+00
7.247519493103027344e+00
7.247556686401367188e+00
7.247574329376220703e+00
7.247573852539062500e+00
7.247577190399169922e+00
7.231960773468017578e+00
7.231952667236328125e+00
7.247575283050537109e+00
7.231960296630859375e+00
7.247574329376220703e+00
7.247583866119384766e+00
7.247565746307373047e+00
7.247557163238525391e+00
7.247538089752197266e+00
7.247304916381835938e+00
7.247443675994873047e+00
7.247355461120605469e+00
7.247393131256103516e+00
7.247294902801513672e+00
7.247434616088867188e+00
7.247315883636474609e+00
7.247451782226562500e+00
7.247502803802490234e+00
7.247434616088867188e+00
7.240638256072998047e+00
7.247570991516113281e+00
7.247588157653808594e+00
7.247588157653808594e+00
7.247589111328125000e+00
7.247590065002441406e+00
7.247590065002441406e+00
7.247590065002441406e+00
7.247589588165283203e+00
7.247590065002441406e+00
7.247589588165283203e+00
7.247590065002441406e+00
7.247590541839599609e+00
7.200715065002441406e+00
7.231965065002441406e+00
7.247589588165283203e+00
7.247589111328125000e+00
7.247578620910644531e+00
7.247572422027587891e+00
7.247508049011230469e+00
7.247615337371826172e+00
7.247543811798095703e+00
7.247605323791503906e+00
7.247631072998046875e+00
7.231985092163085938e+00
7.247576236724853516e+00
7.247584819793701172e+00
7.231957435607910156e+00
7.247591495513916016e+00
7.247587203979492188e+00
7.231954574584960938e+00
7.247586727142333984e+00
7.247589588165283203e+00
7.247589588165283203e+00
7.247584342956542969e+00
7.247589111328125000e+00
7.231945514678955078e+00
7.231952667236328125e+00
7.247588157653808594e+00
7.247589588165283203e+00
7.247590065002441406e+00
7.247600078582763672e+00
7.247590541839599609e+00
7.247575759887695312e+00
7.247588157653808594e+00
7.216339588165283203e+00
7.247591972351074219e+00
7.247591495513916016e+00
7.231966972351074219e+00
7.247590065002441406e+00
7.247590065002441406e+00
7.247588634490966797e+00
7.231965541839599609e+00
7.247588634490966797e+00
7.247590065002441406e+00
7.247590065002441406e+00
7.247591018676757812e+00
7.247591018676757812e+00
7.247591495513916016e+00
7.247588157653808594e+00
7.231964111328125000e+00
7.247590541839599609e+00
7.231965065002441406e+00
7.247589588165283203e+00
7.247590065002441406e+00
7.247589111328125000e+00
7.247590065002441406e+00
7.247581958770751953e+00
7.247589588165283203e+00
7.247589588165283203e+00
7.247588157653808594e+00
7.247589111328125000e+00
7.247584342956542969e+00
7.247589111328125000e+00
7.247584819793701172e+00
7.247584342956542969e+00
7.247568130493164062e+00
7.247593402862548828e+00
7.247584819793701172e+00
7.247576713562011719e+00
7.247603416442871094e+00
7.247576713562011719e+00
7.247583866119384766e+00
7.247592926025390625e+00
7.231964588165283203e+00
7.247587680816650391e+00
7.247587680816650391e+00
7.247589111328125000e+00
7.247588634490966797e+00
7.247589588165283203e+00
7.231965065002441406e+00
7.247590065002441406e+00
7.247590065002441406e+00
7.247590065002441406e+00
7.247589588165283203e+00
7.247590065002441406e+00
7.247589588165283203e+00
7.247590065002441406e+00
7.247590065002441406e+00
7.247590065002441406e+00
7.247590065002441406e+00
7.247590065002441406e+00
7.247590065002441406e+00
7.247590065002441406e+00
7.247589588165283203e+00
7.247589588165283203e+00
7.247590065002441406e+00
7.231965065002441406e+00
7.247590065002441406e+00
7.247590065002441406e+00
7.247590065002441406e+00
7.247590065002441406e+00
7.247590065002441406e+00
7.247590065002441406e+00
7.247589588165283203e+00
7.247589111328125000e+00
7.231965065002441406e+00
7.247590065002441406e+00
7.247590065002441406e+00
7.247590065002441406e+00
7.247590065002441406e+00
7.231965065002441406e+00
7.247590065002441406e+00
7.231965065002441406e+00
7.247590065002441406e+00
7.247590065002441406e+00
7.247590065002441406e+00
7.231965065002441406e+00
7.247590065002441406e+00
7.247590065002441406e+00
7.247590065002441406e+00
7.247590065002441406e+00
7.247590065002441406e+00
7.247590065002441406e+00
7.247590065002441406e+00
7.247590065002441406e+00
7.247590065002441406e+00
7.247590065002441406e+00
7.247590065002441406e+00
7.247590065002441406e+00
7.247590065002441406e+00
7.247589588165283203e+00
7.247590065002441406e+00
7.247589588165283203e+00
7.247589588165283203e+00
7.247589588165283203e+00
7.232478618621826172e+00
7.231965065002441406e+00
7.231965065002441406e+00
7.247590065002441406e+00
7.247590065002441406e+00
7.247590065002441406e+00
7.231965065002441406e+00
7.247590065002441406e+00
7.247590065002441406e+00
7.247590065002441406e+00
7.247590065002441406e+00
7.247590065002441406e+00
7.247590065002441406e+00
7.247590065002441406e+00
7.247590065002441406e+00
7.247590065002441406e+00
7.216340065002441406e+00
7.247590065002441406e+00
7.231965065002441406e+00
7.247590065002441406e+00
7.247590065002441406e+00
7.247590065002441406e+00
7.247590065002441406e+00
7.247590065002441406e+00
7.247590065002441406e+00
7.247590065002441406e+00
7.247590065002441406e+00
7.247590065002441406e+00
7.247590065002441406e+00
7.247590065002441406e+00
7.247590065002441406e+00
7.216340065002441406e+00
7.247590065002441406e+00
7.247590065002441406e+00
7.247590065002441406e+00
7.247590065002441406e+00
7.247590065002441406e+00
7.231965065002441406e+00
7.247590065002441406e+00
7.247590065002441406e+00
7.247590065002441406e+00
7.247590065002441406e+00
7.247590065002441406e+00
7.247590065002441406e+00
7.247590065002441406e+00
7.231965065002441406e+00
7.247590065002441406e+00
7.247590065002441406e+00
7.247590065002441406e+00
7.247590065002441406e+00
7.247590065002441406e+00
7.216340065002441406e+00
7.247590065002441406e+00
7.247590065002441406e+00
7.247590065002441406e+00
7.247590065002441406e+00
7.247590065002441406e+00
7.247590065002441406e+00
7.247590065002441406e+00
7.247590065002441406e+00
7.247590065002441406e+00
7.247590065002441406e+00
7.247590065002441406e+00
7.247590065002441406e+00
7.247590065002441406e+00
7.247590065002441406e+00
7.247590065002441406e+00
7.231965065002441406e+00
7.247590065002441406e+00
7.247590065002441406e+00
7.247590065002441406e+00
7.247590065002441406e+00
7.247590065002441406e+00
7.247590065002441406e+00
7.247590065002441406e+00
7.231965065002441406e+00
7.247590065002441406e+00
7.247590065002441406e+00
7.247590065002441406e+00
7.247590065002441406e+00
7.247590065002441406e+00
7.247590065002441406e+00
7.247590065002441406e+00
7.247590065002441406e+00
7.247590065002441406e+00
7.247590065002441406e+00
7.247590065002441406e+00
7.247590065002441406e+00
7.247590065002441406e+00
7.247590065002441406e+00
7.247590065002441406e+00
7.247590065002441406e+00
7.247590065002441406e+00
7.231965065002441406e+00
7.247590065002441406e+00
7.247590065002441406e+00
7.247590065002441406e+00
7.247590065002441406e+00
7.247590065002441406e+00
7.247590065002441406e+00
7.247590065002441406e+00
7.247590065002441406e+00
7.247590065002441406e+00
7.247590065002441406e+00
7.247590065002441406e+00
7.247590065002441406e+00
7.247590065002441406e+00
7.247590065002441406e+00
7.247590065002441406e+00
7.247590065002441406e+00
7.231965065002441406e+00
7.247590065002441406e+00
7.247590065002441406e+00
7.231965065002441406e+00
7.247590065002441406e+00
7.247590065002441406e+00
7.247590065002441406e+00
7.247590065002441406e+00
7.231965065002441406e+00
7.247590065002441406e+00
7.231965065002441406e+00
7.247590065002441406e+00
7.247590065002441406e+00
7.231965065002441406e+00
7.231965065002441406e+00
7.247590065002441406e+00
7.231965065002441406e+00
7.247590065002441406e+00
7.247590065002441406e+00
7.247590065002441406e+00
7.247590065002441406e+00
7.231965065002441406e+00
7.247590065002441406e+00
7.247590065002441406e+00
7.247590065002441406e+00
7.247590065002441406e+00
7.231965065002441406e+00
7.231965065002441406e+00
7.247590065002441406e+00
7.247590065002441406e+00
7.247590065002441406e+00
7.247590065002441406e+00
7.247590065002441406e+00
7.247590065002441406e+00
7.247590065002441406e+00
7.247590065002441406e+00
7.231965065002441406e+00
7.247590065002441406e+00
7.216340065002441406e+00
7.247590065002441406e+00
7.231965065002441406e+00
7.231965065002441406e+00
7.247590065002441406e+00
7.247590065002441406e+00
7.247590065002441406e+00
7.247590065002441406e+00
7.247590065002441406e+00
7.247590065002441406e+00
7.247590065002441406e+00
7.247590065002441406e+00
7.247590065002441406e+00
7.247590065002441406e+00
7.247590065002441406e+00
7.247590065002441406e+00
7.247590065002441406e+00
7.247590065002441406e+00
7.247590065002441406e+00
7.247590065002441406e+00
7.231965065002441406e+00
7.247590065002441406e+00
7.247590065002441406e+00
7.247590065002441406e+00
7.247590065002441406e+00
7.231965065002441406e+00
7.247590065002441406e+00
7.247590065002441406e+00
7.231965065002441406e+00
7.247590065002441406e+00
7.247590065002441406e+00
7.247590065002441406e+00
7.247590065002441406e+00
7.247590065002441406e+00
7.247590065002441406e+00
7.231965065002441406e+00
7.216340065002441406e+00
7.247590065002441406e+00
7.247590065002441406e+00
7.247590065002441406e+00
7.247590065002441406e+00
7.247590065002441406e+00
7.247590065002441406e+00
7.247590065002441406e+00
7.247590065002441406e+00
7.247590065002441406e+00
7.247590065002441406e+00
7.247590065002441406e+00
7.247590065002441406e+00
7.247590065002441406e+00
7.247590065002441406e+00
7.247590065002441406e+00
7.231965065002441406e+00
7.231965065002441406e+00
7.247590065002441406e+00
7.247590065002441406e+00
7.247590065002441406e+00
7.247590065002441406e+00
7.247590065002441406e+00
7.247590065002441406e+00
7.231965065002441406e+00
7.247590065002441406e+00
7.247590065002441406e+00
7.247590065002441406e+00
7.247590065002441406e+00
7.247590065002441406e+00
7.247590065002441406e+00
7.247590065002441406e+00
7.247590065002441406e+00
7.231965065002441406e+00
7.231965065002441406e+00
7.247590065002441406e+00
7.247590065002441406e+00
7.247590065002441406e+00
7.247590065002441406e+00
7.247590065002441406e+00
7.247590065002441406e+00
7.247590065002441406e+00
7.247590065002441406e+00
7.231965065002441406e+00
7.247590065002441406e+00
7.247590065002441406e+00
7.247590065002441406e+00
7.247590065002441406e+00
7.247590065002441406e+00
7.247590065002441406e+00
7.231965065002441406e+00
7.247590065002441406e+00
7.247590065002441406e+00
7.247590065002441406e+00
7.247590065002441406e+00
7.231965065002441406e+00
7.247590065002441406e+00
7.247590065002441406e+00
7.247590065002441406e+00
7.231965065002441406e+00
7.247590065002441406e+00
7.231965065002441406e+00
7.247590065002441406e+00
7.247590065002441406e+00
7.247590065002441406e+00
7.247590065002441406e+00
7.247590065002441406e+00
7.247590065002441406e+00
7.247590065002441406e+00
7.231965065002441406e+00
7.247590065002441406e+00
7.247590065002441406e+00
7.247590065002441406e+00
7.247590065002441406e+00
7.247590065002441406e+00
7.247590065002441406e+00
7.247590065002441406e+00
7.247590065002441406e+00
7.247590065002441406e+00
7.247590065002441406e+00
7.247590065002441406e+00
7.247590065002441406e+00
7.247590065002441406e+00
7.247590065002441406e+00
7.247590065002441406e+00
7.247590065002441406e+00
7.247590065002441406e+00
7.247590065002441406e+00
7.247590065002441406e+00
7.247590065002441406e+00
7.247590065002441406e+00
7.231965065002441406e+00
7.231965065002441406e+00
7.231965065002441406e+00
7.247590065002441406e+00
7.247590065002441406e+00
7.247590065002441406e+00
7.247590065002441406e+00
7.247590065002441406e+00
7.247590065002441406e+00
7.247590065002441406e+00
7.216340065002441406e+00
7.247590065002441406e+00
7.247590065002441406e+00
7.247590065002441406e+00
7.247590065002441406e+00
7.247590065002441406e+00
7.247590065002441406e+00
7.200715065002441406e+00
7.247590065002441406e+00
7.247590065002441406e+00
7.247590065002441406e+00
7.247590065002441406e+00
7.247590065002441406e+00
7.247590065002441406e+00
7.247590065002441406e+00
7.247590065002441406e+00
7.231965065002441406e+00
7.247590065002441406e+00
7.247590065002441406e+00
7.247590065002441406e+00
7.247590065002441406e+00
7.247590065002441406e+00
7.247590065002441406e+00
7.247590065002441406e+00
7.247590065002441406e+00
7.247590065002441406e+00
7.247590065002441406e+00
7.247590065002441406e+00
7.247590065002441406e+00
7.247590065002441406e+00
7.247590065002441406e+00
7.231965065002441406e+00
7.247590065002441406e+00
7.247590065002441406e+00
7.247590065002441406e+00
7.247590065002441406e+00
7.247590065002441406e+00
7.247590065002441406e+00
7.247590065002441406e+00
7.247590065002441406e+00
7.247590065002441406e+00
7.231965065002441406e+00
7.247590065002441406e+00
7.247590065002441406e+00
7.247590065002441406e+00
7.247590065002441406e+00
7.247590065002441406e+00
7.231965065002441406e+00
7.247590065002441406e+00
7.247590065002441406e+00
7.247590065002441406e+00
7.247590065002441406e+00
7.216340065002441406e+00
7.247590065002441406e+00
7.247590065002441406e+00
7.247590065002441406e+00
7.247590065002441406e+00
7.247590065002441406e+00
7.247590065002441406e+00
7.247590065002441406e+00
7.247590065002441406e+00
7.247590065002441406e+00
7.247590065002441406e+00
7.247590065002441406e+00
7.247590065002441406e+00
7.247590065002441406e+00
7.247590065002441406e+00
7.247590065002441406e+00
7.247590065002441406e+00
7.247590065002441406e+00
7.231965065002441406e+00
7.247590065002441406e+00
7.247590065002441406e+00
7.247590065002441406e+00
7.247590065002441406e+00
7.247590065002441406e+00
7.247590065002441406e+00
7.247590065002441406e+00
7.247590065002441406e+00
7.247590065002441406e+00
7.247590065002441406e+00
7.247590065002441406e+00
7.247590065002441406e+00
7.247590065002441406e+00
7.247590065002441406e+00
7.247590065002441406e+00
7.231965065002441406e+00
7.247590065002441406e+00
7.231965065002441406e+00
7.247590065002441406e+00
7.247590065002441406e+00
7.247590065002441406e+00
7.247590065002441406e+00
7.247590065002441406e+00
7.231965065002441406e+00
7.247590065002441406e+00
7.231965065002441406e+00
7.247590065002441406e+00
7.247590065002441406e+00
7.247590065002441406e+00
7.247590065002441406e+00
7.247590065002441406e+00
7.231965065002441406e+00
7.247590065002441406e+00
7.247590065002441406e+00
7.247590065002441406e+00
7.247590065002441406e+00
7.247590065002441406e+00
7.247590065002441406e+00
7.247590065002441406e+00
7.247590065002441406e+00
7.247590065002441406e+00
7.247590065002441406e+00
7.247590065002441406e+00
7.247590065002441406e+00
7.247590065002441406e+00
7.247590065002441406e+00
7.231965065002441406e+00
7.247590065002441406e+00
7.247590065002441406e+00
7.247590065002441406e+00
7.231965065002441406e+00
7.247590065002441406e+00
7.247590065002441406e+00
7.247590065002441406e+00
7.247590065002441406e+00
7.247590065002441406e+00
7.247590065002441406e+00
7.247590065002441406e+00
7.247590065002441406e+00
7.247590065002441406e+00
7.247590065002441406e+00
7.247590065002441406e+00
7.231965065002441406e+00
7.247590065002441406e+00
7.247590065002441406e+00
7.247590065002441406e+00
7.247590065002441406e+00
7.247590065002441406e+00
7.247590065002441406e+00
7.247590065002441406e+00
7.247590065002441406e+00
7.247590065002441406e+00
7.247590065002441406e+00
7.231965065002441406e+00
7.247590065002441406e+00
7.231965065002441406e+00
7.247590065002441406e+00
7.247590065002441406e+00
7.247590065002441406e+00
7.247590065002441406e+00
7.247590065002441406e+00
7.247590065002441406e+00
7.247590065002441406e+00
7.247590065002441406e+00
7.247590065002441406e+00
7.231965065002441406e+00
7.247590065002441406e+00
7.231965065002441406e+00
7.247590065002441406e+00
7.247590065002441406e+00
7.216340065002441406e+00
7.247590065002441406e+00
7.247590065002441406e+00
7.247590065002441406e+00
7.247590065002441406e+00
7.247590065002441406e+00
7.247590065002441406e+00
7.247590065002441406e+00
7.247590065002441406e+00
7.247590065002441406e+00
7.247590065002441406e+00
7.216340065002441406e+00
7.247590065002441406e+00
7.247590065002441406e+00
7.247590065002441406e+00
7.231965065002441406e+00
7.247590065002441406e+00
7.247590065002441406e+00
7.247590065002441406e+00
7.247590065002441406e+00
7.247590065002441406e+00
7.247590065002441406e+00
7.247590065002441406e+00
7.247590065002441406e+00
7.247590065002441406e+00
7.247590065002441406e+00
7.247590065002441406e+00
7.247590065002441406e+00
7.247590065002441406e+00
7.247590065002441406e+00
7.216340065002441406e+00
7.247590065002441406e+00
7.247590065002441406e+00
7.247590065002441406e+00
7.231965065002441406e+00
7.247590065002441406e+00
7.247590065002441406e+00
7.247590065002441406e+00
7.247590065002441406e+00
7.247590065002441406e+00
7.247590065002441406e+00
7.247590065002441406e+00
7.247590065002441406e+00
7.247590065002441406e+00
7.247590065002441406e+00
7.247590065002441406e+00
7.247590065002441406e+00
7.247590065002441406e+00
7.247590065002441406e+00
7.247590065002441406e+00
7.231965065002441406e+00
7.247590065002441406e+00
7.247590065002441406e+00
7.247590065002441406e+00
7.247590065002441406e+00
7.247590065002441406e+00
7.247590065002441406e+00
7.247590065002441406e+00
7.231965065002441406e+00
7.247590065002441406e+00
7.247590065002441406e+00
7.247590065002441406e+00
7.247590065002441406e+00
7.247590065002441406e+00
7.247590065002441406e+00
7.231965065002441406e+00
7.247590065002441406e+00
7.247590065002441406e+00
7.247590065002441406e+00
7.247590065002441406e+00
7.247590065002441406e+00
7.247590065002441406e+00
7.247590065002441406e+00
7.247590065002441406e+00
7.247590065002441406e+00
7.231965065002441406e+00
7.247590065002441406e+00
7.247590065002441406e+00
7.247590065002441406e+00
7.247590065002441406e+00
7.231965065002441406e+00
7.247590065002441406e+00
7.247590065002441406e+00
7.216340065002441406e+00
7.247590065002441406e+00
7.247590065002441406e+00
7.247590065002441406e+00
7.231965065002441406e+00
7.247590065002441406e+00
7.247590065002441406e+00
7.247590065002441406e+00
7.247590065002441406e+00
7.247590065002441406e+00
7.231965065002441406e+00
7.231965065002441406e+00
7.247590065002441406e+00
7.247590065002441406e+00
7.247590065002441406e+00
7.247590065002441406e+00
7.247590065002441406e+00
7.231965065002441406e+00
7.231965065002441406e+00
7.247590065002441406e+00
7.247590065002441406e+00
7.247590065002441406e+00
7.247590065002441406e+00
7.247590065002441406e+00
7.247590065002441406e+00
7.231965065002441406e+00
7.247590065002441406e+00
7.247590065002441406e+00
7.247590065002441406e+00
7.247590065002441406e+00
7.231965065002441406e+00
7.247590065002441406e+00
7.231965065002441406e+00
7.247590065002441406e+00
7.247590065002441406e+00
7.247590065002441406e+00
7.247590065002441406e+00
7.247590065002441406e+00
7.247590065002441406e+00
7.247590065002441406e+00
7.247590065002441406e+00
7.247590065002441406e+00
7.247590065002441406e+00
7.247590065002441406e+00
7.247590065002441406e+00
7.247590065002441406e+00
7.247590065002441406e+00
7.247590065002441406e+00
7.247590065002441406e+00
7.247590065002441406e+00
7.247590065002441406e+00
7.247590065002441406e+00
7.247590065002441406e+00
7.247590065002441406e+00
7.247590065002441406e+00
7.247590065002441406e+00
7.247590065002441406e+00
7.247590065002441406e+00
7.247590065002441406e+00
7.247590065002441406e+00
7.247590065002441406e+00
7.247590065002441406e+00
7.231965065002441406e+00
7.247590065002441406e+00
7.247590065002441406e+00
7.247590065002441406e+00
7.247590065002441406e+00
7.247590065002441406e+00
7.247590065002441406e+00
7.231965065002441406e+00
7.247590065002441406e+00
7.231965065002441406e+00
7.231965065002441406e+00
7.247590065002441406e+00
7.216340065002441406e+00
7.247590065002441406e+00
7.247590065002441406e+00
7.231965065002441406e+00
7.247590065002441406e+00
7.247590065002441406e+00
7.247590065002441406e+00
7.247590065002441406e+00
7.247590065002441406e+00
7.247590065002441406e+00
7.247590065002441406e+00
7.247590065002441406e+00
7.247590065002441406e+00
7.247590065002441406e+00
7.247590065002441406e+00
7.247590065002441406e+00
7.247590065002441406e+00
7.247590065002441406e+00
7.231965065002441406e+00
7.247590065002441406e+00
7.247590065002441406e+00
7.247590065002441406e+00
7.247590065002441406e+00
7.247590065002441406e+00
7.247590065002441406e+00
7.247590065002441406e+00
7.247590065002441406e+00
7.247590065002441406e+00
7.247590065002441406e+00
7.247590065002441406e+00
7.247590065002441406e+00
7.247590065002441406e+00
7.247590065002441406e+00
7.247590065002441406e+00
7.247590065002441406e+00
7.247590065002441406e+00
7.247590065002441406e+00
7.247590065002441406e+00
7.247590065002441406e+00
7.247590065002441406e+00
7.231965065002441406e+00
7.231965065002441406e+00
7.216340065002441406e+00
7.247590065002441406e+00
7.247590065002441406e+00
7.247590065002441406e+00
7.247590065002441406e+00
7.231965065002441406e+00
7.247590065002441406e+00
7.247590065002441406e+00
7.247590065002441406e+00
7.231965065002441406e+00
7.247590065002441406e+00
7.247590065002441406e+00
7.247590065002441406e+00
7.247590065002441406e+00
7.247590065002441406e+00
7.247590065002441406e+00
7.247590065002441406e+00
7.247590065002441406e+00
7.231965065002441406e+00
7.247590065002441406e+00
7.231965065002441406e+00
7.247590065002441406e+00
7.247590065002441406e+00
7.247590065002441406e+00
7.247590065002441406e+00
7.247590065002441406e+00
7.247590065002441406e+00
7.247590065002441406e+00
7.231965065002441406e+00
7.247590065002441406e+00
7.247590065002441406e+00
7.247590065002441406e+00
7.231965065002441406e+00
7.247590065002441406e+00
7.247590065002441406e+00
7.247590065002441406e+00
7.247590065002441406e+00
7.247590065002441406e+00
7.247590065002441406e+00
7.247590065002441406e+00
7.247590065002441406e+00
7.247590065002441406e+00
7.247590065002441406e+00
7.247590065002441406e+00
7.247590065002441406e+00
7.247590065002441406e+00
7.247590065002441406e+00
7.247590065002441406e+00
7.216340065002441406e+00
7.247590065002441406e+00
7.247590065002441406e+00
7.247590065002441406e+00
7.231965065002441406e+00
7.247590065002441406e+00
7.247590065002441406e+00
7.247590065002441406e+00
7.231965065002441406e+00
7.247590065002441406e+00
7.231965065002441406e+00
7.247590065002441406e+00
7.231965065002441406e+00
7.247590065002441406e+00
7.247590065002441406e+00
7.247590065002441406e+00
7.247590065002441406e+00
7.231965065002441406e+00
7.247590065002441406e+00
7.247590065002441406e+00
7.247590065002441406e+00
7.247590065002441406e+00
7.247590065002441406e+00
7.231965065002441406e+00
7.247590065002441406e+00
7.247590065002441406e+00
7.247590065002441406e+00
7.247590065002441406e+00
7.247590065002441406e+00
7.231965065002441406e+00
7.247590065002441406e+00
7.247590065002441406e+00
7.231965065002441406e+00
7.247590065002441406e+00
7.247590065002441406e+00
7.247590065002441406e+00
7.247590065002441406e+00
7.247590065002441406e+00
7.247590065002441406e+00
7.247590065002441406e+00
7.247590065002441406e+00
7.247590065002441406e+00
7.247590065002441406e+00
7.247590065002441406e+00
7.247590065002441406e+00
7.247590065002441406e+00
7.247590065002441406e+00
7.231965065002441406e+00
7.247590065002441406e+00
7.231965065002441406e+00
7.247590065002441406e+00
7.247590065002441406e+00
7.247590065002441406e+00
7.247590065002441406e+00
7.247590065002441406e+00
7.247590065002441406e+00
7.247590065002441406e+00
7.247590065002441406e+00
7.247590065002441406e+00
7.247590065002441406e+00
7.247590065002441406e+00
7.247590065002441406e+00
7.247590065002441406e+00
7.231965065002441406e+00
7.216340065002441406e+00
7.247590065002441406e+00
7.247590065002441406e+00
7.247590065002441406e+00
7.247590065002441406e+00
7.247590065002441406e+00
7.247590065002441406e+00
7.247590065002441406e+00
7.247590065002441406e+00
7.247590065002441406e+00
7.247590065002441406e+00
7.247590065002441406e+00
7.247590065002441406e+00
7.247590065002441406e+00
7.231965065002441406e+00
7.231965065002441406e+00
7.247590065002441406e+00
7.247590065002441406e+00
7.247590065002441406e+00
7.247590065002441406e+00
7.247590065002441406e+00
7.247590065002441406e+00
7.247590065002441406e+00
7.247590065002441406e+00
7.231965065002441406e+00
7.247590065002441406e+00
7.247590065002441406e+00
7.247590065002441406e+00
7.247590065002441406e+00
7.247590065002441406e+00
7.247590065002441406e+00
7.247590065002441406e+00
7.247590065002441406e+00
7.247590065002441406e+00
7.247590065002441406e+00
7.247590065002441406e+00
7.247590065002441406e+00
7.247590065002441406e+00
7.247590065002441406e+00
7.247590065002441406e+00
7.247590065002441406e+00
7.247590065002441406e+00
7.247590065002441406e+00
7.247590065002441406e+00
7.247590065002441406e+00
7.247590065002441406e+00
7.247590065002441406e+00
7.216340065002441406e+00
7.247590065002441406e+00
7.231965065002441406e+00
7.247590065002441406e+00
7.247590065002441406e+00
7.231965065002441406e+00
7.247590065002441406e+00
7.247590065002441406e+00
7.231965065002441406e+00
7.216340065002441406e+00
7.247590065002441406e+00
7.247590065002441406e+00
7.247590065002441406e+00
7.247590065002441406e+00
7.247590065002441406e+00
7.247590065002441406e+00
7.247590065002441406e+00
7.247590065002441406e+00
7.247590065002441406e+00
7.247590065002441406e+00
7.247590065002441406e+00
7.247590065002441406e+00
7.247590065002441406e+00
7.231965065002441406e+00
7.216340065002441406e+00
7.247590065002441406e+00
7.247590065002441406e+00
7.247590065002441406e+00
7.247590065002441406e+00
7.247590065002441406e+00
7.247590065002441406e+00
7.247590065002441406e+00
7.247590065002441406e+00
7.247590065002441406e+00
7.231965065002441406e+00
7.231965065002441406e+00
7.247590065002441406e+00
7.247590065002441406e+00
7.247590065002441406e+00
7.247590065002441406e+00
7.247590065002441406e+00
7.247590065002441406e+00
7.247590065002441406e+00
7.247590065002441406e+00
7.247590065002441406e+00
7.247590065002441406e+00
7.247590065002441406e+00
7.247590065002441406e+00
7.247590065002441406e+00
7.231965065002441406e+00
7.247590065002441406e+00
7.247590065002441406e+00
7.247590065002441406e+00
7.247590065002441406e+00
7.247590065002441406e+00
7.247590065002441406e+00
7.247590065002441406e+00
7.231965065002441406e+00
7.247590065002441406e+00
7.247590065002441406e+00
7.247590065002441406e+00
7.247590065002441406e+00
7.247590065002441406e+00
7.231965065002441406e+00
7.247590065002441406e+00
7.247590065002441406e+00
7.247590065002441406e+00
7.247590065002441406e+00
7.247590065002441406e+00
7.247590065002441406e+00
7.247590065002441406e+00
7.247590065002441406e+00
7.247590065002441406e+00
7.247590065002441406e+00
7.247590065002441406e+00
7.231965065002441406e+00
7.247590065002441406e+00
7.247590065002441406e+00
7.231965065002441406e+00
7.247590065002441406e+00
7.247590065002441406e+00
7.247590065002441406e+00
7.247590065002441406e+00
7.247590065002441406e+00
7.247590065002441406e+00
7.247590065002441406e+00
7.247590065002441406e+00
7.247590065002441406e+00
7.247590065002441406e+00
7.247590065002441406e+00
7.247590065002441406e+00
7.247590065002441406e+00
7.247590065002441406e+00
7.247590065002441406e+00
7.247590065002441406e+00
7.247590065002441406e+00
7.247590065002441406e+00
7.231965065002441406e+00
7.247590065002441406e+00
7.247590065002441406e+00
7.247590065002441406e+00
7.231965065002441406e+00
7.247590065002441406e+00
7.247590065002441406e+00
7.247590065002441406e+00
7.247590065002441406e+00
7.247590065002441406e+00
7.247590065002441406e+00
7.247590065002441406e+00
7.247590065002441406e+00
7.247590065002441406e+00
7.247590065002441406e+00
7.247590065002441406e+00
7.247590065002441406e+00
7.231965065002441406e+00
7.247590065002441406e+00
7.247590065002441406e+00
7.247590065002441406e+00
7.247590065002441406e+00
7.247590065002441406e+00
7.231965065002441406e+00
7.247590065002441406e+00
7.247590065002441406e+00
7.231965065002441406e+00
7.231965065002441406e+00
7.247590065002441406e+00
7.247590065002441406e+00
7.247590065002441406e+00
7.247590065002441406e+00
7.247590065002441406e+00
7.247590065002441406e+00
7.231965065002441406e+00
7.247590065002441406e+00
7.247590065002441406e+00
7.247590065002441406e+00
7.247590065002441406e+00
7.247590065002441406e+00
7.247590065002441406e+00
7.247590065002441406e+00
7.247590065002441406e+00
7.247590065002441406e+00
7.247590065002441406e+00
7.247590065002441406e+00
7.247590065002441406e+00
7.231965065002441406e+00
7.247590065002441406e+00
7.247590065002441406e+00
7.247590065002441406e+00
7.247590065002441406e+00
7.247590065002441406e+00
7.231965065002441406e+00
7.247590065002441406e+00
7.247590065002441406e+00
7.247590065002441406e+00
7.231965065002441406e+00
7.247590065002441406e+00
7.247590065002441406e+00
7.247590065002441406e+00
7.247590065002441406e+00
7.231965065002441406e+00
7.247590065002441406e+00
7.231965065002441406e+00
7.247590065002441406e+00
7.247590065002441406e+00
7.247590065002441406e+00
7.247590065002441406e+00
7.247590065002441406e+00
7.247590065002441406e+00
7.247590065002441406e+00
7.247590065002441406e+00
7.247590065002441406e+00
7.247590065002441406e+00
7.247590065002441406e+00
7.247590065002441406e+00
7.247590065002441406e+00
7.247590065002441406e+00
7.247590065002441406e+00
7.247590065002441406e+00
7.247590065002441406e+00
7.231965065002441406e+00
7.247590065002441406e+00
7.247590065002441406e+00
7.247590065002441406e+00
7.231965065002441406e+00
7.216340065002441406e+00
7.247590065002441406e+00
7.247590065002441406e+00
7.247590065002441406e+00
7.247590065002441406e+00
7.247590065002441406e+00
7.247590065002441406e+00
7.247590065002441406e+00
7.247590065002441406e+00
7.231965065002441406e+00
7.231965065002441406e+00
7.247590065002441406e+00
7.247590065002441406e+00
7.247590065002441406e+00
7.247590065002441406e+00
7.231965065002441406e+00
7.247590065002441406e+00
7.247590065002441406e+00
7.247590065002441406e+00
7.247590065002441406e+00
7.247590065002441406e+00
7.247590065002441406e+00
7.247590065002441406e+00
7.247590065002441406e+00
7.247590065002441406e+00
7.247590065002441406e+00
7.231965065002441406e+00
7.231965065002441406e+00
7.247590065002441406e+00
7.247590065002441406e+00
7.247590065002441406e+00
7.247590065002441406e+00
7.247590065002441406e+00
7.231965065002441406e+00
7.247590065002441406e+00
7.247590065002441406e+00
7.247590065002441406e+00
7.247590065002441406e+00
7.247590065002441406e+00
7.247590065002441406e+00
7.247590065002441406e+00
7.247590065002441406e+00
7.247590065002441406e+00
7.247590065002441406e+00
7.247590065002441406e+00
7.247590065002441406e+00
7.231965065002441406e+00
7.247590065002441406e+00
7.247590065002441406e+00
7.247590065002441406e+00
7.216340065002441406e+00
7.247590065002441406e+00
7.247590065002441406e+00
7.247590065002441406e+00
7.247590065002441406e+00
7.247590065002441406e+00
7.247590065002441406e+00
7.247590065002441406e+00
7.247590065002441406e+00
7.247590065002441406e+00
7.247590065002441406e+00
7.247590065002441406e+00
7.247590065002441406e+00
7.247590065002441406e+00
7.247590065002441406e+00
7.247590065002441406e+00
7.247590065002441406e+00
7.247590065002441406e+00
7.247590065002441406e+00
7.247590065002441406e+00
7.247590065002441406e+00
7.247590065002441406e+00
7.247590065002441406e+00
7.231965065002441406e+00
7.247590065002441406e+00
7.247590065002441406e+00
7.216340065002441406e+00
7.247590065002441406e+00
7.231965065002441406e+00
7.247590065002441406e+00
7.247590065002441406e+00
7.247590065002441406e+00
7.247590065002441406e+00
7.247590065002441406e+00
7.231965065002441406e+00
7.247590065002441406e+00
7.247590065002441406e+00
7.247590065002441406e+00
7.247590065002441406e+00
7.247590065002441406e+00
7.247590065002441406e+00
7.231965065002441406e+00
7.247590065002441406e+00
7.247590065002441406e+00
7.247590065002441406e+00
7.247590065002441406e+00
7.247590065002441406e+00
7.247590065002441406e+00
7.247590065002441406e+00
7.231965065002441406e+00
7.247590065002441406e+00
7.247590065002441406e+00
7.231965065002441406e+00
7.247590065002441406e+00
7.247590065002441406e+00
7.231965065002441406e+00
7.247590065002441406e+00
7.247590065002441406e+00
7.247590065002441406e+00
7.231965065002441406e+00
7.247590065002441406e+00
7.247590065002441406e+00
7.231965065002441406e+00
7.247590065002441406e+00
7.247590065002441406e+00
7.231965065002441406e+00
7.247590065002441406e+00
7.247590065002441406e+00
7.247590065002441406e+00
7.247590065002441406e+00
7.247590065002441406e+00
7.231965065002441406e+00
7.247590065002441406e+00
7.247590065002441406e+00
7.231965065002441406e+00
7.247590065002441406e+00
7.247590065002441406e+00
7.231965065002441406e+00
7.247590065002441406e+00
7.247590065002441406e+00
7.231965065002441406e+00
7.247590065002441406e+00
7.247590065002441406e+00
7.247590065002441406e+00
7.247590065002441406e+00
7.247590065002441406e+00
7.231965065002441406e+00
7.247590065002441406e+00
7.231965065002441406e+00
7.247590065002441406e+00
7.247590065002441406e+00
7.247590065002441406e+00
7.247590065002441406e+00
7.247590065002441406e+00
7.247590065002441406e+00
7.247590065002441406e+00
7.247590065002441406e+00
7.247590065002441406e+00
7.247590065002441406e+00
7.247590065002441406e+00
7.231965065002441406e+00
7.247590065002441406e+00
7.247590065002441406e+00
7.247590065002441406e+00
7.247590065002441406e+00
7.231965065002441406e+00
7.247590065002441406e+00
7.247590065002441406e+00
7.247590065002441406e+00
7.231965065002441406e+00
7.247590065002441406e+00
7.247590065002441406e+00
7.247590065002441406e+00
7.247590065002441406e+00
7.247590065002441406e+00
7.247590065002441406e+00
7.247590065002441406e+00
7.247590065002441406e+00
7.247590065002441406e+00
7.247590065002441406e+00
7.247590065002441406e+00
7.247590065002441406e+00
7.231965065002441406e+00
7.247590065002441406e+00
7.247590065002441406e+00
7.247590065002441406e+00
7.247590065002441406e+00
7.231965065002441406e+00
7.247590065002441406e+00
7.247590065002441406e+00
7.247590065002441406e+00
7.247590065002441406e+00
7.247590065002441406e+00
7.247590065002441406e+00
7.247590065002441406e+00
7.247590065002441406e+00
7.247590065002441406e+00
7.247590065002441406e+00
7.247590065002441406e+00
7.247590065002441406e+00
7.247590065002441406e+00
7.247590065002441406e+00
7.247590065002441406e+00
7.247590065002441406e+00
7.247590065002441406e+00
7.247590065002441406e+00
7.247590065002441406e+00
7.247590065002441406e+00
7.247590065002441406e+00
7.247590065002441406e+00
7.247590065002441406e+00
7.247590065002441406e+00
7.247590065002441406e+00
7.216340065002441406e+00
7.247590065002441406e+00
7.247590065002441406e+00
7.247590065002441406e+00
7.247590065002441406e+00
7.247590065002441406e+00
7.247590065002441406e+00
7.247590065002441406e+00
7.247590065002441406e+00
7.231965065002441406e+00
7.247590065002441406e+00
7.247590065002441406e+00
7.247590065002441406e+00
7.247590065002441406e+00
7.247590065002441406e+00
7.247590065002441406e+00
7.247590065002441406e+00
7.216340065002441406e+00
7.247590065002441406e+00
7.247590065002441406e+00
7.247590065002441406e+00
7.247590065002441406e+00
7.247590065002441406e+00
7.247590065002441406e+00
7.247590065002441406e+00
7.247590065002441406e+00
7.247590065002441406e+00
7.247590065002441406e+00
7.247590065002441406e+00
7.247590065002441406e+00
7.247590065002441406e+00
7.247590065002441406e+00
7.247590065002441406e+00
7.247590065002441406e+00
7.247590065002441406e+00
7.247590065002441406e+00
7.247590065002441406e+00
7.231965065002441406e+00
7.247590065002441406e+00
7.247590065002441406e+00
7.247590065002441406e+00
7.247590065002441406e+00
7.247590065002441406e+00
7.247590065002441406e+00
7.247590065002441406e+00
7.231965065002441406e+00
7.231965065002441406e+00
7.247590065002441406e+00
7.247590065002441406e+00
7.247590065002441406e+00
7.247590065002441406e+00
7.247590065002441406e+00
7.247590065002441406e+00
7.247590065002441406e+00
7.247590065002441406e+00
7.247590065002441406e+00
7.247590065002441406e+00
7.231965065002441406e+00
7.247590065002441406e+00
7.247590065002441406e+00
7.247590065002441406e+00
7.247590065002441406e+00
7.247590065002441406e+00
7.231965065002441406e+00
7.247590065002441406e+00
7.247590065002441406e+00
7.247590065002441406e+00
7.247590065002441406e+00
7.247590065002441406e+00
7.247590065002441406e+00
7.231965065002441406e+00
7.247590065002441406e+00
7.231965065002441406e+00
7.247590065002441406e+00
7.247590065002441406e+00
7.247590065002441406e+00
7.231965065002441406e+00
7.247590065002441406e+00
7.231965065002441406e+00
7.231965065002441406e+00
7.247590065002441406e+00
7.247590065002441406e+00
7.247590065002441406e+00
7.247590065002441406e+00
7.231965065002441406e+00
7.231965065002441406e+00
7.231965065002441406e+00
7.247590065002441406e+00
7.247590065002441406e+00
7.247590065002441406e+00
7.247590065002441406e+00
7.247590065002441406e+00
7.247590065002441406e+00
7.247590065002441406e+00
7.247590065002441406e+00
7.247590065002441406e+00
7.247590065002441406e+00
7.247590065002441406e+00
7.247590065002441406e+00
7.231965065002441406e+00
7.247590065002441406e+00
7.247590065002441406e+00
7.247590065002441406e+00
7.247590065002441406e+00
7.247590065002441406e+00
7.247590065002441406e+00
7.247590065002441406e+00
7.247590065002441406e+00
7.231965065002441406e+00
7.247590065002441406e+00
7.247590065002441406e+00
7.247590065002441406e+00
7.247590065002441406e+00
7.247590065002441406e+00
7.247590065002441406e+00
7.247590065002441406e+00
7.247590065002441406e+00
7.231965065002441406e+00
7.247590065002441406e+00
7.247590065002441406e+00
7.247590065002441406e+00
7.247590065002441406e+00
7.231965065002441406e+00
7.247590065002441406e+00
7.247590065002441406e+00
7.231965065002441406e+00
7.247590065002441406e+00
7.247590065002441406e+00
7.247590065002441406e+00
7.247590065002441406e+00
7.247590065002441406e+00
7.247590065002441406e+00
7.247590065002441406e+00
7.247590065002441406e+00
7.231965065002441406e+00
7.247590065002441406e+00
7.247590065002441406e+00
7.247590065002441406e+00
7.247590065002441406e+00
7.247590065002441406e+00
7.247590065002441406e+00
7.247590065002441406e+00
7.247590065002441406e+00
7.231965065002441406e+00
7.247590065002441406e+00
7.247590065002441406e+00
7.247590065002441406e+00
7.247590065002441406e+00
7.247590065002441406e+00
7.247590065002441406e+00
7.247590065002441406e+00
7.247590065002441406e+00
7.231965065002441406e+00
7.247590065002441406e+00
7.247590065002441406e+00
7.247590065002441406e+00
7.247590065002441406e+00
7.247590065002441406e+00
7.247590065002441406e+00
7.247590065002441406e+00
7.247590065002441406e+00
7.247590065002441406e+00
7.247590065002441406e+00
7.247590065002441406e+00
7.247590065002441406e+00
7.247590065002441406e+00
7.216340065002441406e+00
7.247590065002441406e+00
7.247590065002441406e+00
7.247590065002441406e+00
7.247590065002441406e+00
7.231965065002441406e+00
7.247590065002441406e+00
7.231965065002441406e+00
7.247590065002441406e+00
7.216340065002441406e+00
7.247590065002441406e+00
7.231965065002441406e+00
7.247590065002441406e+00
7.247590065002441406e+00
7.247590065002441406e+00
7.247590065002441406e+00
7.247590065002441406e+00
7.216340065002441406e+00
7.247590065002441406e+00
7.247590065002441406e+00
7.247590065002441406e+00
7.231965065002441406e+00
7.247590065002441406e+00
7.247590065002441406e+00
7.247590065002441406e+00
7.247590065002441406e+00
7.247590065002441406e+00
7.247590065002441406e+00
7.247590065002441406e+00
7.247590065002441406e+00
7.231965065002441406e+00
7.247590065002441406e+00
7.247590065002441406e+00
7.247590065002441406e+00
7.231965065002441406e+00
7.247590065002441406e+00
7.247590065002441406e+00
7.247590065002441406e+00
7.247590065002441406e+00
7.247590065002441406e+00
7.247590065002441406e+00
7.247590065002441406e+00
7.231965065002441406e+00
7.247590065002441406e+00
7.247590065002441406e+00
7.247590065002441406e+00
7.247590065002441406e+00
7.247590065002441406e+00
7.247590065002441406e+00
7.247590065002441406e+00
7.231965065002441406e+00
7.247590065002441406e+00
7.247590065002441406e+00
7.247590065002441406e+00
7.231965065002441406e+00
7.247590065002441406e+00
7.247590065002441406e+00
7.247590065002441406e+00
7.247590065002441406e+00
7.247590065002441406e+00
7.231965065002441406e+00
7.247590065002441406e+00
7.247590065002441406e+00
7.231965065002441406e+00
7.247590065002441406e+00
7.247590065002441406e+00
7.247590065002441406e+00
7.247590065002441406e+00
7.247590065002441406e+00
7.231965065002441406e+00
7.247590065002441406e+00
7.247590065002441406e+00
7.247590065002441406e+00
7.247590065002441406e+00
7.247590065002441406e+00
7.247590065002441406e+00
7.247590065002441406e+00
7.247590065002441406e+00
7.247590065002441406e+00
7.247590065002441406e+00
7.247590065002441406e+00
7.247590065002441406e+00
7.231965065002441406e+00
7.247590065002441406e+00
7.247590065002441406e+00
7.247590065002441406e+00
7.247590065002441406e+00
7.247590065002441406e+00
7.247590065002441406e+00
7.247590065002441406e+00
7.247590065002441406e+00
7.247590065002441406e+00
7.247590065002441406e+00
7.247590065002441406e+00
7.247590065002441406e+00
7.247590065002441406e+00
7.247590065002441406e+00
7.247590065002441406e+00
7.231965065002441406e+00
7.247590065002441406e+00
7.247590065002441406e+00
7.247590065002441406e+00
7.247590065002441406e+00
7.247590065002441406e+00
7.247590065002441406e+00
7.247590065002441406e+00
7.247590065002441406e+00
7.247590065002441406e+00
7.247590065002441406e+00
7.247590065002441406e+00
7.247590065002441406e+00
7.247590065002441406e+00
7.247590065002441406e+00
7.247590065002441406e+00
7.247590065002441406e+00
7.247590065002441406e+00
7.247590065002441406e+00
7.247590065002441406e+00
7.231965065002441406e+00
7.247590065002441406e+00
7.247590065002441406e+00
7.247590065002441406e+00
7.247590065002441406e+00
7.247590065002441406e+00
7.231965065002441406e+00
7.247590065002441406e+00
7.247590065002441406e+00
7.231965065002441406e+00
7.247590065002441406e+00
7.247590065002441406e+00
7.231965065002441406e+00
7.247590065002441406e+00
7.247590065002441406e+00
7.247590065002441406e+00
7.247590065002441406e+00
7.247590065002441406e+00
7.247590065002441406e+00
7.247590065002441406e+00
7.247590065002441406e+00
7.247590065002441406e+00
7.247590065002441406e+00
7.231965065002441406e+00
7.247590065002441406e+00
7.247590065002441406e+00
7.231965065002441406e+00
7.247590065002441406e+00
7.247590065002441406e+00
7.247590065002441406e+00
7.247590065002441406e+00
7.247590065002441406e+00
7.247590065002441406e+00
7.247590065002441406e+00
7.247590065002441406e+00
7.247590065002441406e+00
7.247590065002441406e+00
7.247590065002441406e+00
7.247590065002441406e+00
7.247590065002441406e+00
7.247590065002441406e+00
7.247590065002441406e+00
7.247590065002441406e+00
7.231965065002441406e+00
7.247590065002441406e+00
7.247590065002441406e+00
7.247590065002441406e+00
7.247590065002441406e+00
7.247590065002441406e+00
7.247590065002441406e+00
7.247590065002441406e+00
7.247590065002441406e+00
7.247590065002441406e+00
7.231965065002441406e+00
7.247590065002441406e+00
7.247590065002441406e+00
7.247590065002441406e+00
7.247590065002441406e+00
7.247590065002441406e+00
7.247590065002441406e+00
7.247590065002441406e+00
7.247590065002441406e+00
7.247590065002441406e+00
7.247590065002441406e+00
7.247590065002441406e+00
7.247590065002441406e+00
7.247590065002441406e+00
7.247590065002441406e+00
7.231965065002441406e+00
7.247590065002441406e+00
7.231965065002441406e+00
7.247590065002441406e+00
7.231965065002441406e+00
7.247590065002441406e+00
7.247590065002441406e+00
7.231965065002441406e+00
7.231965065002441406e+00
7.247590065002441406e+00
7.247590065002441406e+00
7.247590065002441406e+00
7.247590065002441406e+00
7.247590065002441406e+00
7.231965065002441406e+00
7.231965065002441406e+00
7.247590065002441406e+00
7.231965065002441406e+00
7.247590065002441406e+00
7.231965065002441406e+00
7.247590065002441406e+00
7.247590065002441406e+00
7.247590065002441406e+00
7.231965065002441406e+00
7.247590065002441406e+00
7.247590065002441406e+00
7.247590065002441406e+00
7.231965065002441406e+00
7.231965065002441406e+00
7.247590065002441406e+00
7.247590065002441406e+00
7.247590065002441406e+00
7.247590065002441406e+00
7.247590065002441406e+00
7.247590065002441406e+00
7.247590065002441406e+00
7.247590065002441406e+00
7.231965065002441406e+00
7.247590065002441406e+00
7.247590065002441406e+00
7.247590065002441406e+00
7.247590065002441406e+00
7.247590065002441406e+00
7.247590065002441406e+00
7.247590065002441406e+00
7.247590065002441406e+00
7.247590065002441406e+00
7.247590065002441406e+00
7.247590065002441406e+00
7.247590065002441406e+00
7.247590065002441406e+00
7.247590065002441406e+00
7.247590065002441406e+00
7.247590065002441406e+00
7.247590065002441406e+00
7.247590065002441406e+00
7.247590065002441406e+00
7.231965065002441406e+00
7.247590065002441406e+00
7.247590065002441406e+00
7.247590065002441406e+00
7.247590065002441406e+00
7.247590065002441406e+00
7.247590065002441406e+00
7.247590065002441406e+00
7.247590065002441406e+00
7.247590065002441406e+00
7.247590065002441406e+00
7.247590065002441406e+00
7.247590065002441406e+00
7.247590065002441406e+00
7.247590065002441406e+00
7.231965065002441406e+00
7.247590065002441406e+00
7.247590065002441406e+00
7.247590065002441406e+00
7.247590065002441406e+00
7.247590065002441406e+00
7.247590065002441406e+00
7.216340065002441406e+00
7.231965065002441406e+00
7.247590065002441406e+00
7.247590065002441406e+00
7.247590065002441406e+00
7.247590065002441406e+00
7.247590065002441406e+00
7.247590065002441406e+00
7.247590065002441406e+00
7.247590065002441406e+00
7.247590065002441406e+00
7.247590065002441406e+00
7.247590065002441406e+00
7.247590065002441406e+00
7.247590065002441406e+00
7.247590065002441406e+00
7.247590065002441406e+00
7.247590065002441406e+00
7.247590065002441406e+00
7.247590065002441406e+00
7.247590065002441406e+00
7.247590065002441406e+00
7.231965065002441406e+00
7.231965065002441406e+00
7.247590065002441406e+00
7.247590065002441406e+00
7.247590065002441406e+00
7.247590065002441406e+00
7.247590065002441406e+00
7.247590065002441406e+00
7.247590065002441406e+00
7.231965065002441406e+00
7.247590065002441406e+00
7.247590065002441406e+00
7.247590065002441406e+00
7.247590065002441406e+00
7.231965065002441406e+00
7.247590065002441406e+00
7.231965065002441406e+00
7.247590065002441406e+00
7.247590065002441406e+00
7.247590065002441406e+00
7.247590065002441406e+00
7.231965065002441406e+00
7.247590065002441406e+00
7.247590065002441406e+00
7.247590065002441406e+00
7.247590065002441406e+00
7.247590065002441406e+00
7.247590065002441406e+00
7.247590065002441406e+00
7.247590065002441406e+00
7.247590065002441406e+00
7.231965065002441406e+00
7.247590065002441406e+00
7.247590065002441406e+00
7.247590065002441406e+00
7.231965065002441406e+00
7.247590065002441406e+00
7.231965065002441406e+00
7.247590065002441406e+00
7.247590065002441406e+00
7.231965065002441406e+00
7.247590065002441406e+00
7.247590065002441406e+00
7.247590065002441406e+00
7.247590065002441406e+00
7.247590065002441406e+00
7.231965065002441406e+00
7.247590065002441406e+00
7.231965065002441406e+00
7.247590065002441406e+00
7.247590065002441406e+00
7.247590065002441406e+00
7.247590065002441406e+00
7.247590065002441406e+00
7.247590065002441406e+00
7.247590065002441406e+00
7.247590065002441406e+00
7.247590065002441406e+00
7.247590065002441406e+00
7.247590065002441406e+00
7.247590065002441406e+00
7.231965065002441406e+00
7.247590065002441406e+00
7.247590065002441406e+00
7.247590065002441406e+00
7.247590065002441406e+00
7.247590065002441406e+00
7.247590065002441406e+00
7.231965065002441406e+00
7.247590065002441406e+00
7.247590065002441406e+00
7.231965065002441406e+00
7.247590065002441406e+00
7.231965065002441406e+00
7.247590065002441406e+00
7.247590065002441406e+00
7.247590065002441406e+00
7.247590065002441406e+00
7.247590065002441406e+00
7.247590065002441406e+00
7.247590065002441406e+00
7.247590065002441406e+00
7.231965065002441406e+00
7.231965065002441406e+00
7.247590065002441406e+00
7.247590065002441406e+00
7.247590065002441406e+00
7.247590065002441406e+00
7.247590065002441406e+00
7.247590065002441406e+00
7.247590065002441406e+00
7.247590065002441406e+00
7.247590065002441406e+00
7.247590065002441406e+00
7.247590065002441406e+00
7.247590065002441406e+00
7.247590065002441406e+00
7.247590065002441406e+00
7.247590065002441406e+00
7.231965065002441406e+00
7.247590065002441406e+00
7.247590065002441406e+00
7.231965065002441406e+00
7.247590065002441406e+00
7.247590065002441406e+00
7.247590065002441406e+00
7.247590065002441406e+00
7.231965065002441406e+00
7.247590065002441406e+00
7.247590065002441406e+00
7.247590065002441406e+00
7.247590065002441406e+00
7.247590065002441406e+00
7.231965065002441406e+00
7.247590065002441406e+00
7.247590065002441406e+00
7.247590065002441406e+00
7.247590065002441406e+00
7.247590065002441406e+00
7.247590065002441406e+00
7.247590065002441406e+00
7.247590065002441406e+00
7.247590065002441406e+00
7.247590065002441406e+00
7.247590065002441406e+00
7.247590065002441406e+00
7.247590065002441406e+00
7.247590065002441406e+00
7.247590065002441406e+00
7.247590065002441406e+00
7.247590065002441406e+00
7.247590065002441406e+00
7.247590065002441406e+00
7.247590065002441406e+00
7.247590065002441406e+00
7.247590065002441406e+00
7.247590065002441406e+00
7.231965065002441406e+00
7.247590065002441406e+00
7.247590065002441406e+00
7.247590065002441406e+00
7.247590065002441406e+00
7.247590065002441406e+00
7.247590065002441406e+00
7.247590065002441406e+00
7.247590065002441406e+00
7.247590065002441406e+00
7.247590065002441406e+00
7.231965065002441406e+00
7.247590065002441406e+00
7.247590065002441406e+00
7.231965065002441406e+00
7.247590065002441406e+00
7.247590065002441406e+00
7.247590065002441406e+00
7.247590065002441406e+00
7.247590065002441406e+00
7.247590065002441406e+00
7.247590065002441406e+00
7.247590065002441406e+00
7.247590065002441406e+00
7.247590065002441406e+00
7.247590065002441406e+00
7.247590065002441406e+00
7.247590065002441406e+00
7.247590065002441406e+00
7.247590065002441406e+00
7.231965065002441406e+00
7.247590065002441406e+00
7.247590065002441406e+00
7.247590065002441406e+00
7.247590065002441406e+00
7.247590065002441406e+00
7.247590065002441406e+00
7.247590065002441406e+00
7.247590065002441406e+00
7.247590065002441406e+00
7.247590065002441406e+00
7.247590065002441406e+00
7.247590065002441406e+00
7.247590065002441406e+00
7.247590065002441406e+00
7.247590065002441406e+00
7.231965065002441406e+00
7.247590065002441406e+00
7.231965065002441406e+00
7.247590065002441406e+00
7.247590065002441406e+00
7.247590065002441406e+00
7.247590065002441406e+00
7.247590065002441406e+00
7.216340065002441406e+00
7.247590065002441406e+00
7.247590065002441406e+00
7.247590065002441406e+00
7.247590065002441406e+00
7.231965065002441406e+00
7.247590065002441406e+00
7.247590065002441406e+00
7.247590065002441406e+00
7.231965065002441406e+00
7.247590065002441406e+00
7.247590065002441406e+00
7.247590065002441406e+00
7.247590065002441406e+00
7.247590065002441406e+00
7.231965065002441406e+00
7.216340065002441406e+00
7.231965065002441406e+00
7.247590065002441406e+00
7.231965065002441406e+00
7.247590065002441406e+00
7.247590065002441406e+00
7.247590065002441406e+00
7.247590065002441406e+00
7.231965065002441406e+00
7.247590065002441406e+00
7.247590065002441406e+00
7.231965065002441406e+00
7.247590065002441406e+00
7.247590065002441406e+00
7.247590065002441406e+00
7.231965065002441406e+00
7.247590065002441406e+00
7.247590065002441406e+00
7.247590065002441406e+00
7.247590065002441406e+00
7.247590065002441406e+00
7.231965065002441406e+00
7.231965065002441406e+00
7.247590065002441406e+00
7.247590065002441406e+00
7.247590065002441406e+00
7.247590065002441406e+00
7.247590065002441406e+00
7.247590065002441406e+00
7.231965065002441406e+00
7.247590065002441406e+00
7.247590065002441406e+00
7.231965065002441406e+00
7.247590065002441406e+00
7.247590065002441406e+00
7.247590065002441406e+00
7.247590065002441406e+00
7.247590065002441406e+00
7.231965065002441406e+00
7.231965065002441406e+00
7.247590065002441406e+00
7.247590065002441406e+00
7.247590065002441406e+00
7.247590065002441406e+00
7.247590065002441406e+00
7.247590065002441406e+00
7.216340065002441406e+00
7.247590065002441406e+00
7.216340065002441406e+00
7.247590065002441406e+00
7.247590065002441406e+00
7.247590065002441406e+00
7.247590065002441406e+00
7.247590065002441406e+00
7.247590065002441406e+00
7.247590065002441406e+00
7.247590065002441406e+00
7.247590065002441406e+00
7.247590065002441406e+00
7.216340065002441406e+00
7.247590065002441406e+00
7.247590065002441406e+00
7.247590065002441406e+00
7.247590065002441406e+00
7.247590065002441406e+00
7.247590065002441406e+00
7.247590065002441406e+00
7.247590065002441406e+00
7.247590065002441406e+00
7.247590065002441406e+00
7.247590065002441406e+00
7.247590065002441406e+00
7.247590065002441406e+00
7.247590065002441406e+00
7.247590065002441406e+00
7.247590065002441406e+00
7.247590065002441406e+00
7.247590065002441406e+00
7.247590065002441406e+00
7.247590065002441406e+00
7.247590065002441406e+00
7.247590065002441406e+00
7.247590065002441406e+00
7.247590065002441406e+00
7.247590065002441406e+00
7.247590065002441406e+00
7.247590065002441406e+00
7.231965065002441406e+00
7.247590065002441406e+00
7.231965065002441406e+00
7.247590065002441406e+00
7.247590065002441406e+00
7.247590065002441406e+00
7.247590065002441406e+00
7.247590065002441406e+00
7.247590065002441406e+00
7.247590065002441406e+00
7.231965065002441406e+00
7.247590065002441406e+00
7.247590065002441406e+00
7.247590065002441406e+00
7.247590065002441406e+00
7.247590065002441406e+00
7.247590065002441406e+00
7.247590065002441406e+00
7.247590065002441406e+00
7.247590065002441406e+00
7.247590065002441406e+00
7.231965065002441406e+00
7.247590065002441406e+00
7.247590065002441406e+00
7.231965065002441406e+00
7.247590065002441406e+00
7.247590065002441406e+00
7.247590065002441406e+00
7.247590065002441406e+00
7.247590065002441406e+00
7.247590065002441406e+00
7.247590065002441406e+00
7.247590065002441406e+00
7.231965065002441406e+00
7.247590065002441406e+00
7.247590065002441406e+00
7.247590065002441406e+00
7.247590065002441406e+00
7.247590065002441406e+00
7.247590065002441406e+00
7.247590065002441406e+00
7.247590065002441406e+00
7.247590065002441406e+00
7.231965065002441406e+00
7.247590065002441406e+00
7.231965065002441406e+00
7.247590065002441406e+00
7.247590065002441406e+00
7.247590065002441406e+00
7.247590065002441406e+00
7.247590065002441406e+00
7.247590065002441406e+00
7.247590065002441406e+00
7.247590065002441406e+00
7.231965065002441406e+00
7.247590065002441406e+00
7.231965065002441406e+00
7.247590065002441406e+00
7.247590065002441406e+00
7.247590065002441406e+00
7.247590065002441406e+00
7.247590065002441406e+00
7.247590065002441406e+00
7.247590065002441406e+00
7.247590065002441406e+00
7.247590065002441406e+00
7.247590065002441406e+00
7.231965065002441406e+00
7.247590065002441406e+00
7.247590065002441406e+00
7.247590065002441406e+00
7.247590065002441406e+00
7.247590065002441406e+00
7.247590065002441406e+00
7.247590065002441406e+00
7.247590065002441406e+00
7.247590065002441406e+00
7.247590065002441406e+00
7.247590065002441406e+00
7.247590065002441406e+00
7.247590065002441406e+00
7.247590065002441406e+00
7.247590065002441406e+00
7.247590065002441406e+00
7.247590065002441406e+00
7.247590065002441406e+00
7.247590065002441406e+00
7.247590065002441406e+00
7.247590065002441406e+00
7.247590065002441406e+00
7.247590065002441406e+00
7.247590065002441406e+00
7.247590065002441406e+00
7.247590065002441406e+00
7.247590065002441406e+00
7.247590065002441406e+00
7.247590065002441406e+00
7.247590065002441406e+00
7.247590065002441406e+00
7.247590065002441406e+00
7.247590065002441406e+00
7.247590065002441406e+00
7.247590065002441406e+00
7.247590065002441406e+00
7.247590065002441406e+00
7.247590065002441406e+00
7.247590065002441406e+00
7.247590065002441406e+00
7.247590065002441406e+00
7.247590065002441406e+00
7.231965065002441406e+00
7.247590065002441406e+00
7.216340065002441406e+00
7.231965065002441406e+00
7.231965065002441406e+00
7.247590065002441406e+00
7.231965065002441406e+00
7.247590065002441406e+00
7.247590065002441406e+00
7.247590065002441406e+00
7.247590065002441406e+00
7.247590065002441406e+00
7.247590065002441406e+00
7.247590065002441406e+00
7.247590065002441406e+00
7.247590065002441406e+00
7.216340065002441406e+00
7.247590065002441406e+00
7.247590065002441406e+00
7.247590065002441406e+00
7.247590065002441406e+00
7.247590065002441406e+00
7.247590065002441406e+00
7.247590065002441406e+00
7.247590065002441406e+00
7.231965065002441406e+00
7.247590065002441406e+00
7.247590065002441406e+00
7.231965065002441406e+00
7.247590065002441406e+00
7.231965065002441406e+00
7.247590065002441406e+00
7.247590065002441406e+00
7.247590065002441406e+00
7.247590065002441406e+00
7.247590065002441406e+00
7.231965065002441406e+00
7.247590065002441406e+00
7.247590065002441406e+00
7.247590065002441406e+00
7.247590065002441406e+00
7.247590065002441406e+00
7.247590065002441406e+00
7.247590065002441406e+00
7.231965065002441406e+00
7.247590065002441406e+00
7.247590065002441406e+00
7.247590065002441406e+00
7.247590065002441406e+00
7.231965065002441406e+00
7.247590065002441406e+00
7.247590065002441406e+00
7.247590065002441406e+00
7.247590065002441406e+00
7.247590065002441406e+00
7.247590065002441406e+00
7.247590065002441406e+00
7.247590065002441406e+00
7.247590065002441406e+00
7.247590065002441406e+00
7.247590065002441406e+00
7.247590065002441406e+00
7.247590065002441406e+00
7.247590065002441406e+00
7.247590065002441406e+00
7.247590065002441406e+00
7.247590065002441406e+00
7.216340065002441406e+00
7.247590065002441406e+00
7.247590065002441406e+00
7.231965065002441406e+00
7.247590065002441406e+00
7.247590065002441406e+00
7.247590065002441406e+00
7.247590065002441406e+00
7.247590065002441406e+00
7.216340065002441406e+00
7.247590065002441406e+00
7.247590065002441406e+00
7.247590065002441406e+00
7.247590065002441406e+00
7.247590065002441406e+00
7.231965065002441406e+00
7.247590065002441406e+00
7.231965065002441406e+00
7.247590065002441406e+00
7.247590065002441406e+00
7.247590065002441406e+00
7.247590065002441406e+00
7.247590065002441406e+00
7.247590065002441406e+00
7.231965065002441406e+00
7.231965065002441406e+00
7.247590065002441406e+00
7.247590065002441406e+00
7.247590065002441406e+00
7.247590065002441406e+00
7.247590065002441406e+00
7.247590065002441406e+00
7.247590065002441406e+00
7.247590065002441406e+00
7.247590065002441406e+00
7.247590065002441406e+00
7.247590065002441406e+00
7.247590065002441406e+00
7.247590065002441406e+00
7.216340065002441406e+00
7.247590065002441406e+00
7.247590065002441406e+00
7.247590065002441406e+00
7.247590065002441406e+00
7.231965065002441406e+00
7.247590065002441406e+00
7.247590065002441406e+00
7.247590065002441406e+00
7.247590065002441406e+00
7.231965065002441406e+00
7.247590065002441406e+00
7.247590065002441406e+00
7.247590065002441406e+00
7.247590065002441406e+00
7.247590065002441406e+00
7.247590065002441406e+00
7.247590065002441406e+00
7.247590065002441406e+00
7.247590065002441406e+00
7.247590065002441406e+00
7.247590065002441406e+00
7.247590065002441406e+00
7.247590065002441406e+00
7.231965065002441406e+00
7.247590065002441406e+00
7.247590065002441406e+00
7.247590065002441406e+00
7.247590065002441406e+00
7.247590065002441406e+00
7.247590065002441406e+00
7.247590065002441406e+00
7.231965065002441406e+00
7.247590065002441406e+00
7.247590065002441406e+00
7.247590065002441406e+00
7.247590065002441406e+00
7.247590065002441406e+00
7.247590065002441406e+00
7.247590065002441406e+00
7.247590065002441406e+00
7.231965065002441406e+00
7.247590065002441406e+00
7.247590065002441406e+00
7.231965065002441406e+00
7.247590065002441406e+00
7.247590065002441406e+00
7.247590065002441406e+00
7.247590065002441406e+00
7.247590065002441406e+00
7.247590065002441406e+00
7.231965065002441406e+00
7.247590065002441406e+00
7.247590065002441406e+00
7.216340065002441406e+00
7.231965065002441406e+00
7.247590065002441406e+00
7.247590065002441406e+00
7.247590065002441406e+00
7.247590065002441406e+00
7.216340065002441406e+00
7.247590065002441406e+00
7.247590065002441406e+00
7.247590065002441406e+00
7.247590065002441406e+00
7.247590065002441406e+00
7.247590065002441406e+00
7.247590065002441406e+00
7.247590065002441406e+00
7.247590065002441406e+00
7.247590065002441406e+00
7.247590065002441406e+00
7.247590065002441406e+00
7.247590065002441406e+00
7.247590065002441406e+00
7.247590065002441406e+00
7.231965065002441406e+00
7.247590065002441406e+00
7.231965065002441406e+00
7.247590065002441406e+00
7.231965065002441406e+00
7.247590065002441406e+00
7.247590065002441406e+00
7.247590065002441406e+00
7.247590065002441406e+00
7.247590065002441406e+00
7.247590065002441406e+00
7.247590065002441406e+00
7.231965065002441406e+00
7.247590065002441406e+00
7.231965065002441406e+00
7.247590065002441406e+00
7.247590065002441406e+00
7.247590065002441406e+00
7.247590065002441406e+00
7.247590065002441406e+00
7.247590065002441406e+00
7.247590065002441406e+00
7.247590065002441406e+00
7.247590065002441406e+00
7.247590065002441406e+00
7.247590065002441406e+00
7.247590065002441406e+00
7.247590065002441406e+00
7.247590065002441406e+00
7.247590065002441406e+00
7.247590065002441406e+00
7.247590065002441406e+00
7.247590065002441406e+00
7.247590065002441406e+00
7.247590065002441406e+00
7.247590065002441406e+00
7.247590065002441406e+00
7.247590065002441406e+00
7.231965065002441406e+00
7.247590065002441406e+00
7.247590065002441406e+00
7.247590065002441406e+00
7.247590065002441406e+00
7.247590065002441406e+00
7.247590065002441406e+00
7.247590065002441406e+00
7.247590065002441406e+00
7.247590065002441406e+00
7.247590065002441406e+00
7.231965065002441406e+00
7.247590065002441406e+00
7.231965065002441406e+00
7.247590065002441406e+00
7.247590065002441406e+00
7.247590065002441406e+00
7.231965065002441406e+00
7.247590065002441406e+00
7.247590065002441406e+00
7.247590065002441406e+00
7.247590065002441406e+00
7.247590065002441406e+00
7.247590065002441406e+00
7.247590065002441406e+00
7.247590065002441406e+00
7.231965065002441406e+00
7.231965065002441406e+00
7.247590065002441406e+00
7.247590065002441406e+00
7.247590065002441406e+00
7.247590065002441406e+00
7.247590065002441406e+00
7.247590065002441406e+00
7.247590065002441406e+00
7.247590065002441406e+00
7.247590065002441406e+00
7.247590065002441406e+00
7.247590065002441406e+00
7.247590065002441406e+00
7.231965065002441406e+00
7.247590065002441406e+00
7.247590065002441406e+00
7.247590065002441406e+00
7.231965065002441406e+00
7.247590065002441406e+00
7.247590065002441406e+00
7.247590065002441406e+00
7.247590065002441406e+00
7.247590065002441406e+00
7.247590065002441406e+00
7.231965065002441406e+00
7.247590065002441406e+00
7.247590065002441406e+00
7.247590065002441406e+00
7.247590065002441406e+00
7.247590065002441406e+00
7.247590065002441406e+00
7.247590065002441406e+00
7.247590065002441406e+00
7.247590065002441406e+00
7.231965065002441406e+00
7.247590065002441406e+00
7.247590065002441406e+00
7.247590065002441406e+00
7.247590065002441406e+00
7.247590065002441406e+00
7.247590065002441406e+00
7.231965065002441406e+00
7.247590065002441406e+00
7.231965065002441406e+00
7.247590065002441406e+00
7.247590065002441406e+00
7.247590065002441406e+00
7.247590065002441406e+00
7.231965065002441406e+00
7.247590065002441406e+00
7.247590065002441406e+00
7.216340065002441406e+00
7.247590065002441406e+00
7.247590065002441406e+00
7.247590065002441406e+00
7.247590065002441406e+00
7.247590065002441406e+00
7.247590065002441406e+00
7.247590065002441406e+00
7.247590065002441406e+00
7.231965065002441406e+00
7.231965065002441406e+00
7.247590065002441406e+00
7.247590065002441406e+00
7.247590065002441406e+00
7.247590065002441406e+00
7.247590065002441406e+00
7.247590065002441406e+00
7.247590065002441406e+00
7.231965065002441406e+00
7.247590065002441406e+00
7.247590065002441406e+00
7.247590065002441406e+00
7.247590065002441406e+00
7.247590065002441406e+00
7.247590065002441406e+00
7.231965065002441406e+00
7.247590065002441406e+00
7.247590065002441406e+00
7.247590065002441406e+00
7.231965065002441406e+00
7.247590065002441406e+00
7.247590065002441406e+00
7.247590065002441406e+00
7.247590065002441406e+00
7.247590065002441406e+00
7.247590065002441406e+00
7.231965065002441406e+00
7.247590065002441406e+00
7.247590065002441406e+00
7.247590065002441406e+00
7.247590065002441406e+00
7.247590065002441406e+00
7.247590065002441406e+00
7.247590065002441406e+00
7.247590065002441406e+00
7.247590065002441406e+00
7.247590065002441406e+00
7.247590065002441406e+00
7.247590065002441406e+00
7.231965065002441406e+00
7.247590065002441406e+00
7.247590065002441406e+00
7.247590065002441406e+00
7.231965065002441406e+00
7.247590065002441406e+00
7.247590065002441406e+00
7.247590065002441406e+00
7.231965065002441406e+00
7.247590065002441406e+00
7.247590065002441406e+00
7.247590065002441406e+00
7.231965065002441406e+00
7.247590065002441406e+00
7.247590065002441406e+00
7.247590065002441406e+00
7.247590065002441406e+00
7.247590065002441406e+00
7.247590065002441406e+00
7.247590065002441406e+00
7.247590065002441406e+00
7.247590065002441406e+00
7.247590065002441406e+00
7.247590065002441406e+00
7.247590065002441406e+00
7.247590065002441406e+00
7.216340065002441406e+00
7.247590065002441406e+00
7.247590065002441406e+00
7.247590065002441406e+00
7.247590065002441406e+00
7.247590065002441406e+00
7.247590065002441406e+00
7.247590065002441406e+00
7.231965065002441406e+00
7.247590065002441406e+00
7.247590065002441406e+00
7.247590065002441406e+00
7.247590065002441406e+00
7.247590065002441406e+00
7.247590065002441406e+00
7.247590065002441406e+00
7.247590065002441406e+00
7.247590065002441406e+00
7.247590065002441406e+00
7.247590065002441406e+00
7.247590065002441406e+00
7.247590065002441406e+00
7.216340065002441406e+00
7.231965065002441406e+00
7.247590065002441406e+00
7.247590065002441406e+00
7.247590065002441406e+00
7.247590065002441406e+00
7.247590065002441406e+00
7.247590065002441406e+00
7.247590065002441406e+00
7.247590065002441406e+00
7.231965065002441406e+00
7.247590065002441406e+00
7.231965065002441406e+00
7.247590065002441406e+00
7.247590065002441406e+00
7.231965065002441406e+00
7.247590065002441406e+00
7.231965065002441406e+00
7.247590065002441406e+00
7.231965065002441406e+00
7.247590065002441406e+00
7.247590065002441406e+00
7.247590065002441406e+00
7.247590065002441406e+00
7.247590065002441406e+00
7.247590065002441406e+00
7.247590065002441406e+00
7.247590065002441406e+00
7.231965065002441406e+00
7.247590065002441406e+00
7.247590065002441406e+00
7.247590065002441406e+00
7.247590065002441406e+00
7.247590065002441406e+00
7.247590065002441406e+00
7.247590065002441406e+00
7.247590065002441406e+00
7.247590065002441406e+00
7.247590065002441406e+00
7.247590065002441406e+00
7.247590065002441406e+00
7.247590065002441406e+00
7.231965065002441406e+00
7.247590065002441406e+00
7.231965065002441406e+00
7.247590065002441406e+00
7.231965065002441406e+00
7.247590065002441406e+00
7.247590065002441406e+00
7.247590065002441406e+00
7.247590065002441406e+00
7.247590065002441406e+00
7.247590065002441406e+00
7.247590065002441406e+00
7.247590065002441406e+00
7.247590065002441406e+00
7.231965065002441406e+00
7.247590065002441406e+00
7.247590065002441406e+00
7.247590065002441406e+00
7.247590065002441406e+00
7.247590065002441406e+00
7.247590065002441406e+00
7.247590065002441406e+00
7.247590065002441406e+00
7.247590065002441406e+00
7.247590065002441406e+00
7.247590065002441406e+00
7.247590065002441406e+00
7.247590065002441406e+00
7.247590065002441406e+00
7.247590065002441406e+00
7.247590065002441406e+00
7.247590065002441406e+00
7.231965065002441406e+00
7.247590065002441406e+00
7.247590065002441406e+00
7.247590065002441406e+00
7.247590065002441406e+00
7.247590065002441406e+00
7.247590065002441406e+00
7.216340065002441406e+00
7.231965065002441406e+00
7.247590065002441406e+00
7.247590065002441406e+00
7.247590065002441406e+00
7.247590065002441406e+00
7.247590065002441406e+00
7.247590065002441406e+00
7.247590065002441406e+00
7.247590065002441406e+00
7.247590065002441406e+00
7.247590065002441406e+00
7.231965065002441406e+00
7.231965065002441406e+00
7.247590065002441406e+00
7.247590065002441406e+00
7.247590065002441406e+00
7.247590065002441406e+00
7.247589588165283203e+00
7.247590065002441406e+00
7.247590065002441406e+00
7.247590065002441406e+00
7.231965065002441406e+00
7.247590065002441406e+00
7.247590065002441406e+00
7.247590065002441406e+00
7.247590065002441406e+00
7.247590065002441406e+00
7.247590065002441406e+00
7.247590065002441406e+00
7.247590065002441406e+00
7.247590065002441406e+00
7.216340065002441406e+00
7.247590065002441406e+00
7.247590065002441406e+00
7.247590065002441406e+00
7.247590065002441406e+00
7.231965065002441406e+00
7.247590065002441406e+00
7.247590065002441406e+00
7.247590065002441406e+00
7.247590065002441406e+00
7.247590065002441406e+00
7.247590065002441406e+00
7.247590065002441406e+00
7.247590065002441406e+00
7.247590065002441406e+00
7.247590065002441406e+00
7.247590065002441406e+00
7.247590065002441406e+00
7.247590065002441406e+00
7.247590065002441406e+00
7.247590065002441406e+00
7.247590065002441406e+00
7.231965065002441406e+00
7.247590065002441406e+00
7.247590065002441406e+00
7.247590065002441406e+00
7.247590065002441406e+00
7.247590065002441406e+00
7.247590065002441406e+00
7.247590065002441406e+00
7.247590065002441406e+00
7.247590065002441406e+00
7.247590065002441406e+00
7.247590065002441406e+00
7.247590065002441406e+00
7.247590065002441406e+00
7.247590065002441406e+00
7.247590065002441406e+00
7.216340065002441406e+00
7.231965065002441406e+00
7.247590065002441406e+00
7.247590065002441406e+00
7.231965065002441406e+00
7.247590065002441406e+00
7.247590065002441406e+00
7.231965065002441406e+00
7.247590065002441406e+00
7.247590065002441406e+00
7.247590065002441406e+00
7.247590065002441406e+00
7.247590065002441406e+00
7.231965065002441406e+00
7.247590065002441406e+00
7.247590065002441406e+00
7.247590065002441406e+00
7.216340065002441406e+00
7.231965065002441406e+00
7.247590065002441406e+00
7.247590065002441406e+00
7.247590065002441406e+00
7.247590065002441406e+00
7.231965065002441406e+00
7.247590065002441406e+00
7.231965065002441406e+00
7.247590065002441406e+00
7.247590065002441406e+00
7.247590065002441406e+00
7.247590065002441406e+00
7.247590065002441406e+00
7.247590065002441406e+00
7.247590065002441406e+00
7.247590065002441406e+00
7.247590065002441406e+00
7.247590065002441406e+00
7.247590065002441406e+00
7.247590065002441406e+00
7.247590065002441406e+00
7.247590065002441406e+00
7.247590065002441406e+00
7.247590065002441406e+00
7.247590065002441406e+00
7.247590065002441406e+00
7.247590065002441406e+00
7.247590065002441406e+00
7.247590065002441406e+00
7.247590065002441406e+00
7.247590065002441406e+00
7.247590065002441406e+00
7.247590065002441406e+00
7.247590065002441406e+00
7.247590065002441406e+00
7.247590065002441406e+00
7.247590065002441406e+00
7.247589588165283203e+00
7.231965065002441406e+00
7.247590065002441406e+00
7.247590065002441406e+00
7.247590065002441406e+00
7.247590065002441406e+00
7.247590065002441406e+00
7.247590065002441406e+00
7.247590065002441406e+00
7.247590065002441406e+00
7.247591018676757812e+00
7.247588634490966797e+00
7.247590065002441406e+00
7.231965065002441406e+00
7.247590065002441406e+00
7.247590065002441406e+00
7.231965065002441406e+00
7.247590065002441406e+00
7.231965065002441406e+00
