4.662487200000000000e+07
1.964737945600000000e+10
4.684322400000000000e+07
3.540450400000000000e+07
4.638132400000000000e+07
4.201094400000000000e+07
5.297503600000000000e+07
3.625182000000000000e+07
5.206731200000000000e+07
3.561040400000000000e+07
5.053416000000000000e+07
3.957436800000000000e+07
5.197806000000000000e+07
6.734124800000000000e+07
3.701794400000000000e+07
4.502847200000000000e+07
5.313080800000000000e+07
5.630564400000000000e+07
4.743103200000000000e+07
5.747867200000000000e+07
5.963225600000000000e+07
3.896994400000000000e+07
5.290557600000000000e+07
4.723510400000000000e+07
4.336036800000000000e+07
3.645812400000000000e+07
3.666248000000000000e+07
4.243816800000000000e+07
4.626835600000000000e+07
4.468582800000000000e+07
4.803647600000000000e+07
4.930682400000000000e+07
2.681526400000000000e+07
3.252093800000000000e+07
2.719908000000000000e+07
3.618664000000000000e+07
5.892884800000000000e+07
3.707116800000000000e+07
3.219462200000000000e+07
7.220219200000000000e+07
7.221242400000000000e+07
4.783641200000000000e+07
2.776632400000000000e+07
3.956504400000000000e+07
3.306459400000000000e+07
8.965073920000000000e+08
4.883742400000000000e+07
1.900277600000000000e+08
4.264720400000000000e+07
5.741210000000000000e+07
4.112081200000000000e+07
3.419722800000000000e+07
3.048543200000000000e+07
3.135062400000000000e+07
3.958638800000000000e+07
3.051659800000000000e+07
3.289803800000000000e+07
3.632168000000000000e+07
2.688598000000000000e+07
2.411451000000000000e+07
1.578779200000000000e+07
1.214502100000000000e+07
2.818063000000000000e+07
1.558169100000000000e+07
1.227596100000000000e+07
1.402815200000000000e+07
1.429603100000000000e+07
1.304812200000000000e+07
1.876617216000000000e+10
1.281623900000000000e+07
7.151252000000000000e+06
8.349507500000000000e+06
6.545732500000000000e+06
7.825501000000000000e+06
7.332493000000000000e+06
9.545342000000000000e+06
7.519055500000000000e+06
8.286855000000000000e+06
1.048754000000000000e+07
8.862295000000000000e+06
6.598135500000000000e+06
6.982084000000000000e+06
9.365545000000000000e+06
7.453812000000000000e+06
4.315454000000000000e+06
5.465670000000000000e+06
6.487446000000000000e+06
3.536551000000000000e+06
9.270574000000000000e+06
3.728277500000000000e+06
5.743961500000000000e+06
5.886657500000000000e+06
1.262829500000000000e+07
5.821364000000000000e+06
4.388854000000000000e+06
5.145259500000000000e+06
8.916054000000000000e+06
7.204829500000000000e+06
3.494408000000000000e+06
3.926995500000000000e+06
7.474360500000000000e+06
4.314949500000000000e+06
5.299218000000000000e+06
3.612412750000000000e+06
6.144234500000000000e+06
5.351390000000000000e+06
4.010527500000000000e+06
4.810373000000000000e+06
8.450116000000000000e+06
6.269682560000000000e+08
6.540868000000000000e+06
3.449697500000000000e+06
3.561250000000000000e+06
4.967585000000000000e+06
3.877104750000000000e+06
5.759133500000000000e+06
6.594762500000000000e+06
5.972444000000000000e+06
6.919099500000000000e+06
3.934362000000000000e+06
4.038801250000000000e+06
5.423553000000000000e+06
6.028688500000000000e+06
5.560176500000000000e+06
3.820873000000000000e+06
3.612360500000000000e+06
5.664920000000000000e+06
5.846678000000000000e+06
6.616453000000000000e+06
7.037299000000000000e+06
5.788926000000000000e+06
2.829391250000000000e+06
4.722315000000000000e+06
4.381327500000000000e+06
5.237671500000000000e+06
3.192401000000000000e+06
4.543999000000000000e+06
4.206971500000000000e+06
2.722695000000000000e+06
4.794668000000000000e+06
3.928376000000000000e+06
4.416926000000000000e+06
4.771684000000000000e+06
6.031815500000000000e+06
5.209151000000000000e+06
6.924932000000000000e+06
6.470882500000000000e+06
4.869946500000000000e+06
3.285412000000000000e+06
4.260583500000000000e+06
4.777600500000000000e+06
4.371852500000000000e+06
6.822239000000000000e+06
3.971337500000000000e+06
3.985844750000000000e+06
3.334431000000000000e+06
6.144227000000000000e+06
2.887354250000000000e+06
4.898775000000000000e+06
3.330422250000000000e+06
2.669312250000000000e+06
2.771398250000000000e+06
4.089882750000000000e+06
2.797012750000000000e+06
3.199577750000000000e+06
4.275071000000000000e+06
1.806486732800000000e+10
2.830215000000000000e+06
2.308484250000000000e+06
3.279267250000000000e+06
5.239692000000000000e+06
6.164248500000000000e+06
6.831370000000000000e+06
1.291767500000000000e+07
6.293395000000000000e+06
4.711720000000000000e+06
5.357335500000000000e+06
4.550511500000000000e+06
7.700457500000000000e+06
5.685077000000000000e+06
7.646029500000000000e+06
6.277886000000000000e+06
6.431818000000000000e+06
4.856148500000000000e+06
2.896359750000000000e+06
4.460724500000000000e+06
3.274661500000000000e+06
5.560628500000000000e+06
5.467750500000000000e+06
5.012999000000000000e+06
3.731558500000000000e+06
2.904014250000000000e+06
3.552277500000000000e+06
3.806784000000000000e+06
1.340358500000000000e+07
2.258457500000000000e+06
2.754701750000000000e+06
4.383953000000000000e+06
2.726309500000000000e+06
3.607055500000000000e+06
2.724490000000000000e+06
2.100896250000000000e+06
3.379653000000000000e+06
2.118114500000000000e+06
2.545586250000000000e+06
3.882773250000000000e+06
4.090578250000000000e+06
5.447419000000000000e+06
4.719444000000000000e+06
3.954206250000000000e+06
3.070506250000000000e+06
1.641437286400000000e+10
2.254215000000000000e+06
4.127526250000000000e+06
5.131166720000000000e+08
3.177506750000000000e+06
5.804168000000000000e+06
4.850838000000000000e+06
3.803487750000000000e+06
3.950447000000000000e+06
5.807778500000000000e+06
1.058448000000000000e+07
6.115995500000000000e+06
3.189851000000000000e+06
5.359709500000000000e+06
7.317093000000000000e+06
4.714212000000000000e+06
9.261760000000000000e+06
6.563100000000000000e+06
1.126791900000000000e+07
1.388410700000000000e+07
5.143305000000000000e+06
7.460094500000000000e+06
5.548528500000000000e+06
6.628440000000000000e+06
6.187995000000000000e+06
2.997927250000000000e+06
4.708797500000000000e+06
4.888509000000000000e+06
3.141564500000000000e+06
3.924303500000000000e+06
1.946985500000000000e+06
5.718524500000000000e+06
3.773350750000000000e+06
2.838832500000000000e+06
2.535107000000000000e+06
3.543716750000000000e+06
5.434572160000000000e+08
3.990038000000000000e+06
4.318279000000000000e+06
3.795787000000000000e+06
3.909360250000000000e+06
3.327296250000000000e+06
5.760675000000000000e+06
3.820234500000000000e+06
3.215380500000000000e+06
3.881928000000000000e+06
3.026870500000000000e+06
5.794334000000000000e+06
3.605782750000000000e+06
4.900760500000000000e+06
3.629609500000000000e+06
4.693444500000000000e+06
3.139134500000000000e+06
5.156136000000000000e+06
3.140715500000000000e+06
2.479918750000000000e+06
5.015867500000000000e+06
2.427627250000000000e+06
2.890924000000000000e+06
5.714009000000000000e+06
5.522193500000000000e+06
1.750714750000000000e+06
3.485111250000000000e+06
3.307132500000000000e+06
7.346142000000000000e+06
1.724008600000000000e+07
3.665605000000000000e+06
3.597436500000000000e+06
1.672938000000000000e+06
5.306720960000000000e+08
3.005204000000000000e+06
3.042265750000000000e+06
4.265568500000000000e+06
4.421035500000000000e+06
3.283064250000000000e+06
4.678326000000000000e+06
4.014577000000000000e+06
2.775028000000000000e+06
4.667107500000000000e+06
2.205399500000000000e+06
3.755824750000000000e+06
2.627342500000000000e+06
4.619353500000000000e+06
1.971455250000000000e+06
2.954395000000000000e+06
3.072968500000000000e+06
2.724778500000000000e+06
4.443097000000000000e+06
2.788328500000000000e+06
3.673654250000000000e+06
1.310555545600000000e+10
2.734472250000000000e+06
6.646762000000000000e+06
2.577544250000000000e+06
3.683525250000000000e+06
5.059598500000000000e+06
8.193929000000000000e+06
7.803301000000000000e+06
4.073207750000000000e+06
6.819914000000000000e+06
5.972677600000000000e+07
3.235148000000000000e+06
3.518700750000000000e+06
6.826732500000000000e+06
4.627120000000000000e+06
5.785853000000000000e+06
7.616672000000000000e+06
5.760264000000000000e+06
6.758940000000000000e+06
5.034964000000000000e+06
1.036507600000000000e+07
9.199854000000000000e+06
3.993005500000000000e+06
8.281710080000000000e+09
1.017902000000000000e+07
1.963574880000000000e+08
9.245064000000000000e+06
6.099532500000000000e+06
6.321257500000000000e+06
1.755986800000000000e+07
1.127792200000000000e+07
9.343959000000000000e+06
2.212912400000000000e+07
8.721139000000000000e+06
1.474076200000000000e+07
6.811725000000000000e+06
7.345824000000000000e+06
1.361253200000000000e+07
1.893515800000000000e+07
9.906810000000000000e+06
6.712296500000000000e+06
5.300387000000000000e+06
5.779508000000000000e+06
1.708448200000000000e+07
3.912723000000000000e+06
1.185820400000000000e+07
7.387057000000000000e+06
7.756153000000000000e+06
5.937473000000000000e+06
9.764037000000000000e+06
8.303210500000000000e+06
2.630994500000000000e+06
4.330492500000000000e+06
1.759752000000000000e+07
7.296158000000000000e+06
3.430191250000000000e+06
3.881116750000000000e+06
8.082004000000000000e+06
5.729165000000000000e+06
5.360748500000000000e+06
3.711749750000000000e+06
5.566833500000000000e+06
6.289878000000000000e+06
3.844870000000000000e+06
4.579952000000000000e+06
4.840572500000000000e+06
5.715308500000000000e+06
6.523911000000000000e+06
4.300099500000000000e+06
3.449299250000000000e+06
3.954882500000000000e+06
3.806146000000000000e+06
6.917421500000000000e+06
4.284889000000000000e+06
5.069465500000000000e+06
2.673642500000000000e+06
9.513957000000000000e+06
4.546014500000000000e+06
3.159047500000000000e+06
3.765937000000000000e+06
7.870356000000000000e+06
1.964335875000000000e+06
4.251598000000000000e+07
6.371463500000000000e+06
4.531945500000000000e+06
5.368538000000000000e+06
3.316517500000000000e+06
5.857105600000000000e+07
3.206167750000000000e+06
4.784833000000000000e+06
3.073989250000000000e+06
2.260970750000000000e+06
2.876802500000000000e+06
4.910110000000000000e+06
2.828347000000000000e+06
2.714891250000000000e+06
2.387497000000000000e+06
3.357330000000000000e+06
2.494901500000000000e+06
5.346883000000000000e+06
3.363324000000000000e+06
2.792830500000000000e+06
2.137368000000000000e+06
2.829979250000000000e+06
6.475214000000000000e+06
2.217727000000000000e+06
2.604815750000000000e+06
3.453472000000000000e+06
4.321932000000000000e+06
2.458824500000000000e+06
3.863801088000000000e+09
5.577197000000000000e+06
2.735103500000000000e+06
5.602819500000000000e+06
4.467965000000000000e+06
7.095475000000000000e+06
1.719038250000000000e+06
3.578551500000000000e+06
4.356633000000000000e+06
2.480715500000000000e+06
6.274693500000000000e+06
4.151662000000000000e+06
3.577338000000000000e+06
4.365989000000000000e+06
2.409248750000000000e+06
5.691319000000000000e+06
3.017306000000000000e+06
1.906514250000000000e+06
3.950245500000000000e+06
1.685608375000000000e+06
4.980087000000000000e+06
5.133457000000000000e+06
4.838207000000000000e+06
2.478887000000000000e+06
7.145695000000000000e+06
3.223583750000000000e+06
4.090822500000000000e+06
3.259328500000000000e+06
2.122100000000000000e+06
2.501444250000000000e+06
2.177172000000000000e+06
3.358626000000000000e+06
5.159544000000000000e+06
3.319180750000000000e+06
3.439575500000000000e+06
3.523598000000000000e+06
5.348902000000000000e+06
3.391145200000000000e+07
2.518289000000000000e+06
3.129998750000000000e+06
1.816234500000000000e+06
4.593679500000000000e+06
9.281434000000000000e+06
5.814492500000000000e+06
4.212099500000000000e+06
3.131836750000000000e+06
8.585553600000000000e+07
3.235551500000000000e+06
2.345306000000000000e+06
5.048268000000000000e+06
2.519924250000000000e+06
9.666643000000000000e+06
3.318210500000000000e+06
4.654356000000000000e+06
4.237962000000000000e+06
3.251021000000000000e+06
2.968874250000000000e+06
3.791727500000000000e+06
2.216961750000000000e+06
4.289724000000000000e+06
2.916571500000000000e+06
2.549356750000000000e+06
2.655342500000000000e+06
2.754823500000000000e+06
1.056787760000000000e+08
4.635408500000000000e+06
3.663502500000000000e+06
7.737525500000000000e+06
2.962300000000000000e+06
2.697090000000000000e+06
2.500514250000000000e+06
3.736598250000000000e+06
1.104565000000000000e+07
4.624162000000000000e+06
5.170308500000000000e+06
3.721518250000000000e+06
2.848892500000000000e+06
6.187328500000000000e+06
1.499321216000000000e+09
2.295772500000000000e+06
4.964999500000000000e+06
3.215392000000000000e+06
2.439512500000000000e+06
1.846086375000000000e+06
2.183549500000000000e+06
2.890074000000000000e+06
2.610858500000000000e+06
3.655677500000000000e+06
7.552018000000000000e+06
4.075185500000000000e+06
9.896503000000000000e+06
3.012839000000000000e+06
2.557745500000000000e+06
2.523779250000000000e+06
2.010552250000000000e+06
4.596862000000000000e+06
1.709010250000000000e+06
9.881026400000000000e+07
2.414683750000000000e+06
2.371735000000000000e+06
3.185253500000000000e+06
2.931526000000000000e+06
2.514373000000000000e+06
2.813502000000000000e+06
3.579443500000000000e+06
1.892043375000000000e+06
1.758545625000000000e+06
2.784558250000000000e+06
2.467716500000000000e+06
3.716393750000000000e+06
2.738348000000000000e+06
2.932001000000000000e+06
3.348812500000000000e+06
3.330629500000000000e+06
3.057899000000000000e+06
2.892715000000000000e+06
3.410544500000000000e+06
2.311764000000000000e+06
4.250991000000000000e+06
1.836060750000000000e+06
2.218558750000000000e+06
2.868620500000000000e+06
3.163301000000000000e+06
3.140599000000000000e+06
3.223229500000000000e+06
2.330831750000000000e+06
2.700088250000000000e+06
1.991868500000000000e+06
5.838936000000000000e+06
2.249075750000000000e+06
1.920155250000000000e+06
2.093227008000000000e+09
3.033628500000000000e+06
2.637050250000000000e+06
2.570893000000000000e+06
2.074041375000000000e+06
1.679427250000000000e+06
1.035847100000000000e+07
4.067117750000000000e+06
2.503541500000000000e+06
2.148735750000000000e+06
2.260492750000000000e+06
1.381626000000000000e+07
4.124394750000000000e+06
3.386356750000000000e+06
1.966663375000000000e+06
1.458350625000000000e+06
4.973395500000000000e+06
8.293491200000000000e+07
3.147147000000000000e+06
3.428419000000000000e+06
2.265878000000000000e+06
1.916453250000000000e+06
4.081388750000000000e+06
2.669759500000000000e+06
2.546673000000000000e+06
2.193957500000000000e+06
3.162030000000000000e+06
6.830830500000000000e+06
3.342197750000000000e+06
2.571783500000000000e+06
2.900263500000000000e+06
2.348842500000000000e+06
2.440985750000000000e+06
2.154160000000000000e+06
2.680898750000000000e+06
2.987221500000000000e+06
2.268534500000000000e+06
1.733188125000000000e+06
3.161782500000000000e+06
2.158945250000000000e+06
1.830664750000000000e+06
3.021074500000000000e+06
1.400725000000000000e+06
3.097287000000000000e+06
2.806277000000000000e+06
1.750863250000000000e+06
1.958944625000000000e+06
1.461442000000000000e+06
2.926313500000000000e+06
3.997659500000000000e+06
2.018875500000000000e+06
4.142331500000000000e+06
2.379769250000000000e+06
1.641462000000000000e+06
1.486850875000000000e+06
3.793154750000000000e+06
3.048251500000000000e+06
2.716757750000000000e+06
1.771422000000000000e+06
2.024949750000000000e+06
1.429746500000000000e+06
2.220128000000000000e+06
2.899516250000000000e+06
2.881620500000000000e+06
2.305845000000000000e+06
3.198298000000000000e+06
2.120274000000000000e+06
2.178314250000000000e+06
6.304319200000000000e+07
3.619635750000000000e+06
1.968149250000000000e+06
4.228879000000000000e+06
2.439224500000000000e+06
2.978556500000000000e+06
2.245190000000000000e+06
2.579573000000000000e+06
2.961768750000000000e+06
2.194897000000000000e+06
2.688472000000000000e+06
2.653279000000000000e+06
3.316436500000000000e+06
2.162512500000000000e+06
1.928340000000000000e+06
9.650650000000000000e+06
2.444230000000000000e+06
1.677887250000000000e+06
1.421383375000000000e+06
2.282775000000000000e+06
2.212307000000000000e+06
2.501287500000000000e+06
1.766106250000000000e+06
2.389343500000000000e+06
8.485246400000000000e+07
2.401747750000000000e+06
2.647889250000000000e+06
1.964112768000000000e+09
3.548567500000000000e+06
2.994482750000000000e+06
4.432566000000000000e+06
3.090333500000000000e+06
2.848312000000000000e+06
1.600238875000000000e+06
1.951933000000000000e+06
3.670541500000000000e+06
2.133356250000000000e+06
1.662519250000000000e+06
1.981758750000000000e+06
3.226454250000000000e+06
3.276699000000000000e+06
1.766084125000000000e+06
1.697374125000000000e+06
1.756079500000000000e+06
3.204390500000000000e+06
3.107160250000000000e+06
2.326794750000000000e+06
2.480500500000000000e+06
2.394631750000000000e+06
2.101177250000000000e+06
1.783783750000000000e+06
2.657169000000000000e+06
1.562443375000000000e+06
1.845745875000000000e+06
4.970709000000000000e+06
2.892779500000000000e+06
4.009522000000000000e+06
1.771934250000000000e+06
2.296923000000000000e+06
3.096305000000000000e+06
2.333116000000000000e+06
1.934010000000000000e+06
2.219661250000000000e+06
1.900330250000000000e+06
2.585275000000000000e+06
1.933050625000000000e+06
1.891726750000000000e+06
2.159646750000000000e+06
1.137279500000000000e+06
9.329320800000000000e+07
2.758348500000000000e+06
1.573295625000000000e+06
3.616871000000000000e+06
1.671935250000000000e+06
1.310666875000000000e+06
2.699929750000000000e+06
2.261675000000000000e+06
1.519355250000000000e+06
2.552807500000000000e+06
3.337320000000000000e+06
3.190483500000000000e+06
2.021116625000000000e+06
2.777366250000000000e+06
1.791183250000000000e+06
3.225938500000000000e+06
1.767188875000000000e+06
2.319496500000000000e+06
2.361534750000000000e+06
2.066776250000000000e+06
2.345991500000000000e+06
3.210353500000000000e+06
2.969330500000000000e+06
2.712612000000000000e+06
1.995418375000000000e+06
2.430793000000000000e+06
9.890706000000000000e+06
2.912631750000000000e+06
5.216823000000000000e+06
8.157761600000000000e+07
1.469556250000000000e+06
1.655687000000000000e+06
1.278243328000000000e+09
2.435987000000000000e+06
1.690851500000000000e+06
2.462667750000000000e+06
2.545371500000000000e+06
3.020471500000000000e+06
3.345918250000000000e+06
2.128071500000000000e+06
1.756748250000000000e+06
2.328491750000000000e+06
3.126886250000000000e+06
1.468251125000000000e+06
2.971395500000000000e+06
2.083219000000000000e+06
2.585824500000000000e+06
2.257816750000000000e+06
2.854041000000000000e+06
2.007909750000000000e+06
2.932573750000000000e+06
1.905789750000000000e+06
2.257413250000000000e+06
2.716466750000000000e+06
2.074088000000000000e+06
2.893073000000000000e+06
2.103749250000000000e+06
1.335241200000000000e+07
1.841559500000000000e+06
2.916976500000000000e+06
1.236717250000000000e+06
2.835348500000000000e+06
1.533231500000000000e+06
4.601954500000000000e+06
3.034589000000000000e+06
2.671309250000000000e+06
1.183425750000000000e+06
3.137474500000000000e+06
1.937775250000000000e+06
1.941244000000000000e+06
3.578655250000000000e+06
1.664278250000000000e+06
1.896870000000000000e+06
1.904631000000000000e+06
3.033859750000000000e+06
2.616439250000000000e+06
3.733059750000000000e+06
1.623713250000000000e+06
2.271633250000000000e+06
2.195179750000000000e+06
9.707339000000000000e+06
1.903321625000000000e+06
1.462283500000000000e+06
1.815122375000000000e+06
2.723694500000000000e+06
2.061600500000000000e+06
2.513577000000000000e+06
2.476488000000000000e+06
1.537023500000000000e+06
1.460201875000000000e+06
2.639514624000000000e+09
2.809278500000000000e+06
1.581956750000000000e+06
1.975446125000000000e+06
2.825102000000000000e+06
1.989212000000000000e+06
1.802229250000000000e+06
1.991229000000000000e+06
1.990658250000000000e+06
2.136882750000000000e+06
1.643291500000000000e+06
1.854436000000000000e+06
2.450005000000000000e+06
1.545299250000000000e+06
1.721210500000000000e+06
1.990309000000000000e+06
9.493635000000000000e+05
1.818070750000000000e+06
2.009726250000000000e+06
2.766642500000000000e+06
1.785107500000000000e+06
1.858045750000000000e+06
2.651162200000000000e+07
2.411023500000000000e+06
1.917430000000000000e+06
1.425916500000000000e+06
1.839744250000000000e+06
5.530444000000000000e+06
2.399688500000000000e+06
1.617430125000000000e+06
3.641281250000000000e+06
1.962297375000000000e+06
2.363749250000000000e+06
2.178921750000000000e+06
2.183516750000000000e+06
2.530795500000000000e+06
4.796482000000000000e+06
1.965699750000000000e+06
4.879194000000000000e+06
1.719964500000000000e+06
2.507272500000000000e+06
1.523978750000000000e+06
1.805823375000000000e+06
1.614265375000000000e+06
2.008893750000000000e+06
2.285442000000000000e+06
2.268412000000000000e+06
1.211343000000000000e+06
1.141560625000000000e+06
2.320775250000000000e+06
1.870114750000000000e+06
2.117971000000000000e+06
1.971004750000000000e+06
1.308813375000000000e+06
2.331111000000000000e+06
1.818608250000000000e+06
3.953997500000000000e+06
2.408967000000000000e+06
3.220047000000000000e+06
2.423679250000000000e+06
2.109118500000000000e+06
2.274853500000000000e+06
2.025204000000000000e+06
1.393303875000000000e+06
2.990860750000000000e+06
1.488242500000000000e+06
2.010434000000000000e+06
1.558273500000000000e+06
1.280187200000000000e+08
2.303011000000000000e+06
1.498480250000000000e+06
1.913951500000000000e+06
6.739934500000000000e+06
1.520432250000000000e+06
2.505726500000000000e+06
2.073604875000000000e+06
3.096097000000000000e+06
1.647585500000000000e+06
2.885065500000000000e+06
1.972924750000000000e+06
2.617879750000000000e+06
2.520716000000000000e+06
3.103578500000000000e+06
2.218435750000000000e+06
3.306533500000000000e+06
1.902036500000000000e+06
2.183424500000000000e+06
3.641665250000000000e+06
1.216726000000000000e+06
1.895671250000000000e+06
1.977516125000000000e+06
5.373151000000000000e+06
3.968037500000000000e+06
1.317484375000000000e+06
2.517667500000000000e+06
1.268222750000000000e+06
2.117165000000000000e+06
2.087136875000000000e+06
2.473882250000000000e+06
2.648516000000000000e+06
1.460864750000000000e+06
1.372619000000000000e+06
1.612238625000000000e+06
1.881595000000000000e+06
1.684874750000000000e+06
1.160763750000000000e+06
1.620894000000000000e+06
1.596911750000000000e+06
1.421845500000000000e+06
1.721040125000000000e+06
1.359178000000000000e+06
1.875948000000000000e+06
6.024362500000000000e+06
2.324573500000000000e+06
1.693543000000000000e+06
2.909405184000000000e+09
2.710088500000000000e+06
2.526249000000000000e+06
2.035580250000000000e+06
2.875750500000000000e+06
3.367769000000000000e+06
3.256442000000000000e+06
2.235847500000000000e+06
2.514749250000000000e+06
1.568483500000000000e+06
2.526401280000000000e+09
1.890437000000000000e+06
5.437895200000000000e+07
2.536670750000000000e+06
3.089759000000000000e+06
7.983819200000000000e+07
2.121305000000000000e+06
2.373498500000000000e+06
2.225465500000000000e+06
2.314569250000000000e+06
3.009849500000000000e+06
2.135092250000000000e+06
1.656887625000000000e+06
3.130284500000000000e+06
1.122557250000000000e+06
1.177482500000000000e+06
1.509400875000000000e+06
1.372747750000000000e+06
2.407595500000000000e+06
2.552878250000000000e+06
1.400725125000000000e+06
1.820820750000000000e+06
1.808627000000000000e+06
1.829398750000000000e+06
2.542654500000000000e+06
1.298606750000000000e+06
2.558306000000000000e+06
2.029652000000000000e+06
2.603461000000000000e+06
1.471689000000000000e+06
1.146703250000000000e+06
9.874470000000000000e+05
2.004445500000000000e+06
1.577767875000000000e+06
2.468704250000000000e+06
2.912077250000000000e+06
1.636576750000000000e+06
1.187924250000000000e+06
1.876899500000000000e+06
1.906304500000000000e+06
2.532802000000000000e+06
1.477463500000000000e+06
1.449861125000000000e+06
2.880004750000000000e+06
1.946417875000000000e+06
1.594607250000000000e+06
1.749923125000000000e+06
1.570421000000000000e+06
2.317299500000000000e+06
1.781150250000000000e+06
1.584044125000000000e+06
2.101179000000000000e+06
1.348224500000000000e+06
1.651771625000000000e+06
1.607676500000000000e+06
2.325367500000000000e+06
3.309127500000000000e+06
2.559308750000000000e+06
1.130817440000000000e+08
2.433030250000000000e+06
2.400616400000000000e+07
1.767302750000000000e+06
1.060517360000000000e+08
1.808442750000000000e+06
1.733743000000000000e+06
1.206656000000000000e+06
3.016138000000000000e+06
1.850283000000000000e+06
5.036620500000000000e+06
1.756722500000000000e+06
1.760086875000000000e+06
1.521227000000000000e+06
8.688297000000000000e+06
2.362520500000000000e+06
1.469399000000000000e+06
1.705545250000000000e+06
3.321829000000000000e+06
1.725279750000000000e+06
1.596789375000000000e+06
1.692231125000000000e+06
2.416074500000000000e+06
2.623057000000000000e+06
1.600152625000000000e+06
2.310246000000000000e+06
2.395684000000000000e+06
2.459190500000000000e+06
1.901472250000000000e+06
2.172429000000000000e+06
2.899804500000000000e+06
2.194704250000000000e+06
2.268722000000000000e+06
1.830583250000000000e+06
1.106648000000000000e+06
2.194752250000000000e+06
1.432384750000000000e+06
2.023045500000000000e+06
1.854649750000000000e+06
1.304916750000000000e+06
1.078602000000000000e+06
1.607311750000000000e+06
1.452725000000000000e+06
1.453713000000000000e+06
2.752101888000000000e+09
2.059352320000000000e+09
2.119336250000000000e+06
2.257349000000000000e+06
1.842103625000000000e+06
2.215933000000000000e+06
1.992555000000000000e+06
2.571860750000000000e+06
3.127993500000000000e+06
2.948195000000000000e+06
2.043038500000000000e+06
3.125281500000000000e+06
2.156619250000000000e+06
1.759595500000000000e+06
3.506785000000000000e+06
6.302857000000000000e+06
2.055944250000000000e+06
1.654579500000000000e+06
2.901569000000000000e+06
1.885769750000000000e+06
2.325147000000000000e+06
3.570525500000000000e+06
3.985578750000000000e+06
4.215409500000000000e+06
1.632261250000000000e+06
1.295821750000000000e+06
1.851045500000000000e+06
2.684793000000000000e+06
2.125106500000000000e+06
2.172659000000000000e+06
1.780074250000000000e+06
2.042912500000000000e+06
1.977556750000000000e+06
2.068100250000000000e+06
1.942852250000000000e+06
2.521850000000000000e+06
2.102851250000000000e+06
1.681491625000000000e+06
1.564091750000000000e+06
2.165973750000000000e+06
2.030304750000000000e+06
2.170463000000000000e+06
4.255887500000000000e+06
2.680100000000000000e+06
2.284997500000000000e+06
1.569023250000000000e+06
3.877705500000000000e+06
1.500916750000000000e+06
2.006366250000000000e+06
2.480544000000000000e+06
2.672202000000000000e+06
1.676517500000000000e+06
3.495202500000000000e+06
1.731765250000000000e+06
2.096443000000000000e+06
3.565024000000000000e+06
2.429301000000000000e+06
2.127720500000000000e+06
1.857427500000000000e+06
2.585834500000000000e+06
2.582172500000000000e+06
2.450842750000000000e+06
1.782825750000000000e+06
1.438119750000000000e+06
2.044231875000000000e+06
1.867136750000000000e+06
2.105545000000000000e+06
5.192396500000000000e+06
2.907921500000000000e+06
1.322462000000000000e+06
1.139033125000000000e+06
3.576758500000000000e+06
1.784354875000000000e+06
4.221738500000000000e+06
2.013729125000000000e+06
1.116338625000000000e+06
1.929040625000000000e+06
1.942919125000000000e+06
2.019930250000000000e+06
9.027160800000000000e+07
3.375414500000000000e+06
1.962944500000000000e+06
1.021225900000000000e+07
2.370273250000000000e+06
1.735992250000000000e+06
1.598111625000000000e+06
2.200096750000000000e+06
1.684147500000000000e+06
1.363539375000000000e+06
1.685078750000000000e+06
2.028478500000000000e+06
1.229244375000000000e+06
1.751980375000000000e+06
1.994416500000000000e+06
1.807986125000000000e+06
2.085573500000000000e+06
1.796694625000000000e+06
2.082723250000000000e+06
2.156086500000000000e+06
1.828407000000000000e+06
1.281455500000000000e+06
1.478346000000000000e+06
3.312815250000000000e+06
2.328839000000000000e+06
2.106570500000000000e+06
1.159037000000000000e+07
1.309922750000000000e+06
2.017951625000000000e+06
1.541830250000000000e+06
1.638658000000000000e+06
1.776431500000000000e+06
1.615264500000000000e+06
1.425882125000000000e+06
1.905331250000000000e+06
1.274648750000000000e+06
1.517438250000000000e+06
2.613435136000000000e+09
1.571747750000000000e+06
2.649008000000000000e+06
2.191704500000000000e+06
2.631474250000000000e+06
4.149661000000000000e+06
2.589505750000000000e+06
2.757040250000000000e+06
7.688051500000000000e+06
6.365401000000000000e+06
2.372189000000000000e+06
3.101785500000000000e+06
1.637895625000000000e+06
3.591402500000000000e+06
1.917803500000000000e+06
2.558869000000000000e+06
2.683164500000000000e+06
3.042129250000000000e+06
3.674986750000000000e+06
3.434068250000000000e+06
4.333812736000000000e+09
2.147989000000000000e+06
3.651949500000000000e+06
3.279413250000000000e+06
2.566496250000000000e+06
4.699344000000000000e+06
2.763241000000000000e+06
3.531375250000000000e+06
3.297536500000000000e+06
3.699767000000000000e+06
8.835863000000000000e+06
1.467319500000000000e+06
1.425487250000000000e+06
2.346175250000000000e+06
2.161048000000000000e+06
1.828790500000000000e+06
4.336384000000000000e+06
1.816032500000000000e+06
1.775914500000000000e+06
2.652073000000000000e+06
2.624342000000000000e+06
2.633470750000000000e+06
8.823756000000000000e+07
2.853888500000000000e+06
2.357306500000000000e+06
2.195883750000000000e+06
2.329417000000000000e+06
2.306741750000000000e+06
1.623213000000000000e+06
1.538380500000000000e+06
1.918907500000000000e+06
1.389696250000000000e+06
1.960820250000000000e+06
1.614000500000000000e+06
1.429468250000000000e+06
1.360807500000000000e+06
1.769120250000000000e+06
1.171261000000000000e+06
1.903233250000000000e+06
2.274602000000000000e+06
2.419831000000000000e+06
2.191596500000000000e+06
1.692850750000000000e+06
1.923815500000000000e+06
2.083585250000000000e+06
1.549083750000000000e+06
1.845348250000000000e+06
2.359505000000000000e+06
1.895005750000000000e+06
3.300235500000000000e+06
1.130823750000000000e+06
1.505639750000000000e+06
3.940374400000000000e+07
1.418803875000000000e+06
1.870495250000000000e+06
1.612656250000000000e+06
1.390402250000000000e+06
1.669892375000000000e+06
2.600756250000000000e+06
1.721860250000000000e+06
2.269422500000000000e+06
2.300147000000000000e+06
1.355585500000000000e+06
3.109413500000000000e+06
2.960429000000000000e+06
2.785254500000000000e+06
1.619035250000000000e+06
1.492269500000000000e+06
1.590630875000000000e+06
1.551101750000000000e+06
1.234742375000000000e+06
1.757892250000000000e+06
2.720062500000000000e+06
1.775314500000000000e+06
5.065456000000000000e+06
1.424111500000000000e+06
1.267215500000000000e+06
1.918889750000000000e+06
2.288477000000000000e+06
1.447149750000000000e+06
1.736478250000000000e+06
8.126028000000000000e+07
2.301455000000000000e+06
9.874556250000000000e+05
2.462757500000000000e+06
1.305330625000000000e+06
1.775412250000000000e+06
1.882848250000000000e+06
2.049418750000000000e+06
1.936589500000000000e+06
1.592358750000000000e+06
1.374571500000000000e+06
1.537872000000000000e+06
2.246166500000000000e+06
2.592977750000000000e+06
6.951909600000000000e+07
2.058866125000000000e+06
1.772706750000000000e+06
2.203497000000000000e+06
1.916211750000000000e+06
2.693041500000000000e+06
2.344105250000000000e+06
1.308281875000000000e+06
1.974848375000000000e+06
2.175172352000000000e+09
1.676396500000000000e+06
1.826134125000000000e+06
1.418734750000000000e+06
3.153054500000000000e+06
1.701708500000000000e+06
1.492629125000000000e+06
1.534132500000000000e+06
2.137349250000000000e+06
2.047605250000000000e+06
2.326122000000000000e+06
1.810212000000000000e+06
1.152928750000000000e+06
1.949670500000000000e+06
2.232537000000000000e+06
1.936956416000000000e+09
2.426607250000000000e+06
2.127353500000000000e+06
1.778948750000000000e+06
3.310348500000000000e+06
2.458296000000000000e+06
1.848208500000000000e+06
1.587822500000000000e+06
1.258626000000000000e+06
1.700097125000000000e+06
1.807082500000000000e+06
1.565036000000000000e+06
3.296333500000000000e+06
1.121428500000000000e+06
1.876255250000000000e+06
1.370685000000000000e+06
1.830130500000000000e+06
2.313961000000000000e+06
2.405912500000000000e+06
1.674530250000000000e+06
2.141269500000000000e+06
9.685109000000000000e+06
1.137591000000000000e+06
1.403342000000000000e+06
1.697048250000000000e+06
2.041402750000000000e+06
1.642279375000000000e+06
1.840003250000000000e+06
1.803288125000000000e+06
1.720664000000000000e+06
3.094270000000000000e+06
3.181513800000000000e+07
2.534033750000000000e+06
2.008036000000000000e+06
3.425968750000000000e+06
1.913600125000000000e+06
4.475798500000000000e+06
1.222497125000000000e+06
1.873403750000000000e+06
1.815424375000000000e+06
2.320976000000000000e+06
1.710518250000000000e+06
2.814491500000000000e+06
2.377234000000000000e+06
4.026423500000000000e+06
1.850091125000000000e+06
2.387877250000000000e+06
1.300895875000000000e+06
1.484025000000000000e+06
2.506061250000000000e+06
1.677424000000000000e+06
2.088877750000000000e+06
2.367905500000000000e+06
2.037638125000000000e+06
1.697496250000000000e+06
1.788735750000000000e+06
1.379651000000000000e+06
1.630994250000000000e+06
2.228266250000000000e+06
2.371482250000000000e+06
1.747157250000000000e+06
1.480196250000000000e+06
1.130416750000000000e+06
1.807408000000000000e+06
1.174327375000000000e+06
1.505820250000000000e+06
1.641861250000000000e+06
2.495118500000000000e+06
3.684046500000000000e+06
1.582271250000000000e+06
1.243640250000000000e+06
1.374883250000000000e+06
9.563488750000000000e+05
1.870848750000000000e+06
2.405034000000000000e+06
1.992881250000000000e+06
3.970955000000000000e+06
1.607294000000000000e+06
1.475560625000000000e+06
1.616526250000000000e+06
1.015193600000000000e+08
1.457120500000000000e+06
2.200147250000000000e+06
1.234708125000000000e+06
2.027684750000000000e+06
2.139856500000000000e+06
7.429836000000000000e+06
4.428375500000000000e+06
1.831580000000000000e+06
1.529733875000000000e+06
1.210826750000000000e+06
1.640486375000000000e+06
1.244493750000000000e+06
2.242065750000000000e+06
6.126251875000000000e+05
3.855087500000000000e+06
3.048643000000000000e+06
1.127910500000000000e+06
1.215611500000000000e+06
1.305454625000000000e+06
1.458510000000000000e+06
1.733367750000000000e+06
1.441657000000000000e+06
1.637145000000000000e+06
1.663057875000000000e+06
2.835834112000000000e+09
1.697087750000000000e+06
8.679182400000000000e+07
2.433424750000000000e+06
1.392886500000000000e+06
2.804028000000000000e+06
2.104900500000000000e+06
1.574767500000000000e+06
1.994634000000000000e+06
1.737138250000000000e+06
1.632952750000000000e+06
2.062240250000000000e+06
1.413508625000000000e+06
2.800912500000000000e+06
2.112914500000000000e+06
2.498057500000000000e+06
2.208024000000000000e+06
1.376904000000000000e+06
6.606928000000000000e+06
3.803660500000000000e+06
1.269537875000000000e+06
1.407088250000000000e+06
2.382795000000000000e+06
3.134738944000000000e+09
1.313040750000000000e+06
2.396813000000000000e+06
2.194968500000000000e+06
2.322633250000000000e+06
2.281998500000000000e+06
3.999546750000000000e+06
2.220192000000000000e+06
1.295708000000000000e+06
2.796940250000000000e+06
3.036515000000000000e+06
2.680219750000000000e+06
8.328426000000000000e+06
8.925728125000000000e+05
1.489325000000000000e+06
2.465248500000000000e+06
1.672244250000000000e+06
1.369714000000000000e+06
1.450230250000000000e+06
2.193065250000000000e+06
1.837879500000000000e+06
2.235799000000000000e+06
2.096740000000000000e+06
3.720469000000000000e+06
9.940111250000000000e+05
1.961056750000000000e+06
2.421823250000000000e+06
1.129461000000000000e+06
1.792196000000000000e+06
2.923227250000000000e+06
2.256716500000000000e+06
2.358107000000000000e+06
1.568661375000000000e+06
1.733140750000000000e+06
2.605828500000000000e+06
1.179301500000000000e+06
2.025177375000000000e+06
2.030399875000000000e+06
1.734082125000000000e+06
1.482988250000000000e+06
1.484954500000000000e+06
1.814693750000000000e+06
1.659866000000000000e+06
1.815466000000000000e+06
1.849469500000000000e+06
1.398643375000000000e+06
1.571416125000000000e+06
1.765565500000000000e+06
1.661339000000000000e+06
2.379798500000000000e+06
1.256370750000000000e+06
1.568267500000000000e+06
1.792750625000000000e+06
1.032856875000000000e+06
1.352793750000000000e+06
1.114986250000000000e+06
1.209216750000000000e+06
2.485245500000000000e+06
2.303534250000000000e+06
2.257218000000000000e+06
1.218854750000000000e+06
2.653563500000000000e+06
1.769522250000000000e+06
2.199981250000000000e+06
2.034928000000000000e+06
2.123648250000000000e+06
1.617724750000000000e+06
1.224380750000000000e+06
1.966400375000000000e+06
1.619507750000000000e+06
2.155849500000000000e+06
2.304940500000000000e+06
1.495603375000000000e+06
4.488251500000000000e+06
1.197572750000000000e+06
1.167632750000000000e+06
1.357147000000000000e+06
1.619158250000000000e+06
1.787674250000000000e+06
1.269235750000000000e+06
1.509649250000000000e+06
1.474880500000000000e+06
1.547198625000000000e+06
2.910039000000000000e+06
6.322676000000000000e+07
1.925837250000000000e+06
2.193454250000000000e+06
1.558517000000000000e+06
1.485346500000000000e+06
1.700242500000000000e+06
2.824549500000000000e+06
2.330511500000000000e+06
2.102866000000000000e+06
1.736549750000000000e+06
9.837837500000000000e+05
1.491193750000000000e+06
1.730503000000000000e+06
1.864435500000000000e+06
1.781681375000000000e+06
1.314533500000000000e+06
2.044741000000000000e+06
1.697002875000000000e+06
1.185620000000000000e+06
1.200255000000000000e+06
1.685929250000000000e+06
1.231216500000000000e+06
2.290430000000000000e+06
1.448739500000000000e+06
1.179648750000000000e+06
1.767371875000000000e+06
2.239199500000000000e+06
1.772025000000000000e+06
1.606887250000000000e+06
1.824612250000000000e+06
1.240276000000000000e+06
1.675553750000000000e+06
1.507842250000000000e+06
2.696890000000000000e+06
1.120368625000000000e+06
2.047252500000000000e+06
1.559238500000000000e+06
1.530121250000000000e+06
1.537484500000000000e+06
1.567726750000000000e+06
1.338413375000000000e+06
1.559021375000000000e+06
2.248479000000000000e+06
1.670047875000000000e+06
1.024110375000000000e+06
2.259414500000000000e+06
1.072988000000000000e+06
3.338141600000000000e+07
1.983853000000000000e+06
1.487228750000000000e+06
1.141964125000000000e+06
1.624859000000000000e+06
1.700977125000000000e+06
1.538502750000000000e+06
3.958034000000000000e+06
9.395511250000000000e+05
1.835668750000000000e+06
1.498900500000000000e+06
2.260515000000000000e+06
2.011723125000000000e+06
3.030833250000000000e+06
1.732718000000000000e+06
1.700777375000000000e+06
1.827554500000000000e+06
2.051918625000000000e+06
1.727839000000000000e+06
1.384427750000000000e+06
1.788456750000000000e+06
1.733285000000000000e+06
1.556193625000000000e+06
1.476678000000000000e+06
1.535683250000000000e+06
1.364792250000000000e+06
2.147361750000000000e+06
1.577464250000000000e+06
1.359736875000000000e+06
2.453786000000000000e+06
8.483195000000000000e+05
2.056250250000000000e+06
4.594442500000000000e+06
2.525443500000000000e+06
1.891845500000000000e+06
6.555715500000000000e+06
1.391041625000000000e+06
1.480217250000000000e+06
2.292747000000000000e+06
2.153622000000000000e+06
1.181610625000000000e+06
2.845480500000000000e+06
2.598207500000000000e+06
9.452771000000000000e+06
1.288798500000000000e+06
2.317616640000000000e+09
1.729638000000000000e+06
1.397562000000000000e+06
1.622612000000000000e+06
2.045092750000000000e+06
1.597314000000000000e+06
1.922611000000000000e+06
9.814583000000000000e+06
1.801622500000000000e+06
2.735589500000000000e+06
2.118367750000000000e+06
1.969449500000000000e+06
1.894208750000000000e+06
2.278194000000000000e+06
2.617349000000000000e+06
1.965410000000000000e+06
2.768865792000000000e+09
1.360676250000000000e+06
2.257427750000000000e+06
2.720846250000000000e+06
2.729975000000000000e+06
2.267933250000000000e+06
3.321903000000000000e+06
1.703212750000000000e+06
1.915556000000000000e+06
1.735987500000000000e+06
2.128619250000000000e+06
2.424919500000000000e+06
1.732507750000000000e+06
2.715585250000000000e+06
1.377221875000000000e+06
1.082581000000000000e+06
1.163866500000000000e+06
2.596851250000000000e+06
2.385841250000000000e+06
1.776295625000000000e+06
2.286135750000000000e+06
1.601494750000000000e+06
1.572768500000000000e+06
2.832890250000000000e+06
1.709443625000000000e+06
1.691590500000000000e+06
1.564261750000000000e+06
1.690858375000000000e+06
2.232296250000000000e+06
1.793979750000000000e+06
1.159734250000000000e+06
1.474077375000000000e+06
9.709074375000000000e+05
3.588827500000000000e+06
1.763676625000000000e+06
1.748452500000000000e+06
2.073701000000000000e+06
1.448629125000000000e+06
1.441184750000000000e+06
1.877812750000000000e+06
1.851546375000000000e+06
1.562934500000000000e+06
2.480118500000000000e+06
1.100802250000000000e+06
9.475011250000000000e+05
1.913986000000000000e+06
1.228441000000000000e+06
2.654535750000000000e+06
1.536511625000000000e+06
1.659960900000000000e+07
1.888875000000000000e+06
1.145679900000000000e+07
1.707317000000000000e+06
1.301796875000000000e+06
9.481692500000000000e+05
1.695300000000000000e+06
1.180355250000000000e+06
1.038783062500000000e+06
1.561558750000000000e+06
1.232206375000000000e+06
1.486868000000000000e+06
1.400215750000000000e+06
2.776629000000000000e+06
2.074080000000000000e+06
1.636448125000000000e+06
1.465651750000000000e+06
1.650445125000000000e+06
1.660254250000000000e+06
1.291172875000000000e+06
1.476697250000000000e+06
2.187464448000000000e+09
2.050949875000000000e+06
1.944892375000000000e+06
1.307494000000000000e+06
1.095095250000000000e+06
2.750285250000000000e+06
3.680516000000000000e+06
2.601146500000000000e+06
1.385742125000000000e+06
3.744106000000000000e+06
1.708785625000000000e+06
1.845988500000000000e+06
1.450475500000000000e+06
1.126741500000000000e+06
1.816771500000000000e+06
1.597398250000000000e+06
2.092666750000000000e+06
1.893905500000000000e+06
2.085868000000000000e+06
1.598780750000000000e+06
1.213469600000000000e+08
1.225652750000000000e+06
1.851267500000000000e+06
2.010469375000000000e+06
2.722827000000000000e+06
2.127836000000000000e+06
1.952837500000000000e+06
1.261042125000000000e+06
1.452469750000000000e+06
1.197249250000000000e+06
1.918560000000000000e+06
1.707592250000000000e+06
1.399661250000000000e+06
2.037337125000000000e+06
1.231630875000000000e+06
1.455500000000000000e+06
2.099660500000000000e+06
2.035583000000000000e+06
1.535554375000000000e+06
3.250950500000000000e+06
1.138873840000000000e+08
1.540481000000000000e+06
1.615001750000000000e+06
1.922439250000000000e+06
1.494121500000000000e+06
3.427677250000000000e+06
1.946833000000000000e+06
1.753190875000000000e+06
1.671258250000000000e+06
9.310771250000000000e+05
5.055468000000000000e+06
2.488810500000000000e+06
1.085445000000000000e+06
1.651691375000000000e+06
2.420382500000000000e+06
1.323913250000000000e+06
1.718718250000000000e+06
3.780780250000000000e+06
1.269469750000000000e+06
2.153875750000000000e+06
1.592009875000000000e+06
1.604057750000000000e+06
2.236299000000000000e+06
1.514837500000000000e+06
1.599513750000000000e+06
1.847926125000000000e+06
3.235905500000000000e+06
1.196430250000000000e+06
1.780210125000000000e+06
1.817145750000000000e+06
2.602865750000000000e+06
1.058199000000000000e+06
1.925128000000000000e+06
2.845484000000000000e+06
1.338870750000000000e+06
1.970038500000000000e+06
2.037798144000000000e+09
1.473141875000000000e+06
2.145573250000000000e+06
2.937916500000000000e+06
2.260674500000000000e+06
1.428251750000000000e+06
1.544882750000000000e+06
1.809126375000000000e+06
1.524778125000000000e+06
1.780993625000000000e+06
2.129596500000000000e+06
1.260890750000000000e+06
1.823122000000000000e+06
2.847958528000000000e+09
8.980510000000000000e+05
1.749366000000000000e+06
1.425485250000000000e+06
4.223097000000000000e+06
3.412423500000000000e+06
2.657988000000000000e+06
2.475611250000000000e+06
1.758325625000000000e+06
2.007568125000000000e+06
2.280931500000000000e+06
1.652351125000000000e+06
2.301072500000000000e+06
2.132168000000000000e+06
2.459523500000000000e+06
1.298248500000000000e+06
1.216400000000000000e+06
1.033557000000000000e+06
1.200126375000000000e+06
2.002355375000000000e+06
1.728857625000000000e+06
2.274289500000000000e+06
2.615308750000000000e+06
1.548209125000000000e+06
1.900233250000000000e+06
1.382486125000000000e+06
1.214566800000000000e+08
1.988976750000000000e+06
2.178748250000000000e+06
2.046290500000000000e+06
1.596717750000000000e+06
1.311207500000000000e+06
1.696922250000000000e+06
1.525825000000000000e+06
1.737584500000000000e+06
4.247530000000000000e+06
2.037334750000000000e+06
1.325344250000000000e+06
1.454053250000000000e+06
1.788690375000000000e+06
2.003676000000000000e+06
3.803872000000000000e+06
1.346925250000000000e+06
2.336260500000000000e+06
1.308831625000000000e+06
1.832777000000000000e+06
1.540851875000000000e+06
9.103263125000000000e+05
1.821243250000000000e+06
1.317291625000000000e+06
1.279069500000000000e+06
1.586866500000000000e+06
1.978944500000000000e+06
1.682306250000000000e+06
1.498690375000000000e+06
1.704847750000000000e+06
1.321507625000000000e+06
3.901444750000000000e+06
2.157434500000000000e+06
1.108045500000000000e+06
2.030713750000000000e+06
3.833147000000000000e+06
1.181743500000000000e+06
1.105757250000000000e+06
1.997650750000000000e+06
2.562514000000000000e+06
1.594659000000000000e+06
2.143591500000000000e+06
1.628824500000000000e+06
2.098561500000000000e+06
1.716416000000000000e+06
3.730027500000000000e+06
1.494497750000000000e+06
2.168933000000000000e+06
1.342759000000000000e+06
1.085988375000000000e+06
1.941780500000000000e+06
2.509140500000000000e+06
1.939701250000000000e+06
2.411256576000000000e+09
1.279023625000000000e+06
1.325602000000000000e+06
1.610681875000000000e+06
3.048829250000000000e+06
3.637229000000000000e+06
3.885850250000000000e+06
3.234461000000000000e+06
2.492776000000000000e+06
2.841702500000000000e+06
1.818596500000000000e+06
1.510370500000000000e+06
2.571060000000000000e+06
1.998818750000000000e+06
3.291283250000000000e+06
1.895476750000000000e+06
1.808427500000000000e+06
1.305051400000000000e+07
2.194695000000000000e+06
2.405839750000000000e+06
2.012627375000000000e+06
1.820671000000000000e+06
2.412263250000000000e+06
1.221049000000000000e+06
1.656805250000000000e+06
1.244185875000000000e+06
1.816778125000000000e+06
2.887614000000000000e+06
1.522087750000000000e+06
1.306239875000000000e+06
1.722658375000000000e+06
1.451782125000000000e+06
1.743236750000000000e+06
2.131959500000000000e+06
2.495106250000000000e+06
2.066957250000000000e+06
1.643037750000000000e+06
1.536410250000000000e+06
1.206981500000000000e+06
1.215274625000000000e+06
2.207006000000000000e+06
2.601825750000000000e+06
2.079947250000000000e+06
2.142498500000000000e+06
1.548627250000000000e+06
1.572844750000000000e+06
2.597949500000000000e+06
2.007225500000000000e+06
2.149603000000000000e+06
4.837131200000000000e+07
1.258852250000000000e+06
5.793700400000000000e+07
1.644881000000000000e+06
1.223873875000000000e+06
1.490378250000000000e+06
1.870903000000000000e+06
2.659789200000000000e+07
3.171894750000000000e+06
1.691495625000000000e+06
2.000909500000000000e+06
2.491113500000000000e+06
1.206815000000000000e+06
1.653340000000000000e+06
3.223377000000000000e+06
2.074559750000000000e+06
1.608982625000000000e+06
1.967451125000000000e+06
1.612692250000000000e+06
1.509206625000000000e+06
2.589215000000000000e+06
2.450941500000000000e+06
1.319925750000000000e+06
2.656473856000000000e+09
1.804291750000000000e+06
1.437291375000000000e+06
1.725910750000000000e+06
1.304505250000000000e+06
4.347942500000000000e+06
1.231547125000000000e+06
3.525008250000000000e+06
3.528955500000000000e+06
2.257729500000000000e+06
1.224035750000000000e+06
4.041823250000000000e+06
2.370935296000000000e+09
1.854839750000000000e+06
1.694263750000000000e+06
2.577950750000000000e+06
3.002578750000000000e+06
2.713459500000000000e+06
2.183050750000000000e+06
3.739330000000000000e+06
2.336216750000000000e+06
3.062561000000000000e+06
1.390169500000000000e+06
2.088458500000000000e+06
1.570850750000000000e+06
1.559343250000000000e+06
1.467227750000000000e+06
2.305113500000000000e+06
1.468270250000000000e+06
2.190486500000000000e+06
1.376190625000000000e+06
1.768264500000000000e+06
1.784958500000000000e+06
3.513499250000000000e+06
2.527878750000000000e+06
2.058401750000000000e+06
1.645481000000000000e+06
1.934279000000000000e+06
2.420763500000000000e+06
2.329168250000000000e+06
2.890329250000000000e+06
1.742320750000000000e+06
1.494538500000000000e+06
1.133330500000000000e+06
2.021235750000000000e+06
1.803969500000000000e+06
1.488396500000000000e+06
1.763256500000000000e+06
2.205706000000000000e+06
1.767279750000000000e+06
1.183260125000000000e+06
1.296433500000000000e+06
6.470851200000000000e+07
1.335872500000000000e+06
1.609419500000000000e+06
1.431337500000000000e+06
1.918559375000000000e+06
1.558425625000000000e+06
1.513798750000000000e+06
1.622070250000000000e+06
1.753431750000000000e+06
1.641863000000000000e+06
1.032890750000000000e+06
1.470451625000000000e+06
1.956552500000000000e+06
1.271827375000000000e+06
5.601784500000000000e+06
2.086843250000000000e+06
1.624623250000000000e+06
3.940864750000000000e+06
1.423003000000000000e+06
1.480271250000000000e+06
1.992704250000000000e+06
2.183530750000000000e+06
2.218264500000000000e+06
1.236863500000000000e+06
1.707219125000000000e+06
2.989872000000000000e+06
1.968396750000000000e+06
1.495340125000000000e+06
1.432581500000000000e+06
2.096339000000000000e+06
1.884575750000000000e+06
2.037152750000000000e+06
2.285636250000000000e+06
2.279437500000000000e+06
1.859074125000000000e+06
1.807914625000000000e+06
1.721556125000000000e+06
1.348351500000000000e+06
2.595653000000000000e+06
1.377900000000000000e+06
1.759764250000000000e+06
1.340672750000000000e+06
1.005481000000000000e+07
2.481701000000000000e+06
1.160457250000000000e+06
1.845645000000000000e+06
1.792791000000000000e+06
1.404553500000000000e+06
8.110912500000000000e+05
7.288440800000000000e+07
2.052269750000000000e+06
1.129442750000000000e+06
1.729073375000000000e+06
2.644049500000000000e+06
1.688561000000000000e+06
1.619753625000000000e+06
2.136128000000000000e+06
2.996986500000000000e+06
1.687770750000000000e+06
1.670199625000000000e+06
1.555025875000000000e+06
1.234630500000000000e+06
1.253080250000000000e+06
1.411183125000000000e+06
1.342471750000000000e+06
1.329167625000000000e+06
1.773486250000000000e+06
1.448975500000000000e+06
1.515786500000000000e+06
1.644757000000000000e+06
1.181695000000000000e+06
1.221377750000000000e+06
1.947612750000000000e+06
1.509633500000000000e+06
1.584054250000000000e+06
1.605393500000000000e+06
1.049901500000000000e+06
1.104567750000000000e+06
2.566353000000000000e+06
1.994517500000000000e+06
1.155390250000000000e+06
1.403536375000000000e+06
2.961500500000000000e+06
2.210099250000000000e+06
1.192973750000000000e+06
1.282053750000000000e+06
1.377418000000000000e+06
1.685589500000000000e+06
7.873628800000000000e+07
2.091112125000000000e+06
1.707146000000000000e+06
1.431426000000000000e+06
3.066378500000000000e+06
1.982004750000000000e+06
2.199640500000000000e+06
1.494874000000000000e+06
2.126150000000000000e+06
1.280622625000000000e+06
1.446052750000000000e+06
1.045012300000000000e+07
1.389190750000000000e+06
1.821436875000000000e+06
1.915681000000000000e+06
1.636699500000000000e+06
1.400876875000000000e+06
7.762583200000000000e+07
1.236299250000000000e+06
2.639375000000000000e+06
1.807709000000000000e+06
1.047033312500000000e+06
1.197995008000000000e+09
1.486350375000000000e+06
1.298951250000000000e+06
2.284880500000000000e+06
2.328723000000000000e+06
3.148097000000000000e+06
1.368860125000000000e+06
1.521438750000000000e+06
1.525290250000000000e+06
1.553480000000000000e+06
1.211424750000000000e+06
1.594847250000000000e+06
1.631873250000000000e+06
1.712979500000000000e+06
1.870528750000000000e+06
1.410756500000000000e+06
1.963128500000000000e+06
1.960609750000000000e+06
7.684365625000000000e+05
1.843758125000000000e+06
2.546407500000000000e+06
1.480083875000000000e+06
1.640445250000000000e+06
1.315170000000000000e+06
1.588009000000000000e+06
1.981191000000000000e+06
1.329340500000000000e+06
1.790501125000000000e+06
1.647270875000000000e+06
1.933368750000000000e+06
1.510226750000000000e+06
1.213094875000000000e+06
9.952660000000000000e+06
2.457286500000000000e+06
4.195502500000000000e+06
1.618598000000000000e+06
1.926810625000000000e+06
1.522648750000000000e+06
2.012626500000000000e+06
1.571132500000000000e+06
2.051868750000000000e+06
2.354423000000000000e+06
1.401885250000000000e+06
1.482802875000000000e+06
1.379018500000000000e+06
1.076758125000000000e+06
1.047784250000000000e+06
1.682259250000000000e+06
1.435391125000000000e+06
1.539340750000000000e+06
1.566423250000000000e+06
1.751406750000000000e+06
2.133105500000000000e+06
1.354849750000000000e+06
1.475656250000000000e+06
2.248730750000000000e+06
2.010097125000000000e+06
1.794260250000000000e+06
1.668769500000000000e+06
1.583270250000000000e+06
5.013580000000000000e+06
1.103654500000000000e+06
2.121646500000000000e+06
1.490736750000000000e+06
1.274203500000000000e+06
1.549779000000000000e+06
1.142328250000000000e+06
2.152051500000000000e+06
1.788588375000000000e+06
1.779420000000000000e+06
1.719433500000000000e+06
1.050532625000000000e+06
2.074816125000000000e+06
1.118965504000000000e+09
1.948791875000000000e+06
1.864522125000000000e+06
1.637737250000000000e+06
1.660142250000000000e+06
1.697469750000000000e+06
1.591619000000000000e+06
1.425935500000000000e+06
1.794039250000000000e+06
1.338041875000000000e+06
2.335312750000000000e+06
1.013870375000000000e+06
1.390843250000000000e+06
1.502842500000000000e+06
4.199983000000000000e+06
1.106161500000000000e+06
1.799172250000000000e+06
1.456711000000000000e+06
1.850074500000000000e+06
1.863288875000000000e+06
1.367102500000000000e+06
1.199275875000000000e+06
1.607704625000000000e+06
2.149369000000000000e+06
9.740671875000000000e+05
1.340288125000000000e+06
9.758821250000000000e+05
1.466917500000000000e+06
2.175376750000000000e+06
2.192962000000000000e+06
1.822832750000000000e+06
1.365534000000000000e+06
1.429815750000000000e+06
1.703962000000000000e+06
2.129121500000000000e+06
1.523970500000000000e+06
1.288419000000000000e+06
1.065896750000000000e+06
1.616307500000000000e+06
8.128727500000000000e+06
1.253517250000000000e+06
2.045462000000000000e+06
2.036292250000000000e+06
1.080224750000000000e+06
1.470079750000000000e+06
1.297889625000000000e+06
9.930000000000000000e+05
1.130415750000000000e+06
1.534551375000000000e+06
1.195723125000000000e+06
1.917549125000000000e+06
2.076565250000000000e+06
1.117206750000000000e+06
1.513025500000000000e+06
2.175401216000000000e+09
1.408460000000000000e+06
2.553438000000000000e+06
1.332393750000000000e+06
1.669936250000000000e+06
2.499827250000000000e+06
1.412951000000000000e+06
2.769051000000000000e+06
2.059946250000000000e+06
3.900853250000000000e+06
1.730040500000000000e+06
1.445815125000000000e+06
7.797889600000000000e+07
2.391297500000000000e+06
1.530243750000000000e+06
1.792101250000000000e+06
1.515094500000000000e+06
2.312982272000000000e+09
1.473762750000000000e+06
1.867294625000000000e+06
2.083929875000000000e+06
1.665759125000000000e+06
2.288691000000000000e+06
1.371988625000000000e+06
1.436246625000000000e+06
2.245188500000000000e+06
1.268459500000000000e+06
2.412562250000000000e+06
1.545138875000000000e+06
2.826800000000000000e+06
1.114737000000000000e+06
1.364833500000000000e+06
2.507483000000000000e+06
1.715782750000000000e+06
1.427030875000000000e+06
1.826048875000000000e+06
1.869216250000000000e+06
1.643337500000000000e+06
1.491939500000000000e+06
1.343167375000000000e+06
1.548381125000000000e+06
1.763134250000000000e+06
1.599825000000000000e+06
1.444171000000000000e+06
1.648077500000000000e+06
4.987067600000000000e+07
1.829029375000000000e+06
1.490624250000000000e+06
1.347236250000000000e+06
1.097443000000000000e+07
1.569467250000000000e+06
1.405443750000000000e+06
1.676021000000000000e+06
1.229453625000000000e+06
1.245413250000000000e+06
3.447521250000000000e+06
1.597566500000000000e+06
1.367429750000000000e+06
1.288264875000000000e+06
1.063620250000000000e+06
2.103876000000000000e+06
1.726872500000000000e+06
9.541848750000000000e+05
2.012302750000000000e+06
1.153561500000000000e+06
2.076695625000000000e+06
2.704941000000000000e+06
1.337261750000000000e+06
1.468621250000000000e+06
1.343640750000000000e+06
1.636576500000000000e+06
1.374238875000000000e+06
1.095433250000000000e+06
1.098544250000000000e+06
2.758460750000000000e+06
1.165699250000000000e+06
2.180059250000000000e+06
1.937876000000000000e+06
1.310903750000000000e+06
1.955121500000000000e+06
1.081188750000000000e+06
7.089554375000000000e+05
1.912720250000000000e+06
1.744081000000000000e+06
1.306391000000000000e+06
1.741420000000000000e+06
1.527695500000000000e+06
1.103445500000000000e+06
1.608851250000000000e+06
1.510933000000000000e+06
9.038441875000000000e+05
1.509188000000000000e+06
1.493202625000000000e+06
1.311669250000000000e+06
1.523392500000000000e+06
2.148492750000000000e+06
2.048681750000000000e+06
2.129460500000000000e+06
1.257680125000000000e+06
2.921457000000000000e+06
2.031223375000000000e+06
1.503553500000000000e+06
1.017399187500000000e+06
1.276932125000000000e+06
1.786367750000000000e+06
1.628020250000000000e+06
1.344936000000000000e+06
2.273795500000000000e+06
1.442201125000000000e+06
9.741497500000000000e+05
1.543773875000000000e+06
2.066736250000000000e+06
1.549012625000000000e+06
1.528865375000000000e+06
1.727342500000000000e+06
1.365674750000000000e+06
1.937350000000000000e+06
2.371912192000000000e+09
1.463335500000000000e+06
2.180543500000000000e+06
1.480856125000000000e+06
1.838026875000000000e+06
1.178693500000000000e+06
1.850815375000000000e+06
1.571471625000000000e+06
1.067380750000000000e+06
1.588260750000000000e+06
2.369119250000000000e+06
1.009192937500000000e+06
2.062326000000000000e+06
1.144319000000000000e+06
1.521972750000000000e+06
2.907274750000000000e+06
3.056876500000000000e+06
1.501145250000000000e+06
1.175924500000000000e+06
1.818996750000000000e+06
1.634855250000000000e+06
3.152942000000000000e+06
1.470433625000000000e+06
1.855855000000000000e+06
1.523880500000000000e+06
1.603618750000000000e+06
1.776548875000000000e+06
7.611483750000000000e+05
1.043078812500000000e+06
1.189826625000000000e+06
8.599136800000000000e+07
1.894386000000000000e+06
1.725156000000000000e+06
1.105444875000000000e+06
1.487675000000000000e+06
1.852692736000000000e+09
1.745075250000000000e+06
1.563172875000000000e+06
2.125711500000000000e+06
1.207127250000000000e+06
2.471543250000000000e+06
2.117236500000000000e+06
2.316544500000000000e+06
2.743048500000000000e+06
1.563148000000000000e+06
2.437721500000000000e+06
1.975991875000000000e+06
2.632154750000000000e+06
3.040086000000000000e+06
9.285098125000000000e+05
3.100648250000000000e+06
2.228135500000000000e+06
2.464456750000000000e+06
1.671815750000000000e+06
2.346678250000000000e+06
1.161408500000000000e+07
1.703382125000000000e+06
2.253637000000000000e+06
8.616076250000000000e+05
2.877146500000000000e+06
1.716390125000000000e+06
1.280357700000000000e+07
2.348009500000000000e+06
2.116435750000000000e+06
1.442215250000000000e+06
1.490839250000000000e+06
2.220153000000000000e+07
2.370062250000000000e+06
1.274863750000000000e+06
1.066430250000000000e+06
2.045126375000000000e+06
8.627075000000000000e+05
1.731962375000000000e+06
1.240561250000000000e+06
1.738617500000000000e+06
1.548859000000000000e+06
1.244626750000000000e+06
1.886477750000000000e+06
1.060594400000000000e+08
3.586242750000000000e+06
1.770387750000000000e+06
1.494345750000000000e+06
1.090465875000000000e+06
2.082491625000000000e+06
1.356063500000000000e+06
1.569250000000000000e+06
1.515732000000000000e+06
1.430509500000000000e+06
1.287173250000000000e+06
2.597285500000000000e+06
7.688561875000000000e+05
1.714822750000000000e+06
8.923633750000000000e+05
1.484000625000000000e+06
1.831432375000000000e+06
1.883692250000000000e+06
1.347663500000000000e+06
1.435018750000000000e+06
1.319192625000000000e+06
1.442764750000000000e+06
1.619370000000000000e+06
1.498485500000000000e+06
1.744124125000000000e+06
1.603765750000000000e+06
1.658714250000000000e+06
1.478427750000000000e+06
1.894647625000000000e+06
1.494921375000000000e+06
7.347036000000000000e+07
1.704058750000000000e+06
1.861749750000000000e+06
1.406714000000000000e+06
1.245686750000000000e+06
1.364556000000000000e+06
1.598646250000000000e+06
1.340257000000000000e+06
1.626535250000000000e+06
1.747689750000000000e+06
1.252765000000000000e+06
2.655943936000000000e+09
1.309520750000000000e+06
1.179547500000000000e+06
1.215964125000000000e+06
1.799801250000000000e+06
4.530536500000000000e+06
2.091059250000000000e+06
2.866257500000000000e+06
2.186603250000000000e+06
1.796116625000000000e+06
1.299400375000000000e+06
1.639017750000000000e+06
1.545184875000000000e+06
2.049172125000000000e+06
1.476149750000000000e+06
2.106407250000000000e+06
2.627567500000000000e+06
3.894340000000000000e+06
1.377958500000000000e+06
2.151499500000000000e+06
2.155871750000000000e+06
1.255374250000000000e+06
1.515361875000000000e+06
4.373444500000000000e+06
1.316697375000000000e+06
2.364137000000000000e+06
2.015503625000000000e+06
1.235217375000000000e+06
3.498743000000000000e+06
2.514633000000000000e+06
1.891747375000000000e+06
1.760607750000000000e+06
2.245155250000000000e+06
2.129794000000000000e+06
2.451074250000000000e+06
1.172278875000000000e+06
1.367214375000000000e+06
4.018730500000000000e+06
1.760713750000000000e+06
3.671277250000000000e+06
1.747139500000000000e+06
1.597624250000000000e+06
1.950636500000000000e+06
2.258940500000000000e+06
2.020384750000000000e+06
1.181230000000000000e+06
1.068263375000000000e+06
2.068242750000000000e+06
1.501967750000000000e+06
9.857756250000000000e+05
2.344847500000000000e+06
1.318158125000000000e+06
1.362735000000000000e+06
2.124207000000000000e+06
1.303834625000000000e+06
1.277555250000000000e+06
1.473945500000000000e+06
4.140087000000000000e+06
4.132497500000000000e+06
1.850433625000000000e+06
1.856794875000000000e+06
1.180274500000000000e+06
1.200172250000000000e+06
4.717570500000000000e+06
4.257173504000000000e+09
1.940575625000000000e+06
1.814867500000000000e+06
2.898373000000000000e+06
2.191749000000000000e+06
2.949760000000000000e+06
3.560137500000000000e+06
4.247259000000000000e+06
7.670958400000000000e+07
3.265098500000000000e+06
2.922964000000000000e+06
2.014744000000000000e+06
1.571044875000000000e+06
1.795674250000000000e+06
2.334376750000000000e+06
2.344377500000000000e+06
3.216628000000000000e+06
1.883839250000000000e+06
1.898460250000000000e+06
1.843411000000000000e+06
4.381973000000000000e+06
2.196760000000000000e+06
1.517388250000000000e+06
1.910440250000000000e+06
2.174485000000000000e+06
1.412353500000000000e+06
2.670601000000000000e+06
2.448881000000000000e+06
1.262251750000000000e+06
3.530110000000000000e+06
2.058645250000000000e+06
1.906184500000000000e+06
1.283709500000000000e+06
1.910972750000000000e+06
1.348914875000000000e+06
2.082677625000000000e+06
1.693954750000000000e+06
2.260161500000000000e+06
1.387411000000000000e+06
1.275457000000000000e+06
2.049303000000000000e+06
1.052329200000000000e+07
1.714047125000000000e+06
1.652878500000000000e+06
1.669094250000000000e+06
1.851834750000000000e+06
2.101972500000000000e+06
1.735196000000000000e+06
1.514826250000000000e+06
2.019065500000000000e+06
1.946287500000000000e+06
1.426962250000000000e+06
1.912703750000000000e+06
1.213658250000000000e+06
2.003812125000000000e+06
1.627948250000000000e+06
1.107616750000000000e+06
1.368782750000000000e+06
1.206781125000000000e+06
1.743383250000000000e+06
8.222004375000000000e+05
8.336063750000000000e+05
8.493937500000000000e+05
1.186025875000000000e+06
1.961508500000000000e+06
1.159416875000000000e+06
2.174271500000000000e+06
1.891097500000000000e+06
1.846005500000000000e+06
1.336467750000000000e+06
1.550135500000000000e+06
1.266693625000000000e+06
1.513560125000000000e+06
1.165143875000000000e+06
1.462916000000000000e+06
1.625357250000000000e+06
1.432826000000000000e+06
1.583115375000000000e+06
1.884891250000000000e+06
1.460087625000000000e+06
1.800394750000000000e+06
1.969411500000000000e+06
1.494269375000000000e+06
1.593814656000000000e+09
1.301332250000000000e+06
1.671678750000000000e+06
1.353540000000000000e+06
9.723840000000000000e+05
1.451617750000000000e+06
1.886424375000000000e+06
2.081074500000000000e+06
2.292098750000000000e+06
2.208086000000000000e+06
1.126355375000000000e+06
1.080551625000000000e+06
1.361287000000000000e+06
2.255165500000000000e+06
1.374767000000000000e+06
1.313666125000000000e+06
2.463045750000000000e+06
1.809551000000000000e+06
1.260113000000000000e+06
1.850680625000000000e+06
2.175974250000000000e+06
1.856834000000000000e+06
1.444081250000000000e+06
1.287130750000000000e+06
1.923214000000000000e+06
1.154853125000000000e+06
2.244901000000000000e+06
1.152809250000000000e+06
1.751311000000000000e+06
1.076559500000000000e+06
3.191816250000000000e+06
1.406664750000000000e+06
1.128051000000000000e+06
3.001637000000000000e+06
1.370836750000000000e+06
2.020120250000000000e+06
1.582289125000000000e+06
1.738807000000000000e+06
1.210653500000000000e+06
1.717842250000000000e+06
2.038749000000000000e+06
1.379739125000000000e+06
1.851079750000000000e+06
1.470335750000000000e+06
2.215875500000000000e+06
1.301939500000000000e+06
1.500764125000000000e+06
9.335006875000000000e+05
2.331445000000000000e+06
1.420781000000000000e+06
1.350253000000000000e+06
9.423072500000000000e+05
2.372520500000000000e+06
1.648910750000000000e+06
1.376650250000000000e+06
1.582821250000000000e+06
1.893757250000000000e+06
1.651316125000000000e+06
1.688619500000000000e+06
8.716272000000000000e+07
1.707819875000000000e+06
9.543270400000000000e+07
4.138867500000000000e+06
1.769663500000000000e+06
1.678667250000000000e+06
1.342923250000000000e+06
1.636941500000000000e+06
1.604797250000000000e+06
1.973957750000000000e+06
1.772680750000000000e+06
2.209903500000000000e+06
1.852190125000000000e+06
1.039329125000000000e+06
1.187586750000000000e+06
1.092853250000000000e+06
1.061822000000000000e+06
1.510085000000000000e+06
2.583398500000000000e+06
1.748899375000000000e+06
2.085966250000000000e+06
1.333270500000000000e+06
2.221266000000000000e+06
1.292446375000000000e+06
1.131431500000000000e+06
1.566518000000000000e+06
1.418895000000000000e+06
1.469431625000000000e+06
2.267167500000000000e+06
1.640617000000000000e+06
1.670671100000000000e+07
1.714981500000000000e+06
3.056327250000000000e+06
2.830913750000000000e+06
1.575538500000000000e+06
2.210179000000000000e+06
1.215262500000000000e+06
1.517063250000000000e+06
2.927038000000000000e+06
1.479967250000000000e+06
2.811488256000000000e+09
1.202861750000000000e+06
1.714307250000000000e+06
1.575427250000000000e+06
2.489659750000000000e+06
2.607779750000000000e+06
2.808814750000000000e+06
1.049736125000000000e+06
1.184025375000000000e+06
1.529428000000000000e+06
8.650225000000000000e+06
1.374039500000000000e+06
1.763168000000000000e+06
1.850105250000000000e+06
1.707486592000000000e+09
1.927601750000000000e+06
1.151493250000000000e+06
2.784782500000000000e+06
2.228361250000000000e+06
8.764246250000000000e+05
1.749143500000000000e+06
2.255728500000000000e+06
1.228504250000000000e+06
1.706839625000000000e+06
2.859054750000000000e+06
2.041775750000000000e+06
1.921412750000000000e+06
1.530471000000000000e+06
1.592076000000000000e+06
1.186463625000000000e+06
1.467290250000000000e+06
1.666129500000000000e+06
5.401295500000000000e+06
1.134354000000000000e+06
1.229319125000000000e+06
5.930204800000000000e+07
1.349206125000000000e+06
2.182846250000000000e+06
9.541992500000000000e+05
1.640337250000000000e+06
1.207352500000000000e+06
2.200045250000000000e+06
1.252268625000000000e+06
1.193656250000000000e+06
8.569758750000000000e+05
7.769896875000000000e+05
1.863176125000000000e+06
1.185583625000000000e+06
1.836098250000000000e+06
1.312051500000000000e+06
1.460722375000000000e+06
1.180308250000000000e+06
9.134463750000000000e+05
9.878978750000000000e+05
2.835685000000000000e+06
1.521877500000000000e+06
1.469394250000000000e+06
1.473627125000000000e+06
1.594401500000000000e+06
1.314814875000000000e+06
2.462863500000000000e+06
1.802298250000000000e+06
1.651999000000000000e+06
2.238767250000000000e+06
1.158839750000000000e+06
2.056926125000000000e+06
1.241397000000000000e+06
1.355289250000000000e+06
2.110202500000000000e+06
2.210327000000000000e+06
1.591317250000000000e+06
1.120723500000000000e+06
1.056316500000000000e+06
1.349351750000000000e+06
1.928560250000000000e+06
1.734472125000000000e+06
1.445669625000000000e+06
2.099423000000000000e+06
9.745141250000000000e+05
1.772757000000000000e+06
1.259738750000000000e+06
1.139014250000000000e+06
1.955815750000000000e+06
2.099717500000000000e+06
2.682267000000000000e+06
2.366554250000000000e+06
1.281827750000000000e+06
1.246502125000000000e+06
1.330634500000000000e+06
1.749096750000000000e+06
1.392955000000000000e+06
1.737362250000000000e+06
2.256626000000000000e+06
1.587097375000000000e+06
1.079434625000000000e+06
7.509527500000000000e+05
1.362225875000000000e+06
9.977741875000000000e+05
1.462141750000000000e+06
3.366001250000000000e+06
1.230592625000000000e+06
9.329907500000000000e+05
3.736758250000000000e+06
1.007638562500000000e+06
1.265039000000000000e+06
2.533581250000000000e+06
7.429539375000000000e+05
1.530558375000000000e+06
1.089569400000000000e+07
1.054806875000000000e+06
1.885939375000000000e+06
1.748528500000000000e+06
1.028793687500000000e+06
1.121093250000000000e+06
2.062871875000000000e+06
1.999049750000000000e+06
1.965737750000000000e+06
2.130969500000000000e+06
1.283270750000000000e+06
7.523201600000000000e+07
2.014221000000000000e+06
8.357031875000000000e+05
1.106087000000000000e+06
1.679527168000000000e+09
1.371649250000000000e+06
2.219670500000000000e+06
1.438761000000000000e+06
1.383001250000000000e+06
1.868089375000000000e+06
1.291117000000000000e+06
1.751371750000000000e+06
1.281603750000000000e+06
2.251056000000000000e+06
1.306112500000000000e+06
1.595874750000000000e+06
1.715100250000000000e+06
2.161754500000000000e+06
1.244621000000000000e+06
1.401162500000000000e+06
1.436486750000000000e+06
1.594802500000000000e+06
1.500307500000000000e+06
7.750729000000000000e+06
1.247836000000000000e+06
1.938113750000000000e+06
2.063219750000000000e+06
2.303139250000000000e+06
1.666405875000000000e+06
1.066040000000000000e+06
1.739887500000000000e+06
1.889326625000000000e+06
1.266839750000000000e+06
2.313521000000000000e+06
1.296654125000000000e+06
1.404855375000000000e+06
2.185438000000000000e+06
1.653203750000000000e+06
2.076731125000000000e+06
1.655716000000000000e+06
1.520768250000000000e+06
1.569766000000000000e+06
8.013508000000000000e+06
1.016629125000000000e+06
1.029324500000000000e+06
1.235560250000000000e+06
1.663647750000000000e+06
2.263433000000000000e+06
1.529343000000000000e+06
1.674954750000000000e+06
2.915174656000000000e+09
1.366539250000000000e+06
1.283407250000000000e+06
1.350095750000000000e+06
1.624876500000000000e+06
1.366007000000000000e+06
1.739549750000000000e+06
1.596519750000000000e+06
1.565864375000000000e+06
1.861043375000000000e+06
1.729430750000000000e+06
3.687200500000000000e+06
1.244642250000000000e+06
3.502581250000000000e+06
1.478236500000000000e+06
8.136817600000000000e+07
1.581604250000000000e+06
2.633863680000000000e+09
1.875015500000000000e+06
2.330942250000000000e+06
2.010403500000000000e+06
1.653536750000000000e+06
2.587905750000000000e+06
2.373491500000000000e+06
2.940429000000000000e+06
1.353551000000000000e+06
3.344597000000000000e+06
2.300798000000000000e+06
1.893721000000000000e+06
8.780143200000000000e+07
1.592760500000000000e+06
1.392990250000000000e+06
1.357306500000000000e+06
2.196079000000000000e+06
1.389941125000000000e+06
2.730407750000000000e+06
1.816702000000000000e+06
1.523722750000000000e+06
1.576568500000000000e+06
1.618172875000000000e+06
2.296486250000000000e+06
8.361998750000000000e+05
1.037511125000000000e+06
2.287004250000000000e+06
1.370207750000000000e+06
2.183305250000000000e+06
1.311959125000000000e+06
2.125762000000000000e+06
1.232609500000000000e+06
2.196322000000000000e+06
1.272712500000000000e+06
1.461460375000000000e+06
1.897053750000000000e+06
2.076164750000000000e+06
1.918016125000000000e+06
1.171571875000000000e+06
2.941104750000000000e+06
1.211544250000000000e+06
4.594139000000000000e+06
1.282681250000000000e+06
1.064566750000000000e+06
1.698862250000000000e+06
1.305521000000000000e+06
1.158050500000000000e+06
1.379079125000000000e+06
1.234878000000000000e+06
8.971707500000000000e+05
1.680033500000000000e+06
2.057579000000000000e+06
9.894571250000000000e+05
1.485226500000000000e+06
1.005338062500000000e+06
2.501500500000000000e+06
1.358574500000000000e+06
1.791946250000000000e+06
9.004313750000000000e+05
1.213355750000000000e+06
1.096096500000000000e+06
1.380985500000000000e+06
1.486418500000000000e+06
1.399884125000000000e+06
1.084347500000000000e+06
1.674703000000000000e+06
1.601010250000000000e+06
1.651811000000000000e+06
1.866251875000000000e+06
1.997418625000000000e+06
1.785019000000000000e+06
1.966780250000000000e+06
1.383698000000000000e+06
1.000511312500000000e+06
1.564975000000000000e+06
1.171628000000000000e+06
1.086493125000000000e+06
1.563089750000000000e+06
1.795114125000000000e+06
1.281265500000000000e+06
2.658997000000000000e+06
2.333640000000000000e+06
1.214058250000000000e+06
1.218202625000000000e+06
9.703948750000000000e+05
9.959060625000000000e+05
1.046986937500000000e+06
1.238886625000000000e+06
