5.330028686523437500e+02
6.282813720703125000e+02
5.587814941406250000e+02
5.858555908203125000e+02
5.730257568359375000e+02
5.164827270507812500e+02
5.697923583984375000e+02
5.439862060546875000e+02
5.340502929687500000e+02
6.360814819335937500e+02
5.131982421875000000e+02
4.888557739257812500e+02
5.282939453125000000e+02
5.101702270507812500e+02
5.363137817382812500e+02
4.414993286132812500e+02
5.249738769531250000e+02
4.712993469238281250e+02
4.680774536132812500e+02
3.176166076660156250e+02
3.785105895996093750e+02
3.608605346679687500e+02
2.178427429199218750e+02
2.289036865234375000e+02
2.182357177734375000e+02
1.070474853515625000e+02
1.001872558593750000e+02
7.746352386474609375e+01
1.159069519042968750e+02
1.481817626953125000e+02
1.944997711181640625e+02
1.343928985595703125e+02
1.340430908203125000e+02
8.763241577148437500e+01
9.962703704833984375e+01
9.377647399902343750e+01
5.516643905639648438e+01
1.133925018310546875e+02
8.155934143066406250e+01
7.529440307617187500e+01
1.222001342773437500e+02
7.364051818847656250e+01
1.074441680908203125e+02
6.751206207275390625e+01
9.005434417724609375e+01
5.656510925292968750e+01
8.413741302490234375e+01
5.562985610961914062e+01
4.183325958251953125e+01
4.419756317138671875e+01
1.012654418945312500e+02
7.265864562988281250e+01
6.647264099121093750e+01
5.934871292114257812e+01
4.693434143066406250e+01
6.862217712402343750e+01
6.465976715087890625e+01
5.544915390014648438e+01
5.722983551025390625e+01
4.771914291381835938e+01
6.981391906738281250e+01
5.192442321777343750e+01
4.126731872558593750e+01
3.734888839721679688e+01
5.044317626953125000e+01
6.861725616455078125e+01
3.224184036254882812e+01
5.856200027465820312e+01
5.192678833007812500e+01
4.701350402832031250e+01
5.405173492431640625e+01
3.665732192993164062e+01
4.111797714233398438e+01
3.865787124633789062e+01
5.314541244506835938e+01
4.335014724731445312e+01
4.250240325927734375e+01
3.969889831542968750e+01
5.172626876831054688e+01
3.902436828613281250e+01
3.164920425415039062e+01
4.269473266601562500e+01
3.665700149536132812e+01
4.121426391601562500e+01
4.128817367553710938e+01
2.833090591430664062e+01
3.946384048461914062e+01
2.526652717590332031e+01
2.239807891845703125e+01
6.147411727905273438e+01
3.283470535278320312e+01
3.640056610107421875e+01
2.688199615478515625e+01
3.531842803955078125e+01
3.350630187988281250e+01
2.523224639892578125e+01
4.632895278930664062e+01
2.826345825195312500e+01
2.140378952026367188e+01
2.781760406494140625e+01
3.389393997192382812e+01
2.692758560180664062e+01
2.084323120117187500e+01
2.445311164855957031e+01
3.930164337158203125e+01
2.413784217834472656e+01
2.362115287780761719e+01
3.261331939697265625e+01
3.087046813964843750e+01
2.267566680908203125e+01
2.608083152770996094e+01
2.322737884521484375e+01
2.176886367797851562e+01
2.353611755371093750e+01
2.072352600097656250e+01
2.368204116821289062e+01
2.727245903015136719e+01
2.122726058959960938e+01
2.305653762817382812e+01
2.448306274414062500e+01
1.574313354492187500e+01
1.904364967346191406e+01
3.063364601135253906e+01
2.294307136535644531e+01
2.227379226684570312e+01
1.934289550781250000e+01
2.387575149536132812e+01
2.290803909301757812e+01
1.630977439880371094e+01
2.143234634399414062e+01
2.522454452514648438e+01
1.437035751342773438e+01
2.515066719055175781e+01
1.845949363708496094e+01
1.810980415344238281e+01
1.954244041442871094e+01
2.133810806274414062e+01
1.899530792236328125e+01
2.317160224914550781e+01
1.960301208496093750e+01
1.587840747833251953e+01
2.339623641967773438e+01
1.917340469360351562e+01
1.565535259246826172e+01
1.368960571289062500e+01
2.862455177307128906e+01
1.497091197967529297e+01
1.633961868286132812e+01
1.570204162597656250e+01
2.427377891540527344e+01
1.868070220947265625e+01
1.756026077270507812e+01
1.788224792480468750e+01
2.085120391845703125e+01
1.306982135772705078e+01
2.146005249023437500e+01
1.822928619384765625e+01
1.711205482482910156e+01
1.829712677001953125e+01
1.746145439147949219e+01
1.391953372955322266e+01
2.243727493286132812e+01
1.540741443634033203e+01
1.239457988739013672e+01
2.528011703491210938e+01
1.704949378967285156e+01
1.490848636627197266e+01
2.096317672729492188e+01
1.500035858154296875e+01
2.088779640197753906e+01
1.653589439392089844e+01
1.498088741302490234e+01
1.566520404815673828e+01
1.918647003173828125e+01
1.609328842163085938e+01
2.003171539306640625e+01
1.435505104064941406e+01
1.985341644287109375e+01
1.698700332641601562e+01
1.328600120544433594e+01
1.102828407287597656e+01
1.990532112121582031e+01
1.901639938354492188e+01
1.450053691864013672e+01
2.162200927734375000e+01
1.261189651489257812e+01
1.676059150695800781e+01
2.019656944274902344e+01
1.041956615447998047e+01
1.840702629089355469e+01
1.526683235168457031e+01
1.439546203613281250e+01
1.697266769409179688e+01
1.474852180480957031e+01
1.495966434478759766e+01
1.535989761352539062e+01
1.487860393524169922e+01
1.418630409240722656e+01
1.474686813354492188e+01
1.670525169372558594e+01
1.411174201965332031e+01
1.707746315002441406e+01
1.390725708007812500e+01
1.620845222473144531e+01
1.441512680053710938e+01
1.707451057434082031e+01
1.539505958557128906e+01
1.387479209899902344e+01
1.217407035827636719e+01
1.645882415771484375e+01
1.567134475708007812e+01
1.251863384246826172e+01
1.575236129760742188e+01
1.418580627441406250e+01
1.606882858276367188e+01
1.367896270751953125e+01
1.006507587432861328e+01
1.557814884185791016e+01
1.161281871795654297e+01
1.811453247070312500e+01
1.365260696411132812e+01
1.057256126403808594e+01
1.107188796997070312e+01
1.495997619628906250e+01
1.443363380432128906e+01
1.468385791778564453e+01
1.343692016601562500e+01
1.536325931549072266e+01
1.866715621948242188e+01
1.087611103057861328e+01
1.356523704528808594e+01
1.313767242431640625e+01
1.629978179931640625e+01
1.133307838439941406e+01
1.566896343231201172e+01
1.166777229309082031e+01
1.470388412475585938e+01
1.189256477355957031e+01
7.943090438842773438e+00
2.065393066406250000e+01
1.631633377075195312e+01
1.293044948577880859e+01
1.034927749633789062e+01
1.020552158355712891e+01
1.019967651367187500e+01
1.982026100158691406e+01
1.286448669433593750e+01
1.163540649414062500e+01
1.598010540008544922e+01
1.108072471618652344e+01
1.180850219726562500e+01
1.613496017456054688e+01
1.343546295166015625e+01
1.450640583038330078e+01
1.173470115661621094e+01
1.213986968994140625e+01
1.413580417633056641e+01
1.241780471801757812e+01
1.554057121276855469e+01
1.250643825531005859e+01
8.964392662048339844e+00
1.274830818176269531e+01
1.164138317108154297e+01
1.327500629425048828e+01
1.789444351196289062e+01
8.460840225219726562e+00
1.189423656463623047e+01
1.444553375244140625e+01
1.301017761230468750e+01
9.536220550537109375e+00
1.268485260009765625e+01
1.379717159271240234e+01
1.042930793762207031e+01
1.404521179199218750e+01
1.163115882873535156e+01
1.002396106719970703e+01
1.132173156738281250e+01
1.080126380920410156e+01
1.470113754272460938e+01
1.173429870605468750e+01
1.313499832153320312e+01
1.135662078857421875e+01
1.169454765319824219e+01
1.114036369323730469e+01
1.240921497344970703e+01
1.349901676177978516e+01
1.093857955932617188e+01
1.052812385559082031e+01
8.500806808471679688e+00
9.728004455566406250e+00
1.712935447692871094e+01
8.392037391662597656e+00
1.261724567413330078e+01
1.430952739715576172e+01
1.044963645935058594e+01
1.132347488403320312e+01
9.430166244506835938e+00
1.440250682830810547e+01
8.204226493835449219e+00
1.084540939331054688e+01
