5.819743652343750000e+02
6.044275512695312500e+02
6.128002319335937500e+02
6.291525878906250000e+02
6.295814819335937500e+02
5.485059814453125000e+02
5.471856689453125000e+02
6.359624023437500000e+02
5.320818481445312500e+02
6.109349975585937500e+02
5.515056152343750000e+02
5.761972656250000000e+02
5.013904724121093750e+02
5.931819458007812500e+02
5.219531250000000000e+02
5.374933471679687500e+02
4.644911193847656250e+02
4.909879760742187500e+02
4.418638610839843750e+02
4.112321777343750000e+02
3.784139099121093750e+02
3.495021057128906250e+02
3.090758666992187500e+02
2.046125640869140625e+02
1.510173339843750000e+02
1.466519927978515625e+02
1.560544128417968750e+02
1.163230895996093750e+02
1.586155548095703125e+02
1.825761871337890625e+02
1.791492614746093750e+02
1.616547698974609375e+02
1.190324554443359375e+02
9.258413696289062500e+01
1.150091247558593750e+02
8.502179718017578125e+01
9.572659301757812500e+01
9.172912597656250000e+01
7.230431365966796875e+01
9.767273712158203125e+01
7.812847137451171875e+01
7.918463897705078125e+01
7.771461486816406250e+01
9.662395477294921875e+01
7.057529449462890625e+01
6.208337402343750000e+01
6.881028747558593750e+01
5.814938735961914062e+01
5.489845275878906250e+01
6.062730026245117188e+01
5.560641479492187500e+01
6.234154891967773438e+01
5.262179565429687500e+01
5.350277328491210938e+01
3.531626892089843750e+01
5.772530746459960938e+01
5.526121139526367188e+01
4.075006103515625000e+01
5.468851089477539062e+01
3.904558563232421875e+01
6.056173706054687500e+01
3.695177841186523438e+01
3.755434417724609375e+01
3.904553604125976562e+01
5.434281921386718750e+01
2.933429145812988281e+01
3.754974746704101562e+01
4.731261444091796875e+01
3.285126495361328125e+01
4.319451522827148438e+01
3.841287612915039062e+01
3.121861076354980469e+01
4.062575149536132812e+01
4.094350814819335938e+01
2.699269294738769531e+01
3.994807815551757812e+01
3.437635421752929688e+01
2.526828765869140625e+01
4.342232513427734375e+01
2.182051277160644531e+01
3.162626457214355469e+01
3.247312545776367188e+01
3.016044998168945312e+01
3.333886337280273438e+01
2.518698883056640625e+01
3.393304061889648438e+01
3.157864952087402344e+01
2.517634963989257812e+01
3.079298591613769531e+01
3.528610610961914062e+01
3.206172943115234375e+01
2.584933662414550781e+01
2.856510162353515625e+01
2.029820632934570312e+01
3.630953598022460938e+01
2.467858505249023438e+01
2.743233108520507812e+01
3.129741668701171875e+01
2.048280715942382812e+01
2.960356140136718750e+01
1.533930969238281250e+01
3.352817535400390625e+01
3.323130798339843750e+01
2.759406471252441406e+01
1.870934295654296875e+01
2.169895553588867188e+01
2.743481445312500000e+01
2.840258789062500000e+01
2.033887481689453125e+01
2.664815711975097656e+01
2.986152076721191406e+01
1.778336334228515625e+01
3.031754875183105469e+01
2.625543403625488281e+01
1.925476837158203125e+01
2.173812103271484375e+01
2.834203338623046875e+01
2.396581268310546875e+01
1.768354988098144531e+01
2.622408676147460938e+01
1.788455390930175781e+01
2.464745330810546875e+01
2.704370498657226562e+01
2.849675369262695312e+01
1.405889034271240234e+01
2.744982337951660156e+01
1.882316780090332031e+01
2.922649765014648438e+01
2.105389785766601562e+01
2.675465774536132812e+01
1.946041679382324219e+01
2.109681129455566406e+01
1.490690040588378906e+01
2.536546707153320312e+01
2.633261489868164062e+01
2.571605682373046875e+01
2.630041122436523438e+01
1.346908950805664062e+01
1.747640419006347656e+01
2.530960273742675781e+01
2.059511566162109375e+01
1.772593688964843750e+01
1.957218933105468750e+01
2.584961318969726562e+01
2.408963012695312500e+01
2.364153289794921875e+01
1.647349166870117188e+01
1.675851440429687500e+01
2.021654129028320312e+01
2.466108703613281250e+01
1.582778835296630859e+01
2.402246475219726562e+01
2.240599060058593750e+01
1.700139236450195312e+01
1.521055793762207031e+01
2.327018547058105469e+01
2.528709793090820312e+01
1.803837203979492188e+01
1.691754913330078125e+01
1.458257293701171875e+01
2.404262161254882812e+01
1.862305641174316406e+01
1.941399574279785156e+01
1.915811920166015625e+01
1.836385536193847656e+01
1.760498428344726562e+01
1.645203971862792969e+01
2.229913902282714844e+01
2.035828208923339844e+01
1.706362342834472656e+01
1.566696166992187500e+01
1.638786697387695312e+01
2.407658958435058594e+01
1.701947975158691406e+01
1.319658279418945312e+01
1.449607849121093750e+01
2.471297454833984375e+01
1.828848648071289062e+01
1.847613716125488281e+01
1.705792045593261719e+01
1.623104667663574219e+01
2.174447250366210938e+01
1.382620239257812500e+01
1.724847984313964844e+01
1.433107185363769531e+01
2.086270332336425781e+01
2.235050010681152344e+01
1.588226795196533203e+01
1.545537376403808594e+01
1.342964076995849609e+01
1.865674209594726562e+01
1.878315734863281250e+01
1.866395378112792969e+01
1.375114822387695312e+01
1.412193107604980469e+01
1.342023754119873047e+01
2.630943298339843750e+01
1.228339290618896484e+01
1.710437202453613281e+01
1.971030044555664062e+01
1.626068878173828125e+01
1.787377548217773438e+01
1.823283195495605469e+01
1.477167415618896484e+01
1.998046302795410156e+01
1.625999450683593750e+01
1.440687274932861328e+01
1.720261192321777344e+01
1.266217803955078125e+01
2.147734832763671875e+01
1.463226699829101562e+01
2.133384132385253906e+01
1.285837936401367188e+01
2.153593635559082031e+01
1.469214630126953125e+01
1.451404380798339844e+01
1.431696128845214844e+01
1.521278572082519531e+01
1.991448402404785156e+01
2.094574356079101562e+01
1.286516475677490234e+01
1.663491439819335938e+01
1.698188209533691406e+01
1.909635353088378906e+01
1.390764236450195312e+01
1.795352935791015625e+01
1.187615203857421875e+01
1.896462631225585938e+01
1.439493370056152344e+01
1.662329483032226562e+01
1.726368331909179688e+01
1.133671569824218750e+01
2.203903961181640625e+01
1.456532669067382812e+01
1.815854263305664062e+01
1.272882461547851562e+01
1.663208007812500000e+01
2.265982437133789062e+01
1.242024230957031250e+01
1.189089202880859375e+01
1.433715915679931641e+01
1.616387557983398438e+01
1.672347831726074219e+01
2.035651969909667969e+01
1.211866950988769531e+01
1.453221893310546875e+01
1.023002624511718750e+01
1.362633323669433594e+01
2.142909431457519531e+01
1.084325504302978516e+01
1.454507446289062500e+01
1.984326362609863281e+01
1.693153953552246094e+01
1.397197532653808594e+01
1.665382766723632812e+01
1.184297752380371094e+01
1.335160923004150391e+01
2.054048156738281250e+01
1.485325431823730469e+01
1.629475402832031250e+01
1.368379592895507812e+01
1.359169387817382812e+01
1.253991127014160156e+01
1.839099311828613281e+01
1.247397994995117188e+01
2.054370307922363281e+01
1.205674266815185547e+01
1.117707729339599609e+01
1.588113307952880859e+01
1.686912727355957031e+01
1.585033798217773438e+01
1.053434753417968750e+01
1.518782043457031250e+01
1.150797843933105469e+01
1.220470142364501953e+01
1.804594039916992188e+01
1.796896362304687500e+01
1.073192119598388672e+01
1.344023132324218750e+01
1.405764961242675781e+01
1.685419273376464844e+01
1.244738006591796875e+01
1.699350929260253906e+01
1.160936164855957031e+01
1.370887756347656250e+01
1.484178161621093750e+01
1.488212203979492188e+01
1.231285095214843750e+01
1.009294605255126953e+01
1.490402317047119141e+01
1.586463356018066406e+01
1.195334625244140625e+01
1.294548320770263672e+01
1.583066749572753906e+01
1.197968769073486328e+01
1.158118915557861328e+01
1.227633190155029297e+01
1.125616645812988281e+01
1.066875171661376953e+01
1.819620704650878906e+01
