5.721085205078125000e+02
5.782362060546875000e+02
5.641925048828125000e+02
5.407956542968750000e+02
6.475729980468750000e+02
5.473697509765625000e+02
5.262366333007812500e+02
5.602251586914062500e+02
6.081320190429687500e+02
5.007135009765625000e+02
5.491434326171875000e+02
6.383383789062500000e+02
5.211895751953125000e+02
6.141025390625000000e+02
4.877846374511718750e+02
5.265259399414062500e+02
5.311686401367187500e+02
5.393527832031250000e+02
5.038672180175781250e+02
5.429682617187500000e+02
4.257402343750000000e+02
5.055833435058593750e+02
4.303165893554687500e+02
2.929234924316406250e+02
3.866120605468750000e+02
2.423047180175781250e+02
2.728388061523437500e+02
1.971849517822265625e+02
1.457091979980468750e+02
1.697799682617187500e+02
9.980131530761718750e+01
1.437393798828125000e+02
1.190002670288085938e+02
1.303535003662109375e+02
1.560816192626953125e+02
1.222346496582031250e+02
8.905932617187500000e+01
9.280117034912109375e+01
7.054806518554687500e+01
6.049946212768554688e+01
6.579405975341796875e+01
6.785879516601562500e+01
9.093715667724609375e+01
5.054700851440429688e+01
6.749953460693359375e+01
7.413259124755859375e+01
5.608777618408203125e+01
5.525005722045898438e+01
5.232727813720703125e+01
4.942682266235351562e+01
5.662800598144531250e+01
6.327005767822265625e+01
3.942720794677734375e+01
3.807871627807617188e+01
3.580106735229492188e+01
5.815281295776367188e+01
3.607210922241210938e+01
4.715098190307617188e+01
3.139421844482421875e+01
2.910426712036132812e+01
4.284785079956054688e+01
2.726236915588378906e+01
2.109335327148437500e+01
2.602715873718261719e+01
3.985913848876953125e+01
2.989121818542480469e+01
3.793666839599609375e+01
3.106019592285156250e+01
2.303416252136230469e+01
2.430609512329101562e+01
2.938382720947265625e+01
2.382295608520507812e+01
2.848945426940917969e+01
2.645590400695800781e+01
2.420696449279785156e+01
2.570684814453125000e+01
1.784594154357910156e+01
3.118598937988281250e+01
2.200046730041503906e+01
2.756531906127929688e+01
2.408196830749511719e+01
2.421523284912109375e+01
2.211000061035156250e+01
2.728524208068847656e+01
1.801833152770996094e+01
2.343493843078613281e+01
3.048848342895507812e+01
2.954504585266113281e+01
1.665329933166503906e+01
2.503348541259765625e+01
2.333411598205566406e+01
3.051214790344238281e+01
1.729699325561523438e+01
1.686375236511230469e+01
2.208290481567382812e+01
2.621182632446289062e+01
2.231752204895019531e+01
2.822275924682617188e+01
1.728176116943359375e+01
1.783419609069824219e+01
2.459698677062988281e+01
2.625110626220703125e+01
2.120331954956054688e+01
2.514047813415527344e+01
1.878930473327636719e+01
1.986525535583496094e+01
2.169769859313964844e+01
1.957288742065429688e+01
2.132812309265136719e+01
2.951778793334960938e+01
1.409019088745117188e+01
2.541049957275390625e+01
1.531140041351318359e+01
2.059685134887695312e+01
2.751281356811523438e+01
2.002736473083496094e+01
1.545059394836425781e+01
2.521179580688476562e+01
2.097037124633789062e+01
1.942611885070800781e+01
1.577287864685058594e+01
2.751507568359375000e+01
1.623666191101074219e+01
2.330564498901367188e+01
1.622079849243164062e+01
2.525873947143554688e+01
1.694046401977539062e+01
2.264336204528808594e+01
2.458657073974609375e+01
1.828462600708007812e+01
2.451955413818359375e+01
1.999698066711425781e+01
1.529472541809082031e+01
2.205060958862304688e+01
2.542638206481933594e+01
2.141445159912109375e+01
1.994818878173828125e+01
1.912393379211425781e+01
2.777899169921875000e+01
1.339097595214843750e+01
2.020817184448242188e+01
1.867766380310058594e+01
1.902144050598144531e+01
1.860505104064941406e+01
1.635389709472656250e+01
2.611454391479492188e+01
1.851368713378906250e+01
1.757366561889648438e+01
1.719235420227050781e+01
2.372201538085937500e+01
