6.090100097656250000e+02
5.378607788085937500e+02
6.128078613281250000e+02
6.511535644531250000e+02
6.547564697265625000e+02
4.796259765625000000e+02
6.338562011718750000e+02
6.081502685546875000e+02
6.127196655273437500e+02
5.935454711914062500e+02
5.898842163085937500e+02
5.713154296875000000e+02
4.905863647460937500e+02
6.134647827148437500e+02
5.714998779296875000e+02
5.042399597167968750e+02
5.931884765625000000e+02
6.037926025390625000e+02
5.770808105468750000e+02
5.721831054687500000e+02
4.738552551269531250e+02
5.805555419921875000e+02
4.775550842285156250e+02
5.739545898437500000e+02
4.887613830566406250e+02
5.447596435546875000e+02
6.745880126953125000e+02
5.317722778320312500e+02
5.036053771972656250e+02
5.201243286132812500e+02
3.918244628906250000e+02
6.356164550781250000e+02
6.106496582031250000e+02
5.763925781250000000e+02
7.221027221679687500e+02
5.986609497070312500e+02
4.787900390625000000e+02
5.553255004882812500e+02
5.217843627929687500e+02
5.958096923828125000e+02
5.448203735351562500e+02
4.704395446777343750e+02
5.063217468261718750e+02
4.904060058593750000e+02
6.423349609375000000e+02
4.994932861328125000e+02
5.560355224609375000e+02
5.516303710937500000e+02
5.571434936523437500e+02
5.573194580078125000e+02
4.476353149414062500e+02
5.123969726562500000e+02
6.024229736328125000e+02
6.261737060546875000e+02
4.897254638671875000e+02
5.374135742187500000e+02
6.395079345703125000e+02
5.458748779296875000e+02
5.299360351562500000e+02
5.640590820312500000e+02
5.150682373046875000e+02
4.791346435546875000e+02
3.811973571777343750e+02
5.615328369140625000e+02
6.680043334960937500e+02
5.255045166015625000e+02
4.949024658203125000e+02
5.045488891601562500e+02
4.668303222656250000e+02
5.091988220214843750e+02
5.268988647460937500e+02
5.319064941406250000e+02
6.754990234375000000e+02
5.772893066406250000e+02
4.267013549804687500e+02
5.059397583007812500e+02
4.155588684082031250e+02
5.103971557617187500e+02
5.282055664062500000e+02
6.003804321289062500e+02
5.191292114257812500e+02
4.921986999511718750e+02
5.588911132812500000e+02
5.028836975097656250e+02
4.544857788085937500e+02
6.513958740234375000e+02
4.974314270019531250e+02
5.089168090820312500e+02
4.579879150390625000e+02
5.765053710937500000e+02
6.757888183593750000e+02
4.817401428222656250e+02
4.844958496093750000e+02
4.687011108398437500e+02
5.069955444335937500e+02
4.803822631835937500e+02
7.484934082031250000e+02
5.868433837890625000e+02
5.221788330078125000e+02
5.511727294921875000e+02
6.081322631835937500e+02
4.812728271484375000e+02
4.932255554199218750e+02
5.260427246093750000e+02
5.399885864257812500e+02
5.469613037109375000e+02
6.571339111328125000e+02
5.725775146484375000e+02
5.012968750000000000e+02
4.033067016601562500e+02
5.170418090820312500e+02
4.794999694824218750e+02
4.693626098632812500e+02
5.205582275390625000e+02
5.417438964843750000e+02
5.787214355468750000e+02
5.039108276367187500e+02
5.770706176757812500e+02
4.909790039062500000e+02
5.450491333007812500e+02
5.244598999023437500e+02
5.396624755859375000e+02
5.269479370117187500e+02
4.604075317382812500e+02
6.305540771484375000e+02
3.733491821289062500e+02
4.792832641601562500e+02
4.984547119140625000e+02
5.803754882812500000e+02
5.957816162109375000e+02
5.748956298828125000e+02
4.528052673339843750e+02
5.033265991210937500e+02
5.317271728515625000e+02
4.335876770019531250e+02
6.192800292968750000e+02
4.648443908691406250e+02
5.280604248046875000e+02
5.883602294921875000e+02
5.427681274414062500e+02
5.300757446289062500e+02
5.382199707031250000e+02
5.622101440429687500e+02
5.053533935546875000e+02
5.220364379882812500e+02
4.865505065917968750e+02
5.995253906250000000e+02
4.130162963867187500e+02
6.132850952148437500e+02
5.245088500976562500e+02
5.217286376953125000e+02
5.209621582031250000e+02
6.029245605468750000e+02
4.324142150878906250e+02
5.293122558593750000e+02
6.642229614257812500e+02
4.502823486328125000e+02
5.002857055664062500e+02
5.183454589843750000e+02
4.537507324218750000e+02
6.684390258789062500e+02
5.198333740234375000e+02
4.853614196777343750e+02
5.381312866210937500e+02
5.222924804687500000e+02
6.507998657226562500e+02
4.509546813964843750e+02
5.041542053222656250e+02
6.332176513671875000e+02
4.760823364257812500e+02
4.122639465332031250e+02
4.849235229492187500e+02
5.940053100585937500e+02
5.500457763671875000e+02
5.472738647460937500e+02
4.393941650390625000e+02
4.981867065429687500e+02
4.953442993164062500e+02
4.852152099609375000e+02
5.587657470703125000e+02
6.757344970703125000e+02
5.329309692382812500e+02
5.185974121093750000e+02
5.980761718750000000e+02
4.866859741210937500e+02
4.962558288574218750e+02
4.940358886718750000e+02
5.410292358398437500e+02
5.801122436523437500e+02
5.972532348632812500e+02
5.381220703125000000e+02
5.194054565429687500e+02
5.173021240234375000e+02
4.681636352539062500e+02
5.503414916992187500e+02
4.020635375976562500e+02
4.850920410156250000e+02
5.166420898437500000e+02
5.174824218750000000e+02
5.616511840820312500e+02
5.441550292968750000e+02
5.096609497070312500e+02
5.644404907226562500e+02
5.415782470703125000e+02
5.624962768554687500e+02
5.196749267578125000e+02
4.965610351562500000e+02
4.803865966796875000e+02
5.524002075195312500e+02
5.005028991699218750e+02
4.892092895507812500e+02
4.628727722167968750e+02
6.123583984375000000e+02
5.134860839843750000e+02
4.829709472656250000e+02
5.918763427734375000e+02
4.936480712890625000e+02
4.557554931640625000e+02
5.644599609375000000e+02
6.178336181640625000e+02
5.010316467285156250e+02
5.297342529296875000e+02
5.371741943359375000e+02
3.236933593750000000e+02
6.162753906250000000e+02
4.913508911132812500e+02
4.778392639160156250e+02
5.327343750000000000e+02
4.353345031738281250e+02
5.909666137695312500e+02
5.034885559082031250e+02
4.920814208984375000e+02
4.750557250976562500e+02
5.041119995117187500e+02
5.411702880859375000e+02
5.143002929687500000e+02
6.144802246093750000e+02
5.058406982421875000e+02
5.072118225097656250e+02
5.677640380859375000e+02
5.837973022460937500e+02
5.190248413085937500e+02
4.205240173339843750e+02
4.752759094238281250e+02
7.042083740234375000e+02
5.554608764648437500e+02
5.390762939453125000e+02
5.744730834960937500e+02
4.194064941406250000e+02
5.907493896484375000e+02
5.205543212890625000e+02
3.119443969726562500e+02
4.625327148437500000e+02
5.109342041015625000e+02
4.774855957031250000e+02
4.972850952148437500e+02
5.870737304687500000e+02
5.449407958984375000e+02
6.677659912109375000e+02
5.969876098632812500e+02
4.255289001464843750e+02
5.477350463867187500e+02
5.915078735351562500e+02
4.598617858886718750e+02
4.534834594726562500e+02
6.751853027343750000e+02
5.333673706054687500e+02
5.272287597656250000e+02
4.937002868652343750e+02
5.471373291015625000e+02
4.974848327636718750e+02
4.700543518066406250e+02
6.855425415039062500e+02
5.165229492187500000e+02
5.883674316406250000e+02
5.771713867187500000e+02
5.239615478515625000e+02
4.950867309570312500e+02
4.408379821777343750e+02
4.548597412109375000e+02
5.314364013671875000e+02
4.177331542968750000e+02
5.094531860351562500e+02
5.520660400390625000e+02
6.608570556640625000e+02
4.210561523437500000e+02
5.968020019531250000e+02
4.350953063964843750e+02
5.597463378906250000e+02
5.302910156250000000e+02
5.820428466796875000e+02
5.431025390625000000e+02
4.933075561523437500e+02
4.329193725585937500e+02
4.478615722656250000e+02
5.988438720703125000e+02
5.000443115234375000e+02
3.916472473144531250e+02
6.647224121093750000e+02
4.808682250976562500e+02
6.059542236328125000e+02
4.112063293457031250e+02
5.346310424804687500e+02
5.942312622070312500e+02
4.996854248046875000e+02
5.076288452148437500e+02
5.568227539062500000e+02
5.356585083007812500e+02
4.428322143554687500e+02
5.622246093750000000e+02
5.391026000976562500e+02
4.735186157226562500e+02
5.203234863281250000e+02
6.126423339843750000e+02
3.853589172363281250e+02
3.569265441894531250e+02
4.779318237304687500e+02
5.057122802734375000e+02
5.329311523437500000e+02
5.379599609375000000e+02
6.737258911132812500e+02
5.758456420898437500e+02
6.012293701171875000e+02
4.872905883789062500e+02
5.129354248046875000e+02
4.556763000488281250e+02
5.080070190429687500e+02
5.720810546875000000e+02
4.083981628417968750e+02
5.647338867187500000e+02
4.988609619140625000e+02
5.380657958984375000e+02
5.679454345703125000e+02
4.748438110351562500e+02
4.316092834472656250e+02
5.856453247070312500e+02
5.586691284179687500e+02
6.010880126953125000e+02
5.379158935546875000e+02
5.161844482421875000e+02
4.220427246093750000e+02
4.631258544921875000e+02
5.055789794921875000e+02
5.226705322265625000e+02
4.071176147460937500e+02
5.993042602539062500e+02
4.853565063476562500e+02
5.241276245117187500e+02
5.780736083984375000e+02
4.419601440429687500e+02
4.404204711914062500e+02
6.048512573242187500e+02
5.014377136230468750e+02
5.731134033203125000e+02
4.752077636718750000e+02
5.304298095703125000e+02
4.055890197753906250e+02
6.534813232421875000e+02
5.535803222656250000e+02
5.770883178710937500e+02
4.164644775390625000e+02
4.797864685058593750e+02
4.162381591796875000e+02
4.838879394531250000e+02
6.248316650390625000e+02
4.539288024902343750e+02
4.819850158691406250e+02
4.660602416992187500e+02
5.362088012695312500e+02
5.168153076171875000e+02
5.252147827148437500e+02
4.710127563476562500e+02
6.221137084960937500e+02
5.165363769531250000e+02
4.010904541015625000e+02
5.633238525390625000e+02
4.484325561523437500e+02
6.899912719726562500e+02
5.606544189453125000e+02
5.348410644531250000e+02
5.106601257324218750e+02
4.528153686523437500e+02
5.378829345703125000e+02
4.956193847656250000e+02
4.666726684570312500e+02
6.263507080078125000e+02
5.158898925781250000e+02
5.137927856445312500e+02
5.760376586914062500e+02
5.004648132324218750e+02
3.834144592285156250e+02
3.850868225097656250e+02
4.850905761718750000e+02
4.479464721679687500e+02
5.356317749023437500e+02
5.022301025390625000e+02
5.831826171875000000e+02
4.927364501953125000e+02
5.853536987304687500e+02
4.952375488281250000e+02
4.900318298339843750e+02
4.484911499023437500e+02
5.706976318359375000e+02
4.809622802734375000e+02
5.556214599609375000e+02
5.925574951171875000e+02
4.779778442382812500e+02
4.837333984375000000e+02
4.728328857421875000e+02
4.686490173339843750e+02
5.154195556640625000e+02
6.363807373046875000e+02
5.395412597656250000e+02
5.139179687500000000e+02
4.714979858398437500e+02
4.307376403808593750e+02
5.622082519531250000e+02
5.490264892578125000e+02
5.161758422851562500e+02
5.637846069335937500e+02
4.833291931152343750e+02
4.461546630859375000e+02
4.802458496093750000e+02
5.819479980468750000e+02
5.728149414062500000e+02
5.591390380859375000e+02
3.091305541992187500e+02
5.607026367187500000e+02
5.201511230468750000e+02
5.612908935546875000e+02
5.464282836914062500e+02
4.410551452636718750e+02
4.878096923828125000e+02
3.174535522460937500e+02
4.979053039550781250e+02
4.768859863281250000e+02
5.393984375000000000e+02
5.232210693359375000e+02
5.578330078125000000e+02
5.082247924804687500e+02
3.492345581054687500e+02
5.047159729003906250e+02
5.656842041015625000e+02
5.702674560546875000e+02
4.948464355468750000e+02
4.771527099609375000e+02
4.617080078125000000e+02
4.272222900390625000e+02
4.448042602539062500e+02
5.789543457031250000e+02
4.329591674804687500e+02
6.062774047851562500e+02
5.165209960937500000e+02
4.894879150390625000e+02
4.326961669921875000e+02
5.330842285156250000e+02
5.557473144531250000e+02
4.763836975097656250e+02
4.846865234375000000e+02
5.643953857421875000e+02
4.749250488281250000e+02
3.601969299316406250e+02
4.942138671875000000e+02
4.771665039062500000e+02
5.823092041015625000e+02
4.347272033691406250e+02
5.204620361328125000e+02
5.302767944335937500e+02
5.017981872558593750e+02
4.540424194335937500e+02
5.592053222656250000e+02
6.436114501953125000e+02
4.269501953125000000e+02
5.340550537109375000e+02
3.839261169433593750e+02
6.046924438476562500e+02
5.088444824218750000e+02
4.956141357421875000e+02
4.853155517578125000e+02
5.048199462890625000e+02
6.178544921875000000e+02
4.980141906738281250e+02
2.624175720214843750e+02
4.820729370117187500e+02
4.517044982910156250e+02
5.584490356445312500e+02
5.220393066406250000e+02
5.027012023925781250e+02
5.338386840820312500e+02
4.331408996582031250e+02
4.908271179199218750e+02
5.356173706054687500e+02
4.792132568359375000e+02
4.418959655761718750e+02
5.139830932617187500e+02
5.475607910156250000e+02
5.492372436523437500e+02
4.695088500976562500e+02
4.825960083007812500e+02
6.048214111328125000e+02
4.622875366210937500e+02
5.072992553710937500e+02
4.964059753417968750e+02
4.959912719726562500e+02
4.731035156250000000e+02
5.372904052734375000e+02
5.249615478515625000e+02
4.483558959960937500e+02
5.216258544921875000e+02
5.269544067382812500e+02
4.562694396972656250e+02
4.341881103515625000e+02
4.648166503906250000e+02
4.716351928710937500e+02
4.591367492675781250e+02
5.251350097656250000e+02
6.199217529296875000e+02
6.200896606445312500e+02
5.081188354492187500e+02
4.697947692871093750e+02
5.953737792968750000e+02
4.826347656250000000e+02
4.815521240234375000e+02
4.561531372070312500e+02
5.517169189453125000e+02
4.850625915527343750e+02
4.014597778320312500e+02
4.826195068359375000e+02
4.518834838867187500e+02
6.194642333984375000e+02
5.497742309570312500e+02
5.507050170898437500e+02
3.975563049316406250e+02
5.182858886718750000e+02
4.756550903320312500e+02
4.827056579589843750e+02
5.100692138671875000e+02
5.888129882812500000e+02
5.918732299804687500e+02
4.484278869628906250e+02
4.595150146484375000e+02
4.785058593750000000e+02
4.813887939453125000e+02
5.588991699218750000e+02
5.948027343750000000e+02
4.330765991210937500e+02
5.064948730468750000e+02
4.527552795410156250e+02
5.749721679687500000e+02
4.754714965820312500e+02
5.397679443359375000e+02
4.644958496093750000e+02
4.451100463867187500e+02
4.374230651855468750e+02
5.036502990722656250e+02
5.486694335937500000e+02
5.555310058593750000e+02
4.787547302246093750e+02
4.939057922363281250e+02
4.218577575683593750e+02
4.464059143066406250e+02
4.186152343750000000e+02
5.691511840820312500e+02
5.385456542968750000e+02
5.318122558593750000e+02
4.808069458007812500e+02
5.101506652832031250e+02
4.966173706054687500e+02
4.514085693359375000e+02
4.650902099609375000e+02
5.170758056640625000e+02
5.904841308593750000e+02
5.036557617187500000e+02
3.803123168945312500e+02
4.890550537109375000e+02
5.205195312500000000e+02
4.778785400390625000e+02
5.104190063476562500e+02
4.468479614257812500e+02
4.827550659179687500e+02
6.645587158203125000e+02
5.328315429687500000e+02
4.885980224609375000e+02
5.694747314453125000e+02
4.543266601562500000e+02
4.751313476562500000e+02
5.031943359375000000e+02
3.608413085937500000e+02
5.453334960937500000e+02
4.553558044433593750e+02
4.920526123046875000e+02
4.788439025878906250e+02
5.170519409179687500e+02
5.243247070312500000e+02
3.822438354492187500e+02
5.410865478515625000e+02
5.091192321777343750e+02
5.349317626953125000e+02
4.133448486328125000e+02
4.721328735351562500e+02
5.072641906738281250e+02
4.783695068359375000e+02
4.641904907226562500e+02
4.706366271972656250e+02
5.673103637695312500e+02
5.913812255859375000e+02
3.862527465820312500e+02
5.189810180664062500e+02
4.039736938476562500e+02
7.244473266601562500e+02
4.525235595703125000e+02
4.890784301757812500e+02
4.807912292480468750e+02
3.814505615234375000e+02
4.261907958984375000e+02
5.282663574218750000e+02
5.021745300292968750e+02
6.137607421875000000e+02
4.113931274414062500e+02
5.041535949707031250e+02
4.743099365234375000e+02
4.133678894042968750e+02
6.251571655273437500e+02
4.700966186523437500e+02
4.636036987304687500e+02
4.760590209960937500e+02
4.730449218750000000e+02
5.505756835937500000e+02
5.363754882812500000e+02
4.602725524902343750e+02
4.194388427734375000e+02
4.922342834472656250e+02
4.480373535156250000e+02
4.489994201660156250e+02
5.258347167968750000e+02
6.160531005859375000e+02
5.080368957519531250e+02
5.019848937988281250e+02
5.892536010742187500e+02
4.504774169921875000e+02
4.767661132812500000e+02
5.138408203125000000e+02
4.459820556640625000e+02
4.132248840332031250e+02
4.833825378417968750e+02
4.817284545898437500e+02
4.354974365234375000e+02
5.617385864257812500e+02
4.045597534179687500e+02
5.559067382812500000e+02
5.718147583007812500e+02
5.174735717773437500e+02
4.763258361816406250e+02
4.922789916992187500e+02
4.628280334472656250e+02
4.462543945312500000e+02
5.406154785156250000e+02
5.219561157226562500e+02
4.378841552734375000e+02
5.832341308593750000e+02
4.586214904785156250e+02
5.265037231445312500e+02
4.834176635742187500e+02
4.861405639648437500e+02
3.896808471679687500e+02
5.464606323242187500e+02
5.192580566406250000e+02
4.674939880371093750e+02
3.938854675292968750e+02
5.595513916015625000e+02
4.575083007812500000e+02
4.759003906250000000e+02
5.304643554687500000e+02
4.600520019531250000e+02
4.991164245605468750e+02
5.124763183593750000e+02
4.172098388671875000e+02
5.183603515625000000e+02
4.854472656250000000e+02
4.469826965332031250e+02
5.190793457031250000e+02
4.283516845703125000e+02
5.182674560546875000e+02
5.422968750000000000e+02
5.103036193847656250e+02
3.911736450195312500e+02
5.027900390625000000e+02
4.021404418945312500e+02
5.714047851562500000e+02
5.432313232421875000e+02
4.961031494140625000e+02
4.574146728515625000e+02
3.574449462890625000e+02
4.689759216308593750e+02
4.527812805175781250e+02
4.586357116699218750e+02
5.995616455078125000e+02
4.121813049316406250e+02
5.382216796875000000e+02
4.777588500976562500e+02
