1.044891081727571873e+03
7.714336131495080053e+02
6.184773174652549415e+02
5.379806745369185137e+02
4.339968368830969894e+02
4.024503975376186418e+02
3.334651868234820995e+02
2.754042181973745755e+02
2.441486670051016290e+02
2.238800728240567821e+02
2.055882390752950926e+02
1.833923947577229967e+02
1.731304821593747647e+02
1.631290365120868842e+02
1.517960100470994576e+02
1.442231094862304985e+02
1.398697805014980133e+02
1.351830953042357919e+02
1.296236916424915364e+02
1.252477991318360750e+02
1.165578946150269104e+02
1.128364028494118116e+02
1.115218609666818850e+02
1.059953928597593347e+02
1.022371429157754790e+02
9.856933479487476291e+01
9.497584533816996100e+01
9.102189709458954781e+01
8.969799233949561312e+01
8.564815906968657089e+01
8.449591810287748217e+01
8.124510568269651856e+01
7.946237367326979495e+01
7.863946771527865565e+01
7.733419481456782307e+01
7.623969764111519964e+01
7.397065308772295111e+01
7.314557970192146286e+01
7.084311440679751115e+01
7.031971115354181734e+01
6.847002613061543741e+01
6.700962806818162676e+01
6.664249358542438983e+01
6.551429150786452738e+01
6.363001101446769070e+01
6.328364577709084671e+01
6.248486458415489864e+01
6.193146471325033531e+01
6.017614557204951353e+01
5.954959470593976789e+01
5.916432818567076879e+01
5.766423226841175875e+01
5.737035673420815129e+01
5.634739354678922041e+01
5.527657183459170653e+01
5.503028141071658297e+01
5.410411497124532332e+01
5.366940422400687538e+01
5.107072312577444961e+01
5.057164914923590260e+01
4.964361132295992718e+01
4.935136987935493380e+01
4.903214902900349159e+01
4.816301091272283230e+01
4.745675963908158934e+01
4.678322892290760393e+01
4.615565031514050531e+01
4.592291964985039243e+01
4.489386006710174826e+01
4.447883387396820609e+01
4.364623075372870886e+01
4.335275219190425844e+01
4.317435760304857695e+01
4.238991197949192724e+01
4.158807348234805801e+01
4.119210411533129701e+01
4.045355824563430502e+01
4.019842323412451890e+01
4.009859721378706610e+01
4.000907914825862122e+01
3.966604064950790587e+01
3.950586123622672119e+01
3.915295778367929103e+01
3.899716943957097470e+01
3.844631950385124242e+01
3.808645965867130911e+01
3.776074868446009702e+01
