1.230376226553452170e+03
8.968421208377172889e+02
7.208749447635168508e+02
6.255310706345364906e+02
5.042029898995086796e+02
4.591520261681272927e+02
3.755766642564316271e+02
3.295825740439713627e+02
2.910579201947102774e+02
2.670749455965398624e+02
2.418925308497702815e+02
2.146967154534730469e+02
1.990441011033129541e+02
1.881593710555115706e+02
1.750463387412953296e+02
1.623031174843926294e+02
1.506118491129384438e+02
1.416317164124039323e+02
1.378604590667211198e+02
1.318248217003716718e+02
1.265061101697068437e+02
1.195311187537383262e+02
1.159460985610597419e+02
1.106269022343665114e+02
1.072351123883833850e+02
9.941278298859367624e+01
9.317779574359086325e+01
9.102492453528257954e+01
8.844901042198618768e+01
8.550263528994162243e+01
8.467952986989720898e+01
8.205760070396151207e+01
8.110381949694367165e+01
7.935673500533859226e+01
7.749371882057266703e+01
7.165651751619353149e+01
7.097959513886243599e+01
6.847467278876672481e+01
6.766339088062191820e+01
6.657748423579467101e+01
6.503704801921479373e+01
6.285495992088860362e+01
6.243379480264272274e+01
6.132388798584500478e+01
6.075537104999576599e+01
5.945878920157890946e+01
5.890871197647264523e+01
5.839368679541975382e+01
5.733885219365380692e+01
5.705635094065749513e+01
5.621764374692686772e+01
5.586433797910777344e+01
5.528098894636277549e+01
5.456478168923997885e+01
5.372716670315299581e+01
5.345288846579890674e+01
5.286185076833914565e+01
5.265208683454505234e+01
5.222240839054256867e+01
5.101299534108942169e+01
5.025174032645036704e+01
5.002502399474899875e+01
4.948645504604310474e+01
4.910611498757275939e+01
4.809779868249761137e+01
4.778459629312840207e+01
4.763391303408968724e+01
4.713336622364825956e+01
4.701532437407013987e+01
4.651978835740436580e+01
4.550194161800590820e+01
4.494438971811349859e+01
4.439793986073933496e+01
4.412598732861830086e+01
4.396207685668699838e+01
4.307848784565373990e+01
4.222402164936949021e+01
4.188367276674808437e+01
4.150655791870944711e+01
4.131779367791364876e+01
4.119478463746918351e+01
4.082856695181636297e+01
4.053014481099666000e+01
3.983116997696946981e+01
3.954221400761312566e+01
3.908452437166391036e+01
3.900870713740400930e+01
3.843703007193892063e+01
3.802613444817818333e+01
3.778550623682928489e+01
3.696591612216347755e+01
3.688495478989695187e+01
3.648168101763168636e+01
3.629263280342047437e+01
3.607277051508884114e+01
3.573687779093462780e+01
3.550764592031221412e+01
3.508028510284542278e+01
3.499043049785037596e+01
3.482135382952865399e+01
